1.3845 1.3184 1.3378 1.3374 1.0780 1.0182 1.0835 0.9736 1.0336 0.9714 0.8251 0.8003 0.8328 0.7493 0.6512 0.6407
1.0000 0.7499 0.8559 0.9424 0.9391 0.8927 1.0649 0.9959 0.9863 1.1001 1.0936 0.9967 1.0865 1.2396 1.0918 1.0000
1.4343 1.3576 1.4143 2.0720 1.1016 1.1960 1.0000 0.8701 1.1240 1.0601 0.8227 0.7815 0.9091 0.9425 0.7302 0.8438
0.9385 0.7540 0.7836 0.9183 0.8611 0.9305 0.9481 0.9375 1.1451 1.0987 1.0626 1.0516 1.0979 1.0347 1.0859 1.5189
1.2773 1.2482 1.0008 0.9344 0.9009 0.9749 1.2705 1.2271 0.9197 1.1583 1.1986 0.9904 0.9692 0.9756 0.9389 1.0434
0.8006 0.8493 0.7156 0.8483 0.9123 1.0058 1.1613 0.9887 0.8975 1.1644 1.0039 1.2505 1.0936 1.0376 1.0748 1.2951
1.6989 1.3485 1.3283 1.2138 1.2028 0.9999 0.9808 0.8525 0.8701 0.8516 0.8336 0.7479 0.8147 0.9680 1.0000 0.7575
0.8902 0.9023 0.9139 0.9395 0.8149 0.9969 1.1114 1.1741 1.2144 1.0371 0.9956 1.0553 0.9266 0.9182 1.0200 1.1416
1.0113 0.9598 1.1486 1.0413 0.9623 1.2060 0.9391 1.1447 1.1119 0.9680 1.0475 0.9837 0.9742 0.8915 1.0302 1.1567
0.9754 0.7693 1.0706 0.8006 0.9186 1.0009 0.8481 1.0922 0.9224 1.0560 0.9289 1.1019 1.2803 1.2129 1.2585 1.6761
0.6746 1.0496 1.0552 0.8528 1.0182 1.1332 0.9889 1.1721 1.0373 0.9338 0.8561 0.9213 0.9654 0.9329 0.7890 1.3303
0.8134 0.7723 0.8462 0.9214 0.8336 0.9413 1.0073 0.9484 1.0252 1.1400 1.1176 1.1558 1.1532 1.2421 1.2043 0.9723
1.1942 1.1447 1.1014 1.2161 1.0523 1.1665 1.1113 1.4961 0.8193 1.1284 1.0847 0.7197 0.7213 0.7164 0.7615 0.9451
1.0863 0.8728 1.0471 0.8228 0.7858 0.8569 0.8508 1.0485 1.0586 1.0978 1.1055 1.0740 1.0737 1.1121 1.1901 1.1662
1.5513 1.4484 1.0677 1.1402 1.2833 1.0019 1.1844 1.0429 0.9220 0.7767 0.8438 0.8438 0.7379 0.6168 0.6504 0.7362
0.7054 0.9585 0.8796 0.7710 0.8839 0.8551 0.9331 0.8876 1.0000 0.8994 1.1502 1.1595 1.0000 1.4069 1.4373 1.5282
1.1774 0.9263 1.1621 1.0000 0.9614 1.0677 1.0552 0.9527 0.9379 0.9879 0.9484 0.9685 0.9113 0.9415 1.0656 0.9508
0.7766 0.8408 0.8318 0.9452 0.7934 0.8442 1.0260 1.0142 0.9584 1.0000 1.0000 1.2218 1.0000 1.1412 1.1278 1.2729
1.6342 1.2471 1.7465 1.2931 1.0289 1.1895 1.0995 1.0728 0.9774 0.8563 0.8744 0.7955 0.7029 0.7249 0.8040 0.7976
0.8609 0.8450 1.0620 0.9759 0.9678 0.9946 1.0558 1.1374 1.1997 1.3771 1.2153 1.0944 1.1182 1.1574 0.7185 0.6515
1.4595 1.1762 1.0000 1.0640 1.1985 1.1791 1.0705 1.0318 0.9914 0.9076 0.8971 1.0204 0.8748 0.9131 0.8351 0.8661
0.7416 0.6208 0.7824 0.6468 0.8220 0.8682 1.0056 0.9358 1.0041 0.9769 1.0661 1.3552 1.3010 1.1254 1.1808 1.5282
1.1314 1.0481 1.1338 0.9157 1.0110 1.0308 1.1446 1.1238 1.0000 1.5108 0.9720 0.8596 0.8594 0.7010 0.6187 0.7671
0.7374 0.7604 0.7490 0.8089 0.7626 0.8948 0.8057 0.9716 1.1346 1.1329 1.1711 1.1864 1.3056 1.3766 0.6002 1.5607
1.4869 1.4812 1.1563 1.3422 1.1527 1.3287 1.2401 1.0667 0.9317 0.8737 0.8885 0.9467 0.9205 0.8126 0.8731 1.0055
