1.5188 1.3892 1.2707 1.3237 1.0460 0.9886 1.1494 0.9776 0.9766 1.0020 0.8068 0.7660 0.8132 0.7693 0.6068 0.6790
1.0000 0.7772 1.0312 1.0077 0.9134 0.9463 1.1405 1.0460 1.0068 1.0636 1.0510 0.9198 0.9163 1.1066 1.0857 1.0000
1.2466 1.2644 1.5661 2.0595 0.9631 1.1690 1.0000 0.8949 1.0813 1.0840 0.8356 0.8228 0.9292 1.0158 0.8364 0.9513
1.0810 0.9087 0.8144 0.9562 0.8835 0.9819 0.9749 0.8827 1.0338 0.9823 1.0232 1.0387 0.9460 0.9854 0.9830 1.5797
1.3607 1.2852 0.9796 0.9733 0.8663 1.0008 1.2140 1.1362 1.0295 1.1298 1.3074 0.9300 0.9601 0.9628 0.9538 0.9341
0.7633 0.8353 0.7147 0.9238 0.8729 0.9390 1.0948 0.9759 0.9540 1.0722 1.1029 1.1552 1.0573 1.0322 1.2384 1.3421
1.4972 1.3712 1.2657 1.1658 1.1308 1.0566 1.0424 0.9087 0.8901 0.8267 0.8324 0.7513 0.8130 0.9299 1.0000 0.8394
1.0374 0.9014 1.0161 0.8943 0.8586 1.0297 1.0323 1.1185 1.2086 0.9946 0.9924 0.9938 0.8836 0.9230 0.9836 1.1131
1.0058 0.9414 1.1877 1.0836 1.0816 1.2177 0.9295 1.1659 1.0887 0.9389 1.0485 1.0037 0.9882 1.0446 1.0516 1.1174
1.0441 0.7975 1.1855 0.8822 0.9350 0.9529 0.8808 1.2198 0.9172 1.0081 0.9638 0.9782 1.0919 1.1111 1.1368 1.4175
0.7124 1.0623 1.1736 0.8207 1.0957 1.1740 1.0569 1.0137 1.0006 0.9274 0.9704 0.8411 1.0481 0.8832 0.8108 1.3881
0.8339 0.8413 0.8752 0.9512 0.8641 0.9684 1.0250 0.9141 0.9669 1.1044 1.0641 1.1008 1.1066 1.1579 1.1362 1.0242
1.0938 0.9454 0.8962 1.0650 0.9506 1.1989 1.1323 1.3818 0.8276 1.2206 1.1396 0.8479 0.9343 0.8745 0.8724 0.9974
1.2043 1.0087 1.2010 0.9996 0.7407 0.9705 0.8904 0.9997 1.0366 0.9872 1.0833 0.9649 0.9576 1.0012 1.0627 0.9956
1.4058 1.4497 0.9928 1.1085 1.2068 1.0890 1.1129 1.1072 0.9351 0.8441 0.8794 0.7985 0.7641 0.6724 0.6561 0.7459
0.7710 1.0185 0.8604 0.8178 0.9169 0.9042 0.9634 0.9352 1.0000 0.9472 1.1074 1.2724 1.0000 1.2864 1.4233 1.3901
1.0628 0.9271 1.2105 1.0000 1.0343 0.9723 1.0408 1.0902 0.9745 0.9178 0.9410 0.9337 0.9318 0.9550 1.1841 1.0016
0.9098 0.8419 0.8221 0.9110 0.7567 0.8361 1.0088 1.0029 0.9868 1.0000 1.0000 1.1702 1.0000 1.2422 1.2034 1.2838
1.7164 1.2768 1.6739 1.3167 0.9560 1.1506 1.0258 1.0355 0.9699 0.9354 0.9124 0.7690 0.6719 0.7064 0.8279 0.8990
0.8796 0.9521 1.0466 1.1450 0.9384 0.9597 1.0071 1.0421 1.2008 1.0658 1.0351 0.9580 1.0163 1.0427 0.6477 0.6213
1.3577 1.0846 1.0000 1.0980 1.1646 1.1110 1.0001 1.0299 0.9364 0.9614 0.9171 1.0560 0.8930 0.9672 0.9055 0.9937
0.7486 0.5633 0.7808 0.7197 0.9385 0.9017 0.9362 0.9229 0.9625 1.0740 1.0356 1.2208 1.1883 1.1523 1.1977 1.4892
1.0384 1.1219 1.1045 0.9340 0.9612 1.0183 1.0941 1.1043 1.0000 1.5450 1.0099 0.8737 0.8810 0.7724 0.7740 0.9962
0.7852 0.8444 0.8369 0.9892 0.8048 0.8340 0.8437 1.0651 1.1231 0.9930 1.0738 0.9947 1.1153 1.2636 0.6637 1.3876
1.2943 1.1676 1.0322 1.0774 1.0980 1.3067 1.2226 1.2147 0.9643 0.9074 0.8713 0.9746 0.9419 0.7973 0.6964 0.8898
