1.2798 1.1345 1.0246 1.0763 0.9782 0.9413 1.0524 0.8955 1.1012 1.1459 0.8415 0.8367 0.9325 0.8336 0.7971 0.9273
1.0000 1.0603 1.2613 1.2723 1.1150 0.9919 1.0838 0.9624 0.8842 0.9236 0.8640 0.8446 0.8566 0.8842 0.8217 1.0000
1.0499 0.9044 0.9489 1.2225 0.8683 0.9614 1.0000 0.9668 0.9757 1.0432 0.9848 0.9583 1.0366 1.1769 1.0685 1.2795
1.2835 1.1369 1.1354 1.1185 0.9766 1.0593 1.0665 0.8885 0.9618 0.8674 0.8912 0.9430 0.8132 0.9445 0.7852 0.9768
1.2582 0.9716 0.9137 1.0280 0.9761 0.9832 0.9838 0.9044 1.0245 1.0703 0.9865 1.0933 0.8971 1.1141 1.0551 1.3166
1.1800 1.0618 0.9918 1.1133 0.9739 1.0594 1.0585 0.9622 0.9176 1.0054 1.0033 0.8711 0.8808 0.8414 0.9995 0.9431
1.2005 1.0898 1.0504 0.9775 0.9423 0.9546 1.0273 0.9703 0.8855 1.0498 0.9746 0.8548 0.9802 1.0458 1.0000 1.0706
1.3171 1.1709 1.1179 1.0619 1.0813 1.0683 1.0464 0.9951 1.0726 0.8931 0.8982 0.8410 0.8002 0.7858 0.7582 0.8108
0.6950 0.7394 0.9036 0.7805 0.9620 0.9871 0.8421 1.0326 1.0228 0.8936 1.0411 0.9830 1.2050 1.0205 1.2246 1.2383
1.1159 0.9661 0.9722 1.1082 1.0144 0.9712 0.9561 1.1602 0.9008 0.8978 0.9299 0.8918 0.9886 0.9752 1.0546 1.0438
0.6908 0.7444 0.9031 0.7911 0.9606 0.9751 0.9076 1.0595 1.0011 0.9594 1.1000 0.9336 1.2295 1.1135 0.9650 1.3388
1.2059 1.0782 1.1364 1.1634 1.0666 1.0665 1.1109 0.9472 0.9985 0.8909 0.8582 0.8843 0.8583 0.7878 0.8387 0.7964
1.0346 0.8638 0.8341 0.9545 0.8985 0.9221 0.8432 1.0371 0.9384 1.1340 1.1924 1.0370 1.1089 1.2158 1.1468 1.5584
1.1952 1.0684 1.1024 1.0023 0.8683 0.9901 1.0240 1.0281 0.9467 0.8873 0.9304 0.8772 0.9712 0.8721 1.0122 1.0756
1.1854 1.1609 0.9223 0.9245 1.0354 1.0133 0.9864 1.0659 0.9928 0.9340 0.9720 0.9537 0.9634 0.8185 0.7877 0.9474
1.0324 0.9400 1.0531 0.8964 0.9994 1.0653 0.9651 0.9933 1.0000 0.9083 0.9254 1.1142 1.0000 1.0088 0.9834 1.1551
0.9615 0.9506 0.9334 1.0000 0.9846 0.9395 1.0241 1.1107 1.0012 1.0111 1.0382 1.0054 1.0497 1.0801 1.2566 1.2730
1.4331 1.3125 0.9900 1.2187 0.9621 0.9756 1.1115 0.9641 0.9239 1.0000 1.0000 0.9082 1.0000 0.8424 0.9063 0.9147
1.4855 1.0075 1.1665 0.9045 0.7868 1.1058 1.0258 0.9802 1.0830 1.0383 0.8984 1.0292 0.8987 0.8804 0.9994 1.1584
1.1546 1.0972 1.1379 1.1977 0.9882 1.0162 0.9428 0.9138 0.9864 1.0585 0.9065 0.8006 0.7964 0.7584 0.5188 0.5108
1.2994 0.9880 1.0000 0.9402 1.1232 1.0992 0.9146 1.0216 0.9858 1.0423 0.9176 1.0516 0.8958 1.0468 0.9660 1.0502
0.7600 0.7546 0.9889 0.9839 1.1133 1.0144 0.9793 0.9684 0.9297 1.1014 0.9703 0.9759 1.0243 0.9832 0.9778 1.1892
1.0693 0.9243 0.9309 0.9891 0.8641 0.9362 0.8613 0.9297 1.0000 1.1669 0.9484 0.9465 1.1626 1.2885 1.3480 1.7306
1.0310 1.0847 0.8904 1.0511 0.8929 0.9818 0.9548 1.0068 1.1017 0.8989 1.0158 1.0322 0.9273 1.0274 0.5458 1.0344
1.1498 0.9933 0.9101 0.9727 0.9690 0.9976 1.0678 1.0130 0.9904 0.8770 1.0469 0.9614 1.0656 0.9503 1.0211 1.1385
