0.7398 0.7957 0.8566 0.8897 1.0295 1.0886 1.0498 1.1710 1.1451 1.1750 1.0272 1.0019 1.0412 1.0331 0.8478 0.8574
0.8378 0.8445 0.9597 1.0388 1.0938 1.2215 1.1935 0.9693 1.0178 0.9527 1.1087 0.9946 0.9394 0.8575 0.9968 0.7649
0.6530 0.6969 0.9079 0.9269 0.9431 1.0821 1.1266 1.0752 1.0678 1.2336 0.9993 0.9705 0.8987 0.9263 0.9143 0.7261
0.6543 0.7379 0.8537 0.9622 0.9839 1.0757 1.1063 1.0443 0.9799 1.1563 1.1218 0.9594 1.0451 0.8884 0.9428 0.7484
0.7131 0.7762 0.8068 0.8990 1.0000 1.0193 1.0655 1.0511 1.1905 1.2310 1.0287 1.0411 0.9546 1.0320 0.9601 0.8763
0.8350 0.8563 0.8594 0.9481 1.1513 1.0826 1.1739 1.1161 1.1743 1.1265 1.0675 1.0159 0.9713 0.9260 0.8535 0.8511
0.7496 0.8151 0.8539 0.9343 1.0429 1.0405 1.1530 1.1598 1.1083 1.0884 1.0978 1.0510 0.9805 0.9143 0.8290 0.9303
0.8900 0.8101 0.8687 0.9311 1.0000 1.0910 1.1894 1.1047 1.0971 1.0635 1.1507 1.0878 1.0260 0.9306 0.8494 0.9153
0.8210 0.8662 0.8754 0.8567 1.0197 1.0116 1.1360 1.0536 1.0827 1.1038 1.0457 1.0918 0.9806 1.0388 0.9111 0.8431
0.6872 0.7516 0.8525 0.9721 0.9973 1.0209 1.0604 1.1195 0.9798 1.0198 1.1766 0.9692 0.9119 0.9756 1.0047 1.0085
0.7201 0.6403 0.7377 0.7977 0.9537 1.0327 1.1353 1.0391 1.0307 1.0679 1.0176 0.9649 1.0274 0.9784 0.8624 0.9633
0.7460 0.8402 0.9207 0.9847 1.1652 1.1404 1.1259 0.8848 1.0348 1.2343 1.0821 0.9717 0.9328 1.0000 1.0000 0.6906
0.9307 0.8823 0.9019 1.0038 1.1453 1.1102 1.1736 1.0250 1.1315 1.0503 1.0551 1.0327 0.9993 0.8451 0.8391 0.9639
0.9020 0.9094 0.9544 1.0166 0.9911 1.0988 1.1631 1.1236 1.0900 1.0544 1.1555 0.9378 0.9488 1.0000 0.8433 0.8192
0.6620 0.7336 0.8563 0.8949 0.9820 1.1847 1.0758 1.0720 1.0546 1.0652 1.0977 1.1336 1.0116 0.8613 0.8905 0.8153
0.6757 0.7976 0.9165 1.0014 0.9787 1.0413 1.0956 1.0394 1.0763 1.0130 1.0002 1.0590 1.0016 0.9803 0.9245 0.8711
0.8762 0.7777 0.8568 0.8863 1.0421 1.1626 0.9775 1.1690 1.1344 1.1690 1.0494 1.0448 1.1094 0.9401 0.8860 0.9204
0.7020 0.7811 0.7973 0.8270 1.0132 0.9930 1.1168 1.0064 1.0094 1.1117 1.0735 1.0501 1.0145 1.0210 0.8947 0.9132
0.6900 1.0000 0.8915 0.9297 0.9745 1.1151 1.1273 1.0391 1.0787 1.1528 1.0892 0.9034 1.0001 0.9073 0.8879 0.9035
0.8390 0.8101 0.9105 0.8445 1.0348 1.1420 1.0007 1.0829 1.0695 1.1735 1.0525 1.1384 1.0000 0.9645 0.9681 0.9240
0.8799 0.8911 0.8912 0.9552 0.9419 1.0918 1.0683 1.0410 1.0541 0.9576 1.0523 1.1189 1.0121 0.9933 1.0048 0.9497
0.6241 0.7765 0.9155 0.9836 1.0000 1.0634 1.0576 1.0624 1.0308 1.1009 1.0095 1.0651 0.9863 0.9062 1.0000 0.8177
0.8533 0.7881 0.9462 0.9351 1.0691 1.1470 1.1675 0.9431 1.0740 1.1343 1.1607 1.0348 1.0460 0.9365 0.8829 0.8430
0.7599 0.7941 0.8751 0.9491 1.2061 1.0000 1.0802 1.1841 1.0956 1.0512 1.2343 0.9425 0.9294 0.9503 0.9799 0.9747
0.8424 0.9164 0.8783 0.9533 1.0936 1.0963 1.1904 1.1791 1.1859 1.1664 1.1029 0.9715 0.9708 0.8992 0.7762 0.7810
