0.7355 0.7928 0.8602 0.8874 1.0302 1.0790 1.0577 1.1696 1.1881 1.1676 1.0454 1.0110 1.0351 1.0101 0.8621 0.8627
0.8518 0.8364 0.9457 1.0320 1.0898 1.2178 1.2039 0.9891 1.0613 0.9807 1.1133 0.9980 0.9256 0.8474 0.9685 0.7441
0.6626 0.7016 0.9089 0.9094 0.9630 1.0793 1.1515 1.0754 1.0944 1.2335 1.0113 0.9682 0.9068 0.9178 0.8652 0.7221
0.6842 0.7490 0.8623 0.9589 0.9762 1.0891 1.1223 1.0437 0.9965 1.1655 1.1379 0.9626 1.0208 0.8799 0.9047 0.7468
0.7050 0.7887 0.8133 0.8823 1.0000 1.0240 1.0854 1.0895 1.1773 1.2322 1.0850 1.0249 0.9766 1.0230 0.9179 0.8106
0.8371 0.8515 0.8789 0.9517 1.1286 1.0900 1.1516 1.1403 1.1622 1.1158 1.0700 1.0198 0.9497 0.9446 0.8524 0.8428
0.7690 0.7994 0.8629 0.9437 1.0175 1.0544 1.1714 1.1662 1.1014 1.0932 1.1065 1.0678 0.9732 0.9097 0.8233 0.9129
0.8706 0.8031 0.8552 0.9531 1.0000 1.1221 1.2260 1.1116 1.0551 1.0746 1.1531 1.1092 1.0085 0.9129 0.8271 0.9029
0.8306 0.8642 0.8531 0.8822 1.0142 1.0244 1.1354 1.0349 1.0872 1.1403 1.0604 1.1061 0.9726 1.0269 0.8801 0.8337
0.6861 0.7460 0.8555 0.9575 0.9980 1.0462 1.0738 1.1118 1.0132 1.0338 1.1653 0.9915 0.9179 0.9772 0.9478 0.9477
0.7344 0.6548 0.7590 0.7961 0.9593 1.0343 1.1099 1.0453 1.0417 1.0625 1.0295 0.9732 1.0068 0.9788 0.8582 0.9463
0.7408 0.8270 0.9141 0.9783 1.1475 1.1057 1.1091 0.9104 1.0672 1.2137 1.1032 0.9581 0.9287 1.0000 1.0000 0.6807
0.9439 0.8821 0.8969 1.0204 1.1153 1.1227 1.1835 1.0555 1.1305 1.0481 1.0610 1.0159 0.9825 0.8443 0.8259 0.9223
0.9150 0.9050 0.9600 1.0066 1.0049 1.1016 1.1341 1.1422 1.1257 1.0612 1.1675 0.9530 0.9220 1.0000 0.8139 0.7838
0.7090 0.7498 0.8595 0.9014 1.0079 1.1655 1.0634 1.0751 1.0560 1.0698 1.1537 1.1386 0.9866 0.8487 0.8622 0.7696
0.6979 0.8105 0.9241 0.9907 0.9937 1.0469 1.1035 1.0513 1.0902 1.0272 1.0239 1.0667 0.9826 0.9671 0.8977 0.8373
0.8602 0.8127 0.8785 0.9115 1.0530 1.1678 1.0078 1.1761 1.1537 1.1726 1.0644 1.0295 1.0693 0.9177 0.8672 0.8533
0.7164 0.7587 0.7901 0.8028 1.0085 1.0182 1.1125 1.0134 1.0077 1.1048 1.0644 1.0478 1.0074 1.0276 0.8609 0.8816
0.7297 1.0000 0.8992 0.9226 0.9836 1.1559 1.1339 1.0966 1.0846 1.1523 1.0727 0.9182 0.9578 0.9168 0.8432 0.8636
0.8485 0.8369 0.9373 0.8750 1.0228 1.1503 1.0040 1.0875 1.0805 1.1763 1.0763 1.1076 1.0000 0.9879 0.9293 0.8942
0.8677 0.8759 0.8829 0.9770 0.9831 1.1224 1.0829 1.0660 1.0341 1.0208 1.0785 1.1344 0.9907 0.9815 0.9773 0.8606
0.6318 0.7647 0.8932 0.9561 1.0000 1.0773 1.0727 1.0796 1.0642 1.1009 1.0278 1.0239 0.9743 0.9078 1.0000 0.8115
0.8851 0.8038 0.9239 0.9295 1.0811 1.1752 1.1918 0.9863 1.1044 1.1678 1.1610 1.0136 1.0171 0.9212 0.8480 0.8005
0.7496 0.7903 0.8746 0.9261 1.2125 1.0000 1.0844 1.1940 1.1091 1.0854 1.2457 0.9609 0.9339 0.9347 0.9502 0.9337
0.8742 0.9115 0.8985 0.9661 1.0780 1.1062 1.1380 1.1785 1.1674 1.1685 1.1030 1.0022 0.9602 0.9094 0.7905 0.7754
