0.7106 0.7707 0.8460 0.8764 1.0302 1.0895 1.0531 1.1751 1.1600 1.1678 1.0208 1.0360 1.0563 1.0164 0.8602 0.8747
0.8305 0.8372 0.9509 1.0429 1.0865 1.2503 1.2169 0.9783 1.0379 0.9659 1.1065 1.0053 0.9229 0.8702 0.9835 0.7656
0.6451 0.6967 0.9009 0.9090 0.9622 1.0959 1.1470 1.0851 1.0760 1.2455 1.0191 0.9624 0.9004 0.9021 0.8770 0.7080
0.6516 0.7466 0.8402 0.9630 0.9845 1.0773 1.1171 1.0536 1.0123 1.1596 1.1109 0.9655 1.0290 0.8798 0.9145 0.7492
0.7025 0.7654 0.7792 0.9023 1.0000 1.0288 1.0573 1.0532 1.1617 1.2425 1.0653 1.0439 0.9718 1.0367 0.9828 0.8404
0.8169 0.8367 0.8606 0.9446 1.1452 1.0739 1.1839 1.1408 1.1734 1.1154 1.0621 1.0200 0.9867 0.9217 0.8640 0.8514
0.7601 0.8122 0.8561 0.9407 1.0277 1.0373 1.1946 1.1652 1.0978 1.0858 1.0942 1.0425 0.9786 0.9236 0.8183 0.9248
0.8753 0.7927 0.8463 0.9278 1.0000 1.1114 1.2245 1.1312 1.0837 1.0781 1.1573 1.0955 1.0151 0.9224 0.8382 0.8908
0.8088 0.8716 0.8388 0.8685 1.0173 1.0415 1.1187 1.0372 1.0984 1.1327 1.0347 1.1202 0.9702 1.0265 0.8931 0.8503
0.6928 0.7476 0.8566 0.9458 0.9727 1.0253 1.0696 1.1102 1.0118 1.0508 1.1719 0.9948 0.9139 0.9895 0.9863 0.9773
0.7186 0.6544 0.7377 0.7983 0.9537 1.0422 1.1306 1.0424 1.0353 1.0766 1.0273 0.9793 1.0150 0.9660 0.8481 0.9567
0.7316 0.8095 0.9235 0.9720 1.1440 1.1450 1.1236 0.9070 1.0475 1.2058 1.0908 0.9550 0.9491 1.0000 1.0000 0.7036
0.9262 0.8841 0.9020 1.0045 1.1252 1.1230 1.1747 1.0472 1.1295 1.0584 1.0689 1.0185 0.9739 0.8523 0.8532 0.9475
0.8976 0.8811 0.9598 0.9987 0.9877 1.1048 1.1725 1.1408 1.1096 1.0635 1.1755 0.9442 0.9297 1.0000 0.8234 0.8072
0.7009 0.7243 0.8442 0.8985 1.0072 1.1490 1.0710 1.0670 1.0788 1.1028 1.1175 1.1260 0.9821 0.8752 0.8665 0.8238
0.6679 0.7946 0.8929 0.9627 0.9954 1.0516 1.0947 1.0624 1.0867 1.0092 1.0007 1.0742 0.9913 0.9870 0.9186 0.8657
0.8601 0.7883 0.8616 0.8964 1.0354 1.1635 1.0024 1.1885 1.1650 1.1712 1.0543 1.0250 1.0919 0.9301 0.8869 0.8811
0.6936 0.7510 0.7902 0.8107 0.9968 1.0092 1.0969 0.9983 1.0153 1.1080 1.0645 1.0416 1.0220 1.0256 0.8630 0.8957
0.6933 1.0000 0.8840 0.9093 0.9675 1.1339 1.1447 1.0866 1.0748 1.1578 1.1043 0.9320 0.9754 0.8946 0.8793 0.8568
0.8253 0.8201 0.8921 0.8411 1.0413 1.1358 0.9939 1.0587 1.0947 1.1782 1.0603 1.1168 1.0000 1.0126 0.9801 0.9283
0.8387 0.8841 0.8844 0.9784 0.9585 1.0978 1.0737 1.0626 1.0443 0.9885 1.0540 1.1318 1.0109 0.9758 0.9928 0.9207
0.6409 0.7636 0.8891 0.9620 1.0000 1.0697 1.0796 1.0776 1.0429 1.0910 1.0409 1.0472 0.9877 0.9046 1.0000 0.8045
0.8633 0.7936 0.9242 0.9462 1.0655 1.1566 1.1914 0.9742 1.0902 1.1449 1.1484 1.0270 1.0389 0.9529 0.8913 0.8062
0.7346 0.7934 0.8537 0.9464 1.2136 1.0000 1.1051 1.1884 1.1154 1.0779 1.2271 0.9652 0.9485 0.9239 0.9624 0.9468
0.8289 0.9070 0.8748 0.9806 1.1119 1.1057 1.1698 1.1674 1.2028 1.1907 1.1061 0.9792 0.9561 0.9054 0.7797 0.7485
