1.3479 1.1854 1.0151 1.0786 0.9840 0.9489 1.0686 0.9058 1.1236 1.1495 0.8554 0.8338 0.9394 0.8527 0.7959 0.9243
1.0000 1.0879 1.3091 1.2767 1.1517 0.9940 1.1015 0.9707 0.8737 0.9175 0.8737 0.8600 0.8740 0.8968 0.8273 1.0000
1.0388 0.9163 0.9459 1.1678 0.8376 0.9510 1.0000 0.9456 0.9684 1.0386 0.9551 0.9423 1.0233 1.1669 1.0633 1.2781
1.3357 1.1929 1.1490 1.1572 1.0267 1.0674 1.1049 0.8995 0.9550 0.8773 0.8943 0.9433 0.8112 0.9209 0.7943 0.9805
1.2190 0.9440 0.8847 1.0084 0.9267 0.9831 0.9637 0.9010 1.0075 1.0670 0.9688 1.1112 0.9052 1.0804 1.0513 1.3131
1.2277 1.0872 1.0124 1.1332 0.9725 1.0760 1.0695 0.9482 0.9066 1.0121 0.9989 0.8721 0.8697 0.8302 1.0142 0.9651
1.2070 1.1169 1.0387 0.9952 0.9572 0.9455 1.0262 0.9663 0.8980 1.0472 0.9527 0.8324 0.9735 1.0774 1.0000 1.0489
1.3703 1.2220 1.1396 1.0933 1.1028 1.0878 1.0682 1.0010 1.0803 0.8923 0.8817 0.8330 0.8211 0.7916 0.7750 0.8457
0.6617 0.7166 0.8859 0.7403 0.9413 0.9673 0.8304 1.0231 1.0399 0.9142 1.0781 0.9893 1.2001 1.0224 1.2350 1.2252
1.1550 1.0179 0.9829 1.0875 0.9949 0.9720 0.9430 1.1461 0.8734 0.8734 0.9214 0.8830 1.0139 0.9824 1.0895 1.0908
0.6688 0.7272 0.8816 0.7989 0.9364 0.9674 0.8982 1.0754 1.0107 0.9573 1.0612 0.9008 1.2511 1.0963 0.9530 1.3066
1.2812 1.1560 1.1653 1.2183 1.0858 1.1053 1.1383 0.9751 1.0165 0.8823 0.8414 0.8570 0.8305 0.7901 0.8499 0.8013
1.0233 0.8495 0.8192 0.9146 0.8761 0.9102 0.8261 1.0236 0.9433 1.1276 1.1799 1.0154 1.0782 1.1656 1.1342 1.5202
1.2291 1.0885 1.1246 1.0334 0.8774 1.0041 1.0081 1.0390 0.9548 0.8761 0.9302 0.8824 0.9656 0.8777 0.9900 1.0792
1.2271 1.1905 0.9470 0.9264 1.0497 1.0377 0.9732 1.0513 0.9933 0.9195 0.9665 0.9469 0.9503 0.7871 0.7682 0.9309
1.0236 0.9435 1.0536 0.9151 0.9959 1.0537 0.9679 0.9706 1.0000 0.9030 0.9421 1.1041 1.0000 1.0044 1.0105 1.1773
0.9593 0.9531 0.9101 1.0000 0.9884 0.9416 1.0247 1.0806 0.9884 1.0186 1.0304 0.9949 1.0331 1.0775 1.2531 1.2587
1.4956 1.3703 1.0519 1.2789 0.9906 0.9943 1.1132 0.9669 0.8965 1.0000 1.0000 0.8881 1.0000 0.8266 0.8968 0.9121
1.4828 1.0202 1.2206 0.9026 0.8058 1.1026 1.0005 0.9944 1.0823 1.0353 0.8868 1.0017 0.8967 0.8707 0.9876 1.1461
1.1769 1.1283 1.1648 1.2003 0.9770 1.0394 0.9598 0.9246 1.0024 1.0695 0.8930 0.8029 0.8042 0.7717 0.5340 0.5220
1.2670 0.9103 1.0000 0.8980 1.1027 1.0338 0.9334 0.9933 0.9848 1.0363 0.9279 1.0839 0.9222 1.0622 1.0509 1.0828
0.7251 0.7524 0.9982 1.0121 1.1074 1.0104 0.9926 0.9380 0.9216 1.0813 0.9756 0.9708 1.0176 0.9764 0.9891 1.2171
1.0302 0.8713 0.8978 0.9286 0.8307 0.9061 0.8512 0.9086 1.0000 1.1330 0.9262 0.9439 1.1508 1.2954 1.3385 1.6680
1.0460 1.0810 0.8927 1.0297 0.8869 0.9717 0.9443 1.0109 1.1061 0.9029 1.0107 1.0266 0.9388 1.0431 0.5458 1.0693
1.1881 1.0143 0.9219 0.9695 0.9917 1.0105 1.0763 1.0043 0.9996 0.8937 1.0469 0.9556 1.0533 0.9306 0.9943 1.0941
