1.3423 1.1744 1.0242 1.0685 0.9682 0.9365 1.0670 0.8937 1.1257 1.1492 0.8457 0.8652 0.9436 0.8348 0.8106 0.9495
1.0000 1.0989 1.3163 1.2569 1.1325 0.9992 1.0921 0.9686 0.8926 0.9118 0.8650 0.8535 0.8672 0.9070 0.8443 1.0000
1.0107 0.8864 0.9656 1.1514 0.8455 0.9447 1.0000 0.9596 0.9956 1.0603 0.9430 0.9585 1.0354 1.1663 1.0596 1.2363
1.3349 1.2037 1.1712 1.1261 1.0202 1.0584 1.0940 0.9025 0.9499 0.8719 0.8774 0.9361 0.8192 0.9326 0.7916 0.9928
1.2120 0.9695 0.9083 1.0168 0.9637 1.0082 0.9780 0.9157 1.0202 1.0822 0.9654 1.0890 0.9034 1.0817 1.0561 1.2915
1.2632 1.1162 1.0452 1.1614 1.0007 1.0906 1.0326 0.9496 0.9283 0.9982 0.9924 0.8390 0.8555 0.8201 0.9814 0.9361
1.2021 1.1000 1.0478 1.0000 0.9548 0.9481 1.0202 0.9777 0.8990 1.0465 0.9583 0.8452 0.9671 1.0258 1.0000 1.0478
1.3864 1.2483 1.1551 1.1071 1.1354 1.0892 1.0359 1.0032 1.0595 0.8916 0.9043 0.8223 0.8104 0.7887 0.7513 0.8158
0.6635 0.7021 0.8857 0.7540 0.9211 0.9566 0.8327 1.0481 1.0275 0.9045 1.0565 0.9729 1.1950 0.9966 1.1891 1.1796
1.1517 1.0027 1.0091 1.1117 1.0040 0.9636 0.9514 1.1901 0.8878 0.8736 0.9348 0.8962 0.9870 0.9635 1.0461 1.0209
0.7056 0.7444 0.9307 0.8216 0.9910 0.9786 0.9102 1.0185 0.9695 0.9570 1.0976 0.9322 1.1929 1.1031 0.9430 1.3122
1.2823 1.1647 1.1995 1.2338 1.1071 1.1265 1.1418 0.9742 0.9914 0.8688 0.8429 0.8649 0.8250 0.7849 0.8014 0.7790
0.9936 0.8308 0.8260 0.9227 0.8613 0.9345 0.8378 1.0633 0.9469 1.1006 1.1809 1.0188 1.1069 1.1883 1.1515 1.5076
1.2419 1.0924 1.1488 1.0639 0.8663 0.9931 1.0380 1.0265 0.9375 0.8587 0.9275 0.8633 0.9793 0.8669 1.0079 1.0635
1.1658 1.1740 0.9341 0.9255 1.0574 1.0519 0.9944 1.0713 0.9944 0.9311 0.9451 0.9625 0.9573 0.8000 0.7842 0.9562
1.0350 0.8971 1.0569 0.9111 1.0129 1.0584 0.9724 1.0052 1.0000 0.9160 0.9495 1.1330 1.0000 0.9972 0.9852 1.1195
0.9394 0.9240 0.9241 1.0000 0.9877 0.9338 1.0271 1.0917 0.9980 1.0019 1.0510 1.0024 1.0374 1.0927 1.2328 1.2323
1.4667 1.3586 1.0358 1.2768 0.9800 0.9901 1.1351 0.9732 0.9084 1.0000 1.0000 0.9027 1.0000 0.8400 0.8921 0.9004
1.5120 1.0254 1.1441 0.9162 0.7906 1.1115 1.0100 0.9767 1.0774 1.0485 0.9136 1.0196 0.9029 0.8933 0.9870 1.1558
1.1825 1.1246 1.1675 1.1911 0.9859 1.0299 0.9358 0.9061 0.9949 1.0287 0.9090 0.8079 0.8331 0.7893 0.5285 0.5264
1.2093 0.9163 1.0000 0.8897 1.0413 0.9930 0.9096 0.9946 0.9601 1.0451 0.9419 1.0924 0.9357 1.1076 1.0916 1.1337
0.7509 0.7828 1.0230 1.0155 1.0787 1.0417 1.0162 0.9945 0.9449 1.0532 0.9548 0.9655 0.9963 0.9538 0.9688 1.1425
1.0387 0.8934 0.9172 0.9863 0.8650 0.9294 0.8654 0.9235 1.0000 1.1087 0.9402 0.9557 1.1727 1.3034 1.3883 1.7405
1.0496 1.0806 0.8962 1.0488 0.9018 1.0019 0.9531 1.0120 1.0913 0.8914 0.9855 1.0253 0.9413 1.0280 0.5458 1.0364
1.0652 0.9259 0.8727 0.9155 0.9347 0.9724 1.0338 0.9930 0.9966 0.8985 1.0588 0.9927 1.0967 0.9936 1.0601 1.2036
