0.7583 0.8064 0.8827 0.9162 1.0426 1.0907 1.0512 1.1747 1.1402 1.1462 1.0080 0.9603 1.0555 1.0119 0.8643 0.8676
0.8690 0.8794 1.0008 1.0670 1.1241 1.2707 1.2128 0.9303 0.9680 0.9111 1.0740 0.9687 0.9269 0.8375 0.9915 0.7612
0.6620 0.7424 0.9226 0.9328 0.9600 1.1079 1.1083 1.0704 1.0476 1.2156 1.0005 0.9765 0.9075 0.9151 0.9168 0.7067
0.6659 0.7476 0.8682 0.9889 0.9793 1.0822 1.0950 1.0260 0.9744 1.1343 1.1195 0.9822 1.0376 0.8970 0.9449 0.7558
0.7530 0.8086 0.8407 0.9215 1.0000 1.0435 1.0902 1.0492 1.1400 1.2282 1.0172 1.0165 0.9502 1.0407 0.9650 0.8548
0.8417 0.8795 0.8893 0.9619 1.1508 1.1088 1.1731 1.0562 1.1471 1.0941 1.0479 1.0226 0.9675 0.9266 0.8609 0.8706
0.7356 0.8291 0.8795 0.9525 1.0480 1.0347 1.1406 1.1349 1.0898 1.0575 1.0750 1.0533 0.9795 0.9066 0.8400 0.9768
0.8806 0.8190 0.8763 0.9629 1.0000 1.0989 1.1852 1.1040 1.0625 1.0501 1.1170 1.0747 1.0309 0.9332 0.8588 0.9459
0.8027 0.8830 0.8783 0.8872 1.0380 1.0299 1.1310 1.0405 1.0684 1.1060 1.0413 1.0641 0.9804 1.0301 0.9000 0.8464
0.6829 0.7670 0.8803 0.9965 1.0179 1.0212 1.0552 1.1209 0.9718 1.0000 1.1557 0.9427 0.9083 0.9745 0.9992 1.0279
0.7343 0.6700 0.7721 0.8224 0.9788 1.0517 1.1474 1.0335 0.9938 1.0477 0.9913 0.9616 1.0285 0.9763 0.8638 0.9829
0.7414 0.8534 0.9020 0.9936 1.1828 1.1671 1.1489 0.8668 1.0208 1.2162 1.0704 0.9674 0.9379 1.0000 1.0000 0.6900
0.9510 0.8962 0.9391 1.0133 1.1555 1.1072 1.1556 0.9938 1.1255 1.0261 1.0709 1.0183 1.0050 0.8325 0.8219 0.9664
0.9322 0.9282 0.9784 1.0264 1.0095 1.1066 1.1644 1.1374 1.0871 1.0363 1.1179 0.9252 0.9382 1.0000 0.8221 0.7874
0.6782 0.7580 0.8807 0.9109 1.0238 1.2079 1.1149 1.0812 1.0430 1.0499 1.0418 1.0852 0.9524 0.8676 0.9078 0.8317
0.6938 0.8090 0.9074 0.9677 0.9735 1.0232 1.1063 1.0466 1.0699 1.0027 1.0087 1.0824 1.0053 0.9780 0.9387 0.8880
0.8987 0.7623 0.8730 0.8846 1.0442 1.2076 0.9698 1.1765 1.1296 1.1534 1.0387 1.0237 1.1062 0.9325 0.8856 0.9140
0.6954 0.8049 0.7978 0.8200 1.0007 0.9889 1.1302 1.0070 0.9868 1.1091 1.0864 1.0503 1.0038 1.0205 0.9119 0.9309
0.6878 1.0000 0.9061 0.9319 0.9743 1.1389 1.1354 1.0334 1.0701 1.1667 1.0685 0.9043 0.9914 0.8844 0.8858 0.9142
0.8240 0.8221 0.9494 0.8684 1.0621 1.1504 1.0026 1.0664 1.0462 1.1674 1.0096 1.1268 1.0000 0.9581 0.9711 0.9358
0.8686 0.9038 0.9032 0.9642 0.9347 1.1016 1.0417 1.0312 1.0198 0.9479 1.0361 1.1382 1.0067 1.0192 1.0283 0.9585
0.6278 0.7751 0.9139 0.9980 1.0000 1.0455 1.0566 1.0446 1.0113 1.0780 1.0141 1.0717 0.9948 0.9264 1.0000 0.8402
0.8454 0.7927 0.9875 0.9547 1.0607 1.1526 1.1522 0.9287 1.0590 1.1195 1.1546 1.0477 1.0499 0.9285 0.8860 0.8320
0.7704 0.7946 0.8992 0.9555 1.2356 1.0000 1.0771 1.1729 1.0808 1.0451 1.2160 0.9355 0.9348 0.9233 0.9914 0.9665
0.8263 0.9314 0.8840 0.9834 1.0946 1.1118 1.2111 1.1863 1.1402 1.1561 1.0663 0.9605 0.9816 0.9060 0.7792 0.7810
