0.8003 0.8169 0.8944 0.9200 1.0098 1.0543 1.0217 1.1477 1.1462 1.1590 1.0231 0.9538 1.1074 1.0790 0.9232 0.9419
0.8865 0.9003 1.0052 1.0587 1.0934 1.2214 1.1885 0.9405 0.9793 0.9285 1.0761 1.0343 0.9599 0.8553 0.9943 0.7925
0.6740 0.7607 0.9089 0.9474 0.9602 1.0719 1.1396 1.0587 1.0773 1.2315 1.0191 1.0003 0.9398 0.9401 0.9412 0.7341
0.6824 0.7423 0.8596 0.9416 0.9351 1.0630 1.0886 1.0148 0.9577 1.1622 1.1363 1.0179 1.0899 0.9341 0.9948 0.7759
0.8238 0.8663 0.8491 0.8867 1.0000 1.0665 1.0873 1.0471 1.1715 1.2287 1.0261 1.0545 0.9780 1.0484 0.9531 0.8247
0.8737 0.8942 0.9008 0.9675 1.1256 1.0672 1.1481 1.0705 1.1640 1.1019 1.0529 0.9968 0.9895 0.9337 0.8765 0.8372
0.7561 0.8427 0.8779 0.9411 1.0023 1.0199 1.1279 1.1240 1.0918 1.0918 1.1025 1.0558 0.9914 0.9155 0.8468 0.9738
0.9105 0.8187 0.8755 0.9287 1.0000 1.0744 1.1813 1.0804 1.1023 1.0603 1.1483 1.0780 1.0454 0.9501 0.8452 0.8975
0.8250 0.8987 0.8639 0.8881 0.9946 1.0145 1.1408 1.0273 1.0903 1.1323 1.0553 1.1036 1.0074 1.0276 0.9050 0.8533
0.7559 0.8089 0.9231 1.0289 1.0307 1.0462 1.0824 1.1466 1.0192 1.0710 1.1215 0.9225 0.9009 0.9483 0.9659 0.9056
0.7695 0.7355 0.8070 0.8587 0.9803 1.0778 1.1667 1.0579 1.0636 1.1083 1.0531 1.0192 1.0812 1.0278 0.8984 0.9711
0.7617 0.8634 0.9062 1.0024 1.1646 1.0892 1.1226 0.8481 1.0056 1.2162 1.0763 0.9971 0.9596 1.0000 1.0000 0.6693
0.9467 0.8820 0.9349 1.0012 1.1310 1.0884 1.0885 0.9892 1.1061 0.9696 1.0642 0.9833 0.9877 0.8202 0.7984 0.9303
0.9110 0.9207 0.9281 1.0233 0.9828 1.0873 1.1378 1.0979 1.0607 1.0329 1.1356 0.9213 0.9422 1.0000 0.8244 0.7901
0.7064 0.7925 0.8679 0.9334 1.0142 1.1712 1.0884 1.0771 1.0741 1.0544 1.1192 1.1546 1.0300 0.8421 0.8569 0.7633
0.7436 0.8604 0.9558 1.0022 0.9633 1.0350 1.0664 1.0270 1.0540 1.0082 1.0195 1.0924 1.0106 0.9699 0.9279 0.8621
0.8783 0.8059 0.8928 0.8854 1.0363 1.1508 0.9660 1.1261 1.1097 1.1858 1.0358 1.0384 1.1222 0.9314 0.9054 0.9087
0.7162 0.8242 0.8365 0.8513 1.0046 1.0129 1.1099 1.0262 1.0224 1.1223 1.1056 1.0685 1.0555 1.0367 0.9529 0.9418
0.7097 1.0000 0.9068 0.8896 0.9560 1.1274 1.1293 1.0599 1.0508 1.1621 1.0876 0.9164 0.9760 0.9203 0.9096 0.9213
0.9249 0.8698 0.9973 0.8984 1.0725 1.1592 0.9936 1.1071 1.0951 1.2098 0.9986 1.0928 1.0000 0.9122 0.8798 0.8114
0.8872 0.9047 0.9225 0.9704 0.9456 1.0812 1.0485 1.0431 1.0337 0.9596 1.0438 1.1245 1.0506 1.0229 1.0173 0.9092
0.6035 0.7581 0.8964 0.9616 1.0000 1.0134 1.0114 1.0118 0.9951 1.0875 1.0216 1.0778 1.0020 0.9207 1.0000 0.7857
0.8740 0.8021 1.0048 0.9466 1.0967 1.1322 1.1404 0.9342 1.0565 1.1337 1.1397 1.0398 1.0678 0.9233 0.8919 0.8351
0.7705 0.7858 0.8716 0.9210 1.1855 1.0000 1.0599 1.1843 1.0894 1.0244 1.2115 0.9646 0.9660 0.9475 1.0169 1.0031
0.8609 0.9220 0.9067 0.9645 1.1019 1.1249 1.1762 1.1952 1.1537 1.1349 1.0443 0.9569 0.9288 0.8596 0.6935 0.6332
