1.2662 1.1654 1.0886 1.1177 1.0276 0.9674 1.0865 0.9109 1.1361 1.1577 0.8826 0.8358 0.9496 0.7739 0.7880 0.8608
1.0000 1.0619 1.1344 1.2379 1.1175 0.9631 1.0291 0.9992 0.9023 0.9821 0.9295 0.9028 0.9193 0.9897 0.8421 1.0000
1.1478 0.9944 0.9448 1.3942 0.9165 1.0301 1.0000 0.9436 0.9869 1.0652 1.0107 0.9139 1.0007 0.9782 1.0346 1.0266
1.2712 1.1174 1.1109 1.1435 1.0140 1.0419 1.0753 0.9207 0.9887 0.9338 0.9286 0.9469 0.8668 0.9265 0.8380 0.9677
1.3773 1.0591 0.9326 1.0467 0.9026 0.9407 0.9576 0.9305 0.8375 0.9314 0.9773 1.1257 0.9459 1.0987 1.1206 1.3255
1.1032 1.0789 0.9525 1.0762 0.9472 1.0838 1.1120 0.9821 0.8702 1.0797 0.9183 0.9654 0.9133 0.8963 0.9865 1.0415
1.2372 1.1116 1.0688 1.0125 0.9703 0.9307 1.0098 0.9396 0.9100 1.0592 0.9952 0.8364 0.9757 1.0187 1.0000 1.0138
1.2236 1.2463 1.0193 1.0948 1.1029 1.1094 1.0746 1.0192 1.0858 0.9131 0.9370 0.8832 0.8232 0.7765 0.7971 0.8868
0.6908 0.7306 0.9406 0.7634 0.9016 0.9857 0.8509 1.0531 1.0791 0.9435 1.0779 1.0047 1.2232 0.9175 1.2561 1.0900
0.9866 0.9521 0.8545 1.0793 0.9888 0.9901 0.9647 1.0219 0.8828 0.9665 0.9515 0.9500 1.1070 1.0348 1.1412 1.2335
0.6313 0.7479 0.8658 0.8365 0.9229 0.9916 0.9321 1.0959 1.0429 0.9691 1.0156 0.9497 1.1713 1.1191 0.9726 1.1483
1.2512 1.0833 1.1217 1.1748 1.0365 1.1035 1.1458 0.9850 1.0070 0.8779 0.8622 0.8956 0.8888 0.8669 0.9090 0.7879
0.9712 0.9333 0.9109 1.0102 0.9782 0.8629 0.7958 1.1188 0.9395 1.0094 1.1170 0.9092 1.0396 1.1576 1.1167 1.4030
1.0786 0.9857 1.0465 0.8585 0.8742 0.9759 0.9484 1.0584 0.9607 0.9348 0.9991 0.9522 1.0608 0.9712 1.0949 1.1423
1.3255 1.1773 1.0075 0.9874 1.0551 1.0644 1.0486 1.0628 0.9687 0.8233 0.9655 0.9463 0.9085 0.7390 0.7244 0.8047
0.9460 0.9436 1.0465 0.9248 0.9403 1.0291 1.0049 0.9795 1.0000 0.9189 1.0015 0.9847 1.0000 1.0589 1.1122 1.2797
0.9547 0.9208 0.9492 1.0000 0.9749 0.9703 1.0467 0.9650 1.0064 1.0429 1.0588 1.0402 1.0372 1.0271 1.1976 1.3002
1.3588 1.3072 1.0251 1.2492 0.9607 0.9867 1.1218 0.9334 0.8759 1.0000 1.0000 0.9445 1.0000 0.8381 0.9631 0.9684
1.4025 1.0101 1.2695 0.9864 0.8428 1.1160 1.0347 1.0024 1.1023 0.9574 0.9193 0.9999 0.8906 0.8413 0.9256 1.0742
1.1323 1.1085 1.1450 1.1572 0.9938 1.0279 0.9618 0.9511 1.0302 1.0747 0.9291 0.8301 0.7980 0.7803 0.5421 0.5277
1.3690 1.0060 1.0000 1.0182 1.1731 1.1222 0.9884 1.0332 0.9885 0.9220 0.9197 1.0550 0.8824 1.0126 0.9763 0.9605
0.5769 0.6885 0.9623 0.9868 0.9791 0.9939 0.9994 0.9869 0.9870 1.0311 0.9838 1.1121 1.0780 0.9497 0.9741 1.2451
1.0222 0.8527 0.9115 0.8864 0.8684 0.9208 0.8914 0.9796 1.0000 1.2086 0.9760 0.9838 1.1323 1.2320 1.2033 1.2169
1.0043 0.9787 0.8482 0.9941 0.8871 1.0041 0.9159 0.9491 1.1581 0.9661 1.0356 1.0510 1.0225 1.0211 0.5458 1.1013
1.3513 1.0405 1.0350 1.1075 1.0668 1.0772 1.1629 1.0332 1.0697 0.9013 1.0136 0.9117 0.9586 0.8492 0.7885 0.8662
