0.8493 0.9798 0.9458 0.9583 1.0664 1.1211 1.0679 1.2026 1.1172 1.1644 0.9874 0.9226 1.0381 1.0100 0.7740 0.8021
0.9230 0.9543 1.0668 1.1270 1.2004 1.2881 1.2311 0.8710 0.9219 0.8644 1.0936 0.9469 0.9173 0.7872 0.9523 0.7221
0.6880 0.8157 0.9692 0.9847 1.0583 1.1927 1.0603 1.1116 1.0506 1.2419 0.9561 0.8653 0.8967 0.8930 0.9510 0.6053
0.6952 0.8235 0.9149 1.0600 1.0563 1.1155 1.1649 1.0857 0.9545 1.0958 1.1461 0.9337 0.9638 0.8389 0.8409 0.6207
0.7788 0.8779 0.9137 0.9199 1.0000 1.0954 1.1518 1.0563 1.1515 1.2310 1.0004 0.9600 0.9502 1.0464 0.9618 0.8468
0.8519 0.9610 0.9562 1.0176 1.1975 1.1417 1.2073 0.9802 1.2210 1.1182 1.0657 0.9679 0.9289 0.8633 0.7603 0.7591
0.7676 0.9047 0.9633 0.9861 1.1156 1.0131 1.1963 1.1785 1.1119 1.0466 1.0543 1.0215 0.9623 0.8264 0.7881 0.8208
0.9980 0.8611 0.9303 0.9982 1.0000 1.1469 1.1863 1.0406 1.1011 1.1031 1.0851 1.0692 1.0226 0.8779 0.7586 0.8100
0.8335 0.9526 0.9117 0.9480 1.0752 1.0553 1.1918 1.0389 1.1234 1.1108 1.0262 0.9826 0.9751 0.9851 0.8011 0.7261
0.7740 0.8179 0.9427 1.0860 1.0544 1.1174 1.0818 1.1702 0.9491 1.0160 1.1388 0.8035 0.8257 0.9916 1.0135 0.9720
0.8425 0.7618 0.8773 0.8683 1.0831 1.1667 1.2331 1.0705 1.0417 1.1030 1.0020 1.0027 1.0271 0.9537 0.8341 0.8160
0.8017 0.8788 0.8850 1.0438 1.1585 1.1685 1.1847 0.9464 0.9717 1.2094 0.9751 0.9069 0.8637 1.0000 1.0000 0.5756
0.9445 0.9203 0.9064 1.0145 1.1656 1.0791 1.1243 0.9015 1.0954 1.0247 1.0239 0.9505 0.9911 0.7854 0.7116 0.8980
0.9565 0.9712 0.9712 1.0146 0.9856 1.1281 1.1577 1.0749 1.0640 0.9896 1.0688 0.9183 0.8774 1.0000 0.8189 0.7006
0.6840 0.8111 0.8448 0.8974 1.0805 1.2625 1.0839 1.1099 1.0200 1.0483 1.1229 1.1665 1.0027 0.8428 0.8727 0.7745
0.7544 0.9223 0.9418 1.0823 1.0419 1.0173 1.0909 0.9915 1.1215 0.9652 0.9862 1.0315 1.0197 0.9286 0.8578 0.7583
0.9302 0.7134 0.8592 0.8630 1.1123 1.2441 1.0021 1.2095 1.0814 1.1252 1.0099 1.0176 1.1364 0.8977 0.8023 0.9392
0.7111 0.9525 0.8404 0.8465 1.0626 1.0064 1.2077 1.1474 1.0375 1.1793 1.0887 0.9827 0.9249 0.9112 0.8986 0.8570
0.7533 1.0000 0.9500 0.9298 1.0094 1.1425 1.1385 1.0131 1.0880 1.1951 1.1145 0.8638 0.9984 0.8775 0.8666 0.8175
0.8800 0.8775 1.0172 0.9117 1.0776 1.2212 0.9918 1.1103 1.0767 1.1500 0.9716 1.1292 1.0000 0.8930 0.9201 0.7669
0.9276 0.9671 0.9307 0.9768 0.8947 1.1181 1.0586 1.0860 1.0590 0.9659 1.0514 1.1856 0.9751 0.9887 0.9444 0.7984
0.6576 0.8429 0.9758 1.0330 1.0000 1.0427 1.0541 1.0439 1.0116 1.0432 0.9352 1.0375 0.9567 0.8684 1.0000 0.7395
0.7907 0.8100 1.0179 1.0457 1.0433 1.1749 1.1739 0.9067 1.0992 1.1620 1.1487 1.0260 1.0658 0.9099 0.8301 0.8115
0.8667 0.8598 0.9343 1.0102 1.2655 1.0000 1.1204 1.1757 1.1081 1.0165 1.2227 0.8618 0.8865 0.8603 0.9352 0.8756
0.8418 0.9348 0.8460 1.0186 1.1476 1.1106 1.2429 1.1669 1.1363 1.1839 1.0840 0.8991 0.9294 0.8240 0.6935 0.6815
