1.3290 1.2014 1.0752 1.1132 1.0132 0.9403 1.0810 0.9028 1.1236 1.1273 0.8460 0.8261 0.9324 0.8189 0.7988 0.8853
1.0000 1.0580 1.2671 1.2596 1.1576 1.0167 1.0873 0.9670 0.8905 0.9198 0.8809 0.8940 0.8858 0.9068 0.8205 1.0000
1.0786 0.9287 0.9212 1.1939 0.8609 0.9538 1.0000 0.9254 0.9751 1.0396 0.9650 0.9345 1.0406 1.1112 1.0852 1.2036
1.2842 1.1922 1.1437 1.1351 1.0254 1.0613 1.0822 0.9032 0.9674 0.8990 0.9138 0.9559 0.8244 0.9364 0.8021 0.9561
1.3000 0.9786 0.9144 1.0141 0.9572 0.9448 0.9764 0.8860 0.9431 1.0310 0.9790 1.0902 0.9115 1.1371 1.0922 1.3502
1.1574 1.0620 0.9703 1.1112 0.9557 1.0752 1.0687 0.9776 0.9222 1.0440 0.9722 0.9142 0.9013 0.8771 1.0091 0.9846
1.1975 1.1018 1.0478 0.9804 0.9267 0.9481 1.0138 0.9822 0.8941 1.0613 0.9875 0.8446 0.9843 1.0934 1.0000 1.0126
1.3062 1.2044 1.1093 1.0935 1.1040 1.1118 1.0532 1.0089 1.0838 0.9004 0.9223 0.8601 0.8164 0.8150 0.7767 0.8429
0.6631 0.7176 0.8708 0.7446 0.9313 0.9511 0.8366 1.0674 1.0515 0.9193 1.0700 1.0084 1.2223 0.9890 1.2227 1.2027
1.0955 0.9641 0.9450 1.0826 1.0167 0.9679 0.9675 1.1534 0.8643 0.8985 0.9363 0.9012 1.0324 1.0048 1.1065 1.1140
0.6651 0.7306 0.8696 0.8232 0.9488 0.9826 0.9249 1.0244 0.9943 0.9633 1.0708 0.9470 1.2278 1.1184 0.9510 1.2255
1.2593 1.0944 1.1474 1.2047 1.0593 1.1042 1.1332 0.9601 0.9981 0.8958 0.8621 0.8784 0.8639 0.8332 0.8845 0.8195
0.9743 0.8684 0.8202 0.9397 0.8855 0.8973 0.8172 1.1005 0.9500 1.0601 1.1375 1.0041 1.1111 1.1800 1.1388 1.5228
1.1456 1.0478 1.0953 0.9624 0.8604 0.9891 1.0227 1.0602 0.9710 0.9153 0.9470 0.8832 1.0201 0.8956 1.0341 1.1174
1.2112 1.1317 0.9339 0.9267 1.0512 1.0640 0.9981 1.0534 0.9982 0.9017 0.9703 0.9766 0.9747 0.7835 0.7568 0.8992
1.0164 0.9724 1.0452 0.8918 0.9848 1.0514 0.9873 1.0146 1.0000 0.8996 0.9410 1.0439 1.0000 1.0172 1.0351 1.1952
0.9393 0.9420 0.9068 1.0000 0.9958 0.9370 1.0358 1.0612 0.9976 0.9905 1.0490 0.9934 1.0577 1.0946 1.2873 1.3311
1.4520 1.3345 1.0256 1.2552 0.9607 0.9827 1.1050 1.0029 0.9046 1.0000 1.0000 0.8949 1.0000 0.8476 0.9283 0.9230
1.4858 1.0202 1.1823 0.9256 0.8020 1.1041 0.9955 0.9786 1.1071 1.0430 0.9189 1.0155 0.8653 0.8689 0.9745 1.1184
1.2036 1.1035 1.1478 1.2110 0.9911 1.0359 0.9640 0.9434 1.0007 0.9921 0.8953 0.8036 0.7664 0.7404 0.5209 0.5116
1.3049 0.9574 1.0000 0.9439 1.1388 1.0517 0.9468 1.0001 0.9736 1.0175 0.9373 1.0729 0.9080 1.0851 0.9810 1.0386
0.6423 0.7241 0.9620 0.9830 1.0825 0.9655 0.9695 0.9799 0.9214 1.0911 0.9957 1.0143 1.0735 0.9633 1.0019 1.2386
1.0689 0.8650 0.9264 0.9613 0.8576 0.9180 0.8800 0.9182 1.0000 1.1131 0.9256 0.9446 1.1233 1.2594 1.2899 1.5411
1.0234 1.0425 0.8782 1.0214 0.8846 0.9766 0.9326 0.9918 1.1210 0.9261 1.0139 1.0452 0.9583 1.0259 0.5458 1.1049
1.2610 1.0806 0.9642 1.0305 1.0447 1.0286 1.0911 0.9972 1.0136 0.8897 1.0080 0.9279 1.0151 0.9372 0.9165 1.0141
