1.3681 1.2122 1.0369 1.0962 0.9761 0.9414 1.0631 0.8872 1.0973 1.1309 0.8371 0.8343 0.9335 0.8421 0.8009 0.9201
1.0000 1.1039 1.3166 1.2720 1.1369 1.0011 1.0963 0.9626 0.8765 0.9005 0.8471 0.8549 0.8755 0.9105 0.8414 1.0000
1.0344 0.9013 1.0842 1.1589 0.8263 0.9415 1.0000 0.9593 0.9540 1.0544 0.9408 0.9492 1.0386 1.1760 1.0604 1.2312
1.3724 1.2185 1.1882 1.1466 1.0021 1.0677 1.0786 0.9129 0.9490 0.8648 0.8877 0.9432 0.8122 0.9307 0.7854 0.9787
1.2401 0.9918 0.9146 1.0345 0.9469 1.0137 0.9830 0.8983 1.0415 1.1164 0.9110 1.0999 0.8547 1.0524 1.0263 1.2504
1.2904 1.1062 1.0319 1.1597 0.9833 1.0707 1.0600 0.9662 0.9364 0.9750 1.0004 0.8380 0.8597 0.8013 0.9864 0.9141
1.2135 1.1104 1.0609 0.9853 0.9227 0.9521 1.0199 0.9806 0.8904 1.0469 0.9770 0.8380 0.9870 1.0558 1.0000 1.0483
1.3975 1.2359 1.1856 1.0821 1.1512 1.1173 1.0527 1.0051 1.0618 0.8819 0.8813 0.8186 0.7970 0.7856 0.7600 0.7961
0.6550 0.7059 0.8763 0.7332 0.9252 0.9407 0.8203 1.0202 1.0099 0.8811 1.0314 0.9553 1.2031 1.0120 1.1809 1.2978
1.1863 1.0172 1.0298 1.0921 0.9993 0.9630 0.9408 1.1993 0.8823 0.8652 0.9359 0.8748 0.9910 1.0013 1.0605 1.0172
0.7188 0.7371 0.8861 0.8218 0.9688 0.9855 0.9041 1.0148 0.9692 0.9448 1.1131 0.9261 1.2507 1.1064 0.9467 1.3221
1.3050 1.1612 1.1884 1.2324 1.0697 1.1043 1.1383 0.9843 0.9886 0.8815 0.8322 0.8781 0.8561 0.7890 0.8153 0.7906
1.0077 0.8118 0.7954 0.8806 0.8531 0.9206 0.8365 1.0893 0.9795 1.1149 1.1801 1.0065 1.0988 1.2103 1.1670 1.5028
1.2817 1.0919 1.1577 1.0498 0.8583 1.0108 1.0452 1.0152 0.9315 0.8574 0.9165 0.8543 0.9775 0.8685 1.0174 1.0795
1.1444 1.1637 0.9293 0.9004 1.0506 1.0514 0.9982 1.0683 1.0026 0.9589 0.9717 0.9929 0.9793 0.8201 0.7724 0.9782
1.0603 0.9250 1.0378 0.9064 1.0227 1.0604 0.9659 0.9853 1.0000 0.8862 0.9212 1.1025 1.0000 0.9664 0.9666 1.1248
0.9090 0.9298 0.9189 1.0000 0.9958 0.9518 1.0355 1.1085 0.9991 1.0121 1.0296 1.0030 1.0529 1.0802 1.2490 1.2573
1.5171 1.3694 1.0615 1.2867 0.9917 1.0019 1.1183 0.9902 0.9150 1.0000 1.0000 0.9027 1.0000 0.8481 0.9196 0.8978
1.5357 1.0201 1.1850 0.9327 0.8096 1.1084 1.0214 0.9837 1.0952 1.0386 0.9187 1.0105 0.8970 0.8895 0.9767 1.1440
1.1688 1.1173 1.1542 1.2185 0.9795 1.0328 0.9477 0.9133 1.0005 1.0287 0.9097 0.8055 0.8342 0.7919 0.5318 0.5319
1.1778 0.9331 1.0000 0.9165 1.1050 1.0301 0.9065 0.9927 0.9737 1.0379 0.9174 1.0366 0.9167 1.1053 1.0297 1.1722
0.7442 0.7399 1.0058 1.0059 1.1196 1.0087 0.9709 0.9560 0.9124 1.0859 0.9654 0.9896 1.0077 0.9740 0.9871 1.1649
1.0473 0.8727 0.9290 0.9839 0.8339 0.9257 0.8640 0.9236 1.0000 1.1425 0.9578 0.9805 1.1998 1.3164 1.4253 1.8180
1.0361 1.0899 0.9058 1.0688 0.8962 0.9904 0.9684 1.0216 1.1056 0.9002 0.9885 1.0289 0.9281 1.0372 0.5458 1.0323
1.0297 0.9038 0.8384 0.8729 0.9165 0.9336 1.0572 0.9789 0.9645 0.8857 1.0239 1.0245 1.1235 1.0179 1.1039 1.2743
