0.7437 0.8071 0.8843 0.9073 1.0378 1.0753 1.0412 1.1742 1.1302 1.1577 1.0135 0.9827 1.0471 1.0226 0.8655 0.8688
0.8634 0.8684 0.9653 1.0382 1.0989 1.2302 1.2022 0.9593 1.0055 0.9340 1.1061 1.0015 0.9225 0.8415 0.9975 0.7720
0.6628 0.7174 0.9240 0.9293 0.9481 1.0694 1.1247 1.0746 1.0729 1.2000 1.0078 0.9744 0.9074 0.9297 0.9173 0.7304
0.6645 0.7491 0.8654 0.9787 0.9629 1.0823 1.0889 1.0098 0.9687 1.1580 1.1369 0.9705 1.0414 0.9004 0.9547 0.7655
0.7584 0.7957 0.8294 0.9078 1.0000 1.0328 1.0942 1.0422 1.1640 1.2117 1.0259 1.0371 0.9591 1.0489 0.9477 0.8373
0.8482 0.8675 0.8672 0.9522 1.1566 1.0895 1.1832 1.0893 1.1587 1.0887 1.0407 1.0233 0.9869 0.9243 0.8580 0.8647
0.7525 0.8298 0.8658 0.9335 1.0337 1.0412 1.1636 1.1454 1.0891 1.0659 1.0855 1.0357 0.9704 0.9123 0.8443 0.9880
0.9048 0.8101 0.8740 0.9529 1.0000 1.0859 1.1966 1.1153 1.0845 1.0367 1.1351 1.0793 1.0328 0.9250 0.8507 0.9217
0.8248 0.8833 0.8727 0.8912 1.0411 1.0225 1.1363 1.0461 1.0625 1.0970 1.0239 1.0885 0.9789 1.0296 0.9029 0.8440
0.7005 0.7708 0.8670 1.0038 1.0068 1.0353 1.0544 1.1196 0.9733 1.0090 1.1688 0.9384 0.9268 0.9621 1.0084 1.0107
0.7225 0.6636 0.7518 0.8079 0.9509 1.0505 1.1453 1.0286 1.0075 1.0466 1.0146 0.9515 1.0304 0.9850 0.8654 0.9751
0.7400 0.8552 0.9305 0.9835 1.1542 1.1402 1.1238 0.8680 1.0280 1.2293 1.0869 0.9761 0.9538 1.0000 1.0000 0.7037
0.9565 0.9084 0.9167 1.0099 1.1378 1.1037 1.1614 1.0189 1.1068 1.0166 1.0756 1.0201 1.0102 0.8380 0.8315 0.9701
0.9241 0.9152 0.9741 1.0060 0.9957 1.1017 1.1572 1.1182 1.0852 1.0310 1.1521 0.9276 0.9606 1.0000 0.8325 0.8175
0.6671 0.7517 0.8844 0.9074 1.0138 1.1946 1.0833 1.0449 1.0413 1.0421 1.1063 1.1259 1.0011 0.8453 0.8929 0.8180
0.7104 0.8174 0.9390 0.9992 0.9788 1.0345 1.0877 1.0504 1.0680 1.0070 1.0014 1.0643 0.9893 0.9672 0.9356 0.8812
0.8927 0.7730 0.8615 0.8794 1.0398 1.1782 0.9692 1.1674 1.1261 1.1764 1.0344 1.0311 1.1102 0.9342 0.9060 0.9185
0.7086 0.7943 0.8002 0.8254 1.0168 0.9943 1.1110 0.9857 0.9929 1.0985 1.0655 1.0610 1.0225 1.0475 0.9090 0.9252
0.6973 1.0000 0.9166 0.9256 0.9793 1.1338 1.1432 1.0518 1.0653 1.1535 1.0627 0.8999 0.9893 0.8985 0.8884 0.8920
0.8420 0.8243 0.9351 0.8534 1.0603 1.1734 1.0094 1.0602 1.0483 1.1523 1.0266 1.1276 1.0000 0.9655 0.9611 0.9215
0.8886 0.9068 0.8888 0.9591 0.9383 1.1098 1.0622 1.0236 1.0267 0.9559 1.0505 1.1135 0.9957 1.0075 1.0335 0.9495
0.6166 0.7729 0.9157 0.9885 1.0000 1.0670 1.0433 1.0530 1.0289 1.0998 1.0119 1.0561 0.9812 0.9211 1.0000 0.8309
0.8340 0.7839 0.9798 0.9479 1.0555 1.1582 1.1577 0.9344 1.0658 1.1211 1.1618 1.0415 1.0454 0.9342 0.8898 0.8442
0.7873 0.7911 0.8784 0.9455 1.2250 1.0000 1.0610 1.1774 1.0790 1.0402 1.2137 0.9520 0.9387 0.9405 0.9794 0.9877
0.8415 0.9314 0.8938 0.9778 1.1042 1.1265 1.1983 1.1747 1.1656 1.1446 1.0802 0.9672 0.9638 0.8926 0.7826 0.7643
