0.7121 0.7700 0.8517 0.8812 1.0311 1.0831 1.0546 1.1715 1.1617 1.1688 1.0233 1.0320 1.0551 1.0128 0.8608 0.8720
0.8306 0.8445 0.9469 1.0446 1.0803 1.2443 1.2222 0.9802 1.0358 0.9624 1.1114 1.0010 0.9242 0.8673 0.9807 0.7700
0.6440 0.6999 0.8977 0.9136 0.9591 1.0889 1.1565 1.0798 1.0778 1.2469 1.0217 0.9582 0.9017 0.9035 0.8744 0.7086
0.6501 0.7404 0.8411 0.9632 0.9790 1.0724 1.1163 1.0530 1.0167 1.1616 1.1198 0.9685 1.0244 0.8785 0.9177 0.7554
0.6964 0.7659 0.7863 0.9038 1.0000 1.0195 1.0620 1.0480 1.1577 1.2346 1.0556 1.0387 0.9748 1.0362 0.9658 0.8464
0.8195 0.8345 0.8576 0.9496 1.1501 1.0742 1.1804 1.1290 1.1781 1.1158 1.0653 1.0136 0.9823 0.9297 0.8664 0.8521
0.7594 0.8141 0.8570 0.9379 1.0347 1.0368 1.1864 1.1693 1.1051 1.0848 1.0932 1.0320 0.9800 0.9230 0.8164 0.9274
0.8768 0.7947 0.8443 0.9242 1.0000 1.1143 1.2212 1.1308 1.0876 1.0833 1.1588 1.0881 1.0166 0.9260 0.8381 0.8918
0.8112 0.8729 0.8445 0.8654 1.0166 1.0326 1.1254 1.0435 1.1019 1.1308 1.0438 1.1094 0.9703 1.0192 0.8930 0.8458
0.6913 0.7409 0.8631 0.9546 0.9702 1.0248 1.0706 1.1185 1.0137 1.0645 1.1832 0.9880 0.9217 0.9933 0.9757 0.9697
0.7151 0.6549 0.7358 0.8002 0.9563 1.0459 1.1281 1.0498 1.0342 1.0776 1.0304 0.9691 1.0109 0.9706 0.8472 0.9584
0.7298 0.8124 0.9206 0.9729 1.1429 1.1447 1.1222 0.9110 1.0463 1.2079 1.0878 0.9533 0.9540 1.0000 1.0000 0.7040
0.9278 0.8850 0.9057 1.0073 1.1265 1.1233 1.1802 1.0407 1.1290 1.0573 1.0737 1.0117 0.9800 0.8400 0.8433 0.9489
0.8957 0.8820 0.9580 1.0001 0.9884 1.1024 1.1662 1.1451 1.1117 1.0611 1.1729 0.9410 0.9400 1.0000 0.8212 0.8040
0.7016 0.7249 0.8425 0.9020 1.0022 1.1457 1.0690 1.0657 1.0798 1.0942 1.1121 1.1223 0.9946 0.8771 0.8688 0.8301
0.6686 0.7958 0.8992 0.9654 0.9913 1.0405 1.0996 1.0609 1.0863 1.0107 1.0059 1.0638 0.9915 0.9864 0.9240 0.8664
0.8556 0.7897 0.8653 0.9005 1.0431 1.1660 1.0026 1.1853 1.1562 1.1761 1.0517 1.0280 1.0965 0.9284 0.8818 0.8783
0.6937 0.7517 0.7859 0.8119 0.9998 1.0038 1.1080 1.0039 1.0196 1.1107 1.0673 1.0427 1.0150 1.0141 0.8640 0.8831
0.6904 1.0000 0.8813 0.9081 0.9693 1.1339 1.1451 1.0867 1.0829 1.1640 1.0997 0.9341 0.9738 0.8890 0.8728 0.8597
0.8262 0.8221 0.8971 0.8483 1.0371 1.1342 0.9995 1.0642 1.0908 1.1799 1.0590 1.1124 1.0000 1.0090 0.9795 0.9333
0.8344 0.8829 0.8913 0.9817 0.9556 1.1059 1.0767 1.0606 1.0420 0.9900 1.0612 1.1211 1.0133 0.9704 0.9928 0.9240
0.6401 0.7655 0.8881 0.9612 1.0000 1.0638 1.0748 1.0766 1.0461 1.0980 1.0373 1.0489 0.9822 0.9057 1.0000 0.8125
0.8658 0.7934 0.9279 0.9428 1.0657 1.1593 1.1955 0.9766 1.0832 1.1421 1.1506 1.0240 1.0361 0.9515 0.8944 0.8073
0.7341 0.7924 0.8527 0.9425 1.2157 1.0000 1.0995 1.1853 1.1142 1.0818 1.2299 0.9612 0.9488 0.9332 0.9619 0.9512
0.8278 0.9089 0.8747 0.9787 1.1046 1.1096 1.1740 1.1656 1.2009 1.1896 1.1021 0.9678 0.9532 0.9083 0.7821 0.7536
