1.3358 1.1870 1.0497 1.0896 0.9777 0.9393 1.0597 0.8822 1.0939 1.1529 0.8655 0.8492 0.9424 0.8443 0.7918 0.9399
1.0000 1.0855 1.3163 1.2618 1.1482 0.9949 1.1023 0.9559 0.8949 0.9106 0.8788 0.8661 0.8653 0.8924 0.8217 1.0000
1.0205 0.9007 0.9067 1.1453 0.8524 0.9625 1.0000 0.9737 0.9788 1.0545 0.9671 0.9451 1.0372 1.1722 1.0645 1.2620
1.3176 1.2125 1.1727 1.1365 1.0248 1.0667 1.0928 0.9061 0.9569 0.8710 0.8874 0.9411 0.8029 0.9278 0.7795 0.9725
1.2655 0.9914 0.9228 1.0558 0.9660 1.0181 0.9894 0.8985 1.0107 1.0644 1.0091 1.0866 0.8622 1.0683 1.0313 1.2889
1.2348 1.0876 1.0139 1.1377 0.9945 1.0686 1.0527 0.9692 0.9251 0.9993 1.0063 0.8514 0.8742 0.8376 0.9975 0.9404
1.1605 1.0931 1.0348 0.9990 0.9591 0.9343 1.0321 0.9750 0.9021 1.0556 0.9705 0.8568 0.9804 1.0320 1.0000 1.0336
1.3500 1.2281 1.1311 1.1074 1.1370 1.0924 1.0715 1.0192 1.0948 0.8982 0.9106 0.8347 0.8055 0.7695 0.7455 0.8041
0.6505 0.7089 0.8777 0.7390 0.9347 0.9468 0.8273 1.0278 1.0299 0.8927 1.0465 0.9862 1.2139 1.0111 1.1816 1.2310
1.1658 1.0129 0.9983 1.1130 1.0092 0.9636 0.9450 1.1884 0.8783 0.8745 0.9293 0.8905 0.9777 0.9729 1.0454 1.0467
0.6959 0.7264 0.8864 0.8057 0.9651 0.9683 0.9099 1.0306 0.9812 0.9543 1.1033 0.9307 1.2182 1.1162 0.9556 1.3351
1.2442 1.1463 1.1975 1.2049 1.0888 1.1098 1.1375 0.9770 0.9927 0.8869 0.8591 0.8898 0.8605 0.7869 0.8323 0.7963
0.9846 0.8394 0.8004 0.8996 0.8598 0.9112 0.8448 1.0594 0.9598 1.1344 1.1859 1.0257 1.1049 1.2024 1.1509 1.5586
1.2386 1.0928 1.1433 1.0586 0.8683 1.0001 1.0342 1.0167 0.9592 0.8645 0.9427 0.8749 0.9801 0.8666 0.9986 1.0455
1.1659 1.1590 0.9318 0.9171 1.0385 1.0531 0.9871 1.0634 1.0124 0.9253 0.9700 0.9837 0.9723 0.8041 0.7768 0.9438
1.0434 0.9337 1.0317 0.9067 0.9996 1.0635 0.9649 1.0021 1.0000 0.9147 0.9477 1.1301 1.0000 0.9921 0.9745 1.1259
0.9158 0.9174 0.8896 1.0000 0.9720 0.9250 1.0176 1.1046 1.0027 1.0312 1.0773 1.0021 1.0348 1.0859 1.2518 1.2457
1.4684 1.3485 1.0503 1.2699 0.9938 0.9981 1.1226 0.9585 0.9065 1.0000 1.0000 0.8816 1.0000 0.8400 0.8931 0.8929
1.4963 1.0245 1.1400 0.9100 0.7751 1.1105 1.0125 0.9844 1.0771 1.0441 0.9107 1.0219 0.9035 0.8859 0.9880 1.1701
1.1474 1.1099 1.1604 1.2086 0.9897 1.0316 0.9567 0.9222 1.0049 0.9898 0.9085 0.8139 0.8225 0.7792 0.5244 0.5220
1.2105 0.9232 1.0000 0.8942 1.1191 1.0633 0.9261 1.0378 0.9981 1.0562 0.9319 1.0896 0.9128 1.0649 0.9740 1.0810
0.7810 0.7494 0.9959 0.9982 1.1031 1.0077 1.0000 0.9524 0.9210 1.0924 0.9713 0.9892 1.0054 0.9935 0.9680 1.2111
1.0447 0.8866 0.9235 0.9911 0.8496 0.9311 0.8723 0.9316 1.0000 1.1110 0.9468 0.9521 1.1668 1.2879 1.3573 1.6986
1.0411 1.0972 0.8926 1.0429 0.8952 0.9898 0.9494 1.0191 1.1142 0.8944 0.9882 1.0298 0.9294 1.0369 0.5458 1.0397
1.1264 0.9785 0.8836 0.9338 0.9508 0.9937 1.0387 0.9981 0.9894 0.8873 1.0343 0.9717 1.0956 0.9647 1.0294 1.1585
