0.7180 0.7777 0.8631 0.8979 1.0159 1.0931 1.0311 1.1690 1.1698 1.1777 1.0207 1.0189 1.0332 1.0168 0.8516 0.8761
0.8275 0.8420 0.9522 1.0373 1.0948 1.2440 1.2146 0.9611 1.0290 0.9565 1.1077 0.9929 0.9295 0.8544 0.9947 0.7656
0.6471 0.7046 0.9048 0.9193 0.9464 1.0861 1.1300 1.0739 1.0856 1.2436 1.0093 0.9706 0.9020 0.9076 0.8982 0.7279
0.6487 0.7292 0.8369 0.9597 0.9781 1.0703 1.1124 1.0530 0.9950 1.1687 1.1227 0.9795 1.0481 0.8756 0.9241 0.7554
0.7053 0.7656 0.7921 0.8885 1.0000 1.0034 1.0765 1.0501 1.1936 1.2330 1.0598 1.0517 0.9627 1.0287 0.9414 0.8607
0.8129 0.8431 0.8614 0.9488 1.1274 1.0823 1.1796 1.1322 1.1781 1.1089 1.0697 1.0314 0.9760 0.9319 0.8604 0.8549
0.7406 0.8020 0.8454 0.9259 1.0256 1.0388 1.1829 1.1489 1.1072 1.0990 1.0998 1.0433 0.9795 0.9230 0.8327 0.9439
0.8638 0.8042 0.8531 0.9288 1.0000 1.0914 1.1990 1.1285 1.1052 1.0759 1.1406 1.0842 1.0276 0.9329 0.8482 0.9183
0.7970 0.8597 0.8521 0.8669 1.0126 1.0236 1.1295 1.0394 1.0971 1.1267 1.0512 1.1035 0.9801 1.0358 0.8974 0.8401
0.6834 0.7451 0.8246 0.9551 0.9805 1.0235 1.0507 1.1205 0.9874 1.0566 1.1946 0.9719 0.9166 0.9833 1.0005 0.9996
0.7242 0.6561 0.7343 0.7941 0.9560 1.0384 1.1358 1.0368 1.0377 1.0713 1.0263 0.9655 1.0123 0.9727 0.8701 0.9435
0.7312 0.8227 0.9180 0.9884 1.1586 1.1484 1.1259 0.8790 1.0476 1.2312 1.0889 0.9704 0.9551 1.0000 1.0000 0.7193
0.9153 0.8747 0.8926 1.0202 1.1399 1.1245 1.1743 1.0352 1.1240 1.0692 1.0726 1.0172 0.9918 0.8296 0.8385 0.9520
0.8971 0.8983 0.9572 0.9990 0.9938 1.0954 1.1753 1.1425 1.1170 1.0665 1.1524 0.9441 0.9322 1.0000 0.8337 0.7953
0.6789 0.7204 0.8328 0.9043 0.9820 1.1547 1.0842 1.0714 1.0728 1.0901 1.1113 1.1274 1.0092 0.8660 0.8848 0.7907
0.6718 0.8048 0.9188 0.9884 0.9728 1.0383 1.0944 1.0429 1.0936 1.0227 1.0083 1.0631 0.9916 0.9689 0.9306 0.8694
0.8698 0.7819 0.8486 0.8866 1.0405 1.1706 0.9848 1.1780 1.1406 1.1779 1.0598 1.0232 1.1009 0.9316 0.8963 0.9104
0.6921 0.7559 0.7805 0.8059 1.0056 1.0136 1.1127 1.0018 1.0111 1.1172 1.0910 1.0666 1.0249 1.0281 0.8832 0.8908
0.6815 1.0000 0.8987 0.9205 0.9563 1.1354 1.1406 1.0625 1.0744 1.1715 1.0866 0.9113 0.9888 0.8994 0.8692 0.8909
0.8322 0.8139 0.8955 0.8279 1.0186 1.1487 1.0127 1.0715 1.0895 1.1980 1.0672 1.1160 1.0000 0.9805 0.9601 0.9168
0.8576 0.8807 0.8898 0.9707 0.9513 1.0892 1.0798 1.0563 1.0582 0.9765 1.0610 1.1078 1.0069 0.9601 0.9954 0.9533
0.6458 0.7747 0.8996 0.9641 1.0000 1.0609 1.0640 1.0760 1.0432 1.1066 1.0347 1.0587 0.9909 0.9012 1.0000 0.8013
0.8677 0.7854 0.9391 0.9386 1.0774 1.1505 1.1816 0.9704 1.0754 1.1252 1.1600 1.0084 1.0319 0.9315 0.8945 0.8280
0.7567 0.7840 0.8657 0.9323 1.2011 1.0000 1.0915 1.2012 1.1106 1.0838 1.2309 0.9426 0.9438 0.9329 0.9620 0.9609
0.8393 0.9216 0.8752 0.9740 1.0835 1.0999 1.1839 1.1806 1.2007 1.1877 1.1032 0.9805 0.9564 0.8914 0.7661 0.7455
