1.2444 1.1567 1.1086 1.1077 1.0307 0.9944 1.0844 0.8950 1.1220 1.1174 0.9164 0.8534 0.9662 0.7851 0.7825 0.8434
1.0000 1.0653 1.1091 1.2860 1.1256 0.9909 1.0342 0.9805 0.8797 0.9674 0.9307 0.8924 0.8939 0.9871 0.8506 1.0000
1.1475 0.9953 0.9484 1.3937 0.9207 1.0107 1.0000 0.9582 1.0187 1.0492 1.0405 0.9330 1.0342 0.9678 0.9985 0.9994
1.2581 1.1001 1.1005 1.1593 1.0415 1.0595 1.1022 0.9331 1.0055 0.9167 0.9084 0.9448 0.8544 0.8946 0.8328 0.9762
1.4084 1.0946 0.9844 1.0703 0.9523 0.9585 1.0071 0.9614 0.8196 0.8981 1.0145 1.0748 0.8970 1.0683 1.0676 1.2802
1.0758 1.0594 0.9338 1.0429 0.9153 1.0699 1.0922 1.0006 0.8451 1.1092 0.9106 0.9606 0.9537 0.9305 1.0076 1.1139
1.2676 1.1091 1.0946 1.0247 0.9908 0.9292 1.0110 0.9349 0.9006 1.0162 0.9742 0.8554 0.9594 1.0402 1.0000 1.0239
1.2098 1.2355 1.0022 1.0623 1.0711 1.0865 1.0925 1.0402 1.0995 0.9506 0.9393 0.8821 0.8280 0.7881 0.7994 0.9096
0.7002 0.7587 0.9508 0.7766 0.9100 0.9495 0.8566 1.0846 1.0635 0.9582 1.1013 1.0268 1.2160 0.8915 1.2628 1.0799
0.9811 0.9085 0.8644 1.0649 0.9806 1.0050 0.9870 0.9716 0.8914 0.9800 0.9400 0.9571 1.1316 1.0501 1.1471 1.2819
0.6347 0.7651 0.8599 0.8519 0.9224 0.9790 0.9290 1.1172 1.0487 0.9891 0.9867 0.9752 1.1513 1.1416 0.9705 1.1057
1.2283 1.1017 1.1001 1.1557 1.0474 1.0939 1.1510 0.9589 1.0150 0.8914 0.8730 0.9127 0.8720 0.8782 0.9312 0.7989
0.9691 0.9917 0.9564 1.0703 0.9773 0.8718 0.7982 1.1303 0.9189 0.9885 1.1366 0.9018 1.0150 1.1331 1.0708 1.3896
1.0681 0.9934 1.0299 0.8255 0.9132 0.9750 0.9397 1.0556 0.9633 0.9669 1.0189 0.9614 1.0725 0.9681 1.0954 1.1314
1.3171 1.1423 0.9745 0.9626 1.0567 1.0713 1.0729 1.0745 0.9950 0.8277 0.9622 0.9500 0.9373 0.7546 0.7294 0.8020
0.9479 0.9387 1.0492 0.9262 0.9282 1.0565 1.0072 1.0002 1.0000 0.9227 1.0245 0.9202 1.0000 1.0778 1.1054 1.2576
0.9856 0.9340 0.9945 1.0000 0.9527 0.9810 1.0515 0.9455 1.0012 1.0629 1.0463 1.0131 1.0271 1.0051 1.1438 1.2970
1.3848 1.3349 0.9500 1.2667 0.9502 1.0024 1.1224 0.9155 0.8990 1.0000 1.0000 0.9346 1.0000 0.8611 0.9475 1.0016
1.3974 1.0276 1.3228 0.9916 0.8574 1.1118 1.0288 0.9997 1.1012 0.9840 0.9292 0.9572 0.8674 0.8668 0.8946 1.0602
1.1222 1.1122 1.1477 1.1909 0.9855 1.0259 0.9433 0.9632 1.0034 1.0126 0.9248 0.8468 0.7983 0.7713 0.5579 0.5255
1.3825 1.0102 1.0000 0.9438 1.1400 1.0754 0.9303 0.9944 0.9546 0.8391 0.9420 1.1350 0.9448 1.0998 1.0402 1.0079
0.5389 0.6871 0.9832 0.9276 0.9378 1.0262 1.0290 0.9987 0.9878 1.0333 0.9836 1.0957 1.1020 0.9555 0.9510 1.2828
1.0660 0.8735 0.9379 0.8734 0.8642 0.9397 0.9153 0.9861 1.0000 1.1973 0.9467 0.9649 1.0674 1.2075 1.2003 1.1337
1.0139 0.9509 0.8138 0.9810 0.8563 0.9965 0.8909 0.9295 1.1497 0.9816 1.0647 1.0912 1.0502 1.0331 0.5458 1.1340
1.4173 1.0832 1.0961 1.1751 1.1172 1.1296 1.1440 1.0197 0.9857 0.8444 0.9833 0.8725 0.9370 0.8352 0.7632 0.8693
