0.8033 0.8160 0.8946 0.9244 1.0126 1.0544 1.0217 1.1469 1.1415 1.1583 1.0239 0.9572 1.0995 1.0756 0.9276 0.9401
0.8851 0.8994 1.0048 1.0567 1.0931 1.2210 1.1877 0.9406 0.9791 0.9290 1.0789 1.0345 0.9619 0.8528 0.9941 0.7893
0.6755 0.7581 0.9110 0.9487 0.9606 1.0723 1.1418 1.0610 1.0737 1.2336 1.0190 0.9992 0.9333 0.9404 0.9426 0.7293
0.6798 0.7404 0.8586 0.9392 0.9354 1.0628 1.0869 1.0162 0.9581 1.1625 1.1387 1.0180 1.0882 0.9323 0.9958 0.7724
0.8237 0.8750 0.8517 0.8909 1.0000 1.0709 1.0968 1.0477 1.1596 1.2233 1.0179 1.0557 0.9609 1.0500 0.9452 0.8163
0.8753 0.8940 0.9016 0.9675 1.1277 1.0677 1.1466 1.0699 1.1609 1.0996 1.0507 0.9991 0.9879 0.9338 0.8770 0.8367
0.7573 0.8416 0.8811 0.9427 1.0048 1.0216 1.1288 1.1221 1.0895 1.0874 1.0986 1.0566 0.9925 0.9211 0.8503 0.9731
0.9115 0.8198 0.8729 0.9304 1.0000 1.0756 1.1801 1.0821 1.1009 1.0624 1.1491 1.0769 1.0457 0.9491 0.8482 0.8955
0.8273 0.8988 0.8598 0.8899 0.9954 1.0157 1.1372 1.0255 1.0907 1.1304 1.0541 1.1071 1.0041 1.0296 0.9055 0.8561
0.7661 0.8082 0.9246 1.0324 1.0298 1.0483 1.0807 1.1437 1.0187 1.0768 1.1169 0.9224 0.8955 0.9516 0.9717 0.9054
0.7720 0.7355 0.8092 0.8603 0.9796 1.0770 1.1668 1.0586 1.0652 1.1114 1.0533 1.0156 1.0805 1.0238 0.8942 0.9777
0.7593 0.8655 0.9116 1.0021 1.1662 1.0916 1.1184 0.8480 1.0052 1.2138 1.0758 0.9969 0.9546 1.0000 1.0000 0.6669
0.9460 0.8827 0.9340 1.0024 1.1332 1.0948 1.0881 0.9902 1.1022 0.9677 1.0600 0.9830 0.9860 0.8178 0.7986 0.9322
0.9141 0.9204 0.9312 1.0247 0.9812 1.0862 1.1400 1.0955 1.0596 1.0340 1.1350 0.9195 0.9393 1.0000 0.8221 0.7863
0.7107 0.7947 0.8682 0.9377 1.0157 1.1743 1.0870 1.0754 1.0694 1.0600 1.1258 1.1505 1.0257 0.8367 0.8547 0.7634
0.7416 0.8611 0.9594 1.0041 0.9648 1.0364 1.0604 1.0289 1.0535 1.0115 1.0173 1.0926 1.0078 0.9700 0.9263 0.8592
0.8779 0.8072 0.8965 0.8886 1.0360 1.1520 0.9640 1.1226 1.1122 1.1851 1.0354 1.0394 1.1207 0.9283 0.9060 0.9110
0.7199 0.8255 0.8389 0.8554 1.0051 1.0140 1.1091 1.0262 1.0245 1.1229 1.1049 1.0698 1.0507 1.0295 0.9514 0.9404
0.7083 1.0000 0.9060 0.8908 0.9574 1.1268 1.1258 1.0579 1.0516 1.1619 1.0895 0.9156 0.9738 0.9191 0.9115 0.9196
0.9208 0.8732 1.0030 0.9020 1.0687 1.1566 0.9924 1.1021 1.0950 1.2064 0.9958 1.0877 1.0000 0.9109 0.8793 0.8152
0.8871 0.9014 0.9222 0.9717 0.9516 1.0807 1.0467 1.0432 1.0349 0.9622 1.0420 1.1246 1.0481 1.0220 1.0176 0.9101
0.6029 0.7570 0.9034 0.9644 1.0000 1.0168 1.0112 1.0109 0.9945 1.0841 1.0178 1.0752 0.9999 0.9193 1.0000 0.7851
0.8804 0.8069 1.0059 0.9505 1.0962 1.1289 1.1397 0.9327 1.0561 1.1273 1.1358 1.0394 1.0693 0.9238 0.8923 0.8335
0.7681 0.7864 0.8723 0.9236 1.1908 1.0000 1.0604 1.1814 1.0853 1.0272 1.2093 0.9652 0.9638 0.9461 1.0129 1.0055
0.8566 0.9234 0.9101 0.9644 1.1005 1.1229 1.1708 1.1938 1.1498 1.1369 1.0403 0.9637 0.9227 0.8615 0.6907 0.6400
