1.3152 1.1717 1.1006 1.1162 1.0180 0.9679 1.0844 0.8885 1.1286 1.1384 0.8694 0.8339 0.9415 0.7854 0.7991 0.8496
1.0000 1.0690 1.1630 1.2593 1.1640 1.0136 1.0355 0.9920 0.8741 0.9660 0.8944 0.8937 0.9086 0.9496 0.8290 1.0000
1.1345 0.9862 0.9549 1.3815 0.8900 1.0105 1.0000 0.9201 0.9820 1.0798 0.9827 0.9477 1.0202 0.9890 1.0370 1.0355
1.2552 1.1140 1.0883 1.1578 1.0018 1.0773 1.1050 0.9063 0.9739 0.9328 0.9303 0.9455 0.8628 0.9360 0.8349 0.9456
1.4018 1.0570 0.9560 1.0417 0.9642 0.9522 0.9759 0.9421 0.8680 0.9386 0.9429 1.0976 0.9042 1.0904 1.0856 1.2995
1.1230 1.0960 0.9506 1.0940 0.9417 1.0747 1.0578 0.9690 0.8772 1.0861 0.9322 0.9233 0.9327 0.9173 0.9929 1.0502
1.2357 1.0997 1.0531 1.0219 0.9652 0.9331 0.9989 0.9600 0.9146 1.0768 0.9822 0.8504 0.9764 1.0151 1.0000 1.0167
1.2224 1.2400 1.0517 1.0742 1.1078 1.1063 1.0705 1.0354 1.1183 0.9151 0.9201 0.8440 0.8201 0.7915 0.8066 0.8710
0.6767 0.7325 0.9163 0.7558 0.9088 0.9537 0.8471 1.0697 1.0814 0.9519 1.0967 1.0151 1.2138 0.9211 1.2485 1.1140
1.0166 0.9282 0.8927 1.0881 0.9968 0.9710 0.9850 1.0863 0.8773 0.9571 0.9351 0.9398 1.0702 1.0166 1.1204 1.2120
0.6432 0.7411 0.8613 0.8477 0.9061 0.9787 0.9443 1.1051 1.0443 0.9653 1.0250 0.9483 1.1996 1.1175 0.9742 1.1437
1.2416 1.0805 1.1394 1.1970 1.0553 1.0912 1.1414 0.9642 0.9978 0.8962 0.8442 0.8971 0.8761 0.8409 0.9133 0.8209
1.0006 0.9328 0.9079 1.0071 0.9705 0.8764 0.7677 1.0918 0.9480 0.9725 1.1079 0.9308 1.0443 1.1974 1.1244 1.4645
1.1065 1.0246 1.0654 0.8529 0.8697 0.9657 0.9665 1.0586 0.9755 0.9424 0.9934 0.9298 1.0466 0.9294 1.1026 1.1444
1.3034 1.1704 0.9664 0.9741 1.0460 1.0933 1.0369 1.0792 0.9747 0.8557 0.9586 0.9684 0.9190 0.7556 0.7455 0.8098
0.9829 0.9501 1.0378 0.9010 0.9163 1.0424 1.0111 1.0064 1.0000 0.9171 0.9905 0.9696 1.0000 1.0468 1.0924 1.3213
0.9600 0.9222 0.9795 1.0000 0.9830 0.9417 1.0255 0.9691 1.0169 0.9988 1.0429 1.0540 1.0603 1.0575 1.2279 1.3250
1.3639 1.3571 1.0128 1.2397 0.9749 1.0015 1.1339 0.9519 0.8802 1.0000 1.0000 0.9409 1.0000 0.8480 0.9461 0.9458
1.4516 1.0123 1.2404 0.9628 0.8468 1.1119 1.0189 0.9970 1.0908 0.9919 0.8996 1.0039 0.9006 0.8667 0.9268 1.0781
1.1045 1.0808 1.1366 1.2136 1.0018 1.0583 0.9526 0.9558 1.0359 1.0388 0.9276 0.8354 0.7634 0.7573 0.5474 0.5147
1.2886 0.9480 1.0000 0.9477 1.1462 1.0757 0.9200 1.0066 1.0019 0.9183 0.9333 1.1380 0.9450 1.0862 0.9850 0.9792
0.5868 0.7194 0.9789 0.9969 0.9820 1.0340 0.9952 0.9965 0.9383 1.0471 0.9945 1.0520 1.0874 0.9607 0.9623 1.2739
1.0528 0.8870 0.9349 0.9037 0.8823 0.9480 0.8700 0.9532 1.0000 1.1424 0.9336 0.9543 1.1031 1.2564 1.2241 1.2747
0.9877 1.0127 0.8504 1.0244 0.8744 0.9916 0.8995 0.9466 1.1347 0.9532 1.0378 1.0488 1.0097 1.0323 0.5458 1.1334
1.3185 1.1970 1.0543 1.1194 1.0823 1.0675 1.1546 1.0261 1.0218 0.8794 1.0075 0.8723 0.9557 0.8629 0.8388 0.8846
