1.2681 1.1506 1.0880 1.1115 1.0290 0.9722 1.0819 0.9086 1.1288 1.1436 0.8873 0.8397 0.9627 0.7801 0.7875 0.8588
1.0000 1.0423 1.1245 1.2303 1.1218 0.9702 1.0436 1.0117 0.8984 0.9810 0.9338 0.9005 0.9147 0.9843 0.8384 1.0000
1.1497 1.0048 0.9505 1.4057 0.9249 1.0415 1.0000 0.9491 0.9963 1.0792 1.0041 0.9159 0.9997 0.9881 1.0176 1.0264
1.2397 1.1017 1.1222 1.1535 1.0174 1.0413 1.0834 0.9257 0.9866 0.9328 0.9276 0.9520 0.8670 0.9130 0.8360 0.9685
1.4370 1.0969 0.9664 1.0684 0.9229 0.9441 0.9244 0.8979 0.8206 0.9177 0.9713 1.1200 0.9290 1.0987 1.1318 1.3519
1.1008 1.0847 0.9503 1.0770 0.9420 1.0902 1.0846 0.9748 0.8644 1.0855 0.9107 0.9792 0.9182 0.9106 0.9879 1.0630
1.2372 1.1112 1.0708 1.0212 0.9711 0.9229 1.0032 0.9355 0.9071 1.0618 0.9902 0.8320 0.9751 1.0217 1.0000 1.0285
1.2133 1.2470 1.0116 1.0961 1.1111 1.1160 1.0627 1.0266 1.1063 0.9098 0.9329 0.8765 0.8311 0.7761 0.7974 0.8751
0.6849 0.7400 0.9387 0.7596 0.8939 0.9699 0.8415 1.0531 1.0728 0.9400 1.0830 1.0142 1.2400 0.9111 1.2642 1.1152
0.9697 0.9336 0.8485 1.0771 0.9828 0.9790 0.9680 1.0238 0.8791 0.9666 0.9532 0.9410 1.1074 1.0388 1.1412 1.2508
0.6367 0.7477 0.8730 0.8335 0.9301 0.9847 0.9428 1.0871 1.0387 0.9718 1.0238 0.9491 1.1637 1.1142 0.9754 1.1416
1.2587 1.0693 1.1248 1.1741 1.0399 1.1058 1.1547 0.9774 1.0027 0.8700 0.8631 0.8951 0.8905 0.8651 0.9195 0.7927
0.9888 0.9405 0.9124 1.0126 0.9896 0.8552 0.7922 1.1134 0.9514 0.9764 1.1385 0.9109 1.0351 1.1476 1.1104 1.3935
1.0593 0.9895 1.0425 0.8452 0.8679 0.9714 0.9493 1.0502 0.9749 0.9452 1.0139 0.9690 1.0661 0.9853 1.0949 1.1441
1.3253 1.1514 1.0063 0.9992 1.0627 1.0565 1.0533 1.0764 0.9762 0.8272 0.9695 0.9317 0.9072 0.7235 0.7066 0.7955
0.9558 0.9182 1.0391 0.9296 0.9413 1.0295 0.9915 0.9853 1.0000 0.9269 1.0053 0.9745 1.0000 1.0682 1.1156 1.2765
0.9710 0.9267 0.9495 1.0000 0.9612 0.9717 1.0400 0.9710 1.0019 1.0424 1.0575 1.0299 1.0528 1.0119 1.2033 1.3032
1.3602 1.3073 1.0051 1.2508 0.9463 0.9907 1.1321 0.9288 0.8825 1.0000 1.0000 0.9565 1.0000 0.8616 0.9612 0.9720
1.4146 1.0198 1.2760 0.9786 0.8373 1.1114 1.0307 0.9949 1.1084 0.9592 0.9244 0.9966 0.8947 0.8373 0.9338 1.0770
1.1472 1.1069 1.1296 1.1536 0.9906 1.0362 0.9470 0.9318 1.0263 1.1191 0.9445 0.8329 0.8035 0.7835 0.5401 0.5270
1.3458 0.9810 1.0000 0.9962 1.1549 1.0926 0.9931 1.0704 0.9865 0.9462 0.9289 1.0988 0.9035 1.0071 0.9677 0.9495
0.5685 0.6869 0.9611 0.9758 0.9779 0.9909 1.0059 0.9842 0.9768 1.0450 0.9877 1.1068 1.0808 0.9465 0.9745 1.2352
1.0449 0.8674 0.9138 0.8935 0.8615 0.9068 0.8825 0.9816 1.0000 1.1828 0.9560 0.9802 1.1218 1.2417 1.2188 1.2343
1.0148 0.9820 0.8408 0.9846 0.8698 1.0129 0.9080 0.9553 1.1642 0.9579 1.0398 1.0568 1.0259 1.0177 0.5458 1.1085
1.3703 1.0005 1.0015 1.0862 1.0416 1.0131 1.1116 1.0138 1.0476 0.8743 1.0119 0.9192 1.0157 0.9032 0.8474 0.9025
