1.2559 1.1584 1.1539 1.1978 1.0562 1.0001 1.0888 0.9002 1.1467 1.0890 0.9076 0.8379 0.9213 0.7496 0.7871 0.7488
1.0000 1.0141 1.0072 1.2169 1.1554 0.9951 1.0121 0.9762 0.9139 1.0181 0.9793 0.9116 0.9462 1.0087 0.8381 1.0000
1.2488 1.1109 0.9921 1.6131 1.0393 1.0427 1.0000 0.9389 1.0648 1.0743 1.0202 0.8971 1.0229 0.9534 0.9250 0.9008
1.1317 0.9730 1.0203 1.1650 1.0197 1.0602 1.0974 0.9769 1.0488 1.0175 0.9692 0.9330 0.9094 0.8751 0.8800 0.9561
1.4560 1.1107 1.0511 1.0504 0.8990 0.9504 0.9596 0.9817 0.8067 0.9067 1.0171 1.1351 0.9782 1.0559 1.0542 1.2280
1.0260 1.0734 0.9253 0.9843 0.9356 1.0757 1.1413 1.0188 0.8168 1.1464 0.8964 1.0347 0.9576 0.9345 0.9620 1.1148
1.3436 1.1362 1.1259 1.0678 1.0300 0.9401 0.9644 0.8888 0.8911 0.9881 0.9675 0.8593 0.9400 1.0594 1.0000 0.9976
1.0914 1.2056 0.9157 1.0733 1.0039 1.0845 1.1068 1.0628 1.1627 0.9356 0.9623 0.9107 0.8664 0.7734 0.8665 0.9802
0.7161 0.7532 0.9753 0.8142 0.8639 0.9539 0.8623 1.0650 1.1102 0.9633 1.1249 1.0292 1.1847 0.8205 1.2884 1.0598
0.8945 0.8466 0.8015 1.0450 0.9888 0.9908 1.0210 0.9367 0.9071 1.0102 0.9457 1.0132 1.1395 1.0863 1.1880 1.3850
0.6294 0.7853 0.8860 0.8825 0.9069 1.0151 1.0133 1.1328 1.0878 1.0202 0.9098 0.9861 1.0517 1.1069 0.9701 1.0454
1.1344 1.0033 1.0680 1.1046 1.0267 1.0968 1.1417 0.9827 1.0195 0.9209 0.9152 0.9592 0.9344 0.9034 0.9851 0.7841
0.9833 1.0574 1.0291 1.1601 1.0447 0.8764 0.8390 1.2073 0.9089 1.0058 1.0940 0.8536 0.9041 1.0342 0.9410 1.2012
0.9679 0.9060 0.9752 0.7746 0.8982 0.9126 0.8709 1.0912 0.9768 1.0210 1.0786 1.0266 1.1103 1.0484 1.1945 1.1441
1.3615 1.1195 0.9999 1.0286 1.0892 1.1180 1.1099 1.0948 1.0277 0.7737 0.9512 0.9351 0.8951 0.6673 0.6494 0.7034
0.8780 0.9370 1.0331 0.8862 0.8765 1.0139 1.0210 1.0080 1.0000 0.9202 1.0191 0.9240 1.0000 1.1384 1.2087 1.3287
1.0199 0.9274 1.0151 1.0000 0.9454 0.9920 1.0539 0.8817 1.0380 1.0709 1.0725 1.0134 0.9916 0.9841 1.0350 1.1553
1.2530 1.2420 0.9181 1.2375 0.9420 0.9987 1.1716 0.9333 0.8819 1.0000 1.0000 0.9920 1.0000 0.8549 0.9659 1.0088
1.3467 1.0304 1.3472 1.0275 0.8849 1.2101 1.0746 1.0412 1.1375 0.9323 0.9049 0.9666 0.8595 0.7862 0.8000 0.9670
1.0073 1.0372 1.1380 1.1580 0.9970 1.0432 0.9482 1.0108 1.0538 1.1059 0.9495 0.8608 0.8470 0.8096 0.5694 0.5268
1.4303 1.0562 1.0000 1.0081 1.1869 1.1766 0.9553 1.0178 0.9774 0.8025 0.9342 1.1066 0.8988 1.0680 0.9896 0.8557
0.5452 0.6162 0.9626 0.8907 0.9106 1.0206 1.0342 1.0723 1.0027 0.9619 1.0202 1.1319 1.1103 0.9368 0.9708 1.2721
1.1006 0.9041 0.9658 0.8593 0.9242 0.9579 0.9610 1.0170 1.0000 1.2230 0.9963 0.9485 1.0323 1.1109 0.9824 0.9126
0.9527 0.8834 0.7955 0.9363 0.8526 1.0044 0.8701 0.9013 1.1583 1.0366 1.1046 1.1071 1.1038 1.0501 0.5458 1.1898
1.4261 1.2411 1.0810 1.1648 1.1223 1.0926 1.1654 1.0165 0.9961 0.8401 1.0152 0.9003 0.9270 0.8190 0.7691 0.8390
