1.3239 1.1945 1.0478 1.1138 1.0204 0.9648 1.0754 0.8790 1.1147 1.1374 0.8697 0.8369 0.9354 0.8122 0.7932 0.8833
1.0000 1.0622 1.2739 1.2871 1.1464 1.0255 1.0886 0.9577 0.8763 0.9153 0.8786 0.8766 0.8750 0.9157 0.8267 1.0000
1.0551 0.9325 0.9134 1.2094 0.8716 0.9698 1.0000 0.9483 0.9800 1.0315 0.9456 0.9395 1.0425 1.1130 1.0888 1.2017
1.3079 1.1782 1.1480 1.1599 1.0276 1.0611 1.0818 0.9066 0.9684 0.9005 0.8994 0.9474 0.8221 0.9338 0.8030 0.9541
1.3026 0.9963 0.9401 1.0384 0.9610 0.9660 1.0170 0.9243 0.9535 1.0309 0.9501 1.0891 0.8818 1.0736 1.0444 1.2896
1.1583 1.0849 0.9730 1.1177 0.9433 1.0847 1.0713 0.9843 0.9030 1.0620 0.9802 0.8854 0.9054 0.8713 1.0068 0.9803
1.1968 1.1164 1.0404 0.9930 0.9566 0.9446 1.0451 0.9686 0.8735 1.0571 0.9805 0.8270 0.9814 1.0785 1.0000 0.9980
1.3632 1.2209 1.1140 1.0937 1.1328 1.0644 1.0888 1.0022 1.0946 0.9067 0.8961 0.8351 0.8151 0.7705 0.7638 0.8222
0.6814 0.7169 0.8964 0.7450 0.9459 0.9621 0.8436 1.0347 1.0363 0.9207 1.0788 1.0047 1.2324 0.9673 1.2131 1.1823
1.1353 1.0149 0.9631 1.0883 0.9977 0.9460 0.9330 1.1358 0.8567 0.8843 0.9310 0.9034 1.0187 0.9871 1.1217 1.1329
0.6786 0.7244 0.8825 0.8135 0.9590 0.9812 0.9326 1.0192 0.9831 0.9853 1.0721 0.9290 1.2181 1.1013 0.9587 1.2374
1.2453 1.1300 1.1439 1.1776 1.0658 1.0848 1.1271 0.9904 1.0142 0.8743 0.8410 0.8897 0.8864 0.8246 0.8791 0.8229
1.0054 0.8666 0.8421 0.9300 0.8744 0.8835 0.8040 1.0925 0.9398 1.0498 1.1706 0.9958 1.1064 1.2025 1.1345 1.5107
1.1099 1.0347 1.0934 0.9661 0.8497 0.9885 1.0138 1.0491 0.9700 0.9179 0.9700 0.9035 1.0162 0.9053 1.0607 1.1008
1.2283 1.1418 0.9527 0.9323 1.0402 1.0819 1.0063 1.0727 1.0058 0.9069 0.9491 0.9616 0.9515 0.7612 0.7458 0.8755
1.0186 0.9529 1.0545 0.8942 0.9935 1.0240 0.9837 1.0050 1.0000 0.9108 0.9359 1.0670 1.0000 1.0209 1.0304 1.1869
0.9486 0.9495 0.8866 1.0000 0.9794 0.9322 1.0346 1.0403 0.9903 0.9990 1.0665 1.0190 1.0788 1.0831 1.2764 1.3007
1.4606 1.3891 1.0468 1.2708 0.9513 0.9930 1.1154 0.9579 0.8825 1.0000 1.0000 0.8962 1.0000 0.8341 0.9438 0.9232
1.4817 1.0209 1.2316 0.9230 0.8037 1.1258 1.0270 0.9807 1.0919 1.0473 0.8987 1.0114 0.8819 0.8773 0.9429 1.1040
1.1535 1.1237 1.1578 1.2146 0.9934 1.0318 0.9329 0.9416 0.9900 0.9902 0.9294 0.8047 0.8227 0.7677 0.5306 0.5161
1.2975 0.9493 1.0000 0.9849 1.1462 1.0861 0.9336 1.0063 0.9659 0.9717 0.9431 1.0850 0.8962 1.0435 0.9929 1.0177
0.6706 0.7242 0.9773 0.9906 1.0860 1.0196 0.9888 0.9620 0.9265 1.1001 0.9737 1.0148 1.0328 0.9487 0.9946 1.2392
1.0385 0.8647 0.9147 0.9632 0.8566 0.9263 0.8733 0.9304 1.0000 1.1128 0.9333 0.9282 1.1375 1.2675 1.2859 1.5020
1.0223 1.0555 0.8872 1.0431 0.8928 0.9960 0.9396 0.9788 1.0981 0.9230 1.0050 1.0525 0.9648 1.0222 0.5458 1.0921
1.2943 1.1032 0.9896 1.0476 1.0627 1.0335 1.0952 1.0073 1.0228 0.8824 1.0063 0.9405 1.0070 0.9060 0.9177 0.9635
