1.4800 1.4311 1.3386 1.3606 1.1128 0.9546 1.1349 1.0086 1.0014 0.9992 0.7778 0.7740 0.7849 0.7775 0.6284 0.6393
1.0000 0.7816 0.9930 0.9711 0.9081 0.9170 1.0807 1.0167 0.9850 1.1261 1.0786 0.9246 1.0036 1.1756 1.0718 1.0000
1.4460 1.4187 1.5774 2.0055 1.1016 1.2485 1.0000 0.8890 1.0494 1.0488 0.8271 0.8001 0.8842 0.9976 0.8495 0.9005
0.9798 0.8172 0.7890 0.9639 0.9037 0.9606 0.9211 0.9042 1.0827 1.0274 1.0136 1.0677 1.0301 0.9834 1.0059 1.5999
1.1277 0.8585 0.9917 0.8874 0.9636 0.9453 1.2318 1.1871 0.9243 1.1840 1.3269 1.0496 1.0476 1.0473 1.0401 0.9459
0.8527 0.8740 0.7079 0.8501 0.8487 0.9526 1.1304 1.0037 0.8872 1.1712 1.0728 1.2412 1.2346 1.1054 1.2255 1.3805
1.7210 1.4214 1.3908 1.2430 1.1990 1.0592 1.0322 0.8696 0.8718 0.7736 0.8084 0.7542 0.7711 0.9946 1.0000 0.8530
0.9863 0.9396 1.0129 0.9317 0.8290 1.0084 1.0197 1.1019 1.1882 0.9843 1.0092 1.0328 0.9017 0.9185 1.0384 1.1240
1.0553 0.9606 1.2196 1.0393 1.0673 1.3163 0.9872 1.1602 1.1405 0.9252 1.0409 0.9174 0.9156 0.9289 0.9674 1.0687
0.9283 0.7469 1.1677 0.7920 0.9368 0.9266 0.8448 1.1698 0.8984 1.0713 0.9700 1.0431 1.1715 1.2204 1.2140 1.6298
0.7209 1.1371 1.1973 0.8408 1.1311 1.1315 0.9952 1.0693 1.0344 0.8937 0.9078 0.8725 1.0173 0.8628 0.7587 1.3865
0.8014 0.7948 0.8582 0.9195 0.8169 0.9655 1.0287 0.9106 1.0104 1.1564 1.1193 1.1468 1.1246 1.1972 1.1915 1.0499
1.2051 1.1236 1.1118 1.1775 1.0388 1.2655 1.1223 1.4529 0.7539 1.2059 1.0323 0.7615 0.7956 0.8777 0.7004 0.7488
1.1356 0.9649 1.1245 0.9172 0.7231 0.9022 0.8411 1.0495 1.0653 1.0568 1.1209 1.0110 1.0262 0.9915 1.1440 1.1150
1.4942 1.4207 1.0317 1.1334 1.2152 1.0712 1.1462 1.0824 0.8845 0.8281 0.8391 0.8094 0.7135 0.6981 0.7146 0.7438
0.7503 1.0384 0.8819 0.8666 0.9061 0.8466 0.9297 0.8768 1.0000 0.8851 1.1423 1.1351 1.0000 1.3169 1.3958 1.4679
1.1957 0.9324 1.2588 1.0000 1.0360 1.0052 1.0995 1.0657 0.9449 0.9478 0.9708 0.9347 0.8738 0.9151 1.1131 0.9506
0.8441 0.7821 0.8204 0.9194 0.8045 0.7990 1.0479 0.9353 0.9510 1.0000 1.0000 1.2009 1.0000 1.1748 1.1851 1.2559
1.6422 1.3116 1.7205 1.3378 1.0534 1.2100 1.1394 1.0718 0.9928 0.9262 0.7819 0.7562 0.6440 0.6692 0.8553 0.8239
0.8549 0.8521 1.0434 1.0131 0.9439 0.9877 1.0934 1.0587 1.2141 1.1910 1.1360 1.0273 0.9588 1.0576 0.6939 0.7020
1.3917 1.1645 1.0000 1.0879 1.1861 1.1810 1.0517 1.0201 0.9841 0.9149 0.9097 1.0326 0.8606 0.9624 0.8918 1.0039
0.7702 0.6377 0.7440 0.6608 0.8789 0.8770 0.9783 0.9444 1.0156 1.0263 1.0833 1.3481 1.2433 1.1363 1.1774 1.5596
1.0743 1.1265 1.1302 0.9444 1.0246 1.0384 1.1516 1.1314 1.0000 1.5509 0.9849 0.8069 0.8663 0.6747 0.6148 0.8762
0.7251 0.7407 0.8629 0.8705 0.8089 0.8235 0.8528 1.0170 1.1343 1.0937 1.0590 1.1628 1.2921 1.3768 0.7222 1.6257
1.4907 1.4999 1.1779 1.2576 1.1177 1.2122 1.3290 1.0595 0.9968 0.8187 0.8669 0.9552 0.9098 0.9578 0.8791 0.9049
