1.3045 1.1728 1.0751 1.1045 1.0033 0.9572 1.0725 0.8872 1.1492 1.1760 0.8570 0.8397 0.9372 0.8050 0.8045 0.8584
1.0000 1.0476 1.2038 1.2889 1.1512 1.0088 1.0657 0.9737 0.8753 0.9427 0.9126 0.8995 0.8867 0.9143 0.8301 1.0000
1.1122 0.9412 0.9092 1.3368 0.8855 0.9931 1.0000 0.9308 0.9758 1.0542 1.0068 0.9491 1.0351 1.0384 1.0718 1.1328
1.2906 1.1707 1.1296 1.1217 0.9991 1.0461 1.1058 0.9159 1.0021 0.9075 0.9104 0.9383 0.8433 0.9200 0.8181 0.9843
1.3887 1.0401 0.9471 1.0434 0.9599 0.9442 1.0021 0.9292 0.8841 0.9714 0.9902 1.0890 0.9009 1.0951 1.0776 1.3271
1.1351 1.0699 0.9399 1.0667 0.9611 1.0600 1.0552 0.9787 0.8836 1.0766 0.9492 0.9289 0.9345 0.9206 1.0020 1.0212
1.1963 1.1122 1.0438 1.0000 0.9677 0.9453 1.0108 0.9668 0.8896 1.0495 0.9575 0.8493 0.9624 1.0614 1.0000 1.0650
1.3052 1.2149 1.0856 1.0717 1.1027 1.0762 1.0640 1.0108 1.1004 0.9060 0.9213 0.8603 0.8261 0.7783 0.8044 0.8708
0.6738 0.7395 0.9039 0.7839 0.9215 0.9641 0.8320 1.0558 1.0515 0.9031 1.0660 1.0094 1.2176 0.9669 1.2446 1.1805
1.0907 0.9241 0.9198 1.0765 1.0024 0.9908 0.9561 1.0859 0.8868 0.9311 0.9239 0.9269 1.0325 1.0117 1.1141 1.1794
0.6541 0.7275 0.8676 0.8180 0.9216 0.9748 0.9440 1.0466 0.9988 0.9846 1.0605 0.9460 1.1676 1.1327 0.9835 1.2139
1.2237 1.1194 1.1470 1.1824 1.0542 1.0979 1.1202 0.9666 1.0384 0.8990 0.8431 0.8825 0.8775 0.8439 0.8864 0.8168
0.9801 0.8701 0.8503 0.9688 0.9084 0.8679 0.7894 1.1460 0.9420 1.0548 1.1632 0.9653 1.0946 1.1849 1.1019 1.4648
1.1277 1.0402 1.0990 0.9011 0.8666 0.9632 0.9958 1.0627 0.9722 0.9099 0.9755 0.9263 1.0248 0.9088 1.0912 1.1035
1.2620 1.1565 0.9565 0.9666 1.0443 1.0622 1.0263 1.0913 1.0050 0.8587 0.9577 0.9595 0.9325 0.7753 0.7508 0.8467
0.9808 0.9152 1.0581 0.9031 0.9350 1.0477 0.9640 0.9924 1.0000 0.9125 0.9712 1.0394 1.0000 1.0631 1.0880 1.2565
0.9258 0.9460 0.9505 1.0000 0.9797 0.9440 1.0580 1.0018 0.9890 1.0445 1.0491 1.0139 1.0268 1.0751 1.2372 1.3164
1.3857 1.3233 1.0268 1.2187 0.9734 0.9665 1.1236 0.9679 0.8993 1.0000 1.0000 0.9355 1.0000 0.8388 0.9499 0.9506
1.4557 1.0246 1.2466 0.9573 0.8255 1.1306 1.0373 0.9757 1.0803 1.0037 0.8825 0.9870 0.9128 0.8736 0.9407 1.1186
1.1328 1.1212 1.1660 1.1957 0.9887 1.0170 0.9382 0.9311 1.0228 1.1020 0.9074 0.8201 0.8124 0.7786 0.5511 0.5304
1.3326 0.9991 1.0000 0.9572 1.1718 1.0910 0.9129 0.9849 0.9745 0.9460 0.9274 1.1104 0.8898 1.0533 1.0145 1.0123
0.6169 0.7104 0.9651 0.9970 1.0225 1.0097 0.9970 0.9780 0.9469 1.0769 0.9789 1.0345 1.0609 0.9530 0.9847 1.2470
1.0370 0.8457 0.9117 0.9409 0.8770 0.9027 0.9041 0.9557 1.0000 1.1190 0.9643 0.9542 1.1087 1.2377 1.2746 1.4022
1.0293 1.0436 0.8616 1.0035 0.8853 0.9658 0.9104 0.9823 1.1319 0.9175 1.0268 1.0522 0.9896 1.0326 0.5458 1.1126
1.3947 1.1128 1.0428 1.0786 1.1009 1.0680 1.1307 0.9856 0.9951 0.8603 0.9759 0.8636 0.9974 0.8635 0.8640 0.9557
