1.2397 1.1287 1.2043 1.2687 1.1152 1.0395 1.1099 0.8983 1.1074 1.1046 0.9096 0.8361 0.8908 0.7057 0.7486 0.6804
1.0000 0.9162 0.9384 1.1154 1.0909 0.9654 0.9792 0.9919 0.9107 1.1096 1.0392 0.9940 1.0112 1.0839 0.8770 1.0000
1.2811 1.1936 1.2082 1.7993 1.0883 1.1342 1.0000 0.9583 1.0453 1.0363 0.9759 0.8290 0.8774 0.9102 0.8061 0.7956
1.0643 0.8300 0.9686 1.0669 0.9663 0.9730 1.0757 0.9598 1.0868 1.0751 0.9956 0.9723 1.0043 0.9196 0.9633 1.1050
1.5998 1.1963 1.0965 1.0462 0.9570 0.9894 0.9514 1.0114 0.8360 0.9266 1.0750 1.0320 0.9389 0.9718 1.0166 1.1676
0.8458 1.0033 0.8216 0.9472 0.8730 1.0499 1.1622 1.0297 0.8482 1.1730 0.9320 1.1377 1.0106 0.9916 1.0568 1.2092
1.4335 1.1847 1.1846 1.1282 1.1286 0.9089 0.9460 0.8537 0.8868 0.9806 0.9094 0.8628 0.9330 1.0409 1.0000 0.9184
1.0029 1.1595 0.8754 1.0429 0.9983 1.0557 1.0906 1.1202 1.1298 0.9744 0.9889 1.0173 0.8662 0.7867 0.8959 1.0281
0.7912 0.8118 1.0366 0.8908 0.8834 1.0188 0.8904 1.1028 1.1218 0.9708 1.1320 1.0142 1.1214 0.7811 1.1983 1.0563
0.8573 0.7778 0.8493 0.9505 0.9185 0.9842 0.9792 0.9354 0.9121 1.0856 0.9468 1.0309 1.2131 1.1068 1.2160 1.5925
0.5805 0.8417 0.9364 0.9060 0.8993 1.0328 1.0570 1.1400 1.0992 1.0092 0.8649 0.9780 0.9985 1.0716 0.9139 1.0755
0.9899 0.9315 1.0217 1.0527 0.9707 1.0793 1.1178 0.9880 1.0338 0.9782 0.9643 1.0356 0.9993 1.0092 1.0480 0.7975
1.0400 1.1243 1.1090 1.2031 1.1299 0.9632 0.9300 1.3587 0.8906 1.1002 1.0591 0.7753 0.7485 0.8579 0.7603 0.9497
0.9509 0.8063 0.9803 0.8058 0.8985 0.9084 0.8497 1.1134 0.9894 1.0591 1.0967 1.0367 1.0820 1.0651 1.1910 1.1103
1.4480 1.1540 1.0185 1.1086 1.1229 1.1429 1.1194 1.1233 0.9658 0.7525 0.9026 0.9100 0.7815 0.6413 0.6523 0.6608
0.7717 0.8944 0.9751 0.8809 0.8922 1.0000 1.0574 0.9852 1.0000 0.9635 1.0661 0.9410 1.0000 1.1735 1.2603 1.3987
1.1101 0.9525 1.1284 1.0000 0.9546 1.0274 1.0598 0.8545 1.0142 1.0747 1.0257 0.9835 0.9192 0.9446 1.0160 1.0801
1.0789 1.1130 0.8445 1.1767 0.8831 0.9482 1.1330 0.8979 0.8719 1.0000 1.0000 1.0841 1.0000 0.9261 1.0808 1.1130
1.3829 1.1225 1.5401 1.1637 0.9350 1.2035 1.0830 1.0532 1.1115 0.8709 0.8692 0.9195 0.8099 0.7308 0.7224 0.8446
0.9267 0.9953 1.1980 1.1251 1.0004 1.0175 0.9591 1.0250 1.0588 1.0022 0.9662 0.8518 0.9146 0.8226 0.6219 0.5664
1.4250 1.0657 1.0000 1.0615 1.2422 1.1454 1.0389 1.0308 0.9710 0.7735 0.9436 1.0823 0.9274 0.9906 0.9587 0.8038
0.5847 0.5387 0.8940 0.7988 0.8533 0.9382 1.0653 1.0517 1.0596 0.9531 1.0390 1.2417 1.2092 0.9550 0.9664 1.3309
1.1003 0.9327 1.0113 0.8325 0.9768 0.9859 1.0145 1.1048 1.0000 1.3614 1.0152 0.9120 0.8986 0.9972 0.8251 0.7884
0.8939 0.8343 0.7415 0.9068 0.8544 0.9717 0.8304 0.8894 1.1179 1.0671 1.0664 1.1418 1.2190 1.0953 0.5458 1.2580
1.5481 1.3331 1.2452 1.3142 1.3045 1.1632 1.1643 1.0511 0.9646 0.8310 0.8708 0.8698 0.8725 0.8191 0.7703 0.8567
