1.3401 1.1686 1.0473 1.0885 0.9771 0.9438 1.0517 0.8819 1.0885 1.1265 0.8372 0.8496 0.9298 0.8377 0.8009 0.9287
1.0000 1.0729 1.2943 1.2683 1.1320 0.9935 1.0851 0.9614 0.8896 0.9294 0.8678 0.8614 0.8519 0.8910 0.8184 1.0000
1.0605 0.9203 0.9549 1.1948 0.8740 0.9792 1.0000 0.9681 0.9821 1.0653 0.9776 0.9649 1.0362 1.1619 1.0607 1.2585
1.3372 1.1982 1.1650 1.1251 0.9931 1.0589 1.0628 0.9006 0.9630 0.8822 0.8879 0.9338 0.8100 0.9297 0.7835 0.9663
1.2474 0.9583 0.9141 1.0233 0.9712 0.9975 0.9915 0.9054 1.0017 1.0676 1.0157 1.0998 0.8865 1.1164 1.0543 1.3268
1.2174 1.0854 1.0255 1.1269 0.9837 1.0505 1.0391 0.9534 0.9059 1.0037 0.9865 0.8673 0.8891 0.8537 1.0046 0.9515
1.2127 1.0899 1.0432 1.0045 0.9574 0.9608 1.0266 0.9645 0.8981 1.0604 0.9692 0.8507 0.9527 1.0460 1.0000 1.0462
1.3281 1.2109 1.1385 1.0774 1.0902 1.0855 1.0488 0.9869 1.0641 0.8949 0.8893 0.8420 0.8049 0.7814 0.7715 0.8156
0.6785 0.7230 0.8908 0.7730 0.9642 0.9810 0.8560 1.0573 1.0324 0.9165 1.0592 0.9779 1.2148 1.0287 1.2141 1.2039
1.1153 0.9757 0.9665 1.1097 0.9960 0.9701 0.9560 1.1545 0.8864 0.8979 0.9378 0.9087 1.0141 0.9866 1.0897 1.0694
0.6762 0.7377 0.8854 0.8082 0.9555 0.9805 0.9174 1.0458 1.0045 0.9595 1.0867 0.9196 1.2275 1.1087 0.9766 1.3198
1.2554 1.1328 1.1684 1.1859 1.0638 1.0871 1.1138 0.9486 0.9962 0.8765 0.8524 0.8845 0.8627 0.7982 0.8402 0.7953
1.0186 0.8453 0.8255 0.9180 0.8882 0.8993 0.8222 1.0355 0.9505 1.1262 1.2014 1.0242 1.1003 1.2100 1.1493 1.5460
1.2145 1.0867 1.1112 1.0264 0.8660 0.9857 1.0320 1.0504 0.9564 0.8935 0.9346 0.8829 0.9780 0.8666 0.9977 1.0690
1.1618 1.1677 0.9249 0.9247 1.0401 1.0410 0.9829 1.0654 0.9932 0.9359 0.9711 0.9599 0.9486 0.7955 0.7705 0.9252
1.0347 0.9444 1.0444 0.8996 0.9995 1.0658 0.9694 1.0021 1.0000 0.9063 0.9310 1.1096 1.0000 1.0043 1.0012 1.1542
0.9373 0.9284 0.9175 1.0000 0.9806 0.9398 1.0546 1.1031 1.0080 1.0275 1.0436 0.9920 1.0229 1.0677 1.2166 1.2540
1.4637 1.3266 1.0245 1.2413 0.9750 0.9934 1.1052 0.9481 0.8995 1.0000 1.0000 0.9070 1.0000 0.8393 0.9038 0.9219
1.5005 1.0071 1.1670 0.9231 0.7919 1.0943 1.0135 0.9862 1.0823 1.0320 0.9066 1.0114 0.8991 0.8746 0.9999 1.1639
1.1601 1.1078 1.1458 1.1954 0.9824 1.0254 0.9405 0.9195 0.9938 1.0656 0.9205 0.8115 0.8210 0.7737 0.5337 0.5149
1.2541 0.8991 1.0000 0.9266 1.1004 1.0949 0.9232 1.0260 0.9710 1.0627 0.9388 1.0708 0.9227 1.0081 0.9830 1.0645
0.7707 0.7794 1.0141 0.9820 1.1282 1.0339 0.9780 0.9554 0.9263 1.0979 0.9679 0.9752 1.0199 0.9785 0.9782 1.2038
1.0752 0.9017 0.9253 0.9889 0.8668 0.9375 0.8811 0.9309 1.0000 1.1427 0.9490 0.9392 1.1367 1.2384 1.3214 1.6969
1.0421 1.0904 0.9019 1.0566 0.8792 0.9781 0.9362 0.9928 1.0957 0.8907 1.0031 1.0463 0.9382 1.0290 0.5458 1.0486
1.1476 0.9774 0.9215 0.9610 0.9677 0.9872 1.0659 1.0177 0.9984 0.8830 1.0439 0.9609 1.0722 0.9542 1.0187 1.1348
