0.8249 0.8516 0.9311 0.9420 1.0365 1.0826 1.0208 1.1538 1.1581 1.1618 1.0211 0.9017 1.0986 1.0405 0.8914 0.8938
0.9356 0.9219 1.0263 1.1067 1.1618 1.2285 1.2073 0.8950 0.9591 0.8965 1.0623 0.9737 0.9422 0.8323 0.9701 0.7617
0.6860 0.7873 0.9491 0.9716 0.9831 1.0796 1.1264 1.0697 1.0718 1.2328 1.0120 0.9630 0.9186 0.9324 0.9154 0.7127
0.7044 0.7778 0.8810 0.9675 0.9643 1.0864 1.1035 1.0198 0.9661 1.1578 1.1311 0.9940 1.0573 0.9179 0.9333 0.7330
0.8455 0.9184 0.9020 0.9120 1.0000 1.1259 1.1211 1.0545 1.1306 1.2225 1.0166 1.0294 0.9730 1.0327 0.9173 0.7813
0.8776 0.9257 0.9453 0.9792 1.1303 1.1190 1.1576 1.0407 1.1428 1.1050 1.0559 0.9896 0.9525 0.9182 0.8412 0.8165
0.7794 0.8542 0.9265 0.9734 1.0216 1.0324 1.1200 1.1214 1.0982 1.0989 1.0970 1.0618 0.9675 0.8747 0.8312 0.9365
0.9465 0.8436 0.9021 0.9598 1.0000 1.1157 1.1708 1.0534 1.1319 1.0655 1.1569 1.0419 1.0033 0.9034 0.8210 0.8832
0.8399 0.9155 0.8737 0.9237 1.0279 1.0147 1.1629 1.0338 1.0913 1.1387 1.0534 1.0693 0.9815 1.0187 0.8746 0.8213
0.7470 0.8591 0.9476 1.0828 1.0401 1.0771 1.0742 1.1574 0.9780 1.0370 1.1489 0.8835 0.8927 0.9506 0.9397 0.9157
0.7984 0.7447 0.8499 0.8852 1.0086 1.1213 1.1748 1.0605 1.0577 1.1267 1.0425 0.9983 1.0453 0.9876 0.8850 0.9005
0.7968 0.8711 0.9096 1.0190 1.1776 1.1163 1.1204 0.8678 0.9982 1.2018 1.0419 0.9536 0.9347 1.0000 1.0000 0.6276
0.9401 0.8797 0.9430 1.0067 1.1485 1.0946 1.1094 0.9577 1.1033 1.0001 1.0626 0.9598 0.9761 0.8128 0.7671 0.9097
0.9474 0.9482 0.9440 1.0288 0.9805 1.0907 1.1371 1.0911 1.0810 1.0223 1.0822 0.9203 0.9251 1.0000 0.8095 0.7632
0.7146 0.8152 0.9113 0.9635 1.0455 1.1930 1.1129 1.0845 1.0670 1.0461 1.0937 1.1100 0.9965 0.8077 0.8683 0.7543
0.8049 0.8857 0.9410 1.0109 0.9888 1.0440 1.0934 1.0393 1.0535 1.0124 1.0281 1.0682 0.9813 0.9544 0.9053 0.8368
0.9063 0.7706 0.9001 0.8889 1.0798 1.1933 0.9871 1.1545 1.0797 1.1863 1.0226 1.0575 1.1085 0.9066 0.8639 0.8754
0.7131 0.8595 0.8504 0.8633 1.0330 1.0448 1.1421 1.0147 1.0338 1.1527 1.0996 1.0425 1.0116 0.9863 0.9331 0.8967
0.7412 1.0000 0.9463 0.9180 0.9907 1.1639 1.1263 1.0579 1.0652 1.1463 1.0894 0.9039 0.9749 0.8829 0.8769 0.8702
0.9007 0.9298 1.0289 0.9176 1.1093 1.2076 0.9906 1.0740 1.0918 1.1630 0.9664 1.0843 1.0000 0.8888 0.8799 0.7839
0.9233 0.9129 0.9267 1.0006 0.9393 1.1235 1.0487 1.0692 1.0268 0.9533 1.0362 1.0887 1.0325 1.0126 0.9928 0.8705
0.6393 0.7859 0.9190 0.9805 1.0000 1.0327 1.0047 1.0131 1.0078 1.0879 1.0009 1.0670 0.9776 0.9102 1.0000 0.7646
0.8422 0.8094 1.0134 1.0031 1.0979 1.1421 1.1592 0.9313 1.0726 1.1548 1.1445 1.0261 1.0750 0.9001 0.8581 0.8033
0.8149 0.8047 0.9100 0.9592 1.2156 1.0000 1.0628 1.1826 1.1198 1.0068 1.1985 0.9254 0.9408 0.9144 0.9902 0.9546
0.8824 0.9531 0.9012 1.0071 1.1300 1.1114 1.1664 1.1562 1.1382 1.1127 1.0632 0.9274 0.9307 0.8560 0.7070 0.6907
