0.8407 0.9281 0.9254 0.9373 1.0435 1.1002 1.0607 1.1710 1.0697 1.1690 0.9899 0.9815 1.0534 1.0605 0.8356 0.8357
0.8968 0.9371 1.0335 1.1010 1.1521 1.2584 1.2081 0.8770 0.9157 0.8683 1.1034 0.9620 0.9616 0.8336 1.0256 0.7865
0.6979 0.8010 0.9907 0.9762 1.0097 1.1494 1.0262 1.1019 1.0282 1.2839 0.9731 0.8523 0.9244 0.9307 1.0260 0.6467
0.6779 0.8130 0.9163 1.0175 1.0390 1.0988 1.1627 1.0775 0.9390 1.0919 1.1458 0.9332 0.9938 0.8617 0.9062 0.6339
0.7690 0.8542 0.8866 0.9025 1.0000 1.0736 1.1206 1.0457 1.1576 1.2173 1.0041 0.9646 0.9553 1.0637 1.0277 0.8628
0.8607 0.9307 0.9286 1.0039 1.1662 1.1200 1.2049 0.9586 1.1664 1.1244 1.0546 1.0067 0.9552 0.8976 0.8173 0.8077
0.7373 0.8635 0.9595 0.9591 1.1038 0.9535 1.2215 1.2105 1.0795 1.0108 1.0599 1.0049 0.9874 0.8938 0.8338 0.8516
0.9658 0.8559 0.9139 0.9978 1.0000 1.1182 1.2017 1.0398 1.1097 1.0911 1.0607 1.1121 1.0293 0.8767 0.8186 0.8126
0.8529 0.9382 0.8837 0.9208 1.0645 1.0506 1.1542 1.0187 1.1104 1.0941 1.0346 1.0085 1.0265 1.0068 0.8401 0.7509
0.7641 0.8041 0.9177 1.0365 1.0353 1.0762 1.0818 1.1493 0.9668 1.0314 1.1444 0.8000 0.8302 1.0059 1.0621 1.0361
0.8252 0.7475 0.8568 0.8611 1.0574 1.1665 1.2196 1.0510 1.0274 1.1110 0.9959 1.0034 1.0443 0.9908 0.8754 0.8356
0.8070 0.8708 0.8805 1.0696 1.1738 1.1834 1.1872 0.9317 0.9451 1.1921 0.9688 0.8906 0.9033 1.0000 1.0000 0.6057
0.9368 0.9101 0.9226 0.9993 1.1451 1.0752 1.1104 0.8976 1.0762 0.9913 1.0164 0.9814 1.0064 0.8161 0.7615 0.9570
0.9541 0.9393 0.9850 1.0042 0.9525 1.0922 1.1750 1.1108 1.0547 0.9736 1.0817 0.9118 0.9184 1.0000 0.8423 0.7055
0.6685 0.7951 0.8313 0.8819 1.0440 1.2376 1.0613 1.1194 1.0094 1.0521 1.1250 1.1722 1.0212 0.8608 0.9397 0.8129
0.7288 0.8952 0.9689 1.0674 1.0245 1.0167 1.0681 0.9775 1.1248 0.9450 0.9807 1.0319 1.0683 0.9542 0.8768 0.7836
0.9056 0.6827 0.8332 0.8479 1.0721 1.1800 1.0052 1.1811 1.0859 1.1463 1.0428 1.0261 1.1579 0.9239 0.8398 0.9962
0.7048 0.9171 0.8354 0.8347 1.0514 0.9901 1.2252 1.1055 1.0293 1.1774 1.1047 0.9993 0.9287 0.9022 0.9547 0.9101
0.7412 1.0000 0.9472 0.9031 1.0026 1.1212 1.1168 0.9714 1.0942 1.1759 1.1306 0.8636 1.0113 0.8844 0.9088 0.8702
0.8630 0.8494 0.9762 0.8836 1.0865 1.2025 1.0076 1.0888 1.0631 1.1378 1.0094 1.1516 1.0000 0.9091 0.9708 0.7865
0.9356 0.9502 0.9335 0.9525 0.8851 1.1106 1.0395 1.0945 1.0646 0.9653 1.0464 1.1898 0.9819 1.0102 0.9593 0.8003
0.6535 0.8640 0.9718 1.0395 1.0000 1.0543 1.0348 1.0492 0.9984 1.0392 0.9357 1.0616 0.9405 0.8733 1.0000 0.7162
0.8053 0.8206 0.9954 0.9931 1.0331 1.1469 1.1790 0.9136 1.0720 1.1369 1.1502 1.0565 1.0716 0.9431 0.8514 0.8531
0.8575 0.8625 0.9255 0.9915 1.2477 1.0000 1.1068 1.1299 1.0946 1.0353 1.2382 0.8480 0.9307 0.9191 0.9233 0.8924
0.8580 0.9369 0.8579 0.9817 1.1495 1.0877 1.1769 1.1693 1.1419 1.1686 1.0956 0.9218 0.9400 0.8357 0.7260 0.7350
