0.7417 0.8040 0.8760 0.9006 1.0379 1.0752 1.0456 1.1753 1.1321 1.1616 1.0158 0.9854 1.0445 1.0204 0.8691 0.8698
0.8621 0.8674 0.9646 1.0367 1.0970 1.2302 1.2029 0.9628 1.0059 0.9348 1.1034 1.0029 0.9229 0.8422 0.9984 0.7716
0.6651 0.7170 0.9253 0.9268 0.9481 1.0753 1.1259 1.0769 1.0732 1.2010 1.0071 0.9725 0.9064 0.9298 0.9136 0.7312
0.6661 0.7479 0.8666 0.9746 0.9682 1.0830 1.0935 1.0111 0.9674 1.1530 1.1353 0.9698 1.0447 0.8986 0.9525 0.7620
0.7588 0.8007 0.8334 0.9129 1.0000 1.0343 1.0985 1.0466 1.1648 1.2125 1.0238 1.0324 0.9622 1.0439 0.9376 0.8329
0.8475 0.8665 0.8689 0.9516 1.1557 1.0952 1.1811 1.0901 1.1590 1.0898 1.0397 1.0201 0.9808 0.9286 0.8589 0.8636
0.7558 0.8318 0.8658 0.9345 1.0355 1.0366 1.1617 1.1494 1.0890 1.0651 1.0876 1.0357 0.9732 0.9105 0.8404 0.9857
0.8999 0.8091 0.8722 0.9540 1.0000 1.0883 1.1995 1.1143 1.0803 1.0414 1.1311 1.0832 1.0310 0.9238 0.8499 0.9236
0.8245 0.8811 0.8686 0.8895 1.0365 1.0259 1.1339 1.0436 1.0661 1.0983 1.0248 1.0871 0.9827 1.0325 0.9082 0.8444
0.6940 0.7612 0.8618 0.9998 1.0043 1.0327 1.0468 1.1145 0.9712 1.0065 1.1597 0.9452 0.9301 0.9678 1.0125 1.0172
0.7201 0.6579 0.7500 0.8072 0.9481 1.0494 1.1500 1.0279 1.0095 1.0480 1.0150 0.9535 1.0274 0.9873 0.8627 0.9751
0.7383 0.8513 0.9319 0.9861 1.1633 1.1394 1.1249 0.8648 1.0300 1.2292 1.0854 0.9752 0.9523 1.0000 1.0000 0.7017
0.9542 0.9077 0.9119 1.0118 1.1409 1.1032 1.1584 1.0186 1.1080 1.0196 1.0751 1.0213 1.0068 0.8371 0.8339 0.9708
0.9196 0.9136 0.9696 1.0037 0.9947 1.0979 1.1609 1.1240 1.0837 1.0407 1.1478 0.9279 0.9604 1.0000 0.8362 0.8163
0.6689 0.7464 0.8795 0.9116 1.0103 1.1985 1.0817 1.0483 1.0404 1.0423 1.1021 1.1215 0.9980 0.8455 0.8975 0.8232
0.7057 0.8178 0.9406 0.9982 0.9818 1.0343 1.0857 1.0457 1.0681 1.0112 1.0025 1.0679 0.9868 0.9693 0.9325 0.8786
0.8933 0.7703 0.8650 0.8802 1.0391 1.1755 0.9690 1.1695 1.1253 1.1737 1.0375 1.0304 1.1093 0.9343 0.9054 0.9208
0.7083 0.7950 0.8006 0.8245 1.0180 0.9966 1.1112 0.9884 0.9928 1.0992 1.0668 1.0593 1.0270 1.0382 0.9078 0.9230
0.6972 1.0000 0.9139 0.9281 0.9803 1.1347 1.1385 1.0525 1.0667 1.1516 1.0654 0.8989 0.9895 0.9001 0.8869 0.8935
0.8356 0.8196 0.9397 0.8513 1.0584 1.1693 1.0107 1.0615 1.0483 1.1540 1.0250 1.1249 1.0000 0.9646 0.9653 0.9297
0.8840 0.9055 0.8852 0.9573 0.9417 1.1092 1.0631 1.0243 1.0261 0.9531 1.0515 1.1132 0.9969 1.0067 1.0349 0.9560
0.6191 0.7729 0.9144 0.9917 1.0000 1.0683 1.0486 1.0550 1.0274 1.0977 1.0091 1.0521 0.9822 0.9185 1.0000 0.8326
0.8331 0.7813 0.9782 0.9484 1.0559 1.1548 1.1565 0.9370 1.0661 1.1226 1.1638 1.0361 1.0458 0.9365 0.8901 0.8465
0.7858 0.7897 0.8798 0.9471 1.2235 1.0000 1.0656 1.1755 1.0843 1.0452 1.2122 0.9493 0.9384 0.9403 0.9791 0.9851
0.8397 0.9324 0.8920 0.9739 1.1040 1.1229 1.1982 1.1755 1.1695 1.1503 1.0781 0.9663 0.9657 0.8939 0.7832 0.7639
