1.1657 1.2599 1.4018 1.4863 1.2386 1.1546 1.1905 0.9369 1.0876 1.0117 0.8036 0.6928 0.7581 0.6187 0.6548 0.5766
1.0000 0.9681 1.2211 1.3238 1.2220 1.0287 1.0555 1.0097 0.8654 1.0026 0.9113 0.8400 0.8635 0.9478 0.7467 1.0000
1.2986 1.1883 1.2226 1.9246 1.1823 1.1310 1.0000 0.9679 1.0166 1.0164 0.9565 0.8083 0.8373 0.8887 0.7597 0.7798
1.0008 0.8066 0.9552 1.0825 0.9713 0.9967 1.1072 1.0224 1.0849 1.0836 1.0023 0.9367 0.9914 0.9023 0.9475 1.0822
1.4907 1.1948 1.1664 1.1025 0.9824 0.9480 0.9764 0.9948 0.7818 0.9132 1.1581 1.0480 0.8894 0.9726 0.9944 1.1317
0.7549 1.0245 0.9899 1.1944 1.1052 1.1451 1.2307 1.0686 0.8801 1.0933 0.8525 1.0022 0.8463 0.8552 0.8859 1.0282
1.2910 1.2087 1.3211 1.3058 1.2414 1.0181 1.0143 0.8969 0.8870 0.9038 0.8032 0.7248 0.7692 0.8782 1.0000 0.7737
0.9273 1.1619 0.9096 1.0921 1.0244 1.1106 1.1119 1.1446 1.1436 0.9660 0.9520 0.9718 0.8499 0.7824 0.8800 0.9878
0.8442 0.8582 1.1450 0.9929 0.9533 1.0829 0.9381 1.1429 1.1405 0.9504 1.0818 0.9967 1.0702 0.7627 1.1012 0.9351
0.7385 0.8741 1.1379 1.3365 1.1535 1.1518 1.0689 1.0743 0.9071 0.9742 0.8133 0.8414 0.9125 0.8870 0.9201 1.2301
0.5605 0.8928 1.1239 1.1144 1.1780 1.2005 1.1559 1.2453 1.1391 0.9531 0.7543 0.8193 0.8115 0.8502 0.7172 0.8791
0.8638 0.9595 1.3000 1.3763 1.1497 1.2154 1.2329 1.0427 1.0492 0.9211 0.8366 0.8479 0.8227 0.8538 0.8665 0.6658
1.0662 1.2052 1.1924 1.3481 1.2103 1.0203 1.0083 1.3297 0.8439 1.0160 1.0081 0.6999 0.6994 0.7567 0.7466 0.8868
0.9606 0.8514 1.0913 0.8474 0.9162 0.9392 0.8864 1.0935 0.9713 1.0231 1.0683 0.9844 1.0474 1.0295 1.1671 1.0612
1.2281 1.2915 1.2366 1.3315 1.3578 1.2463 1.1981 1.1406 0.9524 0.6847 0.7341 0.6805 0.6224 0.5897 0.5707 0.5866
0.7047 0.9576 1.2290 1.1664 1.0861 1.1240 1.1624 1.0867 1.0000 0.8872 0.8818 0.7967 1.0000 0.8913 0.9883 1.0435
0.9459 0.9570 1.2916 1.0000 1.1520 1.1563 1.1903 1.0146 1.0269 1.0332 0.9313 0.8181 0.7554 0.7683 0.7954 0.8032
1.0377 1.0985 0.8528 1.2130 0.9054 0.9477 1.1506 0.9289 0.8886 1.0000 1.0000 1.0438 1.0000 0.9197 1.0413 1.0613
1.2775 1.0571 1.5819 1.2679 1.0276 1.3257 1.1646 1.1201 1.1580 0.8667 0.8204 0.8312 0.7297 0.6724 0.6580 0.7626
0.7076 1.0029 1.5025 1.5807 1.2737 1.1731 1.0433 1.0264 0.9825 0.9294 0.6819 0.6275 0.7150 0.6403 0.5521 0.5387
1.2329 1.1995 1.0000 1.3119 1.4473 1.3579 1.1930 1.1295 1.0381 0.8209 0.8410 0.8953 0.7475 0.8207 0.7672 0.6642
0.5750 0.6158 1.1257 1.0721 1.0607 1.0781 1.1324 1.1673 1.0367 0.9086 0.9262 1.0500 0.9787 0.7639 0.7672 1.0470
1.0842 0.9360 1.0491 0.8739 1.0007 1.0339 1.0456 1.1093 1.0000 1.3516 1.0019 0.8839 0.9120 0.9089 0.8001 0.7854
0.7940 0.9150 1.0178 1.2580 1.0267 1.1130 0.9690 1.0531 1.1601 0.9730 0.9410 0.9331 1.0081 0.9057 0.5458 1.0290
1.0579 1.2956 1.6796 1.7465 1.5469 1.3878 1.4832 1.2532 1.0129 0.7207 0.6459 0.7276 0.6566 0.6993 0.6634 0.6954
