1.2716 1.2702 1.3540 1.3307 1.1345 1.0457 1.0971 0.8677 1.0445 1.0274 0.8936 0.7863 0.8737 0.6684 0.7142 0.6189
1.0000 1.0430 1.1125 1.1837 1.1019 0.9621 0.9707 0.9717 0.8549 1.0486 1.0163 0.9594 0.9767 1.0550 0.8452 1.0000
1.3624 1.2573 1.1828 1.9017 1.1694 1.1357 1.0000 0.9232 1.0081 1.0147 0.9431 0.7924 0.8267 0.8763 0.7727 0.7509
1.0452 0.8406 0.9897 1.0933 0.9822 0.9768 1.0881 0.9980 1.1098 1.0731 1.0038 0.9381 0.9817 0.8692 0.9256 1.0923
1.5086 1.1280 1.1160 1.0032 1.0026 0.9671 1.0279 1.0236 0.8065 0.9856 1.0118 1.0493 0.9461 0.9559 0.9918 1.1119
0.9238 1.1175 0.9242 1.0569 0.9661 1.0719 1.1304 0.9789 0.8154 1.1053 0.8871 1.1316 0.8868 0.9875 0.9779 1.1195
1.4414 1.2402 1.2814 1.2167 1.1689 0.9300 0.9581 0.8343 0.8596 0.9510 0.8966 0.8097 0.8824 0.9906 1.0000 0.8351
1.0072 1.1967 0.9075 1.0474 0.9678 1.0750 1.0765 1.1037 1.1106 0.9631 0.9593 0.9975 0.8807 0.7938 0.8965 1.0173
0.8431 0.8413 1.1225 0.9339 0.9002 1.0310 0.8824 1.0972 1.1215 0.9565 1.1204 0.9886 1.1046 0.7926 1.1487 0.9555
0.8916 0.8778 1.0021 1.0642 1.0009 0.9696 0.9101 0.8833 0.8525 1.0797 0.9031 1.0139 1.1066 1.0350 1.1669 1.4983
0.5941 0.9690 1.1164 1.0456 0.9811 1.0587 1.0546 1.1398 1.0644 0.9489 0.8177 0.9545 0.9621 1.0238 0.8590 1.0402
1.0354 1.0494 1.2006 1.1831 1.0281 1.0431 1.0999 0.9322 0.9757 0.9104 0.9044 0.9533 0.9452 0.9579 1.0074 0.7497
1.0890 1.1975 1.1417 1.2460 1.1673 0.9588 0.9201 1.3278 0.8358 1.0250 1.0545 0.7619 0.7483 0.8224 0.7895 0.9267
0.9301 0.8374 1.0222 0.7884 0.8725 0.8827 0.8520 1.0928 0.9934 1.0235 1.0850 1.0248 1.0962 1.1059 1.2220 1.1364
1.4711 1.3973 1.1709 1.2237 1.1849 1.1137 1.0610 1.0341 0.9339 0.6943 0.8556 0.8474 0.7752 0.6153 0.6100 0.6248
0.8337 1.0383 1.1582 1.0179 0.9014 0.9427 0.9945 0.9538 1.0000 0.8686 0.9802 0.8915 1.0000 1.0786 1.1467 1.2970
1.1588 1.0837 1.2709 1.0000 1.0136 1.0370 1.0372 0.8432 0.9161 1.0253 0.9291 0.9191 0.8788 0.8878 0.9436 0.9918
1.0603 1.0887 0.8337 1.1940 0.8580 0.9400 1.1288 0.9029 0.8808 1.0000 1.0000 1.1106 1.0000 0.9513 1.0754 1.1161
1.4280 1.1634 1.6203 1.2487 0.9943 1.2074 1.0820 1.0505 1.0930 0.8378 0.8002 0.8664 0.8052 0.7307 0.7352 0.8353
0.8974 1.2024 1.4794 1.3268 1.0464 0.9783 0.8667 0.8721 0.9104 1.1013 0.8670 0.8097 0.8713 0.7615 0.5517 0.5390
1.5389 1.3493 1.0000 1.2416 1.3047 1.1997 1.0368 0.9792 0.9136 0.7697 0.8823 1.0057 0.8302 0.9491 0.8597 0.7450
0.6064 0.6384 1.0971 0.9178 0.9048 0.9347 0.9986 1.0223 0.9897 0.9195 0.9933 1.2117 1.1342 0.9300 0.9565 1.2548
1.1199 0.9612 1.0616 0.8863 1.0216 1.0427 1.0383 1.0937 1.0000 1.3046 0.9959 0.8971 0.8750 0.9356 0.7565 0.7730
0.9014 0.9653 0.8804 0.9867 0.8177 0.9306 0.7956 0.8334 1.0685 1.0407 1.0442 1.0942 1.1906 1.0934 0.5458 1.2860
1.4722 1.5238 1.5289 1.5741 1.2596 1.0884 1.0539 0.9518 0.8441 0.7594 0.8468 0.8410 0.8103 0.7251 0.7025 0.8014
