0.7183 0.7725 0.8553 0.8966 1.0049 1.0849 1.0386 1.1744 1.1731 1.1758 1.0224 1.0135 1.0358 1.0232 0.8707 0.8768
0.8226 0.8324 0.9467 1.0405 1.0847 1.2244 1.2084 0.9654 1.0278 0.9646 1.1001 1.0015 0.9341 0.8688 1.0119 0.7695
0.6400 0.6961 0.9064 0.9048 0.9421 1.0804 1.1282 1.0763 1.0802 1.2477 1.0109 0.9602 0.9034 0.9214 0.9052 0.7346
0.6512 0.7297 0.8434 0.9458 0.9701 1.0717 1.1158 1.0504 1.0010 1.1716 1.1234 0.9713 1.0420 0.8851 0.9286 0.7547
0.6947 0.7489 0.7820 0.8954 1.0000 1.0036 1.0529 1.0646 1.1912 1.2313 1.0567 1.0422 0.9743 1.0509 0.9526 0.8666
0.8140 0.8424 0.8538 0.9425 1.1321 1.0777 1.1873 1.1060 1.1787 1.1259 1.0631 1.0201 0.9817 0.9301 0.8718 0.8636
0.7523 0.8196 0.8601 0.9303 1.0257 1.0399 1.1587 1.1562 1.1037 1.0891 1.0927 1.0382 0.9751 0.9253 0.8329 0.9511
0.8663 0.8069 0.8555 0.9274 1.0000 1.0877 1.1839 1.1195 1.1026 1.0783 1.1466 1.0931 1.0256 0.9388 0.8489 0.9211
0.7999 0.8630 0.8581 0.8656 1.0062 1.0197 1.1166 1.0386 1.1008 1.1243 1.0566 1.0993 0.9830 1.0468 0.8995 0.8552
0.6788 0.7407 0.8452 0.9396 0.9872 1.0057 1.0582 1.1188 0.9827 1.0600 1.1936 0.9752 0.9247 0.9781 0.9969 1.0073
0.7101 0.6391 0.7261 0.7957 0.9468 1.0362 1.1288 1.0356 1.0363 1.0748 1.0236 0.9610 1.0123 0.9776 0.8799 0.9455
0.7287 0.8232 0.9044 0.9822 1.1580 1.1505 1.1382 0.8878 1.0432 1.2404 1.0864 0.9692 0.9508 1.0000 1.0000 0.6996
0.9205 0.8802 0.8954 1.0168 1.1518 1.1169 1.1669 1.0278 1.1158 1.0674 1.0768 1.0130 1.0036 0.8386 0.8306 0.9524
0.8876 0.9023 0.9620 1.0096 0.9896 1.1069 1.1727 1.1363 1.1122 1.0652 1.1550 0.9275 0.9343 1.0000 0.8341 0.8006
0.6788 0.7352 0.8373 0.8883 0.9775 1.1739 1.0776 1.0522 1.0729 1.0865 1.1000 1.1236 1.0039 0.8739 0.9071 0.8272
0.6618 0.7941 0.9119 0.9945 0.9678 1.0374 1.1072 1.0394 1.0916 1.0076 1.0150 1.0562 0.9971 0.9683 0.9318 0.8758
0.8690 0.7853 0.8610 0.8814 1.0333 1.1626 0.9890 1.1761 1.1430 1.1869 1.0596 1.0250 1.0946 0.9302 0.8963 0.9071
0.6969 0.7580 0.7839 0.8025 1.0021 1.0088 1.1229 0.9914 0.9983 1.1097 1.0975 1.0636 1.0353 1.0371 0.8744 0.9045
0.6769 1.0000 0.8992 0.9086 0.9670 1.1235 1.1303 1.0729 1.0832 1.1812 1.0801 0.9052 0.9881 0.9089 0.8647 0.8889
0.8344 0.7982 0.9021 0.8429 1.0332 1.1457 1.0107 1.0773 1.0731 1.1889 1.0492 1.1203 1.0000 0.9864 0.9643 0.9193
0.8526 0.8754 0.8867 0.9726 0.9405 1.0959 1.0744 1.0483 1.0507 0.9850 1.0569 1.1153 1.0018 0.9742 0.9971 0.9586
0.6359 0.7768 0.9084 0.9817 1.0000 1.0604 1.0555 1.0596 1.0476 1.1088 1.0257 1.0562 0.9878 0.9087 1.0000 0.7998
0.8512 0.7795 0.9448 0.9469 1.0675 1.1589 1.1707 0.9710 1.0793 1.1372 1.1540 1.0123 1.0249 0.9245 0.9050 0.8354
0.7566 0.7736 0.8565 0.9331 1.2096 1.0000 1.0925 1.1801 1.1090 1.0713 1.2513 0.9464 0.9481 0.9379 0.9648 0.9607
0.8261 0.9156 0.8788 0.9692 1.0897 1.1107 1.1833 1.1838 1.2006 1.1957 1.1031 0.9793 0.9468 0.9017 0.7710 0.7457
