1.3455 1.1936 1.0579 1.0913 0.9920 0.9482 1.0741 0.8919 1.0995 1.1308 0.8655 0.8388 0.9481 0.8318 0.7920 0.9020
1.0000 1.0658 1.2752 1.2923 1.1123 0.9998 1.0664 0.9813 0.9000 0.9313 0.8798 0.8749 0.8790 0.9215 0.8245 1.0000
1.0436 0.8995 0.9092 1.2170 0.8735 0.9686 1.0000 0.9524 0.9822 1.0256 0.9570 0.9519 1.0408 1.1566 1.0786 1.2320
1.3098 1.1944 1.1688 1.1427 1.0149 1.0793 1.1104 0.8975 0.9732 0.8897 0.8989 0.9315 0.8078 0.9247 0.7885 0.9587
1.2898 0.9885 0.9191 1.0065 0.9363 0.9987 0.9817 0.9058 0.9708 1.0472 0.9591 1.1003 0.8965 1.0993 1.0597 1.3067
1.1831 1.0842 1.0069 1.1158 0.9755 1.0702 1.0653 0.9584 0.9101 1.0404 0.9899 0.8766 0.8940 0.8660 0.9970 0.9763
1.1978 1.1015 1.0564 0.9914 0.9476 0.9270 1.0303 0.9572 0.8908 1.0491 0.9658 0.8385 0.9706 1.0880 1.0000 1.0506
1.3906 1.1981 1.1531 1.0918 1.1024 1.0924 1.0430 0.9897 1.1062 0.9014 0.8818 0.8372 0.8250 0.7807 0.7776 0.8235
0.6743 0.7312 0.8847 0.7509 0.9326 0.9435 0.8283 1.0506 1.0316 0.9131 1.0478 1.0101 1.2298 1.0038 1.2434 1.1850
1.1291 0.9920 0.9732 1.0861 0.9991 0.9606 0.9466 1.1400 0.8704 0.8908 0.9114 0.8957 1.0241 0.9950 1.1174 1.0999
0.6730 0.7229 0.8888 0.8093 0.9531 0.9753 0.9025 1.0226 0.9673 0.9690 1.0765 0.9155 1.2522 1.1192 0.9688 1.2700
1.2785 1.1288 1.1597 1.1894 1.0638 1.1041 1.1257 0.9757 0.9979 0.8739 0.8451 0.9013 0.8621 0.8160 0.8513 0.8214
1.0520 0.8931 0.8563 0.9415 0.8973 0.8951 0.7882 1.0135 0.9266 1.1025 1.0917 0.9666 1.1091 1.2053 1.1550 1.5508
1.1982 1.0892 1.0564 0.9807 0.8629 0.9890 1.0312 1.0356 0.9447 0.8899 0.9461 0.8893 0.9973 0.8876 1.0372 1.1242
1.2163 1.1825 0.9558 0.9245 1.0570 1.0560 0.9778 1.0667 0.9961 0.9170 0.9332 0.9669 0.9412 0.7776 0.7688 0.9188
1.0033 0.9669 1.0692 0.8950 0.9987 1.0456 0.9656 0.9766 1.0000 0.9175 0.9314 1.0678 1.0000 1.0090 1.0268 1.1777
0.9426 0.9427 0.9388 1.0000 0.9722 0.9233 1.0355 1.0886 1.0061 0.9950 1.0321 0.9871 1.0368 1.1032 1.2664 1.2624
1.4591 1.3553 1.0486 1.2356 0.9791 1.0005 1.1119 0.9799 0.9088 1.0000 1.0000 0.8871 1.0000 0.8471 0.9146 0.9170
1.4586 1.0226 1.2420 0.9197 0.7848 1.1011 1.0105 0.9743 1.0780 1.0152 0.9108 1.0025 0.8795 0.8877 0.9665 1.1580
1.1772 1.1084 1.1605 1.2053 0.9913 1.0454 0.9620 0.9417 1.0044 1.0350 0.9032 0.7937 0.7899 0.7492 0.5284 0.5111
1.2433 0.9431 1.0000 0.9166 1.0866 1.0610 0.8962 1.0146 0.9772 1.0076 0.9360 1.1142 0.9005 1.0936 0.9981 1.0492
0.6442 0.7390 0.9856 0.9956 1.0927 1.0026 0.9883 0.9578 0.9453 1.0912 0.9615 0.9803 1.0516 0.9667 0.9913 1.2066
1.0217 0.8631 0.9000 0.9465 0.8453 0.9203 0.8630 0.9075 1.0000 1.1061 0.9541 0.9521 1.1721 1.2705 1.3335 1.6030
1.0415 1.0559 0.8763 1.0229 0.8924 0.9677 0.9650 1.0119 1.1147 0.9302 1.0086 1.0341 0.9310 1.0322 0.5458 1.0640
1.2437 1.0411 0.9775 1.0236 1.0441 1.0112 1.0824 0.9958 1.0034 0.8942 1.0491 0.9167 1.0270 0.9273 0.9253 1.0361
