0.7491 0.8109 0.8913 0.9130 1.0377 1.0765 1.0423 1.1742 1.1312 1.1518 1.0131 0.9787 1.0479 1.0202 0.8602 0.8688
0.8642 0.8728 0.9690 1.0398 1.1062 1.2384 1.2027 0.9494 1.0057 0.9254 1.0997 0.9961 0.9245 0.8417 0.9978 0.7746
0.6620 0.7197 0.9265 0.9304 0.9519 1.0671 1.1244 1.0714 1.0726 1.2042 1.0094 0.9731 0.9039 0.9255 0.9163 0.7361
0.6716 0.7496 0.8664 0.9767 0.9562 1.0867 1.0876 1.0139 0.9755 1.1588 1.1352 0.9755 1.0336 0.9014 0.9488 0.7709
0.7562 0.7914 0.8213 0.9063 1.0000 1.0340 1.0854 1.0394 1.1579 1.2085 1.0284 1.0396 0.9605 1.0465 0.9645 0.8491
0.8493 0.8723 0.8672 0.9560 1.1513 1.0862 1.1868 1.0917 1.1621 1.0882 1.0423 1.0244 0.9901 0.9165 0.8602 0.8571
0.7489 0.8305 0.8698 0.9346 1.0394 1.0493 1.1567 1.1436 1.0876 1.0646 1.0819 1.0342 0.9702 0.9148 0.8442 0.9839
0.9059 0.8106 0.8740 0.9492 1.0000 1.0853 1.1926 1.1160 1.0913 1.0324 1.1381 1.0774 1.0325 0.9275 0.8545 0.9191
0.8231 0.8833 0.8805 0.8923 1.0417 1.0219 1.1350 1.0474 1.0614 1.0971 1.0224 1.0851 0.9758 1.0270 0.9012 0.8457
0.7034 0.7757 0.8727 1.0047 1.0085 1.0325 1.0632 1.1195 0.9749 1.0080 1.1780 0.9395 0.9181 0.9620 1.0030 1.0090
0.7231 0.6673 0.7547 0.8100 0.9556 1.0489 1.1436 1.0327 1.0036 1.0430 1.0111 0.9533 1.0309 0.9822 0.8698 0.9782
0.7460 0.8588 0.9247 0.9806 1.1495 1.1424 1.1200 0.8693 1.0304 1.2266 1.0868 0.9748 0.9535 1.0000 1.0000 0.7106
0.9611 0.9086 0.9233 1.0132 1.1370 1.1022 1.1592 1.0154 1.1072 1.0200 1.0705 1.0212 1.0057 0.8356 0.8306 0.9736
0.9311 0.9195 0.9744 1.0132 1.0002 1.1063 1.1491 1.1142 1.0795 1.0226 1.1551 0.9283 0.9603 1.0000 0.8269 0.8183
0.6726 0.7598 0.8872 0.9018 1.0202 1.1944 1.0933 1.0439 1.0394 1.0418 1.1088 1.1269 1.0078 0.8418 0.8851 0.8092
0.7234 0.8250 0.9363 1.0019 0.9800 1.0340 1.0847 1.0520 1.0668 1.0012 0.9996 1.0639 0.9956 0.9697 0.9363 0.8789
0.8956 0.7748 0.8640 0.8835 1.0389 1.1788 0.9723 1.1634 1.1291 1.1758 1.0291 1.0325 1.1127 0.9320 0.9020 0.9157
0.7089 0.7952 0.7992 0.8279 1.0133 0.9943 1.1136 0.9847 0.9935 1.1004 1.0649 1.0599 1.0191 1.0513 0.9061 0.9268
0.6985 1.0000 0.9207 0.9234 0.9767 1.1399 1.1451 1.0506 1.0585 1.1525 1.0649 0.9018 0.9873 0.8954 0.8868 0.8945
0.8480 0.8306 0.9367 0.8533 1.0628 1.1719 1.0062 1.0632 1.0446 1.1500 1.0277 1.1266 1.0000 0.9652 0.9576 0.9166
0.8861 0.9039 0.8918 0.9652 0.9378 1.1068 1.0580 1.0198 1.0248 0.9614 1.0487 1.1172 1.0014 1.0034 1.0291 0.9537
0.6166 0.7682 0.9132 0.9830 1.0000 1.0637 1.0444 1.0498 1.0301 1.0985 1.0200 1.0633 0.9826 0.9229 1.0000 0.8269
0.8355 0.7837 0.9789 0.9475 1.0572 1.1622 1.1578 0.9302 1.0641 1.1241 1.1535 1.0497 1.0405 0.9354 0.8923 0.8447
0.7865 0.7969 0.8780 0.9427 1.2288 1.0000 1.0613 1.1822 1.0761 1.0372 1.2143 0.9496 0.9390 0.9391 0.9764 0.9865
0.8435 0.9323 0.8977 0.9858 1.1034 1.1268 1.1914 1.1766 1.1602 1.1418 1.0767 0.9712 0.9597 0.8920 0.7791 0.7661
