0.7170 0.7876 0.8526 0.8862 1.0361 1.0941 1.0519 1.1817 1.1599 1.1895 1.0414 1.0262 1.0299 1.0074 0.8551 0.8438
0.8394 0.8571 0.9321 1.0290 1.0886 1.2448 1.2109 0.9845 1.0501 0.9632 1.1246 1.0121 0.9174 0.8607 0.9732 0.7443
0.6574 0.6979 0.9021 0.9149 0.9405 1.0690 1.1509 1.1017 1.0868 1.2365 1.0286 0.9626 0.9065 0.8990 0.8789 0.7126
0.6675 0.7402 0.8447 0.9402 0.9700 1.0866 1.1089 1.0447 1.0287 1.2075 1.1344 0.9588 1.0199 0.8752 0.8946 0.7596
0.7128 0.8030 0.7909 0.9055 1.0000 1.0492 1.1093 1.0488 1.1822 1.2185 1.0211 1.0074 0.9796 1.0242 0.9292 0.8477
0.8276 0.8437 0.8748 0.9421 1.1070 1.0612 1.1697 1.1529 1.1593 1.1207 1.0601 1.0423 0.9690 0.9335 0.8723 0.8529
0.7921 0.7970 0.8491 0.9491 1.0112 1.0523 1.1695 1.1716 1.1117 1.0982 1.1089 1.0470 0.9719 0.9189 0.8191 0.9247
0.8787 0.7936 0.8544 0.9302 1.0000 1.0984 1.2230 1.1393 1.0734 1.0879 1.1642 1.0888 1.0132 0.9176 0.8385 0.8970
0.8145 0.8689 0.8360 0.8706 1.0164 1.0153 1.1304 1.0425 1.1034 1.1200 1.0486 1.1199 0.9747 1.0088 0.9014 0.8304
0.6966 0.7518 0.8564 0.9747 0.9759 1.0157 1.0457 1.1091 1.0132 1.0428 1.1887 0.9855 0.9317 0.9896 0.9848 0.9645
0.7218 0.6532 0.7332 0.8127 0.9516 1.0448 1.1220 1.0649 1.0432 1.0661 1.0368 0.9523 0.9935 0.9590 0.8531 0.9651
0.7544 0.8185 0.9129 0.9632 1.1465 1.1312 1.1374 0.9019 1.0589 1.1925 1.0898 0.9712 0.9325 1.0000 1.0000 0.6893
0.9315 0.8857 0.9064 1.0233 1.1472 1.1389 1.1768 1.0374 1.1523 1.0650 1.0571 1.0073 0.9769 0.8553 0.8152 0.9020
0.8981 0.8825 0.9540 1.0073 1.0012 1.0998 1.1904 1.1357 1.1275 1.0619 1.1628 0.9330 0.9264 1.0000 0.8250 0.7891
0.7076 0.7357 0.8560 0.9032 1.0120 1.1715 1.0887 1.0620 1.0729 1.0505 1.1011 1.1046 0.9644 0.8751 0.8812 0.8250
0.6601 0.7803 0.8914 0.9564 0.9911 1.0722 1.0879 1.0646 1.0927 1.0175 1.0260 1.0744 0.9961 0.9795 0.9018 0.8458
0.8471 0.7897 0.8852 0.9082 1.0249 1.1637 1.0144 1.1812 1.1673 1.1729 1.0738 1.0424 1.0801 0.9190 0.8675 0.8625
0.7131 0.7576 0.7879 0.8064 0.9932 1.0050 1.1267 1.0131 1.0208 1.1081 1.0595 1.0432 0.9877 1.0138 0.8658 0.8891
0.6917 1.0000 0.8697 0.9213 0.9792 1.1334 1.1473 1.1000 1.0808 1.1567 1.1104 0.9250 0.9637 0.8943 0.8652 0.8533
0.8333 0.8258 0.9075 0.8488 1.0599 1.1459 1.0193 1.0511 1.0758 1.1706 1.0531 1.1477 1.0000 0.9866 0.9318 0.9337
0.8473 0.8695 0.8722 0.9894 0.9870 1.1067 1.0815 1.0596 1.0537 0.9861 1.0671 1.1312 1.0083 0.9943 0.9864 0.8988
0.6130 0.7554 0.9006 0.9703 1.0000 1.0693 1.0693 1.0599 1.0623 1.1028 1.0240 1.0317 0.9914 0.9137 1.0000 0.7974
0.8827 0.8008 0.9276 0.9464 1.0693 1.1530 1.2039 0.9921 1.0862 1.1373 1.1616 1.0096 1.0316 0.9407 0.8667 0.8181
0.7419 0.7937 0.8718 0.9355 1.2175 1.0000 1.1030 1.2111 1.1181 1.0756 1.2379 0.9693 0.9393 0.9266 0.9437 0.9318
0.8260 0.9192 0.8851 0.9489 1.0977 1.1235 1.1679 1.1678 1.1936 1.1711 1.1034 0.9792 0.9624 0.9055 0.7657 0.7687
