0.8576 0.9388 0.9412 0.9455 1.0276 1.1093 1.0451 1.1819 1.1420 1.1497 0.9995 0.8787 1.0679 1.0200 0.8269 0.8762
0.9333 0.9329 1.0801 1.1033 1.1846 1.2573 1.2440 0.8685 0.9177 0.8649 1.0878 0.9643 0.9230 0.8070 0.9524 0.7331
0.6938 0.8098 0.9439 0.9944 1.0279 1.1679 1.1006 1.0957 1.0628 1.2261 0.9771 0.9141 0.9059 0.8980 0.9051 0.6507
0.7060 0.8060 0.9038 1.0066 1.0050 1.1031 1.1379 1.0331 0.9751 1.1284 1.1583 0.9510 1.0005 0.8836 0.8724 0.6761
0.8012 0.8905 0.9251 0.9313 1.0000 1.0968 1.1665 1.0819 1.1210 1.2060 0.9941 0.9748 0.9373 1.0300 0.9086 0.8516
0.8791 0.9452 0.9523 1.0177 1.1624 1.1399 1.1566 0.9874 1.2241 1.1031 1.0519 0.9529 0.9483 0.8894 0.8009 0.7860
0.7646 0.9092 0.9473 0.9587 1.0642 1.0420 1.1606 1.1267 1.1251 1.0534 1.0857 1.0378 0.9419 0.8412 0.8047 0.9003
0.9702 0.8517 0.9244 0.9854 1.0000 1.1131 1.1890 1.0556 1.1103 1.0857 1.1179 1.0484 1.0390 0.9042 0.7719 0.8295
0.8336 0.9442 0.8874 0.9567 1.0559 1.0128 1.1824 1.0215 1.1545 1.1301 1.0486 1.0118 0.9469 1.0174 0.8344 0.7455
0.7397 0.8144 0.9383 1.0622 1.0576 1.1071 1.0714 1.1674 0.9410 1.0333 1.1369 0.8500 0.8449 0.9791 0.9690 0.9473
0.8170 0.7397 0.8681 0.8688 1.0654 1.1301 1.2159 1.0694 1.0392 1.1181 1.0270 1.0112 1.0391 0.9527 0.8480 0.8641
0.7795 0.8749 0.8996 1.0348 1.1432 1.1337 1.1545 0.9113 1.0022 1.2050 1.0173 0.9450 0.9008 1.0000 1.0000 0.5897
0.9470 0.9051 0.9479 1.0126 1.1720 1.0607 1.1119 0.9058 1.1121 1.0174 1.0391 0.9432 1.0040 0.7810 0.7344 0.9078
0.9225 0.9872 0.9889 0.9953 0.9810 1.1624 1.1599 1.0481 1.0573 0.9981 1.0931 0.9028 0.9107 1.0000 0.7911 0.7339
0.6921 0.8013 0.8730 0.9074 1.0375 1.2256 1.0833 1.0586 1.0298 1.0644 1.1355 1.1337 1.0122 0.8343 0.8707 0.7846
0.7685 0.9101 0.9600 1.0906 1.0282 1.0407 1.1061 1.0211 1.0877 0.9739 1.0119 1.0397 0.9634 0.9005 0.8630 0.7909
0.9289 0.7503 0.8771 0.8539 1.1399 1.2688 0.9982 1.1943 1.0665 1.1525 1.0046 1.0045 1.1297 0.8887 0.8276 0.8826
0.7118 0.9183 0.8396 0.8292 1.0651 0.9969 1.1761 1.1065 1.0369 1.1483 1.1103 1.0102 0.9746 0.9628 0.9054 0.8753
0.7472 1.0000 0.9447 0.9159 0.9711 1.1669 1.1632 1.0377 1.0559 1.1626 1.1111 0.8972 0.9647 0.8908 0.8756 0.8478
0.9009 0.8892 1.0132 0.9084 1.0846 1.2373 0.9723 1.1020 1.0857 1.1644 0.9557 1.0952 1.0000 0.9005 0.8971 0.7924
0.9434 0.9677 0.9389 0.9883 0.9232 1.1274 1.0857 1.0678 1.0424 0.9631 1.0458 1.1305 0.9846 0.9692 0.9456 0.8038
0.6616 0.8254 0.9516 1.0113 1.0000 1.0170 1.0489 1.0511 1.0231 1.0697 0.9613 1.0399 0.9632 0.8610 1.0000 0.7386
0.8153 0.8082 1.0293 1.0422 1.0587 1.1783 1.1664 0.9189 1.1116 1.1679 1.1537 1.0269 1.0549 0.8875 0.8186 0.7901
0.8516 0.8325 0.8943 0.9904 1.2602 1.0000 1.1081 1.1995 1.0933 1.0181 1.1749 0.9155 0.9243 0.8600 0.9612 0.9249
0.8349 1.0025 0.8582 1.0084 1.1172 1.0981 1.1924 1.1780 1.1271 1.1584 1.0522 0.9423 0.9345 0.8285 0.6996 0.6695
