1.2647 1.1625 1.1091 1.1665 1.0705 1.0187 1.0714 0.9064 1.1240 1.1000 0.9223 0.8294 0.9396 0.7483 0.7872 0.7513
1.0000 1.0317 1.0330 1.2241 1.1494 0.9680 0.9801 0.9937 0.9040 1.0180 0.9664 0.9355 0.9373 1.0370 0.8309 1.0000
1.1936 1.1030 0.9291 1.5289 1.0176 1.0548 1.0000 0.8981 1.0223 1.0650 1.0345 0.8860 1.0104 0.9449 0.8995 0.9145
1.1605 0.9972 1.0355 1.1553 1.0143 1.0688 1.1255 0.9692 1.0701 0.9922 0.9596 0.9309 0.9006 0.8685 0.8621 0.9638
1.5087 1.1217 1.0434 1.0445 0.9294 0.9322 0.9657 0.9505 0.7940 0.8923 1.1000 1.1636 0.9336 1.0015 1.0600 1.2796
1.0270 1.0915 0.9252 0.9861 0.9425 1.0270 1.1390 0.9911 0.8049 1.1265 0.8880 1.0203 0.9758 0.9399 0.9526 1.1364
1.2969 1.1482 1.1383 1.0493 1.0112 0.9123 0.9518 0.8609 0.8725 1.0293 0.9874 0.8801 0.9606 1.0556 1.0000 1.0348
1.0942 1.2030 0.9453 1.0468 1.0346 1.1017 1.0809 1.0560 1.1548 0.9335 0.9467 0.9370 0.8766 0.7893 0.8454 0.9531
0.7466 0.7550 0.9691 0.8182 0.8774 0.9698 0.8279 1.0716 1.0643 0.9409 1.1107 1.0664 1.2229 0.8347 1.2834 1.0733
0.9001 0.8401 0.8264 1.0309 1.0001 1.0078 1.0053 0.9393 0.9029 1.0375 0.9400 1.0298 1.1268 1.0493 1.1684 1.3501
0.6072 0.7615 0.8743 0.8402 0.8912 0.9900 0.9899 1.1204 1.0870 1.0267 0.9122 1.0179 1.0440 1.1524 0.9884 1.0762
1.1592 0.9923 1.0677 1.1134 1.0358 1.0606 1.1557 0.9897 1.0567 0.9495 0.8953 0.9516 0.9185 0.9127 0.9575 0.7954
0.9848 1.0317 1.0462 1.1257 1.0252 0.8936 0.8299 1.2219 0.9049 1.0110 1.0598 0.8460 0.9061 1.0736 0.9734 1.1775
0.9910 0.9241 0.9876 0.7805 0.9044 0.9125 0.8962 1.0894 0.9860 1.0039 1.0307 1.0090 1.1076 1.0473 1.1680 1.1409
1.3306 1.1638 1.0330 1.0150 1.0895 1.1209 1.0635 1.0932 0.9924 0.7726 0.9171 0.9368 0.9190 0.6844 0.6770 0.6732
0.8747 0.9599 1.0582 0.8956 0.8814 1.0320 1.0400 1.0120 1.0000 0.9466 1.0267 0.9109 1.0000 1.0964 1.1647 1.3136
1.0269 0.9235 1.0080 1.0000 0.9384 0.9849 1.0780 0.8728 1.0128 1.0779 1.0648 1.0160 1.0200 0.9674 1.0920 1.1646
1.2793 1.2273 0.9052 1.2099 0.9209 1.0191 1.1543 0.9108 0.8749 1.0000 1.0000 1.0094 1.0000 0.8915 0.9891 0.9976
1.4109 1.0423 1.3418 1.0258 0.8562 1.1471 1.0561 1.0258 1.1147 0.9286 0.8978 0.9866 0.8689 0.8352 0.8201 1.0043
1.0602 1.0602 1.1379 1.1619 1.0181 1.0506 0.9655 0.9796 1.0361 1.1813 0.9529 0.8449 0.7773 0.7663 0.5706 0.5265
1.3863 0.9953 1.0000 0.9907 1.1279 1.1080 0.9923 1.0213 1.0242 0.7951 0.9754 1.1222 0.9084 1.0515 1.0009 0.8606
0.5653 0.6303 0.9621 0.8963 0.9269 1.0008 1.0339 1.0323 0.9936 1.0203 1.0046 1.1395 1.1195 0.9469 0.9408 1.2998
1.0893 0.9024 0.9638 0.8523 0.9087 0.9324 0.9554 1.0368 1.0000 1.2013 0.9889 0.9482 1.0591 1.1497 1.0490 0.9465
0.9606 0.9080 0.7641 0.9552 0.8335 0.9633 0.8932 0.8851 1.1355 1.0096 1.1088 1.1273 1.1076 1.0805 0.5458 1.2057
1.5939 1.3318 1.1738 1.2687 1.2110 1.1569 1.1978 1.0090 0.9682 0.8266 0.9258 0.7739 0.8896 0.7443 0.6955 0.8459
