1.3276 1.1980 1.0824 1.1209 1.0157 0.9852 1.0885 0.8998 1.1105 1.1220 0.8450 0.8283 0.9171 0.7898 0.8091 0.8605
1.0000 1.0865 1.2086 1.2453 1.1675 1.0124 1.0648 0.9977 0.8928 0.9386 0.9056 0.8837 0.8750 0.9237 0.8088 1.0000
1.1272 0.9707 0.9215 1.3373 0.8981 0.9972 1.0000 0.9250 0.9877 1.0418 0.9627 0.9187 1.0441 1.0218 1.0638 1.1259
1.2811 1.1326 1.1224 1.1334 0.9909 1.0731 1.0891 0.9240 0.9886 0.9184 0.9097 0.9343 0.8504 0.9310 0.8370 0.9727
1.4092 1.0445 0.9717 1.0516 0.9346 0.9387 1.0013 0.9201 0.8724 0.9247 0.9721 1.1080 0.9208 1.1007 1.1047 1.3375
1.1174 1.1098 0.9663 1.0614 0.9660 1.0501 1.0654 0.9915 0.8765 1.0818 0.9410 0.9196 0.9221 0.9019 1.0098 1.0266
1.2112 1.1246 1.0668 0.9928 0.9725 0.9494 1.0232 0.9457 0.8658 1.0633 1.0009 0.8283 0.9494 1.0331 1.0000 1.0521
1.2756 1.2243 1.0707 1.0950 1.0949 1.0840 1.0797 1.0200 1.1068 0.8922 0.9328 0.8325 0.8186 0.7896 0.8000 0.8797
0.6942 0.7321 0.9285 0.7756 0.9299 0.9698 0.8703 1.0710 1.0371 0.9160 1.0826 1.0080 1.1873 0.9435 1.2384 1.1705
1.0718 0.9451 0.9047 1.1109 0.9966 0.9645 0.9777 1.0953 0.8877 0.9324 0.8974 0.9276 1.0499 1.0058 1.1163 1.1838
0.6362 0.7366 0.8625 0.8169 0.9205 0.9928 0.9446 1.0608 1.0003 1.0089 1.0330 0.9359 1.1723 1.1315 0.9891 1.1770
1.2372 1.1431 1.1303 1.1880 1.0570 1.0585 1.1394 0.9679 0.9893 0.9032 0.8526 0.9049 0.9034 0.8218 0.8948 0.8098
0.9813 0.8885 0.8705 0.9648 0.9341 0.8592 0.7867 1.1593 0.9260 1.0326 1.1269 0.9368 1.0954 1.1801 1.1136 1.4601
1.0975 1.0292 1.0728 0.8893 0.8716 0.9626 0.9697 1.0602 0.9900 0.9481 0.9875 0.9289 1.0366 0.9382 1.0759 1.0948
1.2688 1.1496 0.9709 0.9776 1.0712 1.0626 0.9998 1.1017 1.0019 0.8523 0.9444 0.9583 0.9332 0.7740 0.7462 0.8275
0.9757 0.9359 1.0553 0.9085 0.9511 1.0287 0.9984 0.9931 1.0000 0.9128 0.9455 1.0176 1.0000 1.0490 1.0730 1.2768
0.9621 0.9492 0.9810 1.0000 0.9899 0.9491 1.0416 0.9832 0.9757 1.0163 1.0416 0.9997 1.0378 1.0543 1.2211 1.3293
1.4064 1.3369 1.0025 1.2652 0.9629 0.9868 1.1399 0.9352 0.8787 1.0000 1.0000 0.9360 1.0000 0.8349 0.9367 0.9592
1.4706 1.0200 1.2074 0.9491 0.8273 1.1324 1.0093 0.9920 1.0960 0.9990 0.9484 0.9978 0.8857 0.8618 0.9347 1.1032
1.1410 1.1167 1.1831 1.1988 0.9915 1.0097 0.9411 0.9343 1.0025 1.0639 0.9341 0.8255 0.8062 0.7599 0.5520 0.5144
1.3601 1.0005 1.0000 0.9659 1.1785 1.1051 0.9428 1.0098 0.9903 0.9110 0.9426 1.0637 0.8784 1.0407 0.9989 0.9820
0.6285 0.7101 0.9861 0.9817 1.0225 1.0301 1.0064 0.9896 0.9536 1.0597 0.9679 1.0440 1.0656 0.9183 0.9774 1.2468
1.0535 0.8746 0.9180 0.9355 0.8535 0.9102 0.8798 0.9591 1.0000 1.1537 0.9545 0.9255 1.1290 1.2461 1.2801 1.3457
1.0016 1.0518 0.8552 1.0254 0.8656 0.9884 0.9241 0.9482 1.1248 0.9063 1.0433 1.0531 0.9971 1.0575 0.5458 1.1096
1.3688 1.1480 1.0216 1.0802 1.0783 1.0535 1.1337 1.0073 1.0058 0.8614 1.0160 0.8703 0.9865 0.8978 0.8654 0.9326
