1.2671 1.1680 1.1730 1.1860 1.1180 1.0329 1.1331 0.8879 1.0938 1.0796 0.9000 0.8244 0.9187 0.7351 0.7551 0.6942
1.0000 0.9692 0.9662 1.1337 1.1361 0.9789 0.9838 0.9758 0.8971 1.0876 1.0249 0.9791 0.9820 1.0586 0.8444 1.0000
1.2779 1.1324 1.0657 1.6673 1.0613 1.0955 1.0000 0.9306 1.0463 1.0891 1.0263 0.8685 0.9256 0.9278 0.8394 0.7986
1.0720 0.9080 1.0320 1.1342 1.0147 0.9849 1.0825 0.9842 1.0594 1.0464 0.9552 0.9301 0.9427 0.8892 0.9415 1.0213
1.5764 1.1808 1.1395 1.0878 0.9762 0.9900 1.0227 0.9927 0.7994 0.8752 1.0803 1.0600 0.8741 0.9439 0.9507 1.1540
0.9555 1.0611 0.8402 0.9506 0.8700 1.0618 1.1100 1.0169 0.8362 1.1887 0.8829 1.0777 0.9908 0.9938 0.9798 1.1333
1.3991 1.1603 1.1741 1.0920 1.0692 0.9097 0.9790 0.8565 0.8736 0.9900 0.9589 0.8573 0.9328 1.0576 1.0000 0.9635
1.0412 1.1979 0.8561 1.0461 1.0173 1.0867 1.1090 1.1056 1.1533 0.9530 1.0013 0.9658 0.8578 0.7677 0.8530 0.9865
0.8006 0.7503 1.0167 0.8884 0.8679 0.9859 0.8838 1.1285 1.1138 0.9692 1.1468 1.0296 1.1475 0.7692 1.2246 0.9572
0.8598 0.7804 0.7728 0.9707 0.9481 0.9635 0.9864 0.9399 0.9087 1.0707 0.9569 1.0350 1.1962 1.1009 1.1950 1.5368
0.5953 0.8249 0.9173 0.8956 0.8907 1.0397 1.0257 1.1325 1.0894 0.9994 0.8454 0.9875 1.0380 1.1138 0.9616 1.0781
1.0608 0.9720 1.0104 1.0645 1.0065 1.0911 1.1303 0.9580 1.0625 0.9447 0.9596 1.0089 0.9816 0.9406 0.9785 0.8097
1.0474 1.1276 1.0941 1.1952 1.1090 0.9449 0.8570 1.2579 0.8643 1.0212 1.0705 0.7781 0.8124 0.9524 0.8584 1.0511
0.9483 0.8722 0.9553 0.7662 0.8951 0.9004 0.8631 1.1307 0.9961 1.0811 1.0673 1.0510 1.1130 1.0255 1.1623 1.1329
1.4122 1.1430 1.0156 1.0784 1.0914 1.1113 1.0989 1.1000 0.9989 0.7669 0.9526 0.9206 0.8495 0.6518 0.6488 0.6850
0.8032 0.8998 1.0143 0.8865 0.8723 1.0038 1.0646 1.0183 1.0000 0.9396 1.0680 0.9692 1.0000 1.1662 1.2089 1.3841
1.0775 0.9204 1.0541 1.0000 0.9362 1.0162 1.0681 0.8645 1.0042 1.0840 1.0696 0.9957 0.9860 0.9137 0.9808 1.0645
1.1553 1.1657 0.8332 1.2009 0.8823 0.9828 1.1306 0.8993 0.8857 1.0000 1.0000 1.0479 1.0000 0.9269 1.0699 1.0778
1.3729 1.0393 1.4491 1.1000 0.9035 1.1782 1.0760 1.0527 1.1183 0.8925 0.9176 0.9458 0.8414 0.7836 0.7647 0.9085
1.0044 1.0205 1.1171 1.0828 0.9559 1.0353 0.9638 0.9912 1.0808 1.1828 0.9901 0.9288 0.9001 0.8336 0.5992 0.5677
1.4542 1.1257 1.0000 1.0871 1.2199 1.1563 1.0320 1.0602 0.9959 0.7928 0.9274 1.0359 0.9184 0.9924 0.9086 0.8166
0.5650 0.5786 0.8959 0.8720 0.8405 0.9631 1.0237 1.0710 1.0422 0.9626 1.0754 1.2096 1.1566 0.9417 0.9744 1.3363
1.0851 0.9141 1.0087 0.8306 0.9450 0.9764 0.9871 1.0795 1.0000 1.2680 0.9965 0.9824 0.9930 1.0269 0.9086 0.8437
0.9200 0.8537 0.7635 0.9187 0.8307 0.9924 0.8372 0.9029 1.1584 1.0489 1.0894 1.1436 1.1596 1.0591 0.5458 1.2596
1.5469 1.3974 1.1831 1.2556 1.1584 1.1543 1.1722 1.0103 0.9328 0.8305 1.0084 0.8743 0.8793 0.8383 0.7621 0.8637
