1.2908 1.1723 1.2073 1.2772 1.1328 1.0464 1.1463 0.9114 1.0580 1.0880 0.9318 0.8243 0.8855 0.7086 0.6830 0.6525
1.0000 0.8731 0.8996 1.0430 1.0641 0.9479 0.9665 0.9644 0.9012 1.0963 1.0775 1.0017 1.0257 1.1632 0.9436 1.0000
1.3586 1.2386 1.2490 1.9589 1.1049 1.1547 1.0000 0.8798 1.0056 0.9921 0.9243 0.8217 0.8690 0.9785 0.7595 0.8261
0.9955 0.7728 0.9303 1.0386 0.9360 0.9482 1.0285 0.9768 1.0822 1.0855 1.0023 0.9858 1.0332 0.9229 1.0427 1.2166
1.5972 1.1314 1.0974 1.0630 1.0447 1.0368 1.1137 1.1273 0.8383 0.9795 0.9612 1.0080 0.9508 0.9581 0.9934 1.1018
0.8222 0.9663 0.7383 0.9077 0.8836 1.0210 1.1531 1.0266 0.8541 1.1942 0.9174 1.1304 1.0176 1.0300 1.0408 1.2524
1.5194 1.2174 1.1642 1.1377 1.1514 0.9421 0.9884 0.8351 0.8721 0.9507 0.8937 0.8621 0.9015 1.0443 1.0000 0.8785
0.9543 1.0529 0.8345 0.9815 0.8973 1.0454 1.1153 1.1414 1.1704 1.0060 0.9603 1.0619 0.9270 0.8522 0.9454 1.0856
0.8247 0.8403 1.0793 0.9491 0.8894 1.0393 0.8766 1.1231 1.1090 0.9643 1.0638 0.9756 1.0947 0.7956 1.1263 1.0941
0.8440 0.7783 0.9105 0.9054 0.9170 0.9673 0.9532 0.9597 0.9014 1.0954 0.9440 1.0852 1.1967 1.1129 1.2037 1.6757
0.6234 0.9378 0.9840 0.9226 0.9353 1.0762 1.0594 1.2237 1.1155 1.0116 0.8562 0.9588 0.9434 1.0277 0.8392 1.1305
0.9442 0.8664 0.9639 0.9683 0.9151 1.0218 1.1036 0.9633 0.9950 1.0222 1.0145 1.0756 1.0372 1.1158 1.1521 0.8520
1.1118 1.1555 1.1186 1.2563 1.0989 1.0430 1.0172 1.3636 0.8331 1.1125 1.0553 0.7370 0.7336 0.7564 0.7351 0.8934
0.9421 0.8138 0.9449 0.7616 0.8367 0.8375 0.8284 1.0630 0.9924 1.0487 1.0949 1.0532 1.1475 1.1556 1.2934 1.1891
1.5353 1.2648 1.0616 1.1534 1.1555 1.0882 1.1531 1.0805 0.9540 0.6904 0.9038 0.8607 0.7404 0.6179 0.6125 0.6411
0.7572 0.8791 0.9045 0.8650 0.8722 0.9417 1.0465 1.0189 1.0000 0.9526 1.1026 1.0013 1.0000 1.2481 1.3097 1.4306
1.1409 0.9283 1.1560 1.0000 0.9621 1.0417 1.0450 0.9116 0.9854 1.0601 0.9877 0.9381 0.8960 0.9256 0.9806 0.9957
0.9441 0.9950 0.7739 1.1047 0.8469 0.9172 1.1428 0.9374 0.9309 1.0000 1.0000 1.1664 1.0000 0.9946 1.0979 1.1765
1.3912 1.1142 1.5752 1.2006 0.9876 1.1901 1.0690 1.0548 1.0719 0.8797 0.9067 0.8843 0.7986 0.7413 0.7547 0.8071
0.9041 0.9612 1.1137 1.1091 0.9946 1.0363 0.9749 1.0572 1.1156 1.2894 1.0571 0.9340 0.8667 0.8852 0.6513 0.6105
1.4067 1.0800 1.0000 1.0899 1.1927 1.1506 1.0766 0.9857 0.9820 0.8266 0.9463 1.0633 0.9304 1.0058 0.9438 0.8223
0.6452 0.5716 0.8670 0.7488 0.8487 0.9828 1.0422 1.0875 1.0753 0.9788 1.0671 1.2544 1.1580 0.9183 0.9905 1.3284
1.1359 0.9694 1.0862 0.8444 1.0204 1.0360 1.0913 1.1149 1.0000 1.3283 0.9763 0.8593 0.8734 0.8232 0.6958 0.7064
0.7917 0.7564 0.7098 0.8468 0.8017 0.8989 0.8166 0.9452 1.1657 1.1090 1.1249 1.1688 1.2938 1.1397 0.5458 1.3452
1.5355 1.3579 1.1333 1.2691 1.1769 1.1891 1.2082 1.0387 0.9043 0.9295 0.9340 0.8926 0.9095 0.7485 0.8307 0.9566
