0.8385 0.8917 0.9267 0.9388 1.0084 1.1027 1.0345 1.1729 1.1535 1.1467 1.0181 0.8821 1.0813 1.0312 0.8625 0.9070
0.9487 0.9312 1.0701 1.0931 1.1691 1.2507 1.2292 0.8713 0.9249 0.8704 1.0696 0.9585 0.9304 0.8278 0.9692 0.7472
0.6873 0.8025 0.9415 0.9872 1.0057 1.1282 1.1072 1.0900 1.0686 1.2260 0.9884 0.9385 0.9195 0.9211 0.8953 0.6730
0.7048 0.7901 0.8998 0.9998 0.9979 1.0915 1.1169 1.0251 0.9819 1.1383 1.1299 0.9676 1.0158 0.9030 0.8980 0.7008
0.8068 0.9074 0.8998 0.9179 1.0000 1.1013 1.1662 1.0683 1.1062 1.2402 1.0061 0.9865 0.9507 1.0365 0.9368 0.8139
0.8838 0.9330 0.9494 0.9855 1.1459 1.1308 1.1633 0.9997 1.1941 1.1006 1.0538 0.9541 0.9644 0.9122 0.8247 0.8103
0.7688 0.8896 0.9253 0.9570 1.0379 1.0359 1.1323 1.1257 1.1203 1.0742 1.0946 1.0544 0.9439 0.8504 0.8084 0.9430
0.9749 0.8387 0.9052 0.9709 1.0000 1.1018 1.1678 1.0493 1.0973 1.0691 1.1211 1.0490 1.0425 0.9146 0.7990 0.8518
0.8360 0.9321 0.8793 0.9484 1.0417 0.9987 1.1509 1.0191 1.1414 1.1284 1.0601 1.0340 0.9599 1.0312 0.8533 0.7795
0.7488 0.8257 0.9557 1.0760 1.0408 1.0943 1.0747 1.1561 0.9511 1.0427 1.1342 0.8538 0.8545 0.9837 0.9588 0.9352
0.8180 0.7586 0.8620 0.8801 1.0380 1.1110 1.2012 1.0753 1.0513 1.1208 1.0295 1.0021 1.0401 0.9670 0.8532 0.8812
0.7950 0.8722 0.9133 1.0314 1.1337 1.1084 1.1235 0.9018 1.0024 1.2162 1.0356 0.9442 0.9251 1.0000 1.0000 0.6106
0.9464 0.8847 0.9435 0.9982 1.1653 1.0759 1.0970 0.9161 1.0967 1.0251 1.0522 0.9334 1.0113 0.7810 0.7555 0.9288
0.9274 0.9816 0.9747 0.9829 0.9752 1.1377 1.1572 1.0472 1.0657 1.0075 1.0942 0.9150 0.9137 1.0000 0.8116 0.7731
0.6922 0.8040 0.8850 0.9316 1.0370 1.2011 1.0942 1.0575 1.0495 1.0618 1.1285 1.1061 1.0174 0.8091 0.8814 0.7949
0.7884 0.9308 0.9569 1.0601 1.0143 1.0558 1.0961 1.0370 1.0612 0.9868 1.0275 1.0371 0.9522 0.9167 0.8732 0.8067
0.9281 0.7574 0.8694 0.8593 1.1328 1.2504 1.0012 1.1582 1.0622 1.1784 1.0096 1.0235 1.1243 0.8952 0.8451 0.8801
0.7184 0.8997 0.8374 0.8410 1.0655 1.0027 1.1596 1.0693 1.0382 1.1516 1.1104 1.0084 0.9888 0.9710 0.9280 0.8948
0.7482 1.0000 0.9378 0.9146 0.9769 1.1776 1.1589 1.0471 1.0345 1.1346 1.1149 0.9104 0.9500 0.8967 0.8854 0.8556
0.9032 0.8935 1.0093 0.9150 1.0974 1.2186 0.9722 1.0948 1.1038 1.1487 0.9572 1.0843 1.0000 0.9023 0.9056 0.7951
0.9382 0.9570 0.9352 0.9882 0.9265 1.1205 1.0690 1.0733 1.0432 0.9630 1.0417 1.1094 0.9867 0.9840 0.9629 0.8328
0.6525 0.8127 0.9468 0.9881 1.0000 1.0247 1.0308 1.0344 1.0221 1.0758 0.9864 1.0392 0.9801 0.8709 1.0000 0.7696
0.8153 0.8050 1.0137 1.0297 1.0676 1.1550 1.1545 0.9150 1.0919 1.1677 1.1558 1.0279 1.0695 0.8992 0.8376 0.8095
0.8575 0.8236 0.8885 0.9804 1.2519 1.0000 1.1070 1.1872 1.0857 1.0264 1.1467 0.9322 0.9407 0.8744 0.9462 0.9521
0.8503 0.9965 0.8741 1.0178 1.1182 1.0929 1.1631 1.1666 1.1462 1.1432 1.0252 0.9578 0.9249 0.8362 0.7073 0.6794
