0.8378 0.8872 0.9243 0.9380 1.0066 1.0936 1.0359 1.1696 1.1527 1.1513 1.0165 0.8799 1.0869 1.0336 0.8684 0.9126
0.9449 0.9293 1.0715 1.0913 1.1712 1.2479 1.2294 0.8754 0.9246 0.8732 1.0659 0.9568 0.9310 0.8270 0.9739 0.7521
0.6862 0.8024 0.9398 0.9866 0.9992 1.1249 1.1114 1.0905 1.0720 1.2264 0.9907 0.9391 0.9158 0.9234 0.8958 0.6789
0.7075 0.7893 0.8975 0.9973 0.9927 1.0909 1.1180 1.0285 0.9828 1.1393 1.1247 0.9684 1.0174 0.9057 0.9018 0.7052
0.8129 0.9104 0.9031 0.9189 1.0000 1.1026 1.1583 1.0748 1.1151 1.2308 1.0018 0.9798 0.9452 1.0353 0.9340 0.8148
0.8844 0.9316 0.9501 0.9854 1.1422 1.1316 1.1626 1.0060 1.1894 1.1005 1.0502 0.9545 0.9624 0.9131 0.8281 0.8141
0.7681 0.8876 0.9262 0.9583 1.0343 1.0354 1.1312 1.1222 1.1178 1.0791 1.0968 1.0557 0.9424 0.8518 0.8105 0.9461
0.9726 0.8393 0.9038 0.9731 1.0000 1.0991 1.1700 1.0511 1.0923 1.0688 1.1220 1.0483 1.0387 0.9104 0.8008 0.8528
0.8343 0.9307 0.8761 0.9466 1.0388 1.0007 1.1458 1.0228 1.1395 1.1320 1.0659 1.0359 0.9583 1.0353 0.8539 0.7876
0.7477 0.8271 0.9550 1.0801 1.0379 1.0918 1.0696 1.1475 0.9588 1.0424 1.1330 0.8567 0.8569 0.9827 0.9620 0.9419
0.8173 0.7587 0.8613 0.8814 1.0332 1.1114 1.1993 1.0727 1.0517 1.1234 1.0315 0.9982 1.0422 0.9704 0.8584 0.8757
0.7962 0.8685 0.9148 1.0308 1.1358 1.1104 1.1189 0.8959 1.0050 1.2148 1.0401 0.9448 0.9283 1.0000 1.0000 0.6206
0.9446 0.8849 0.9459 0.9952 1.1633 1.0737 1.0979 0.9164 1.0986 1.0291 1.0538 0.9348 1.0102 0.7795 0.7565 0.9310
0.9256 0.9809 0.9712 0.9833 0.9733 1.1350 1.1571 1.0478 1.0674 1.0105 1.0918 0.9164 0.9152 1.0000 0.8136 0.7721
0.6962 0.8072 0.8882 0.9314 1.0327 1.1967 1.0995 1.0561 1.0514 1.0652 1.1241 1.1023 1.0195 0.8069 0.8812 0.7973
0.7918 0.9303 0.9565 1.0565 1.0121 1.0566 1.0898 1.0393 1.0611 0.9885 1.0327 1.0362 0.9492 0.9202 0.8753 0.8082
0.9247 0.7585 0.8710 0.8607 1.1311 1.2412 1.0071 1.1492 1.0616 1.1800 1.0126 1.0269 1.1210 0.8957 0.8503 0.8817
0.7187 0.9015 0.8386 0.8463 1.0628 1.0050 1.1581 1.0606 1.0400 1.1544 1.1074 1.0079 0.9868 0.9748 0.9322 0.8937
0.7452 1.0000 0.9344 0.9126 0.9775 1.1771 1.1609 1.0497 1.0324 1.1323 1.1155 0.9106 0.9528 0.8980 0.8881 0.8621
0.9050 0.8983 1.0059 0.9136 1.0976 1.2184 0.9749 1.0943 1.1065 1.1518 0.9541 1.0781 1.0000 0.9068 0.9077 0.7966
0.9361 0.9549 0.9348 0.9883 0.9248 1.1178 1.0659 1.0728 1.0395 0.9657 1.0430 1.1053 0.9888 0.9891 0.9682 0.8393
0.6485 0.8111 0.9414 0.9805 1.0000 1.0220 1.0282 1.0370 1.0217 1.0742 0.9935 1.0425 0.9868 0.8747 1.0000 0.7744
0.8183 0.8051 1.0159 1.0260 1.0703 1.1531 1.1548 0.9150 1.0886 1.1665 1.1570 1.0280 1.0669 0.8996 0.8409 0.8099
0.8540 0.8218 0.8897 0.9803 1.2519 1.0000 1.1064 1.1858 1.0874 1.0253 1.1486 0.9332 0.9389 0.8737 0.9475 0.9569
0.8536 0.9996 0.8789 1.0148 1.1179 1.0935 1.1590 1.1663 1.1457 1.1443 1.0268 0.9581 0.9249 0.8359 0.7018 0.6774
