1.2881 1.2067 1.2249 1.2629 1.0767 1.0242 1.1143 0.9056 1.0939 1.0603 0.8920 0.7943 0.9009 0.7282 0.7741 0.6680
1.0000 0.9443 0.9355 1.1308 1.1204 0.9899 0.9880 0.9803 0.8882 1.1021 1.0073 0.9831 0.9915 1.0680 0.8763 1.0000
1.3652 1.2099 1.1453 1.7997 1.0744 1.0662 1.0000 0.9179 1.0099 1.0298 0.9681 0.8129 0.9012 0.9143 0.8376 0.7985
1.0873 0.8681 0.9869 1.1148 0.9815 1.0064 1.1324 0.9597 1.0712 1.0417 0.9784 0.9468 0.9484 0.8873 0.9362 1.0443
1.5565 1.1301 1.1216 1.1455 0.9617 0.9698 1.0036 1.0420 0.7929 0.8679 0.9793 1.0536 0.8926 0.9297 0.9616 1.1026
0.9192 1.0177 0.8217 0.9417 0.8845 1.0231 1.1198 0.9656 0.8629 1.1930 0.9317 1.1243 0.9737 1.0173 1.0543 1.2162
1.4025 1.1505 1.1909 1.1035 1.0967 0.8843 0.9662 0.8358 0.9006 1.0015 0.9485 0.8598 0.9334 1.0418 1.0000 0.9421
1.0368 1.1878 0.8578 0.9931 0.9913 1.0462 1.0900 1.1084 1.1414 0.9406 0.9846 0.9961 0.8830 0.7957 0.9049 1.0322
0.7895 0.7986 1.0263 0.8652 0.8655 0.9761 0.8824 1.1067 1.1300 0.9614 1.1242 1.0093 1.1431 0.7887 1.2246 1.0167
0.7884 0.7067 0.8314 0.9625 0.9449 0.9979 0.9890 0.9493 0.9054 1.1159 0.9367 1.0438 1.2056 1.0820 1.2257 1.5447
0.6039 0.8341 0.8946 0.9107 0.8715 1.0082 1.0489 1.1756 1.1162 1.0238 0.8528 0.9901 1.0197 1.0876 0.9536 1.0511
1.0560 0.9793 1.0407 1.0899 0.9871 1.1013 1.1402 0.9519 1.0139 0.9597 0.9201 1.0141 0.9711 0.9573 1.0308 0.8063
1.0275 1.1643 1.1291 1.1855 1.1164 0.9056 0.9178 1.2697 0.8515 1.0001 1.0768 0.8056 0.7909 0.8907 0.8869 1.1143
0.9676 0.8119 0.9860 0.7510 0.9122 0.8927 0.8577 1.1036 0.9898 1.0436 1.1066 1.0321 1.0992 1.0505 1.2046 1.1211
1.4618 1.1989 1.0460 1.0648 1.1015 1.1538 1.0644 1.0672 0.9830 0.7279 0.9292 0.8954 0.8251 0.6652 0.6571 0.6639
0.8397 0.9265 0.9843 0.8809 0.8539 0.9925 1.0298 1.0069 1.0000 0.9270 1.0450 0.9464 1.0000 1.1702 1.2601 1.3879
1.1077 0.9035 1.0353 1.0000 0.9262 1.0520 1.0438 0.8746 0.9968 1.0965 1.0480 1.0541 0.9517 0.9156 1.0033 1.0779
1.1453 1.1672 0.8511 1.2153 0.8965 0.9954 1.1319 0.9088 0.8569 1.0000 1.0000 1.0627 1.0000 0.9321 1.0299 1.0813
1.3095 1.0201 1.4017 1.1091 0.9079 1.1852 1.0874 1.0578 1.1205 0.8959 0.9183 0.9579 0.8747 0.7853 0.7851 0.9018
0.9403 1.0218 1.1273 1.0978 0.9952 1.0306 0.9606 1.0329 1.0939 1.1343 1.0266 0.8866 0.9009 0.8260 0.6122 0.5624
1.3581 1.0504 1.0000 1.0428 1.2149 1.1467 1.0285 1.0054 0.9953 0.8261 0.9340 1.1179 0.8968 1.0168 0.9387 0.8071
0.5941 0.5660 0.8835 0.8515 0.8523 0.9568 1.0274 1.0749 1.0428 0.9548 1.0407 1.2362 1.1657 0.9416 0.9793 1.3277
1.1247 0.9302 1.0292 0.8393 0.9759 0.9950 1.0372 1.0725 1.0000 1.3223 0.9867 0.9014 0.9376 0.9633 0.8743 0.8068
0.9026 0.8193 0.7450 0.9159 0.8269 0.9707 0.8573 0.9060 1.1585 1.0346 1.0599 1.1472 1.1891 1.0935 0.5458 1.2778
1.5004 1.2425 1.0742 1.2674 1.1108 1.0899 1.2431 0.9880 0.9940 0.8326 0.9052 0.9083 0.9516 0.9351 0.8303 0.9077
