0.7600 0.8057 0.8936 0.9178 1.0250 1.0942 1.0349 1.1547 1.1351 1.1611 1.0168 0.9664 1.0537 1.0304 0.8797 0.8789
0.8576 0.8748 0.9849 1.0575 1.1007 1.2438 1.1905 0.9399 0.9876 0.9193 1.0878 1.0025 0.9495 0.8545 1.0096 0.7823
0.6558 0.7214 0.8983 0.9214 0.9575 1.0855 1.1048 1.0638 1.0560 1.2225 1.0042 0.9762 0.9243 0.9445 0.9474 0.7465
0.6667 0.7334 0.8643 0.9580 0.9704 1.0731 1.0887 1.0230 0.9670 1.1396 1.1215 0.9878 1.0626 0.9175 0.9654 0.7643
0.7658 0.8125 0.8391 0.9083 1.0000 1.0435 1.0892 1.0541 1.1264 1.2017 0.9992 1.0307 0.9610 1.0482 0.9842 0.8811
0.8555 0.8823 0.8894 0.9532 1.1450 1.0924 1.1635 1.0786 1.1402 1.0872 1.0432 1.0057 0.9877 0.9340 0.8720 0.8713
0.7359 0.8266 0.8854 0.9537 1.0309 1.0320 1.1440 1.1451 1.0958 1.0611 1.0777 1.0412 0.9848 0.9047 0.8430 0.9662
0.9012 0.8199 0.8785 0.9450 1.0000 1.0881 1.2091 1.0924 1.0882 1.0340 1.1368 1.0679 1.0274 0.9294 0.8550 0.9186
0.8235 0.8804 0.8764 0.8921 1.0303 1.0221 1.1446 1.0379 1.0824 1.1031 1.0443 1.0667 0.9894 1.0254 0.8931 0.8406
0.6835 0.7760 0.8737 1.0040 1.0247 1.0435 1.0617 1.1223 0.9689 1.0244 1.1375 0.9378 0.9079 0.9637 0.9913 1.0099
0.7376 0.6834 0.7759 0.8325 0.9619 1.0509 1.1414 1.0371 1.0159 1.0514 1.0000 0.9699 1.0379 1.0022 0.8901 0.9687
0.7421 0.8519 0.9100 1.0046 1.1784 1.1350 1.1329 0.8580 1.0168 1.2081 1.0733 0.9766 0.9496 1.0000 1.0000 0.6918
0.9441 0.8999 0.9365 0.9965 1.1504 1.1120 1.1444 1.0007 1.1076 0.9976 1.0718 1.0123 0.9919 0.8367 0.8278 0.9705
0.9178 0.9111 0.9761 1.0276 0.9884 1.1066 1.1557 1.1238 1.0775 1.0341 1.1266 0.9284 0.9519 1.0000 0.8322 0.7990
0.6693 0.7523 0.8626 0.9173 1.0041 1.1874 1.0931 1.0725 1.0439 1.0353 1.0865 1.1088 0.9945 0.8578 0.8949 0.8596
0.7124 0.8161 0.9207 0.9836 0.9792 1.0335 1.0729 1.0421 1.0609 0.9979 1.0124 1.0764 1.0069 0.9809 0.9473 0.8777
0.8607 0.7666 0.8791 0.8903 1.0380 1.1853 0.9647 1.1389 1.1197 1.1598 1.0473 1.0421 1.1134 0.9438 0.8968 0.9412
0.6861 0.7823 0.8085 0.8367 0.9981 0.9992 1.1016 1.0080 1.0021 1.1096 1.0906 1.0407 1.0003 1.0120 0.9444 0.9409
0.6926 1.0000 0.8934 0.9222 0.9861 1.1261 1.1314 1.0311 1.0648 1.1427 1.0817 0.9124 0.9855 0.8986 0.8992 0.9242
0.8303 0.8251 0.9534 0.8757 1.0664 1.1481 1.0043 1.0650 1.0710 1.1519 1.0147 1.1054 1.0000 0.9612 0.9712 0.9279
0.8811 0.9013 0.9175 0.9590 0.9448 1.0725 1.0454 1.0401 1.0187 0.9298 1.0413 1.1320 1.0255 1.0210 1.0308 0.9604
0.6347 0.7780 0.9138 0.9887 1.0000 1.0374 1.0382 1.0333 1.0153 1.0830 1.0153 1.0777 1.0058 0.9273 1.0000 0.8265
0.8660 0.8020 0.9761 0.9500 1.0659 1.1284 1.1452 0.9459 1.0576 1.1170 1.1476 1.0326 1.0521 0.9403 0.9004 0.8452
0.7755 0.7946 0.8867 0.9513 1.1999 1.0000 1.0686 1.1757 1.0744 1.0416 1.2287 0.9274 0.9446 0.9387 1.0092 0.9847
0.8435 0.9365 0.8877 0.9812 1.1166 1.1178 1.1897 1.1716 1.1535 1.1412 1.0592 0.9510 0.9529 0.8968 0.7718 0.7846
