1.3514 1.1889 1.0507 1.0885 0.9801 0.9306 1.0568 0.8974 1.1017 1.1463 0.8566 0.8565 0.9353 0.8383 0.8011 0.9189
1.0000 1.0884 1.3310 1.2652 1.1464 1.0052 1.0939 0.9800 0.8741 0.9024 0.8687 0.8615 0.8712 0.8807 0.8225 1.0000
1.0159 0.9068 0.9385 1.1489 0.8358 0.9325 1.0000 0.9434 0.9578 1.0393 0.9427 0.9730 1.0460 1.1675 1.0703 1.2457
1.3395 1.2325 1.1754 1.1351 1.0148 1.0619 1.0872 0.8999 0.9482 0.8645 0.8944 0.9340 0.8004 0.9345 0.7708 0.9938
1.2331 0.9714 0.9049 1.0382 0.9644 1.0120 0.9938 0.9126 1.0082 1.0748 0.9997 1.0789 0.8801 1.0746 1.0348 1.2555
1.2434 1.0706 1.0220 1.1495 0.9860 1.0735 1.0516 0.9589 0.9351 1.0081 1.0054 0.8526 0.8733 0.8333 0.9924 0.9582
1.2217 1.1271 1.0587 0.9979 0.9522 0.9631 1.0287 0.9729 0.8852 1.0432 0.9539 0.8359 0.9693 1.0221 1.0000 1.0472
1.3719 1.2432 1.1706 1.1035 1.1523 1.1068 1.0536 1.0123 1.0699 0.9043 0.8805 0.8116 0.7945 0.7764 0.7395 0.7915
0.6706 0.7166 0.8889 0.7474 0.9453 0.9533 0.8268 1.0301 1.0232 0.8953 1.0351 0.9714 1.1991 1.0087 1.2032 1.2198
1.1863 0.9988 1.0174 1.1098 1.0061 0.9654 0.9519 1.1789 0.8869 0.8690 0.9228 0.8975 0.9788 0.9580 1.0576 1.0249
0.7124 0.7514 0.9123 0.8231 0.9892 0.9728 0.8979 1.0197 0.9636 0.9573 1.1006 0.9229 1.2062 1.1085 0.9608 1.3048
1.2649 1.1476 1.2172 1.2446 1.1005 1.1253 1.1356 0.9574 0.9928 0.8900 0.8277 0.8601 0.8228 0.7796 0.8258 0.7896
1.0143 0.8341 0.8207 0.9116 0.8752 0.9325 0.8506 1.0629 0.9571 1.0991 1.2024 1.0076 1.0945 1.1740 1.1402 1.5129
1.2449 1.0864 1.1470 1.0542 0.8654 1.0017 1.0422 1.0296 0.9528 0.8700 0.9368 0.8713 0.9647 0.8585 1.0011 1.0628
1.1591 1.1695 0.9364 0.9239 1.0578 1.0586 0.9999 1.0741 0.9907 0.9313 0.9403 0.9679 0.9594 0.7938 0.7780 0.9550
1.0600 0.8974 1.0686 0.9171 1.0193 1.0656 0.9786 1.0106 1.0000 0.9112 0.9357 1.1016 1.0000 0.9849 0.9621 1.1137
0.9140 0.9104 0.9075 1.0000 0.9998 0.9352 1.0290 1.1040 1.0170 1.0296 1.0411 0.9893 1.0496 1.0847 1.2444 1.2386
1.4785 1.3644 1.0604 1.2876 1.0050 1.0080 1.1483 0.9686 0.9218 1.0000 1.0000 0.8808 1.0000 0.8268 0.8683 0.8891
1.5044 1.0125 1.1301 0.9133 0.7900 1.1103 1.0166 0.9939 1.0801 1.0451 0.9008 1.0276 0.9011 0.8932 1.0017 1.1577
1.1680 1.1101 1.1525 1.2174 0.9960 1.0325 0.9452 0.9197 0.9971 1.0287 0.9095 0.8028 0.8277 0.7782 0.5253 0.5200
1.2215 0.9518 1.0000 0.9699 1.1533 1.0872 0.9459 1.0553 0.9684 1.0328 0.9238 1.0387 0.8631 1.0387 0.9444 1.0827
0.7610 0.7592 1.0119 1.0193 1.1125 1.0401 0.9613 0.9664 0.9309 1.0759 0.9728 0.9602 0.9999 0.9696 0.9869 1.1780
1.0315 0.8878 0.9066 0.9924 0.8761 0.9446 0.8781 0.9344 1.0000 1.1273 0.9388 0.9427 1.1611 1.2569 1.3417 1.7147
1.0452 1.0946 0.9105 1.0677 0.9175 0.9859 0.9566 1.0226 1.0878 0.8934 0.9971 1.0239 0.9294 1.0013 0.5458 1.0422
1.0947 0.9797 0.8952 0.9339 0.9533 0.9930 1.0405 1.0039 0.9865 0.8965 1.0297 0.9752 1.0928 0.9716 1.0227 1.1684
