1.2591 1.1485 1.1435 1.1879 1.0610 0.9970 1.0890 0.9048 1.1308 1.0906 0.9100 0.8402 0.9210 0.7582 0.7914 0.7595
1.0000 1.0084 1.0082 1.2086 1.1578 1.0001 0.9960 0.9921 0.9085 1.0220 0.9812 0.9079 0.9420 1.0152 0.8371 1.0000
1.2370 1.1247 1.0037 1.5969 1.0311 1.0441 1.0000 0.9449 1.0636 1.0694 1.0148 0.8997 1.0002 0.9548 0.8951 0.8910
1.1386 0.9828 1.0515 1.1740 1.0147 1.0619 1.1073 0.9691 1.0574 1.0096 0.9667 0.9206 0.9035 0.8733 0.8785 0.9527
1.4415 1.1112 1.0635 1.0593 0.9269 0.9692 0.9738 1.0034 0.8158 0.8893 1.0145 1.1028 0.9277 1.0194 1.0147 1.1872
1.0287 1.1088 0.9297 1.0004 0.9131 1.0581 1.1359 1.0089 0.8028 1.1396 0.8784 1.0172 0.9822 0.9377 0.9663 1.1339
1.3395 1.1431 1.1383 1.0656 1.0272 0.9329 0.9567 0.8817 0.8809 0.9827 0.9705 0.8440 0.9426 1.0634 1.0000 1.0152
1.0966 1.2073 0.9163 1.0673 0.9802 1.0788 1.0984 1.0644 1.1588 0.9242 0.9725 0.9196 0.8756 0.7992 0.8673 0.9785
0.7128 0.7366 0.9552 0.8153 0.8682 0.9508 0.8610 1.0745 1.1102 0.9535 1.1216 1.0223 1.1774 0.8137 1.2910 1.0947
0.8932 0.8429 0.7778 1.0499 0.9898 0.9836 0.9997 0.9382 0.8985 1.0310 0.9463 1.0218 1.1501 1.0785 1.1874 1.3824
0.6266 0.7735 0.8980 0.8817 0.9075 1.0190 1.0127 1.1280 1.0872 1.0192 0.9201 0.9862 1.0497 1.1067 0.9555 1.0352
1.1245 1.0050 1.0659 1.1176 1.0387 1.0944 1.1457 0.9934 1.0313 0.9250 0.9167 0.9611 0.9293 0.8937 0.9699 0.7763
0.9813 1.0488 1.0339 1.1569 1.0393 0.8812 0.8459 1.2238 0.9201 1.0129 1.0922 0.8544 0.8953 1.0416 0.9403 1.1746
0.9561 0.8867 0.9645 0.7737 0.8984 0.9125 0.8826 1.0980 0.9724 1.0278 1.0931 1.0238 1.1204 1.0421 1.1689 1.1373
1.3641 1.1285 0.9948 1.0327 1.0972 1.1226 1.1076 1.0899 1.0250 0.7569 0.9447 0.9404 0.8942 0.6770 0.6548 0.7008
0.8729 0.9241 1.0361 0.8921 0.8790 1.0181 1.0215 1.0099 1.0000 0.9284 1.0214 0.9211 1.0000 1.1317 1.1916 1.3283
1.0444 0.9391 1.0239 1.0000 0.9436 0.9939 1.0604 0.8775 1.0288 1.0494 1.0605 1.0128 0.9955 0.9758 1.0304 1.1571
1.2861 1.2505 0.9202 1.2292 0.9619 0.9989 1.1702 0.9217 0.8756 1.0000 1.0000 0.9772 1.0000 0.8644 0.9568 1.0051
1.3646 1.0457 1.3677 1.0328 0.8828 1.2187 1.0784 1.0182 1.1026 0.9225 0.8945 0.9559 0.8609 0.7821 0.8204 0.9824
1.0348 1.0394 1.1551 1.1696 0.9955 1.0516 0.9640 1.0125 1.0370 1.1344 0.9471 0.8505 0.8190 0.7929 0.5674 0.5188
1.4948 1.0628 1.0000 1.0210 1.1327 1.1757 0.9296 1.0091 0.9837 0.8107 0.9282 1.1248 0.9096 1.0558 0.9847 0.8584
0.5456 0.6220 0.9808 0.8929 0.9223 1.0183 1.0289 1.0555 0.9905 0.9637 1.0026 1.1324 1.1158 0.9301 0.9836 1.2840
1.1129 0.9091 0.9667 0.8618 0.9227 0.9469 0.9658 1.0048 1.0000 1.1849 0.9979 0.9488 1.0443 1.1169 0.9763 0.9202
0.9516 0.8857 0.7862 0.9333 0.8530 0.9994 0.8767 0.9015 1.1604 1.0261 1.1128 1.1144 1.1030 1.0484 0.5458 1.1916
1.4462 1.2667 1.0760 1.2083 1.1704 1.1132 1.1924 1.0200 0.9999 0.8137 0.9931 0.8947 0.8568 0.7973 0.7525 0.8277
