0.7361 0.7949 0.8599 0.8852 1.0267 1.0786 1.0545 1.1692 1.1856 1.1695 1.0468 1.0124 1.0360 1.0122 0.8620 0.8637
0.8514 0.8365 0.9444 1.0322 1.0884 1.2167 1.2030 0.9917 1.0610 0.9801 1.1125 0.9977 0.9261 0.8487 0.9685 0.7451
0.6624 0.7012 0.9081 0.9095 0.9625 1.0794 1.1504 1.0740 1.0934 1.2321 1.0118 0.9707 0.9071 0.9179 0.8656 0.7193
0.6830 0.7480 0.8617 0.9615 0.9781 1.0888 1.1210 1.0411 0.9983 1.1641 1.1400 0.9606 1.0201 0.8806 0.9017 0.7465
0.7076 0.7910 0.8133 0.8837 1.0000 1.0222 1.0823 1.0909 1.1828 1.2388 1.0845 1.0230 0.9816 1.0219 0.9181 0.8013
0.8370 0.8526 0.8793 0.9536 1.1279 1.0896 1.1513 1.1416 1.1638 1.1173 1.0693 1.0195 0.9498 0.9409 0.8528 0.8422
0.7690 0.7992 0.8631 0.9414 1.0168 1.0549 1.1735 1.1682 1.1023 1.0974 1.1064 1.0680 0.9710 0.9092 0.8233 0.9107
0.8696 0.8041 0.8564 0.9530 1.0000 1.1220 1.2236 1.1142 1.0536 1.0744 1.1533 1.1102 1.0092 0.9144 0.8278 0.9033
0.8292 0.8640 0.8536 0.8813 1.0144 1.0232 1.1347 1.0369 1.0855 1.1381 1.0624 1.1057 0.9732 1.0276 0.8820 0.8334
0.6843 0.7429 0.8580 0.9529 1.0005 1.0451 1.0696 1.1096 1.0140 1.0399 1.1663 0.9900 0.9191 0.9750 0.9527 0.9505
0.7348 0.6540 0.7593 0.7956 0.9582 1.0349 1.1085 1.0464 1.0430 1.0628 1.0291 0.9728 1.0060 0.9784 0.8565 0.9507
0.7406 0.8241 0.9143 0.9768 1.1488 1.1059 1.1106 0.9083 1.0691 1.2136 1.1020 0.9577 0.9288 1.0000 1.0000 0.6801
0.9430 0.8808 0.8983 1.0191 1.1173 1.1231 1.1815 1.0566 1.1320 1.0481 1.0618 1.0197 0.9812 0.8434 0.8253 0.9221
0.9172 0.9040 0.9604 1.0044 1.0045 1.1024 1.1359 1.1427 1.1256 1.0647 1.1673 0.9475 0.9233 1.0000 0.8132 0.7814
0.7074 0.7513 0.8611 0.9066 1.0091 1.1655 1.0583 1.0754 1.0540 1.0688 1.1556 1.1378 0.9909 0.8496 0.8621 0.7684
0.6979 0.8118 0.9261 0.9914 0.9928 1.0484 1.1027 1.0520 1.0912 1.0274 1.0230 1.0637 0.9827 0.9672 0.8963 0.8366
0.8594 0.8136 0.8782 0.9115 1.0526 1.1696 1.0071 1.1759 1.1525 1.1753 1.0649 1.0285 1.0704 0.9168 0.8663 0.8545
0.7182 0.7575 0.7913 0.8038 1.0076 1.0157 1.1134 1.0156 1.0063 1.1057 1.0659 1.0459 1.0111 1.0280 0.8600 0.8792
0.7309 1.0000 0.8969 0.9230 0.9847 1.1557 1.1329 1.0957 1.0862 1.1529 1.0738 0.9176 0.9586 0.9158 0.8434 0.8664
0.8479 0.8351 0.9331 0.8752 1.0246 1.1466 1.0055 1.0939 1.0815 1.1774 1.0762 1.1069 1.0000 0.9860 0.9293 0.8958
0.8668 0.8719 0.8843 0.9782 0.9784 1.1213 1.0836 1.0655 1.0360 1.0222 1.0776 1.1349 0.9913 0.9822 0.9789 0.8599
0.6305 0.7656 0.8906 0.9561 1.0000 1.0767 1.0719 1.0819 1.0626 1.0995 1.0297 1.0251 0.9761 0.9076 1.0000 0.8118
0.8820 0.8014 0.9238 0.9295 1.0841 1.1768 1.1910 0.9872 1.1039 1.1671 1.1611 1.0140 1.0193 0.9227 0.8484 0.8021
0.7519 0.7913 0.8739 0.9242 1.2104 1.0000 1.0850 1.1941 1.1102 1.0864 1.2451 0.9613 0.9356 0.9339 0.9504 0.9331
0.8753 0.9117 0.8983 0.9716 1.0772 1.1072 1.1359 1.1776 1.1677 1.1695 1.1058 1.0004 0.9577 0.9092 0.7894 0.7736
