1.3365 1.2151 1.0705 1.1079 0.9954 0.9439 1.0856 0.8920 1.1111 1.1385 0.8657 0.8216 0.9347 0.8021 0.7941 0.8742
1.0000 1.0499 1.2365 1.2435 1.1330 0.9868 1.0947 0.9785 0.8839 0.9366 0.9010 0.8862 0.9019 0.9339 0.8350 1.0000
1.0635 0.9225 0.8986 1.2580 0.8726 0.9808 1.0000 0.9611 0.9626 1.0497 0.9757 0.9399 1.0610 1.1025 1.0582 1.1942
1.2710 1.1303 1.1576 1.1438 1.0103 1.0530 1.0910 0.9035 0.9822 0.9041 0.9080 0.9736 0.8401 0.9363 0.7930 0.9699
1.3171 0.9953 0.9345 1.0329 0.9455 0.9702 0.9917 0.9030 0.9305 1.0141 0.9818 1.0975 0.8986 1.1298 1.0501 1.3113
1.1775 1.0974 0.9816 1.1140 0.9673 1.0674 1.0625 0.9681 0.9061 1.0484 0.9600 0.8907 0.8935 0.8647 0.9917 1.0006
1.1794 1.0945 1.0527 0.9963 0.9624 0.9625 1.0260 0.9823 0.8659 1.0408 0.9661 0.8327 0.9666 1.0927 1.0000 1.0219
1.3025 1.1935 1.1028 1.0706 1.1150 1.1137 1.0607 1.0016 1.0874 0.9162 0.9230 0.8338 0.8165 0.7958 0.7889 0.8309
0.6606 0.7310 0.9094 0.7686 0.9552 0.9668 0.8523 1.0376 1.0109 0.9027 1.0709 1.0106 1.2213 0.9843 1.2286 1.1825
1.1314 0.9587 0.9469 1.1006 1.0102 0.9585 0.9710 1.1020 0.8672 0.9054 0.9281 0.9002 1.0200 1.0028 1.1197 1.1516
0.6660 0.7450 0.8884 0.8296 0.9652 0.9838 0.9445 1.0160 0.9725 0.9817 1.0606 0.8997 1.2047 1.1181 0.9808 1.2245
1.2367 1.1018 1.1603 1.2031 1.0791 1.1047 1.1325 0.9646 1.0079 0.8873 0.8461 0.9010 0.8705 0.8202 0.8485 0.8187
0.9912 0.8560 0.8262 0.9362 0.8738 0.8811 0.7981 1.1085 0.9493 1.0777 1.1617 1.0199 1.1073 1.1960 1.1460 1.4853
1.1292 1.0319 1.1058 0.9538 0.8478 0.9800 1.0067 1.0302 0.9678 0.9290 0.9699 0.9110 1.0349 0.9095 1.0492 1.0913
1.2615 1.1799 0.9473 0.9306 1.0488 1.0607 0.9955 1.0599 0.9982 0.8924 0.9489 0.9514 0.9464 0.7738 0.7527 0.8934
1.0018 0.9528 1.0465 0.8834 0.9781 1.0601 0.9784 0.9928 1.0000 0.9393 0.9730 1.0475 1.0000 1.0169 1.0354 1.1965
0.9330 0.9558 0.9335 1.0000 0.9654 0.9273 1.0503 1.0533 0.9846 1.0121 1.0453 0.9985 1.0648 1.0809 1.2974 1.3226
1.4701 1.3485 1.0100 1.2744 0.9621 0.9761 1.1079 0.9601 0.8839 1.0000 1.0000 0.9120 1.0000 0.8567 0.9332 0.9296
1.4926 1.0237 1.1906 0.9466 0.8168 1.1093 1.0250 0.9833 1.0993 0.9943 0.8823 1.0079 0.8920 0.8690 0.9560 1.1360
1.1488 1.1329 1.1552 1.2149 0.9936 1.0255 0.9716 0.9309 1.0088 1.0480 0.9030 0.8048 0.7861 0.7521 0.5307 0.5124
1.2657 0.9577 1.0000 0.9419 1.1370 1.0450 0.9373 1.0162 0.9544 0.9914 0.9364 1.0622 0.8892 1.0726 1.0089 1.0632
0.6596 0.7253 0.9919 0.9971 1.0789 0.9943 0.9884 0.9698 0.9328 1.0905 0.9548 0.9923 1.0286 0.9731 0.9893 1.2378
1.0341 0.8602 0.9014 0.9414 0.8500 0.9365 0.8854 0.9473 1.0000 1.1407 0.9275 0.9335 1.1289 1.2799 1.3335 1.5408
1.0265 1.0475 0.8475 1.0220 0.8723 0.9669 0.9306 0.9937 1.1330 0.9168 1.0076 1.0566 0.9791 1.0578 0.5458 1.0874
1.2932 1.1326 1.0060 1.0540 1.0687 1.0484 1.1243 1.0167 1.0085 0.8732 1.0082 0.9175 0.9875 0.8814 0.8802 0.9759
