1.1044 1.1584 1.2966 1.3805 1.2239 1.1653 1.2437 1.0021 1.1785 1.1133 0.8497 0.7199 0.7650 0.6261 0.6196 0.5876
1.0000 0.8691 1.0666 1.2577 1.1889 1.0396 1.1028 1.0797 0.9296 1.0740 0.9507 0.8595 0.8674 0.9605 0.7450 1.0000
1.2597 1.1629 1.1211 1.9077 1.1600 1.1396 1.0000 1.0074 1.0667 1.0587 0.9518 0.7985 0.8448 0.8864 0.7635 0.7573
0.9698 0.7685 0.9126 1.0517 0.9678 0.9946 1.1187 1.0131 1.0866 1.1077 0.9940 0.9630 1.0198 0.9192 0.9585 1.0951
1.5725 1.2240 1.1571 1.1305 0.9892 0.9627 0.9922 1.0047 0.7809 0.8838 1.1282 1.0193 0.9083 0.9172 0.9587 1.1112
0.7415 0.9306 0.9018 1.1115 1.0487 1.1642 1.2763 1.1677 0.9699 1.2035 0.8867 0.9812 0.8342 0.8378 0.8857 1.0369
1.2427 1.1059 1.2004 1.2170 1.2039 1.0297 1.0719 0.9576 0.9707 1.0015 0.8711 0.7560 0.7813 0.8671 1.0000 0.7485
0.9232 1.1219 0.8649 1.0617 1.0098 1.1102 1.1390 1.1538 1.1804 0.9845 0.9755 0.9630 0.8453 0.7768 0.8814 0.9822
0.8099 0.8129 1.0912 0.9688 0.9245 1.0667 0.9336 1.1683 1.1547 0.9617 1.0977 0.9987 1.0657 0.7434 1.0999 0.9431
0.6419 0.7324 0.9824 1.1715 1.1079 1.1849 1.1196 1.1979 1.0383 1.1197 0.9011 0.8959 0.9493 0.9049 0.9404 1.1856
0.5364 0.7694 0.9695 1.0034 1.0524 1.1675 1.1514 1.3205 1.2355 1.0534 0.8284 0.8480 0.8454 0.8762 0.7233 0.8554
0.8090 0.8434 1.1012 1.2402 1.1055 1.2527 1.2749 1.1405 1.1611 1.0118 0.9138 0.9010 0.8524 0.8680 0.8600 0.6687
1.0304 1.1490 1.1300 1.2697 1.1848 0.9993 1.0175 1.3564 0.9001 1.0651 1.0484 0.7435 0.7180 0.7570 0.7313 0.8944
0.9441 0.8250 1.0482 0.8378 0.9319 0.9724 0.9061 1.1401 1.0229 1.0330 1.1007 0.9727 1.0362 1.0133 1.1314 1.0383
1.1251 1.1240 1.0634 1.1916 1.2952 1.2509 1.2316 1.2925 1.1347 0.7879 0.8478 0.7538 0.6170 0.5803 0.5626 0.5790
0.6436 0.8048 1.0351 1.0522 1.0303 1.1194 1.2089 1.2253 1.0000 1.0312 0.9952 0.8789 1.0000 0.9203 1.0124 1.0565
0.8646 0.8010 1.0798 1.0000 1.0393 1.1157 1.2038 1.1153 1.1431 1.1583 1.0215 0.8726 0.7919 0.7777 0.7995 0.8272
1.0449 1.0637 0.8256 1.2004 0.9003 0.9476 1.1714 0.9606 0.9021 1.0000 1.0000 1.0531 1.0000 0.8995 1.0504 1.0623
1.2173 0.9929 1.4895 1.1860 0.9995 1.2814 1.1744 1.1488 1.2180 0.9231 0.9200 0.8495 0.7434 0.6853 0.6702 0.7409
0.6530 0.7803 1.1925 1.3636 1.2210 1.2133 1.1750 1.2114 1.2615 1.1345 0.8656 0.6809 0.7122 0.6484 0.5619 0.5473
1.1420 0.9986 1.0000 1.1561 1.2999 1.2902 1.1993 1.2331 1.1434 0.9376 0.9222 0.9581 0.7685 0.8399 0.7572 0.6592
0.5671 0.5920 0.9381 0.8994 0.9373 1.0602 1.1497 1.2233 1.1114 1.0377 0.9715 1.1100 0.9813 0.7880 0.7795 1.0297
1.0721 0.9281 1.0498 0.8453 0.9831 1.0334 1.0535 1.1352 1.0000 1.2905 1.0268 0.8837 0.9182 0.9097 0.8075 0.7844
0.6882 0.7755 0.8469 1.0834 0.9447 1.1049 1.0346 1.1602 1.3015 1.0760 1.0315 0.9841 1.0063 0.8954 0.5458 1.0074
0.9543 1.0951 1.2249 1.4949 1.3821 1.3758 1.6000 1.5418 1.3171 0.9381 0.8435 0.7367 0.6217 0.6695 0.6507 0.6478
