1.3249 1.1655 1.0831 1.0886 1.0260 0.9534 1.0971 0.8874 1.1129 1.1148 0.8607 0.8334 0.9344 0.8211 0.8000 0.8881
1.0000 1.0647 1.2110 1.2663 1.1541 0.9940 1.0879 0.9926 0.8799 0.9526 0.9102 0.8799 0.8780 0.9143 0.8273 1.0000
1.0728 0.9232 0.9030 1.2707 0.8772 0.9905 1.0000 0.9441 0.9867 1.0459 1.0047 0.9662 1.0453 1.0620 1.0704 1.1467
1.2499 1.1410 1.1239 1.1119 1.0082 1.0418 1.0947 0.9065 0.9890 0.9333 0.9226 0.9738 0.8483 0.9550 0.8172 0.9699
1.3265 1.0188 0.9387 1.0455 0.9457 0.9645 0.9934 0.9340 0.9094 1.0101 0.9914 1.0826 0.9086 1.0799 1.0672 1.3045
1.1555 1.0956 0.9633 1.1056 0.9629 1.0605 1.0553 0.9691 0.8954 1.0497 0.9441 0.9168 0.9092 0.8927 1.0082 1.0258
1.2183 1.1059 1.0455 0.9963 0.9723 0.9505 1.0194 0.9493 0.8963 1.0448 0.9606 0.8337 0.9736 1.0757 1.0000 1.0354
1.3219 1.2175 1.1047 1.0709 1.1026 1.0802 1.0811 0.9901 1.0938 0.9127 0.9212 0.8590 0.8262 0.7772 0.8010 0.8489
0.6695 0.7237 0.8861 0.7716 0.9184 0.9516 0.8465 1.0554 1.0663 0.9338 1.0557 1.0177 1.2123 0.9775 1.2497 1.1459
1.0902 0.9354 0.9031 1.1004 1.0070 0.9599 0.9774 1.1177 0.8946 0.9285 0.9333 0.9190 1.0268 0.9977 1.1188 1.1768
0.6693 0.7436 0.9004 0.8448 0.9560 0.9908 0.9342 1.0391 0.9705 0.9683 1.0685 0.9358 1.1555 1.1150 0.9788 1.2044
1.2378 1.0883 1.1885 1.1846 1.0676 1.1020 1.1272 0.9833 1.0172 0.8646 0.8298 0.8852 0.8613 0.8302 0.8864 0.8376
1.0029 0.8943 0.8451 0.9480 0.9024 0.8765 0.7940 1.1492 0.9081 1.0319 1.1689 0.9446 1.0895 1.1899 1.1471 1.4702
1.1419 1.0495 1.0983 0.9422 0.8483 0.9673 1.0135 1.0493 0.9479 0.9070 0.9670 0.9007 1.0269 0.9108 1.0725 1.1100
1.2427 1.1731 0.9598 0.9474 1.0421 1.0829 1.0306 1.0710 0.9680 0.8904 0.9492 0.9510 0.9293 0.7742 0.7600 0.8811
0.9847 0.9528 1.0184 0.8927 0.9636 1.0401 0.9864 0.9967 1.0000 0.9182 0.9836 1.0449 1.0000 1.0489 1.0681 1.2318
0.9489 0.9509 0.9171 1.0000 0.9512 0.9346 1.0347 1.0095 0.9749 1.0429 1.0659 1.0392 1.0507 1.0732 1.2552 1.2928
1.3847 1.3073 1.0146 1.2780 0.9572 0.9941 1.1329 0.9642 0.9042 1.0000 1.0000 0.9191 1.0000 0.8555 0.9211 0.9140
1.4472 1.0292 1.1941 0.9280 0.8172 1.1073 1.0167 0.9885 1.1015 1.0021 0.9126 1.0227 0.8944 0.8916 0.9611 1.1061
1.1117 1.1090 1.1629 1.1815 0.9856 1.0169 0.9601 0.9439 1.0254 1.1487 0.9248 0.8360 0.8272 0.7799 0.5355 0.5213
1.3474 0.9468 1.0000 0.9359 1.1142 1.0634 0.9170 0.9994 0.9905 0.9658 0.9336 1.1084 0.9003 1.0816 1.0096 1.0580
0.6499 0.7261 0.9943 0.9949 1.0527 1.0198 0.9861 0.9841 0.9438 1.0853 0.9461 1.0112 1.0574 0.9544 0.9819 1.2290
1.0420 0.8745 0.9228 0.9349 0.8632 0.9339 0.8838 0.9342 1.0000 1.1228 0.9382 0.9441 1.1150 1.2426 1.2966 1.4546
1.0242 1.0276 0.8552 1.0048 0.8942 0.9764 0.9165 0.9771 1.1341 0.9256 1.0167 1.0633 0.9742 1.0404 0.5458 1.1136
1.3433 1.1285 1.0281 1.0898 1.0835 1.0574 1.0956 0.9958 1.0047 0.8505 1.0067 0.8701 0.9763 0.8659 0.8900 0.9819
