1.3216 1.2439 1.2505 1.3141 1.1463 1.0389 1.1076 0.9345 1.1237 1.0641 0.8988 0.7851 0.8275 0.7006 0.6407 0.6165
1.0000 0.8045 0.8776 0.9614 1.0211 0.9422 1.0009 0.9978 0.9332 1.1101 1.0840 0.9962 1.0381 1.1757 1.0102 1.0000
1.4685 1.2913 1.4158 2.0538 1.1573 1.2072 1.0000 0.8872 1.0872 0.9807 0.7949 0.7377 0.8356 0.8439 0.7221 0.7744
0.9559 0.7443 0.9078 1.0181 0.8750 0.9698 1.0262 0.9718 1.1210 1.0802 1.0067 1.0185 1.0268 0.9502 1.0076 1.2863
1.4261 1.2420 1.2025 1.0841 1.0114 1.0423 1.1144 1.1472 0.9007 1.0306 1.3281 0.9996 0.9476 0.9504 1.0498 0.9983
0.8333 0.8841 0.7641 0.8994 0.8718 0.9826 1.1502 1.0324 0.8574 1.2088 0.9526 1.1990 1.0437 1.0033 1.0717 1.2855
1.5901 1.2662 1.2327 1.1716 1.1589 0.9693 0.9567 0.8587 0.8766 0.9315 0.8802 0.8195 0.8439 0.9967 1.0000 0.8270
0.9287 1.0067 0.8734 0.9634 0.8799 1.0576 1.1014 1.1526 1.1627 1.0063 1.0068 1.0616 0.9107 0.8459 0.9771 1.0775
0.9594 0.9335 1.1770 1.0090 0.9268 1.1021 0.9641 1.1275 1.1068 0.9346 1.0467 0.9571 1.0136 0.8093 1.0857 1.1501
0.8835 0.7251 1.0023 0.8827 0.9599 1.0012 0.9115 0.9972 0.9231 1.1204 0.9294 1.0861 1.2347 1.1962 1.2416 1.7355
0.6344 0.9979 1.0284 0.9007 0.9746 1.0907 1.0837 1.1637 1.0972 0.9736 0.8352 0.9243 0.9792 0.9604 0.8223 1.2200
0.8844 0.8170 0.8793 0.9232 0.9080 0.9779 1.0555 0.9527 1.0294 1.0371 1.0567 1.1263 1.1247 1.1559 1.2064 0.8943
1.1285 1.2312 1.1223 1.2186 1.1406 1.1023 1.0591 1.3822 0.8049 1.0953 1.0993 0.7458 0.7013 0.7859 0.6900 0.8571
0.9848 0.8124 0.9901 0.7996 0.8032 0.8594 0.8235 1.0276 1.0054 1.0407 1.1175 1.0489 1.0873 1.1112 1.2424 1.1904
1.3894 1.2612 1.0162 1.0778 1.1582 1.0674 1.1846 1.0520 0.9192 0.7963 0.8891 0.8527 0.7683 0.6524 0.6224 0.6302
0.7446 0.8361 0.9037 0.8323 0.8681 0.9056 1.0446 0.9740 1.0000 0.9402 1.0808 1.0657 1.0000 1.2932 1.3518 1.4588
1.1413 0.9175 1.1485 1.0000 0.9228 1.0166 1.0657 0.9161 0.9986 1.0465 0.9971 0.9925 0.9118 0.9619 1.0506 1.0942
0.9185 0.9121 0.7936 1.0281 0.8427 0.9007 1.1237 0.9669 0.9305 1.0000 1.0000 1.1668 1.0000 1.0494 1.1070 1.2022
1.4924 1.2355 1.7148 1.2508 1.0317 1.2412 1.1271 1.0856 1.0462 0.8706 0.8531 0.7808 0.7021 0.6914 0.7322 0.7203
0.8775 0.9464 1.0670 1.0008 0.9775 0.9941 1.0011 1.0261 1.1669 1.5455 1.0971 0.9478 1.0439 0.9366 0.6646 0.5863
1.4439 1.1148 1.0000 1.1402 1.1793 1.0896 1.0583 0.9840 0.9746 0.8389 0.9100 1.0809 0.9081 0.9994 0.9411 0.9117
0.6702 0.5507 0.8208 0.6797 0.8517 0.9465 1.0155 1.0552 1.0463 0.9555 1.0812 1.3356 1.2102 0.9864 1.0805 1.4628
1.0213 0.9711 1.0561 0.8759 1.0247 1.0638 1.1099 1.1560 1.0000 1.4561 1.0288 0.8744 0.8680 0.7737 0.6647 0.7253
0.7686 0.7323 0.7094 0.8109 0.7726 0.9065 0.8223 0.9610 1.1153 1.0623 1.1278 1.2162 1.2896 1.2249 0.5458 1.4335
1.4363 1.3161 1.1305 1.2490 1.1231 1.1517 1.1978 1.0886 0.9921 0.9162 0.8952 0.9262 0.8906 0.9286 0.7106 0.9415
