1.2801 1.2007 1.1239 1.1400 1.0515 0.9938 1.0640 0.8892 1.1397 1.1097 0.9042 0.8347 0.9330 0.7719 0.7613 0.8119
1.0000 1.0178 1.0638 1.2300 1.1371 1.0121 1.0261 0.9767 0.9243 0.9955 0.9510 0.9110 0.9174 1.0011 0.8327 1.0000
1.1760 1.0149 1.0188 1.4844 0.9447 1.0365 1.0000 0.9472 0.9915 1.0505 1.0173 0.8885 0.9979 0.9574 0.9942 0.9907
1.1637 1.0662 1.0858 1.1720 1.0193 1.0920 1.1151 0.9659 1.0115 0.9390 0.9373 0.9471 0.8616 0.9037 0.8414 0.9201
1.4225 1.0108 1.0120 1.0693 0.9506 0.9800 1.0185 0.9942 0.8163 0.9253 0.9554 1.0825 0.9212 1.0820 1.0520 1.2642
1.0743 1.1171 0.9592 1.0473 0.9598 1.0843 1.1325 1.0101 0.8288 1.1007 0.8954 0.9629 0.9226 0.9142 0.9472 1.0506
1.2443 1.1355 1.1128 1.0201 0.9728 0.9415 1.0052 0.8991 0.8852 1.0533 0.9768 0.8629 0.9378 1.0485 1.0000 1.0314
1.1739 1.2304 0.9787 1.1122 1.0572 1.0895 1.1080 1.0608 1.1177 0.9049 0.9556 0.8763 0.8343 0.7521 0.8206 0.8956
0.6952 0.7396 0.9512 0.7853 0.8905 0.9680 0.8623 1.0706 1.0858 0.9576 1.1158 1.0354 1.1784 0.8602 1.2455 1.1102
0.9778 0.9022 0.8723 1.1119 0.9918 1.0206 0.9984 0.9685 0.9200 0.9729 0.9434 0.9709 1.0815 1.0254 1.1344 1.2926
0.6011 0.7294 0.8697 0.8392 0.8701 1.0035 0.9500 1.1489 1.0601 1.0063 0.9696 0.9701 1.1383 1.1394 0.9767 1.0974
1.2118 1.0857 1.1099 1.1582 1.0643 1.0829 1.1637 0.9638 1.0189 0.9013 0.8853 0.9251 0.8857 0.8702 0.9036 0.7812
1.0049 0.9942 0.9946 1.0836 1.0021 0.8677 0.7966 1.1650 0.9210 0.9742 1.1232 0.8478 0.9982 1.1272 1.0205 1.3308
0.9960 0.9433 0.9900 0.8045 0.9202 0.9560 0.9184 1.1022 0.9823 0.9795 1.0435 0.9962 1.0739 0.9678 1.1361 1.1039
1.3087 1.1363 1.0014 0.9986 1.0495 1.1407 1.0663 1.1088 0.9777 0.7958 0.9575 0.9404 0.8991 0.7223 0.6676 0.7332
0.9261 0.9682 1.0423 0.8978 0.9022 1.0542 1.0100 1.0100 1.0000 0.9307 1.0152 0.9173 1.0000 1.0908 1.1404 1.2894
1.0137 0.9270 1.0000 1.0000 0.9582 0.9707 1.0509 0.9385 0.9913 1.0478 1.0742 0.9915 1.0207 1.0192 1.1107 1.2388
1.3495 1.2832 0.9439 1.2492 0.9370 1.0215 1.1458 0.9439 0.8973 1.0000 1.0000 0.9791 1.0000 0.8562 0.9467 0.9746
1.3915 0.9914 1.3202 0.9912 0.8485 1.1642 1.0076 0.9943 1.0863 0.9867 0.9164 0.9931 0.8779 0.8692 0.8943 1.0503
1.1235 1.0682 1.1364 1.1671 0.9867 1.0325 0.9501 0.9699 1.0223 1.1182 0.9509 0.8440 0.8114 0.7877 0.5636 0.5209
1.3649 0.9915 1.0000 0.9641 1.1440 1.0996 0.9656 1.0016 1.0031 0.8526 0.9392 1.1275 0.9357 1.0802 0.9974 0.9133
0.5330 0.6550 0.9557 0.9133 0.9379 1.0249 1.0318 1.0224 1.0207 0.9994 1.0093 1.1511 1.0997 0.9185 0.9404 1.2709
1.0960 0.8649 0.9508 0.8802 0.8784 0.9708 0.8996 0.9845 1.0000 1.2250 0.9579 0.9524 1.0847 1.1962 1.1445 1.0864
1.0089 0.9654 0.8252 0.9938 0.8620 0.9774 0.9040 0.9339 1.1390 0.9756 1.0725 1.1076 1.0291 1.0063 0.5458 1.1436
1.4753 1.1683 1.0852 1.1625 1.1265 1.1179 1.1570 1.0531 1.0264 0.8587 0.9870 0.8528 0.9404 0.8183 0.7711 0.8480
