0.7476 0.8022 0.8876 0.9080 1.0450 1.0996 1.0546 1.1661 1.1287 1.1396 1.0181 0.9702 1.0462 1.0169 0.8654 0.8668
0.8769 0.8866 0.9837 1.0743 1.1066 1.2451 1.2012 0.9354 0.9839 0.9169 1.0766 0.9903 0.9187 0.8420 0.9952 0.7729
0.6680 0.7279 0.9267 0.9254 0.9565 1.0941 1.1219 1.0704 1.0488 1.2109 1.0126 0.9744 0.9051 0.9168 0.9154 0.7203
0.6671 0.7441 0.8773 0.9840 0.9779 1.0833 1.0970 1.0173 0.9707 1.1419 1.1326 0.9695 1.0363 0.9027 0.9335 0.7496
0.7660 0.8065 0.8368 0.9227 1.0000 1.0326 1.0894 1.0399 1.1495 1.2118 1.0289 1.0247 0.9487 1.0444 0.9591 0.8577
0.8510 0.8773 0.8796 0.9600 1.1687 1.1033 1.1599 1.0844 1.1645 1.0733 1.0545 1.0038 0.9746 0.9225 0.8592 0.8625
0.7368 0.8364 0.8708 0.9591 1.0371 1.0500 1.1390 1.1492 1.1006 1.0559 1.0721 1.0506 0.9717 0.9122 0.8342 0.9602
0.9054 0.8080 0.8815 0.9464 1.0000 1.0830 1.1948 1.0935 1.0855 1.0387 1.1389 1.0756 1.0300 0.9375 0.8431 0.9373
0.8126 0.8841 0.8866 0.8953 1.0268 1.0264 1.1437 1.0348 1.0774 1.1088 1.0335 1.0800 0.9816 1.0267 0.8791 0.8361
0.6963 0.7848 0.8859 1.0039 1.0185 1.0442 1.0607 1.1229 0.9768 1.0002 1.1607 0.9299 0.9130 0.9635 0.9909 1.0140
0.7442 0.6779 0.7676 0.8261 0.9693 1.0656 1.1533 1.0247 0.9958 1.0557 0.9958 0.9497 1.0238 0.9737 0.8691 0.9694
0.7549 0.8641 0.9129 0.9846 1.1735 1.1500 1.1302 0.8695 1.0193 1.2234 1.0770 0.9623 0.9451 1.0000 1.0000 0.6933
0.9677 0.9050 0.9178 1.0336 1.1486 1.1134 1.1607 1.0020 1.1184 1.0165 1.0487 1.0118 1.0076 0.8354 0.8261 0.9732
0.9334 0.9300 0.9804 1.0383 1.0040 1.0967 1.1531 1.1163 1.0729 1.0409 1.1337 0.9237 0.9435 1.0000 0.8242 0.8115
0.6741 0.7534 0.8791 0.9198 1.0243 1.2030 1.1077 1.0669 1.0444 1.0448 1.0720 1.0932 0.9724 0.8601 0.8899 0.8223
0.7160 0.8223 0.9196 0.9914 0.9967 1.0252 1.0877 1.0504 1.0583 0.9880 1.0139 1.0765 0.9982 0.9718 0.9351 0.8851
0.8998 0.7576 0.8764 0.8866 1.0517 1.1994 0.9566 1.1618 1.1244 1.1571 1.0361 1.0312 1.1050 0.9325 0.8906 0.9272
0.6976 0.8130 0.8150 0.8310 1.0221 0.9790 1.1236 1.0019 0.9985 1.1063 1.0814 1.0547 1.0008 1.0225 0.8997 0.9195
0.6971 1.0000 0.9160 0.9360 0.9810 1.1427 1.1389 1.0461 1.0488 1.1423 1.0698 0.9108 0.9832 0.8968 0.8928 0.8908
0.8507 0.8335 0.9391 0.8728 1.0507 1.1509 0.9875 1.0554 1.0461 1.1555 1.0259 1.1230 1.0000 0.9703 0.9718 0.9273
0.8848 0.8928 0.8983 0.9655 0.9281 1.0984 1.0576 1.0240 1.0143 0.9719 1.0355 1.1237 1.0058 1.0148 1.0220 0.9706
0.6393 0.7773 0.9204 0.9944 1.0000 1.0650 1.0550 1.0603 1.0111 1.0827 1.0082 1.0711 0.9810 0.9126 1.0000 0.8390
0.8498 0.7852 0.9920 0.9559 1.0408 1.1492 1.1510 0.9310 1.0606 1.1270 1.1431 1.0474 1.0578 0.9374 0.8874 0.8393
0.7739 0.7981 0.8854 0.9525 1.2158 1.0000 1.0652 1.1827 1.0918 1.0303 1.2206 0.9459 0.9378 0.9391 0.9947 0.9678
0.8450 0.9376 0.8869 0.9807 1.1080 1.1203 1.1952 1.1671 1.1692 1.1394 1.0644 0.9608 0.9575 0.9042 0.7799 0.7885
