1.3074 1.1792 1.0626 1.0956 1.0042 0.9524 1.0611 0.9046 1.1365 1.1431 0.8701 0.8288 0.9400 0.8270 0.7762 0.9120
1.0000 1.0833 1.2672 1.2818 1.1619 1.0426 1.0738 0.9571 0.8777 0.9264 0.8862 0.8595 0.8772 0.8966 0.8296 1.0000
1.0665 0.9317 0.9448 1.1842 0.8874 0.9698 1.0000 0.9622 0.9952 1.0334 0.9547 0.9255 1.0361 1.1105 1.0767 1.1847
1.2627 1.1958 1.1482 1.1578 1.0352 1.0596 1.0996 0.8961 0.9736 0.8988 0.9083 0.9442 0.8284 0.9240 0.8017 0.9517
1.3123 0.9889 0.9386 1.0384 0.9611 0.9830 0.9900 0.8774 0.9436 1.0325 0.9892 1.0870 0.8960 1.0979 1.0515 1.3228
1.1698 1.0930 0.9743 1.0992 0.9558 1.0715 1.0667 0.9645 0.9146 1.0597 0.9799 0.9040 0.8946 0.8654 1.0245 0.9771
1.1784 1.0906 1.0446 0.9861 0.9418 0.9555 1.0085 0.9711 0.8796 1.0642 0.9905 0.8354 0.9783 1.0979 1.0000 1.0277
1.3407 1.2275 1.1085 1.0697 1.1222 1.1188 1.0384 0.9949 1.0979 0.8996 0.9161 0.8397 0.8243 0.7904 0.7793 0.8325
0.6644 0.7248 0.8964 0.7653 0.9425 0.9506 0.8331 1.0569 1.0487 0.9220 1.0682 1.0010 1.2103 0.9958 1.2280 1.1856
1.1213 0.9824 0.9573 1.0715 1.0020 0.9706 0.9591 1.1326 0.8722 0.9158 0.9434 0.8835 1.0296 1.0019 1.1012 1.0920
0.6617 0.7145 0.8908 0.8123 0.9505 0.9670 0.9236 1.0044 0.9920 0.9856 1.0918 0.9289 1.2423 1.0964 0.9683 1.2289
1.2768 1.1408 1.1565 1.1898 1.0726 1.1146 1.1010 0.9709 0.9935 0.8854 0.8490 0.8879 0.8764 0.8092 0.8682 0.8149
0.9901 0.8595 0.8191 0.9318 0.8759 0.9018 0.7958 1.0680 0.9724 1.0606 1.1582 0.9919 1.0980 1.1946 1.1463 1.4982
1.1348 1.0651 1.0869 0.9768 0.8585 0.9846 1.0017 1.0454 0.9735 0.9157 0.9615 0.9095 1.0100 0.9093 1.0392 1.0765
1.2056 1.1504 0.9442 0.9261 1.0454 1.0499 0.9941 1.0667 1.0118 0.9099 0.9749 0.9701 0.9639 0.7800 0.7485 0.9052
1.0249 0.9486 1.0520 0.9170 0.9926 1.0566 0.9737 0.9964 1.0000 0.9084 0.9335 1.0591 1.0000 1.0031 1.0294 1.1684
0.9559 0.9378 0.8940 1.0000 0.9789 0.9109 1.0301 1.0470 0.9798 1.0394 1.0622 1.0147 1.0557 1.0914 1.2910 1.2970
1.4582 1.3790 1.0344 1.2700 0.9520 1.0009 1.0759 0.9553 0.9058 1.0000 1.0000 0.9203 1.0000 0.8471 0.9273 0.9210
1.4691 1.0167 1.2177 0.9153 0.7894 1.1166 1.0236 0.9798 1.0915 1.0365 0.9266 0.9932 0.8921 0.8690 0.9600 1.1163
1.1716 1.1180 1.1616 1.2156 1.0005 1.0276 0.9457 0.9275 0.9921 1.0350 0.9080 0.8099 0.7832 0.7605 0.5251 0.5056
1.2409 0.9344 1.0000 0.9322 1.1328 1.0739 0.9218 1.0146 1.0046 1.0085 0.9411 1.0783 0.9081 1.0569 0.9989 1.0092
0.6337 0.7114 0.9560 0.9879 1.0920 1.0246 0.9938 0.9644 0.9441 1.0858 0.9679 1.0031 1.0362 0.9694 0.9825 1.2325
1.0542 0.8496 0.9065 0.9768 0.8541 0.9179 0.8624 0.9059 1.0000 1.0870 0.9522 0.9406 1.1438 1.2820 1.2997 1.5621
1.0147 1.0585 0.8673 1.0372 0.8741 0.9952 0.9272 0.9907 1.1353 0.9195 1.0044 1.0344 0.9606 1.0402 0.5458 1.0818
1.2658 1.0689 0.9745 1.0404 1.0459 1.0361 1.0961 0.9985 1.0202 0.8775 1.0231 0.9234 1.0162 0.9186 0.9058 0.9884
