0.7178 0.7726 0.8563 0.8673 1.0164 1.0769 1.0558 1.1770 1.1815 1.1911 1.0426 1.0222 1.0282 1.0149 0.8552 0.8531
0.8250 0.8383 0.9356 1.0196 1.0826 1.2237 1.2187 0.9789 1.0466 0.9641 1.1194 0.9964 0.9347 0.8560 0.9958 0.7815
0.6442 0.6989 0.8927 0.9013 0.9541 1.0687 1.1407 1.0845 1.0820 1.2367 1.0036 0.9666 0.9092 0.9201 0.9074 0.7421
0.6472 0.7265 0.8379 0.9382 0.9727 1.0703 1.1058 1.0490 1.0057 1.1825 1.1247 0.9752 1.0416 0.8983 0.9191 0.7769
0.6854 0.7553 0.7766 0.8784 1.0000 0.9653 1.0602 1.0594 1.1763 1.2425 1.0713 1.0483 0.9770 1.0418 0.9394 0.8668
0.8143 0.8415 0.8519 0.9288 1.1358 1.0711 1.1699 1.1338 1.1864 1.1414 1.0773 1.0269 0.9715 0.9387 0.8517 0.8669
0.7510 0.8110 0.8496 0.9147 1.0163 1.0311 1.1635 1.1675 1.1097 1.0887 1.1030 1.0450 0.9893 0.9322 0.8288 0.9570
0.8637 0.7915 0.8475 0.9191 1.0000 1.0929 1.2031 1.1302 1.1185 1.0817 1.1622 1.0885 1.0192 0.9286 0.8261 0.9204
0.8088 0.8613 0.8541 0.8487 1.0005 1.0214 1.1154 1.0357 1.1140 1.1401 1.0475 1.1031 0.9804 1.0349 0.9030 0.8618
0.6788 0.7511 0.8608 0.9404 0.9641 0.9981 1.0490 1.1124 1.0187 1.0680 1.1924 0.9834 0.9132 0.9825 0.9811 1.0169
0.7128 0.6643 0.7156 0.7958 0.9460 1.0413 1.1397 1.0314 1.0391 1.0807 1.0305 0.9656 1.0072 0.9696 0.8697 0.9369
0.7317 0.8311 0.9080 0.9638 1.1468 1.1385 1.1258 0.8817 1.0468 1.2371 1.1025 0.9757 0.9492 1.0000 1.0000 0.7275
0.9115 0.8696 0.9016 1.0066 1.1402 1.1055 1.1632 1.0288 1.1312 1.0724 1.0652 1.0393 0.9962 0.8572 0.8308 0.9694
0.8927 0.8742 0.9439 0.9950 0.9817 1.0893 1.1459 1.1443 1.1127 1.0648 1.1844 0.9575 0.9493 1.0000 0.8356 0.8191
0.6812 0.7216 0.8320 0.8870 0.9523 1.1342 1.0653 1.0636 1.0879 1.0915 1.1662 1.1546 1.0444 0.8557 0.8615 0.8043
0.6832 0.8113 0.9244 1.0053 0.9827 1.0102 1.0723 1.0434 1.0840 1.0049 1.0319 1.0699 0.9988 0.9757 0.9276 0.8671
0.8565 0.7732 0.8740 0.8892 1.0109 1.1468 0.9844 1.1735 1.1555 1.1945 1.0737 1.0396 1.1023 0.9380 0.8794 0.9030
0.6917 0.7513 0.7947 0.8162 0.9957 0.9962 1.1164 1.0015 1.0009 1.1099 1.0904 1.0623 1.0191 1.0391 0.8941 0.8964
0.6846 1.0000 0.8664 0.9091 0.9745 1.1401 1.0957 1.0801 1.0823 1.1885 1.0959 0.9190 0.9782 0.8969 0.8728 0.8961
0.8114 0.8018 0.8965 0.8493 1.0407 1.1258 0.9999 1.0620 1.0904 1.2153 1.0709 1.1267 1.0000 0.9790 0.9572 0.9251
0.8456 0.8711 0.8749 0.9756 0.9503 1.0899 1.0834 1.0519 1.0636 0.9770 1.0628 1.1230 1.0014 0.9724 0.9932 0.9529
0.6147 0.7600 0.8919 0.9584 1.0000 1.0632 1.0641 1.0908 1.0432 1.1083 1.0360 1.0674 0.9834 0.8977 1.0000 0.8007
0.8512 0.7874 0.9401 0.9349 1.0674 1.1535 1.1731 0.9882 1.0868 1.1503 1.1536 1.0368 1.0233 0.9312 0.8846 0.8040
0.7464 0.7805 0.8447 0.9450 1.2012 1.0000 1.1045 1.1937 1.1181 1.0761 1.2339 0.9502 0.9540 0.9268 0.9588 0.9546
0.8219 0.9164 0.8685 0.9538 1.0739 1.1006 1.1586 1.1927 1.1969 1.1924 1.1038 0.9645 0.9602 0.9056 0.7880 0.7861
