1.3269 1.1777 1.0594 1.1004 1.0100 0.9490 1.0768 0.9069 1.1367 1.1274 0.8509 0.8242 0.9408 0.8208 0.7881 0.8998
1.0000 1.0533 1.2914 1.2800 1.1407 1.0377 1.0851 0.9661 0.8777 0.9280 0.8852 0.8635 0.8688 0.9252 0.8169 1.0000
1.0773 0.9286 0.9168 1.1671 0.8575 0.9805 1.0000 0.9591 0.9926 1.0253 0.9483 0.9261 1.0442 1.1073 1.0906 1.2165
1.2722 1.1982 1.1405 1.1579 1.0377 1.0558 1.0877 0.8810 0.9768 0.8800 0.8907 0.9375 0.8330 0.9467 0.8108 0.9717
1.3155 1.0033 0.9219 1.0306 0.9391 0.9862 0.9990 0.9057 0.9269 1.0470 0.9861 1.0930 0.8854 1.0964 1.0554 1.3184
1.1799 1.1069 0.9908 1.1159 0.9776 1.0774 1.0750 0.9730 0.9054 1.0185 0.9538 0.8832 0.8911 0.8570 1.0012 0.9925
1.1820 1.0927 1.0536 0.9899 0.9593 0.9508 1.0082 0.9701 0.9021 1.0552 0.9562 0.8375 0.9718 1.0835 1.0000 1.0378
1.3257 1.2325 1.1287 1.0664 1.1014 1.0972 1.0461 1.0045 1.0844 0.9199 0.9232 0.8391 0.8241 0.7877 0.7806 0.8240
0.6647 0.7266 0.8899 0.7550 0.9401 0.9628 0.8277 1.0560 1.0416 0.9028 1.0663 1.0072 1.2203 0.9889 1.2402 1.1865
1.1395 0.9793 0.9623 1.0855 0.9996 0.9640 0.9477 1.1373 0.8623 0.8912 0.9424 0.8881 1.0309 1.0012 1.1127 1.0935
0.6693 0.7149 0.8957 0.8200 0.9701 0.9732 0.9105 1.0029 0.9795 0.9772 1.0663 0.9411 1.2390 1.1067 0.9684 1.2312
1.2832 1.1140 1.1398 1.1698 1.0696 1.0989 1.1206 0.9637 1.0033 0.9025 0.8630 0.8961 0.8676 0.8157 0.8732 0.8142
1.0165 0.8872 0.8386 0.9562 0.8983 0.8971 0.7925 1.0467 0.9617 1.0449 1.1785 0.9832 1.0757 1.1828 1.1251 1.5267
1.1518 1.0803 1.0869 0.9979 0.8634 0.9808 1.0007 1.0389 0.9618 0.8980 0.9669 0.8924 1.0026 0.8953 1.0434 1.0960
1.2402 1.1658 0.9521 0.9251 1.0387 1.0448 0.9905 1.0662 1.0144 0.9068 0.9487 0.9583 0.9561 0.7633 0.7523 0.9076
1.0190 0.9502 1.0345 0.9041 0.9987 1.0447 0.9728 0.9998 1.0000 0.9110 0.9299 1.0785 1.0000 1.0104 1.0271 1.1889
0.9506 0.9365 0.8948 1.0000 0.9786 0.9156 1.0438 1.0477 0.9744 1.0066 1.0529 1.0158 1.0708 1.1077 1.2735 1.2977
1.4409 1.3439 1.0555 1.2656 0.9644 0.9724 1.1163 0.9683 0.8936 1.0000 1.0000 0.9044 1.0000 0.8423 0.9195 0.9362
1.4846 1.0165 1.2193 0.9167 0.8110 1.1137 0.9969 0.9780 1.0867 1.0282 0.9042 1.0209 0.8796 0.8687 0.9649 1.1448
1.1816 1.1325 1.1543 1.1995 0.9686 1.0569 0.9461 0.9296 1.0134 1.0108 0.9047 0.8065 0.8092 0.7479 0.5323 0.5066
1.3073 0.9639 1.0000 0.9590 1.1608 1.0656 0.9132 0.9969 0.9891 0.9841 0.9244 1.0752 0.8731 1.0787 0.9700 1.0397
0.6585 0.7158 0.9701 0.9984 1.0908 1.0029 0.9742 0.9818 0.9480 1.0797 0.9581 0.9872 1.0473 0.9665 1.0028 1.2555
1.0354 0.8639 0.9300 0.9877 0.8602 0.9341 0.8861 0.9186 1.0000 1.0651 0.9335 0.9385 1.1545 1.2637 1.2917 1.5361
1.0435 1.0578 0.8924 1.0213 0.8888 0.9861 0.9429 0.9827 1.0988 0.9213 1.0041 1.0229 0.9624 1.0416 0.5458 1.1013
1.2691 1.0914 0.9937 1.0435 1.0613 1.0426 1.0805 0.9934 1.0205 0.8761 1.0120 0.9288 1.0068 0.8995 0.9206 0.9906
