0.7545 0.8077 0.8849 0.9094 1.0378 1.0830 1.0577 1.1732 1.1359 1.1458 1.0227 0.9741 1.0432 1.0090 0.8627 0.8705
0.8684 0.8802 0.9765 1.0425 1.1131 1.2541 1.2066 0.9346 1.0042 0.9114 1.0788 0.9901 0.9260 0.8441 1.0007 0.7782
0.6685 0.7232 0.9363 0.9256 0.9583 1.0819 1.1275 1.0686 1.0671 1.2138 1.0091 0.9678 0.8945 0.9191 0.9077 0.7410
0.6883 0.7485 0.8756 0.9704 0.9606 1.0934 1.0947 1.0216 0.9835 1.1450 1.1295 0.9804 1.0289 0.9005 0.9329 0.7674
0.7584 0.8035 0.8241 0.9183 1.0000 1.0367 1.0797 1.0406 1.1470 1.2053 1.0296 1.0300 0.9644 1.0352 0.9672 0.8570
0.8534 0.8789 0.8731 0.9634 1.1461 1.0928 1.1816 1.0982 1.1731 1.0855 1.0448 1.0152 0.9810 0.9088 0.8625 0.8422
0.7460 0.8378 0.8776 0.9450 1.0510 1.0576 1.1393 1.1525 1.0866 1.0573 1.0765 1.0356 0.9736 0.9146 0.8306 0.9646
0.8988 0.8090 0.8729 0.9430 1.0000 1.0882 1.1950 1.1129 1.0908 1.0337 1.1374 1.0797 1.0264 0.9298 0.8565 0.9233
0.8180 0.8830 0.8874 0.8927 1.0341 1.0286 1.1308 1.0408 1.0681 1.1040 1.0234 1.0720 0.9780 1.0268 0.9016 0.8485
0.6957 0.7680 0.8765 1.0008 1.0118 1.0234 1.0615 1.1059 0.9769 1.0004 1.1721 0.9567 0.9129 0.9692 0.9964 1.0188
0.7254 0.6649 0.7593 0.8170 0.9615 1.0479 1.1482 1.0379 0.9975 1.0433 1.0034 0.9577 1.0242 0.9859 0.8706 0.9806
0.7542 0.8566 0.9159 0.9788 1.1646 1.1445 1.1160 0.8641 1.0401 1.2230 1.0816 0.9725 0.9497 1.0000 1.0000 0.7177
0.9671 0.9042 0.9180 1.0299 1.1429 1.1016 1.1501 1.0029 1.1123 1.0326 1.0576 1.0229 0.9939 0.8306 0.8350 0.9801
0.9327 0.9270 0.9682 1.0218 1.0057 1.1043 1.1502 1.1193 1.0663 1.0317 1.1456 0.9290 0.9578 1.0000 0.8212 0.8157
0.6836 0.7593 0.8834 0.9020 1.0250 1.1979 1.1071 1.0535 1.0345 1.0407 1.1017 1.1201 1.0068 0.8422 0.8825 0.8052
0.7375 0.8411 0.9379 1.0021 0.9916 1.0282 1.0754 1.0460 1.0599 0.9974 1.0058 1.0720 0.9981 0.9803 0.9291 0.8722
0.9024 0.7694 0.8771 0.8924 1.0391 1.1832 0.9740 1.1582 1.1312 1.1647 1.0266 1.0338 1.1100 0.9273 0.8922 0.9191
0.7083 0.8035 0.8035 0.8309 1.0159 0.9976 1.1198 0.9915 0.9975 1.1064 1.0679 1.0519 1.0155 1.0327 0.8962 0.9231
0.7027 1.0000 0.9207 0.9293 0.9788 1.1520 1.1399 1.0468 1.0525 1.1445 1.0718 0.9026 0.9807 0.8948 0.8837 0.8993
0.8475 0.8339 0.9488 0.8515 1.0588 1.1551 0.9974 1.0694 1.0354 1.1527 1.0245 1.1214 1.0000 0.9638 0.9655 0.9302
0.8792 0.8977 0.8910 0.9704 0.9409 1.0983 1.0524 1.0177 1.0196 0.9672 1.0477 1.1187 1.0124 0.9996 1.0224 0.9731
0.6263 0.7623 0.9094 0.9845 1.0000 1.0581 1.0572 1.0490 1.0237 1.0883 1.0252 1.0708 0.9872 0.9200 1.0000 0.8263
0.8374 0.7811 0.9787 0.9494 1.0588 1.1608 1.1570 0.9256 1.0606 1.1311 1.1405 1.0513 1.0372 0.9426 0.8953 0.8478
0.7793 0.8037 0.8795 0.9479 1.2290 1.0000 1.0718 1.1843 1.0842 1.0406 1.2094 0.9415 0.9364 0.9356 0.9802 0.9785
0.8428 0.9357 0.9010 0.9895 1.1004 1.1192 1.1820 1.1786 1.1604 1.1481 1.0605 0.9737 0.9576 0.8964 0.7766 0.7771
