1.2672 1.1594 1.1190 1.1216 1.0328 0.9884 1.0731 0.8737 1.1355 1.1164 0.8822 0.8577 0.9479 0.7756 0.7962 0.8468
1.0000 1.0357 1.0890 1.2606 1.1472 0.9920 1.0526 1.0051 0.9050 0.9784 0.9460 0.8864 0.9125 0.9580 0.8556 1.0000
1.1854 1.0068 0.9980 1.4109 0.9407 0.9965 1.0000 0.9386 0.9956 1.0391 1.0314 0.9152 1.0170 0.9718 0.9908 0.9845
1.2185 1.0763 1.1112 1.1554 1.0471 1.0605 1.1161 0.9382 1.0005 0.9493 0.9287 0.9385 0.8693 0.8886 0.8282 0.9498
1.4319 1.0871 0.9894 1.0395 0.9236 0.9472 0.9912 0.9602 0.7971 0.9167 1.0266 1.1013 0.8960 1.0719 1.0986 1.2980
1.1126 1.0984 0.9664 1.0785 0.9451 1.0780 1.0853 0.9614 0.8285 1.0750 0.8790 0.9351 0.9225 0.9140 1.0006 1.0888
1.2709 1.1177 1.1094 1.0725 0.9896 0.9155 1.0021 0.9107 0.9027 1.0307 0.9765 0.8277 0.9546 1.0351 1.0000 1.0218
1.2051 1.2586 0.9954 1.0479 1.0862 1.0919 1.0821 1.0401 1.0900 0.9431 0.9593 0.8816 0.8329 0.7861 0.8061 0.9028
0.7033 0.7453 0.9519 0.8094 0.8914 0.9394 0.8738 1.0778 1.0655 0.9536 1.0830 1.0367 1.2024 0.8947 1.2493 1.0892
0.9660 0.9090 0.8654 1.0587 0.9892 1.0015 0.9679 0.9753 0.8886 0.9850 0.9660 0.9622 1.1341 1.0509 1.1482 1.2891
0.6446 0.7613 0.8685 0.8423 0.9198 1.0006 0.9542 1.1290 1.0419 0.9744 1.0125 0.9673 1.1454 1.1247 0.9554 1.0805
1.2659 1.1001 1.1431 1.1761 1.0558 1.1156 1.1472 0.9718 1.0197 0.8785 0.8480 0.8816 0.8633 0.8454 0.9030 0.7698
0.9646 0.9789 0.9648 1.0574 1.0026 0.8742 0.8020 1.1233 0.9055 0.9907 1.1114 0.9046 1.0111 1.1435 1.0703 1.3615
1.0578 0.9673 1.0278 0.8267 0.9134 0.9898 0.9341 1.0684 0.9547 0.9708 1.0413 0.9637 1.0519 0.9753 1.1157 1.1068
1.3201 1.1388 0.9921 0.9817 1.0736 1.0921 1.0676 1.0767 0.9799 0.8092 0.9690 0.9514 0.9004 0.7357 0.7043 0.7884
0.9433 0.9340 1.0431 0.9154 0.8977 1.0378 0.9917 1.0130 1.0000 0.9096 1.0135 0.9467 1.0000 1.1072 1.1260 1.2768
0.9987 0.9225 0.9732 1.0000 0.9471 0.9835 1.0457 0.9419 1.0157 1.0581 1.0759 0.9991 1.0336 0.9918 1.1724 1.2650
1.3712 1.3220 0.9521 1.2781 0.9508 1.0033 1.1362 0.9184 0.9040 1.0000 1.0000 0.9564 1.0000 0.8576 0.9370 0.9606
1.3785 1.0105 1.3125 1.0022 0.8556 1.1354 1.0404 0.9989 1.1146 0.9845 0.9002 0.9578 0.8716 0.8531 0.8878 1.0494
1.1162 1.0885 1.1427 1.1761 0.9724 1.0400 0.9759 0.9606 1.0189 1.0203 0.9320 0.8521 0.8196 0.7529 0.5516 0.5214
1.4284 1.0338 1.0000 1.0006 1.1890 1.1289 0.9995 1.0398 1.0033 0.8437 0.9165 1.0776 0.8835 1.0436 0.9638 0.9262
0.5356 0.6708 0.9480 0.9566 0.9517 1.0174 1.0207 1.0092 0.9809 1.0349 0.9884 1.0965 1.1082 0.9433 0.9515 1.2786
1.0663 0.8835 0.9640 0.8726 0.8752 0.9482 0.9339 0.9940 1.0000 1.2019 0.9477 0.9169 1.0760 1.1972 1.1670 1.1439
1.0196 0.9643 0.8139 0.9787 0.8583 0.9966 0.8882 0.9224 1.1492 0.9774 1.0700 1.0813 1.0271 1.0518 0.5458 1.1431
1.4212 1.1367 1.0874 1.1694 1.1007 1.0948 1.1634 1.0110 1.0093 0.8303 0.9698 0.8766 0.9549 0.8506 0.7844 0.8775
