1.4853 1.4258 1.3063 1.3390 1.0957 0.9718 1.1568 1.0093 0.9692 0.9788 0.7810 0.7855 0.7911 0.7499 0.6335 0.6132
1.0000 0.8097 1.0385 1.0084 0.9114 0.9250 1.0962 1.0081 0.9897 1.1051 1.0569 0.9051 0.9774 1.1429 1.0661 1.0000
1.4452 1.4376 1.5879 2.0255 1.1585 1.1948 1.0000 0.8656 1.0593 1.0530 0.7870 0.7688 0.8661 0.9535 0.8537 0.8327
0.9992 0.8413 0.8026 0.9689 0.8467 0.9558 0.8963 0.9138 1.0885 1.0233 1.0103 1.0674 1.0118 0.9772 1.0461 1.5774
1.2554 1.0171 1.0264 0.9637 1.0544 1.0651 1.2619 1.2277 0.9454 1.1580 1.2893 1.0641 0.9506 1.0464 1.0138 0.9339
0.8308 0.9017 0.7355 0.8690 0.8858 0.9478 1.1404 1.0204 0.9386 1.1370 1.0442 1.2168 1.0792 0.9708 1.1080 1.2730
1.7472 1.4601 1.3317 1.2396 1.1842 1.0338 1.0300 0.8809 0.8264 0.7963 0.7847 0.7479 0.7616 0.9523 1.0000 0.7916
0.9935 0.9135 0.9870 0.9185 0.8581 1.0441 1.0607 1.1037 1.2221 0.9889 0.9934 1.0208 0.9290 0.9488 0.9953 1.1000
1.0707 1.0149 1.2676 1.0946 1.0937 1.3004 0.9758 1.1376 1.1299 0.9391 1.0725 0.9201 0.8828 0.9292 0.9663 1.0539
1.0595 0.8044 1.1626 0.8112 0.9092 0.9776 0.8853 1.1204 0.8675 1.0455 0.9330 1.0684 1.1763 1.1510 1.1165 1.6030
0.7524 1.1670 1.2437 0.8520 1.1529 1.1280 1.0647 1.0905 1.0216 0.9057 0.8530 0.8647 0.9932 0.8500 0.7494 1.3895
0.8008 0.7967 0.8783 0.8889 0.8303 0.9328 1.0308 0.9210 1.0217 1.1430 1.1412 1.1365 1.1321 1.1994 1.1944 1.0172
1.0844 1.0534 1.0455 1.0493 1.0510 1.1661 1.1521 1.4769 0.7656 1.2209 1.0083 0.7558 0.7839 0.7760 0.7150 0.8693
1.1564 0.9260 1.1517 0.9326 0.7638 0.9176 0.9230 1.0208 1.0328 1.0572 1.0780 0.9597 1.0145 0.9401 0.9814 0.9851
1.4833 1.4831 1.0759 1.2053 1.2287 1.0971 1.1238 1.0821 0.9452 0.8045 0.8453 0.7508 0.6544 0.6133 0.6161 0.5976
0.7160 0.9226 0.8686 0.8321 0.8654 0.8505 0.9650 0.9263 1.0000 0.8966 1.1368 1.2030 1.0000 1.3387 1.3733 1.4317
1.1559 0.9411 1.2461 1.0000 1.0561 0.9988 1.0938 1.0595 0.9217 0.9327 0.9110 0.9203 0.8578 0.8671 1.0788 0.9334
0.7813 0.8078 0.8108 0.9029 0.8173 0.8218 1.0388 0.9954 0.9914 1.0000 1.0000 1.2120 1.0000 1.1675 1.1762 1.3042
1.6506 1.3008 1.7218 1.2360 1.0297 1.1787 1.1193 1.0912 1.0055 0.9364 0.8480 0.8098 0.6891 0.6781 0.8079 0.7819
0.7599 0.8383 1.0161 0.9740 0.8876 0.9714 1.0115 1.0143 1.2967 1.1688 1.1723 0.9900 1.0831 1.1253 0.7098 0.7072
1.4004 1.1105 1.0000 1.0465 1.1754 1.1478 1.0284 1.0264 1.0002 0.9647 0.9248 1.0108 0.8386 0.9059 0.8550 0.9259
0.7834 0.6109 0.7943 0.6480 0.8736 0.8674 1.0000 0.9501 1.0156 1.0574 1.0961 1.2935 1.2143 1.1681 1.1535 1.6099
1.0647 1.0911 1.1160 0.9748 1.0493 1.0445 1.1519 1.1286 1.0000 1.5502 0.9538 0.7946 0.8107 0.6508 0.6172 0.8213
0.7684 0.7123 0.8279 0.8686 0.8063 0.7984 0.8478 1.0361 1.2067 1.0926 1.1391 1.1064 1.2922 1.3781 0.7007 1.4792
1.5151 1.3417 1.2036 1.2390 1.1623 1.3341 1.3272 1.2409 1.0101 0.8610 0.8226 0.9686 0.8890 0.8062 0.8083 0.8045
