1.2852 1.1505 1.0632 1.1078 1.0330 0.9671 1.0918 0.8959 1.1279 1.1519 0.8688 0.8388 0.9546 0.8066 0.7947 0.8554
1.0000 1.0640 1.1795 1.2911 1.1316 0.9950 1.0547 0.9823 0.8749 0.9696 0.9114 0.8804 0.9154 0.9380 0.8403 1.0000
1.1242 1.0018 0.9956 1.3854 0.9095 1.0052 1.0000 0.9407 0.9771 1.0767 0.9871 0.9356 1.0123 0.9842 1.0016 1.0247
1.2512 1.1379 1.0988 1.1468 1.0257 1.0488 1.1223 0.9305 0.9896 0.9341 0.9228 0.9399 0.8590 0.9102 0.8286 0.9492
1.3857 1.0498 0.9722 1.0608 0.9505 0.9692 0.9873 0.9281 0.8724 0.9462 0.9325 1.0886 0.8862 1.0773 1.0862 1.3154
1.0902 1.0884 0.9682 1.0457 0.9557 1.0541 1.0702 0.9842 0.8477 1.1068 0.9061 0.9380 0.9325 0.9108 1.0127 1.0649
1.2890 1.1080 1.0933 1.0397 0.9858 0.9318 0.9805 0.9303 0.8831 1.0465 0.9661 0.8315 0.9919 1.0271 1.0000 1.0443
1.2285 1.2122 1.0209 1.0705 1.1111 1.1046 1.0728 1.0172 1.1214 0.9236 0.9234 0.8512 0.8425 0.7917 0.8127 0.8685
0.6735 0.7144 0.9321 0.7913 0.9114 0.9253 0.8429 1.0703 1.0693 0.9539 1.0718 1.0136 1.2175 0.9270 1.2603 1.1362
1.0261 0.9275 0.8821 1.0465 0.9977 0.9771 0.9794 1.0575 0.9141 0.9524 0.9275 0.9523 1.0483 1.0209 1.1519 1.2170
0.6339 0.7518 0.8662 0.8439 0.9266 0.9783 0.9408 1.0924 1.0235 0.9717 1.0244 0.9483 1.1731 1.1118 0.9833 1.1570
1.2370 1.1067 1.1438 1.1613 1.0584 1.1001 1.1106 0.9951 1.0241 0.8962 0.8353 0.8745 0.8716 0.8389 0.9354 0.8046
0.9958 0.9519 0.9274 1.0057 0.9575 0.8771 0.7948 1.1208 0.9356 0.9989 1.1168 0.9159 1.0532 1.1593 1.0894 1.4053
1.1035 1.0173 1.0779 0.8403 0.8842 0.9712 0.9573 1.0687 0.9854 0.9488 1.0074 0.9239 1.0201 0.9464 1.0964 1.0988
1.2858 1.1343 0.9814 0.9988 1.0420 1.0715 1.0380 1.1009 1.0041 0.8408 0.9651 0.9292 0.9301 0.7452 0.7228 0.7985
0.9579 0.9561 1.0308 0.8940 0.9440 1.0398 0.9941 1.0018 1.0000 0.9237 0.9854 0.9841 1.0000 1.0551 1.1079 1.2904
0.9899 0.9405 0.9624 1.0000 0.9884 0.9738 1.0081 0.9626 1.0155 1.0412 1.0536 0.9985 1.0296 1.0128 1.1660 1.2863
1.3674 1.3437 0.9645 1.2572 0.9568 0.9783 1.1382 0.9323 0.8976 1.0000 1.0000 0.9599 1.0000 0.8597 0.9445 0.9631
1.4226 1.0378 1.2491 0.9769 0.8201 1.1356 1.0210 1.0176 1.0820 1.0023 0.8929 0.9841 0.8925 0.8571 0.9105 1.0884
1.0825 1.0634 1.1821 1.1753 0.9794 1.0481 0.9504 0.9780 1.0150 1.0910 0.9400 0.8381 0.8525 0.7561 0.5387 0.5237
1.3455 0.9747 1.0000 0.9531 1.1462 1.0896 0.9376 1.0021 0.9926 0.9250 0.9397 1.1063 0.9370 1.0807 0.9813 0.9661
0.5673 0.7141 0.9769 0.9968 0.9999 1.0093 1.0235 0.9918 0.9489 1.0515 0.9904 1.0601 1.0679 0.9351 0.9499 1.2525
1.0577 0.8778 0.9362 0.9032 0.8864 0.9422 0.8874 0.9668 1.0000 1.1312 0.9366 0.9430 1.0859 1.2572 1.2151 1.2401
0.9931 0.9988 0.8399 0.9881 0.8622 0.9906 0.9116 0.9237 1.1317 0.9427 1.0659 1.0956 1.0207 1.0440 0.5458 1.1305
1.3830 1.1844 1.0582 1.1211 1.0999 1.0693 1.1489 1.0134 1.0097 0.8546 1.0078 0.8856 0.9613 0.8242 0.8098 0.8403
