1.3936 1.2184 1.0514 1.0925 0.9772 0.9352 1.0772 0.8875 1.0967 1.1167 0.8301 0.8322 0.9278 0.8494 0.7907 0.9308
1.0000 1.0980 1.3521 1.2716 1.1228 1.0059 1.1157 0.9699 0.8842 0.9117 0.8666 0.8427 0.8520 0.8943 0.8234 1.0000
1.0111 0.9193 0.8542 1.1984 0.8246 0.9545 1.0000 0.9525 0.9778 1.0445 0.9512 0.9529 1.0710 1.1942 1.0987 1.2805
1.3589 1.2145 1.1881 1.1437 1.0597 1.0551 1.0870 0.9207 0.9470 0.8679 0.8848 0.9488 0.8186 0.9291 0.7959 1.0016
1.2189 0.9638 0.8931 1.0161 0.9638 1.0106 0.9983 0.8940 1.0405 1.1203 0.9160 1.0780 0.8923 1.0823 1.0377 1.2819
1.2370 1.0821 1.0124 1.1584 0.9825 1.0761 1.0557 0.9561 0.9460 1.0004 1.0118 0.8576 0.8711 0.8349 1.0040 0.9375
1.2013 1.1023 1.0462 0.9971 0.9482 0.9582 1.0311 0.9689 0.8894 1.0466 0.9645 0.8311 0.9631 1.0675 1.0000 1.0651
1.3579 1.2173 1.1666 1.1075 1.1415 1.1073 1.0703 1.0211 1.0738 0.8951 0.8939 0.8208 0.7963 0.7864 0.7517 0.7925
0.6440 0.6918 0.8591 0.7185 0.9227 0.9339 0.8128 1.0186 0.9943 0.8831 1.0321 0.9601 1.1870 1.0160 1.1794 1.2877
1.1980 1.0512 1.0258 1.1022 1.0012 0.9636 0.9412 1.2015 0.8588 0.8494 0.9225 0.8682 0.9855 0.9665 1.0663 0.9935
0.7142 0.7388 0.9022 0.8102 0.9863 0.9688 0.9023 1.0074 0.9853 0.9595 1.1207 0.9125 1.2594 1.1015 0.9489 1.3509
1.2930 1.1544 1.2025 1.2333 1.0949 1.1210 1.1392 0.9780 1.0010 0.8733 0.8267 0.8705 0.8495 0.7846 0.8184 0.7789
0.9917 0.8051 0.7968 0.8880 0.8566 0.9228 0.8542 1.0796 0.9483 1.1279 1.2275 1.0105 1.1100 1.2085 1.1816 1.5008
1.2541 1.0861 1.1515 1.0614 0.8585 1.0157 1.0568 1.0238 0.9384 0.8624 0.9232 0.8624 0.9777 0.8595 0.9955 1.0616
1.1359 1.1587 0.9241 0.9061 1.0434 1.0568 0.9858 1.0505 1.0133 0.9626 0.9657 0.9883 0.9716 0.8001 0.8021 0.9657
1.0589 0.9075 1.1117 0.9159 1.0109 1.0484 0.9831 1.0006 1.0000 0.8947 0.9212 1.0987 1.0000 0.9828 0.9749 1.1034
0.9347 0.9155 0.9182 1.0000 1.0115 0.9353 1.0455 1.1394 0.9814 0.9974 1.0340 0.9768 1.0398 1.0566 1.2386 1.2451
1.5403 1.3952 1.0884 1.2976 0.9946 1.0129 1.1425 0.9884 0.9166 1.0000 1.0000 0.8870 1.0000 0.8225 0.8674 0.8604
1.5400 1.0077 1.1868 0.9010 0.8028 1.1053 1.0039 0.9799 1.0808 1.0478 0.9135 1.0132 0.8997 0.8837 0.9978 1.1709
1.1665 1.1179 1.1555 1.2100 0.9849 1.0479 0.9505 0.9110 0.9868 1.0287 0.9225 0.8109 0.8370 0.7980 0.5392 0.5413
1.2619 0.9730 1.0000 0.9205 1.1767 1.1148 0.9302 1.0167 0.9730 1.0496 0.9152 1.0229 0.9245 1.0024 0.8826 1.0415
0.7384 0.7464 0.9827 0.9976 1.0955 1.0063 0.9992 0.9809 0.9393 1.1016 0.9787 0.9894 1.0097 0.9845 0.9667 1.1623
1.0355 0.8900 0.9355 0.9950 0.8607 0.9303 0.8682 0.9000 1.0000 1.1153 0.9352 0.9459 1.1693 1.3175 1.3758 1.7562
1.0459 1.1092 0.9133 1.0560 0.9042 0.9989 0.9672 1.0350 1.1045 0.8906 0.9781 1.0222 0.9107 1.0243 0.5458 1.0446
1.0315 0.8792 0.8601 0.8905 0.9252 0.9607 1.0368 0.9922 0.9588 0.8950 1.0086 1.0130 1.1321 1.0071 1.0861 1.2291
