0.7603 0.8054 0.8844 0.8813 1.0261 1.0977 1.0551 1.1591 1.1756 1.1877 1.0410 1.0139 1.0201 0.9791 0.8550 0.8546
0.8680 0.8680 0.9769 1.0489 1.0872 1.2242 1.2252 0.9593 1.0483 0.9341 1.0971 0.9812 0.9250 0.8613 0.9581 0.7535
0.6628 0.7024 0.8914 0.9096 0.9525 1.0823 1.1313 1.0859 1.0757 1.2342 1.0260 0.9893 0.9014 0.9098 0.8953 0.7293
0.6954 0.7612 0.8716 0.9466 0.9757 1.0778 1.1045 1.0290 1.0089 1.1579 1.1450 0.9742 1.0162 0.8837 0.9112 0.7210
0.7569 0.8066 0.8389 0.9078 1.0000 1.0415 1.1149 1.0656 1.1866 1.1516 1.0354 1.0406 0.9264 1.0198 0.9168 0.7921
0.8245 0.8476 0.8796 0.9723 1.1267 1.0570 1.1817 1.1366 1.1838 1.1287 1.0696 1.0147 0.9666 0.9184 0.8523 0.8410
0.7677 0.8050 0.8603 0.9446 1.0346 1.0668 1.1619 1.1694 1.0919 1.1134 1.1025 1.0504 0.9638 0.9029 0.8247 0.9192
0.8717 0.8086 0.8578 0.9549 1.0000 1.0944 1.2080 1.1415 0.9981 1.0674 1.1859 1.1171 1.0124 0.9309 0.8287 0.9066
0.8499 0.8758 0.8632 0.9002 1.0216 1.0090 1.1313 1.0625 1.1019 1.1297 1.0708 1.0906 0.9641 1.0277 0.8750 0.8301
0.6679 0.7974 0.8752 1.0089 0.9919 1.0292 1.0805 1.1075 1.0449 1.0713 1.1719 0.9975 0.8885 0.9624 0.9607 0.9214
0.7441 0.6552 0.7504 0.8107 0.9224 1.0264 1.1401 1.0488 1.0619 1.0691 1.0325 0.9533 0.9975 0.9670 0.8469 1.0061
0.7394 0.8224 0.9206 1.0004 1.1402 1.1194 1.1436 0.8723 1.0481 1.1992 1.0989 0.9690 0.9237 1.0000 1.0000 0.6954
0.9279 0.9037 0.9430 1.0234 1.1490 1.1453 1.1482 1.0575 1.1208 1.0522 1.0777 0.9926 0.9710 0.8424 0.8083 0.9051
0.9149 0.9137 0.9520 1.0271 1.0110 1.1039 1.1733 1.1459 1.1105 1.0589 1.1592 0.9505 0.9144 1.0000 0.7823 0.7832
0.7082 0.7389 0.8888 0.9032 1.0064 1.1747 1.0553 1.0318 1.0262 1.0694 1.1562 1.1565 1.0331 0.8416 0.8128 0.7533
0.7192 0.8319 0.9543 1.0374 0.9753 1.0494 1.0792 1.0487 1.0846 0.9933 1.0229 1.0517 0.9919 0.9610 0.9022 0.8535
0.8485 0.8004 0.8757 0.9002 1.0354 1.1619 1.0152 1.1430 1.1436 1.1879 1.0861 1.0350 1.0939 0.9152 0.8762 0.8766
0.7033 0.7727 0.7912 0.7984 1.0031 1.0013 1.1249 1.0079 1.0118 1.1115 1.0907 1.0414 1.0070 1.0042 0.8582 0.8556
0.6947 1.0000 0.8800 0.9266 0.9762 1.1605 1.1450 1.0876 1.0794 1.1758 1.1238 0.9229 0.9746 0.8857 0.8357 0.8491
0.8790 0.8591 0.9348 0.8568 1.0522 1.1226 0.9670 1.0698 1.0868 1.1666 1.0783 1.1281 1.0000 0.9585 0.9260 0.8946
0.8733 0.8683 0.8865 0.9797 0.9608 1.1083 1.0869 1.0548 1.0394 1.0041 1.0889 1.1380 1.0177 0.9786 0.9624 0.8732
0.6279 0.7597 0.9159 0.9834 1.0000 1.0812 1.0471 1.0723 1.0466 1.1081 1.0428 1.0323 1.0021 0.8827 1.0000 0.7821
0.8596 0.8104 0.9476 0.9549 1.0746 1.1877 1.1797 0.9697 1.0859 1.1478 1.1799 1.0195 1.0119 0.9292 0.8564 0.7967
0.7554 0.7848 0.8706 0.9312 1.2280 1.0000 1.1072 1.1834 1.1120 1.0733 1.2412 0.9792 0.9433 0.9287 0.9167 0.9097
0.8990 0.9553 0.9038 1.0068 1.1048 1.1065 1.1747 1.1449 1.2101 1.1694 1.0870 0.9570 0.9293 0.8941 0.7396 0.7207
