1.3005 1.1765 1.0898 1.0909 1.0415 0.9666 1.0893 0.8869 1.1272 1.1098 0.8760 0.8269 0.9238 0.8115 0.8223 0.8615
1.0000 1.0803 1.1554 1.2291 1.1693 0.9766 1.0550 0.9723 0.8986 0.9604 0.9099 0.9092 0.9091 0.9527 0.8228 1.0000
1.1304 0.9764 0.9618 1.3493 0.8932 1.0161 1.0000 0.9217 0.9614 1.0495 1.0025 0.9152 1.0356 1.0112 1.0598 1.1043
1.2631 1.1646 1.1031 1.1293 1.0142 1.0407 1.0823 0.9167 0.9850 0.9242 0.9111 0.9627 0.8574 0.9205 0.8432 0.9649
1.3562 1.0427 0.9847 1.0719 0.9420 0.9619 1.0137 0.9089 0.8570 0.9500 0.9472 1.0902 0.9089 1.0897 1.0753 1.3580
1.1374 1.1177 0.9794 1.0904 0.9595 1.0936 1.0796 0.9672 0.8546 1.0930 0.9018 0.8983 0.9044 0.8975 1.0138 1.0365
1.2498 1.1006 1.0799 1.0231 0.9690 0.9372 1.0174 0.9448 0.9012 1.0543 0.9689 0.8294 0.9716 1.0333 1.0000 1.0269
1.2579 1.2386 1.0555 1.0930 1.1112 1.0855 1.0792 1.0172 1.1161 0.9054 0.9342 0.8489 0.8280 0.7907 0.7786 0.8521
0.6796 0.7258 0.9186 0.7901 0.9319 0.9513 0.8334 1.0471 1.0599 0.9255 1.0845 1.0192 1.2525 0.9591 1.2737 1.0719
1.0211 0.9481 0.8854 1.0812 0.9773 0.9836 0.9793 1.0707 0.8726 0.9341 0.9251 0.9484 1.0830 1.0323 1.1299 1.2018
0.6271 0.7309 0.8759 0.8161 0.8998 1.0018 0.9385 1.0781 1.0318 0.9811 1.0454 0.9444 1.1809 1.1248 0.9786 1.1385
1.2215 1.1101 1.1482 1.1571 1.0658 1.1000 1.1304 0.9748 0.9988 0.8810 0.8652 0.9088 0.8840 0.8458 0.8999 0.8088
1.0008 0.9155 0.9086 1.0080 0.9415 0.8697 0.7715 1.1191 0.9552 1.0224 1.1177 0.9145 1.0669 1.1944 1.1125 1.4192
1.1098 1.0170 1.0404 0.8673 0.8651 0.9687 0.9598 1.0588 0.9750 0.9574 0.9753 0.9377 1.0296 0.9604 1.0980 1.1270
1.3576 1.1541 0.9811 0.9660 1.0512 1.0719 1.0210 1.0888 1.0078 0.8765 0.9519 0.9296 0.9166 0.7528 0.7390 0.8098
0.9868 0.9492 1.0224 0.9133 0.9504 1.0279 0.9833 1.0093 1.0000 0.9054 0.9576 0.9917 1.0000 1.0633 1.0983 1.3094
0.9835 0.9604 0.9764 1.0000 0.9523 0.9494 1.0206 0.9721 0.9818 1.0303 1.0553 1.0451 1.0384 1.0576 1.1962 1.3139
1.3576 1.3755 0.9887 1.2430 0.9611 0.9752 1.0974 0.9223 0.8790 1.0000 1.0000 0.9610 1.0000 0.8756 0.9627 0.9734
1.3975 1.0396 1.2399 0.9691 0.8263 1.1217 1.0080 1.0097 1.0660 0.9691 0.9440 0.9974 0.8911 0.8594 0.9258 1.0862
1.1103 1.1033 1.1600 1.1742 0.9890 1.0639 0.9482 0.9529 1.0130 0.9923 0.9174 0.8377 0.7985 0.7654 0.5427 0.5157
1.4129 1.0330 1.0000 0.9793 1.1589 1.0988 0.9155 1.0391 0.9697 0.8949 0.9100 1.0552 0.8989 1.0676 0.9934 0.9713
0.5734 0.6891 0.9859 0.9863 1.0086 1.0268 1.0055 0.9848 0.9525 1.0443 0.9737 1.0577 1.0569 0.9364 0.9865 1.2403
1.0450 0.8913 0.9329 0.9220 0.8545 0.9184 0.8778 0.9496 1.0000 1.1540 0.9454 0.9276 1.1447 1.2550 1.2302 1.2737
1.0040 1.0257 0.8635 1.0181 0.8794 0.9987 0.9078 0.9408 1.1209 0.9340 1.0418 1.0795 0.9971 1.0467 0.5458 1.1026
1.3668 1.1413 1.0366 1.1087 1.1018 1.0608 1.1220 0.9839 1.0054 0.8484 1.0088 0.8941 0.9816 0.8797 0.8803 0.9323
