1.4496 1.3649 1.3093 1.3072 1.0510 0.9615 1.1263 0.9887 0.9797 0.9838 0.7952 0.8132 0.8597 0.8294 0.6541 0.6597
1.0000 0.7804 0.9691 0.9835 0.9081 0.9079 1.0989 1.0059 1.0141 1.1022 1.0590 0.9618 1.0099 1.2002 1.0875 1.0000
1.4832 1.3974 1.4392 1.9978 1.0345 1.1860 1.0000 0.8654 1.1618 1.0896 0.8850 0.7708 0.9110 0.9509 0.8005 0.7629
1.0046 0.8146 0.8197 0.9373 0.8637 0.9083 0.9237 0.8975 1.1234 0.9892 1.0609 1.0898 1.0296 0.9996 1.0114 1.5917
1.2002 0.8560 1.1496 0.9945 1.0026 0.9862 1.3418 1.2129 0.9238 1.2496 1.2511 1.0302 1.0073 1.0013 1.0306 0.9843
0.6775 0.9075 0.6555 0.8286 0.8335 0.9617 1.1449 0.9977 0.9181 1.1583 1.0748 1.2744 1.2903 1.1281 1.2278 1.3714
1.6844 1.3771 1.3348 1.2271 1.1750 1.0402 1.0171 0.8640 0.8631 0.8000 0.8095 0.7733 0.8151 0.9790 1.0000 0.8235
0.9507 0.8594 0.9408 0.8315 0.8054 0.9669 1.0017 1.1330 1.2166 0.9947 1.0203 1.0645 0.9393 0.9781 1.0544 1.1846
1.0652 0.9689 1.2279 1.1240 1.0403 1.2957 0.9653 1.1125 1.1442 0.9835 1.0490 0.9864 0.9313 0.9350 1.0049 1.2012
1.0086 0.7764 1.1594 0.8451 0.9483 1.0233 0.8996 1.1702 0.9194 1.0507 0.9729 0.9818 1.1170 1.0716 1.0752 1.5790
0.6848 1.0591 1.2346 0.8010 1.1612 1.1597 1.0414 1.1031 1.1115 0.9152 0.8842 0.8914 1.0085 0.8675 0.7643 1.3516
0.8381 0.7989 0.8954 0.9044 0.7916 0.9418 1.0542 0.9407 0.9800 1.1535 1.0946 1.1519 1.1310 1.1834 1.2026 0.9769
1.1547 1.1534 1.0735 1.1636 1.1164 1.2698 1.1596 1.5234 0.7516 1.2259 1.0296 0.7394 0.8371 0.9271 0.6997 0.8038
1.0792 0.9241 1.0641 0.8947 0.7806 0.8920 0.8922 1.0266 1.0576 1.0680 1.0856 1.0489 1.0803 1.0541 1.1492 1.1125
1.4005 1.3444 1.0480 1.1194 1.1501 1.0810 1.1149 1.0954 0.9352 0.8078 0.8938 0.8781 0.8106 0.7449 0.7914 0.6812
0.7607 1.0366 0.8171 0.7920 0.8527 0.8514 0.9660 0.8904 1.0000 0.8631 1.1265 1.2204 1.0000 1.4600 1.5019 1.5537
1.1506 0.8820 1.1399 1.0000 0.9749 1.0106 1.0825 1.0850 0.9402 0.9707 0.9562 0.9526 0.9167 0.9755 1.1179 1.0138
0.7848 0.8168 0.8501 0.9270 0.8135 0.8504 1.0653 0.9573 0.9761 1.0000 1.0000 1.1638 1.0000 1.1272 1.1601 1.2121
1.6487 1.2932 1.7249 1.2474 1.0341 1.1837 1.1079 1.0295 1.0081 0.9529 0.8676 0.7553 0.7046 0.7142 0.8968 0.8689
0.8672 0.8747 1.2323 1.0691 0.9812 0.9406 1.1308 1.1066 1.2315 1.2144 1.2300 1.0355 1.2113 1.2314 0.9067 0.6856
1.3900 1.1083 1.0000 1.0426 1.1727 1.1635 1.0412 1.0940 1.0201 0.9730 0.9707 1.0444 0.8686 1.0189 0.8647 0.9527
0.7426 0.6628 0.7810 0.6750 0.8610 0.8991 1.0031 0.9561 1.0129 1.0298 1.0391 1.3311 1.2479 1.1664 1.2006 1.5658
1.0304 1.0672 1.0982 0.8960 0.9966 1.0241 1.1287 1.1397 1.0000 1.5873 1.0259 0.8675 0.9134 0.7245 0.6408 0.8350
0.7108 0.7255 0.8260 0.9181 0.8575 0.8368 0.8566 1.0222 1.1664 1.1063 1.0557 1.1084 1.2764 1.3252 0.7514 1.5476
1.5164 1.4578 1.2439 1.2187 1.1551 1.2639 1.3391 1.2174 1.0916 0.9395 0.9090 0.9925 0.9444 0.9723 0.9176 0.9961
