1.3957 1.2176 1.0505 1.0916 0.9766 0.9347 1.0748 0.8886 1.0979 1.1147 0.8283 0.8302 0.9279 0.8486 0.7916 0.9335
1.0000 1.1022 1.3655 1.2770 1.1258 1.0129 1.1130 0.9681 0.8826 0.9102 0.8630 0.8379 0.8467 0.8908 0.8215 1.0000
1.0143 0.9211 0.8361 1.1924 0.8231 0.9509 1.0000 0.9507 0.9791 1.0428 0.9478 0.9526 1.0685 1.1980 1.0975 1.2841
1.3580 1.2137 1.1888 1.1444 1.0705 1.0548 1.0872 0.9182 0.9466 0.8666 0.8775 0.9456 0.8186 0.9308 0.7959 1.0070
1.2155 0.9621 0.8927 1.0173 0.9598 1.0122 1.0006 0.8952 1.0398 1.1191 0.9242 1.0769 0.8892 1.0735 1.0351 1.2768
1.2452 1.0821 1.0191 1.1565 0.9842 1.0739 1.0556 0.9595 0.9460 0.9977 1.0113 0.8532 0.8682 0.8308 0.9963 0.9295
1.1990 1.1041 1.0441 0.9975 0.9500 0.9567 1.0299 0.9701 0.8881 1.0463 0.9624 0.8301 0.9642 1.0705 1.0000 1.0695
1.3589 1.2178 1.1670 1.1112 1.1419 1.1138 1.0710 1.0221 1.0724 0.9001 0.8904 0.8194 0.7941 0.7856 0.7493 0.7915
0.6450 0.6899 0.8702 0.7223 0.9212 0.9346 0.8131 1.0169 0.9947 0.8825 1.0313 0.9558 1.1842 1.0142 1.1816 1.2877
1.1972 1.0490 1.0223 1.0997 0.9996 0.9606 0.9398 1.2047 0.8588 0.8500 0.9277 0.8718 0.9923 0.9746 1.0738 1.0051
0.7165 0.7435 0.9022 0.8075 0.9831 0.9681 0.9025 1.0103 0.9857 0.9600 1.1192 0.9114 1.2617 1.0993 0.9527 1.3554
1.2950 1.1584 1.2006 1.2338 1.0991 1.1219 1.1379 0.9754 1.0026 0.8715 0.8247 0.8705 0.8504 0.7888 0.8187 0.7798
0.9906 0.8053 0.7962 0.8903 0.8549 0.9248 0.8556 1.0793 0.9514 1.1287 1.2251 0.9973 1.1087 1.2089 1.1797 1.4927
1.2582 1.0887 1.1546 1.0660 0.8594 1.0184 1.0548 1.0253 0.9394 0.8606 0.9222 0.8612 0.9765 0.8565 0.9945 1.0579
1.1325 1.1569 0.9228 0.9063 1.0406 1.0545 0.9851 1.0497 1.0135 0.9634 0.9631 0.9899 0.9761 0.8046 0.7951 0.9792
1.0612 0.9074 1.1183 0.9179 1.0229 1.0477 0.9832 0.9960 1.0000 0.8940 0.9212 1.0983 1.0000 0.9792 0.9721 1.0992
0.9343 0.9159 0.9216 1.0000 1.0145 0.9352 1.0451 1.1437 0.9825 0.9946 1.0293 0.9736 1.0368 1.0536 1.2390 1.2491
1.5474 1.4079 1.0964 1.2992 0.9913 1.0118 1.1376 0.9845 0.9132 1.0000 1.0000 0.8835 1.0000 0.8243 0.8746 0.8664
1.5388 1.0109 1.1908 0.9061 0.8034 1.1039 1.0025 0.9817 1.0829 1.0477 0.9083 1.0125 0.8982 0.8800 0.9970 1.1732
1.1652 1.1201 1.1570 1.2091 0.9848 1.0514 0.9512 0.9098 0.9868 1.0287 0.9191 0.8102 0.8403 0.7986 0.5377 0.5430
1.2869 0.9972 1.0000 0.9394 1.1975 1.1400 0.9320 1.0211 0.9735 1.0507 0.9049 1.0105 0.9084 1.0070 0.8950 1.0532
0.7472 0.7570 0.9908 1.0057 1.1045 1.0110 1.0001 0.9836 0.9431 1.0983 0.9791 0.9833 1.0022 0.9730 0.9591 1.1584
1.0388 0.8871 0.9508 0.9995 0.8656 0.9303 0.8690 0.9020 1.0000 1.1175 0.9306 0.9497 1.1690 1.3230 1.3722 1.7574
1.0470 1.1150 0.9105 1.0555 0.9050 0.9999 0.9672 1.0354 1.1084 0.8922 0.9749 1.0218 0.9104 1.0288 0.5458 1.0432
1.0323 0.8685 0.8635 0.8929 0.9247 0.9620 1.0549 0.9969 0.9598 0.8930 1.0069 1.0106 1.1342 1.0035 1.0918 1.2292
