1.3863 1.1955 1.0266 1.0943 0.9638 0.9323 1.0497 0.8936 1.0953 1.1312 0.8350 0.8495 0.9297 0.8629 0.8221 0.9431
1.0000 1.0975 1.3547 1.2712 1.1241 0.9829 1.1056 0.9533 0.8799 0.9090 0.8549 0.8448 0.8653 0.8877 0.8408 1.0000
1.0512 0.9079 0.8150 1.1983 0.8546 0.9637 1.0000 0.9619 1.0103 1.0265 0.9423 0.9745 1.0488 1.1813 1.0719 1.2523
1.3715 1.2356 1.1805 1.1449 1.0238 1.0538 1.0947 0.9162 0.9533 0.8638 0.8987 0.9491 0.8127 0.9345 0.7887 1.0003
1.2371 0.9996 0.9033 1.0273 0.9831 1.0287 0.9888 0.9054 1.0362 1.1115 0.9253 1.0570 0.8765 1.0670 1.0190 1.2571
1.2546 1.0741 1.0057 1.1465 0.9861 1.0757 1.0552 0.9554 0.9432 0.9789 1.0160 0.8524 0.8644 0.8382 1.0232 0.9586
1.2158 1.0981 1.0581 0.9881 0.9598 0.9483 1.0220 0.9757 0.8828 1.0372 0.9516 0.8136 0.9665 1.0521 1.0000 1.0598
1.3845 1.2301 1.1829 1.1023 1.1430 1.1110 1.0646 0.9948 1.0666 0.8937 0.8946 0.8216 0.7899 0.7727 0.7392 0.8005
0.6414 0.6933 0.8658 0.7313 0.9429 0.9485 0.8094 1.0154 1.0055 0.8678 0.9989 0.9558 1.1904 1.0178 1.1826 1.2501
1.1660 1.0060 1.0098 1.0798 0.9990 0.9712 0.9465 1.2104 0.8761 0.8462 0.9291 0.8756 0.9873 0.9843 1.0518 1.0134
0.7042 0.7326 0.9033 0.8053 0.9865 0.9753 0.8980 0.9958 0.9624 0.9501 1.1065 0.9074 1.2649 1.1020 0.9508 1.3162
1.2914 1.1379 1.1781 1.2293 1.0791 1.1044 1.1353 0.9594 0.9964 0.8817 0.8415 0.8819 0.8380 0.7881 0.8266 0.7977
1.0072 0.8033 0.7904 0.8702 0.8366 0.9167 0.8342 1.0619 0.9648 1.1238 1.1816 1.0313 1.1263 1.2219 1.2231 1.5534
1.2759 1.0895 1.1331 1.0587 0.8390 1.0090 1.0343 1.0209 0.9396 0.8551 0.9314 0.8646 0.9765 0.8556 1.0238 1.0947
1.1344 1.1742 0.9357 0.9139 1.0488 1.0287 0.9812 1.0649 1.0115 0.9700 0.9555 0.9613 0.9605 0.7956 0.8638 0.9624
1.0726 0.8894 1.1167 0.9090 1.0153 1.0416 0.9528 0.9843 1.0000 0.9027 0.9212 1.1113 1.0000 0.9936 0.9824 1.1309
0.9255 0.9330 0.9211 1.0000 1.0000 0.9297 1.0358 1.1174 1.0846 0.9943 1.0416 0.9908 1.0462 1.0681 1.2716 1.2404
1.5074 1.3532 1.0594 1.2752 0.9685 0.9868 1.1188 0.9828 0.9333 1.0000 1.0000 0.9080 1.0000 0.8457 0.8890 0.8825
1.5346 1.0113 1.1648 0.8985 0.7847 1.1141 0.9953 0.9761 1.0785 1.0447 0.9254 1.0238 0.9052 0.8956 1.0021 1.1793
1.1768 1.1274 1.1678 1.2197 0.9742 1.0402 0.9376 0.9103 0.9920 1.0287 0.9063 0.8064 0.8344 0.7917 0.5322 0.5372
1.1687 0.9441 1.0000 0.9212 1.1086 1.0484 0.9002 0.9843 0.9431 1.0341 0.8964 1.0844 0.8746 1.0882 1.0076 1.1287
0.7726 0.7683 0.9952 1.0016 1.1135 1.0122 0.9994 0.9548 0.9255 1.0755 0.9500 0.9948 1.0194 0.9939 1.0074 1.1765
1.0587 0.9154 0.9556 1.0034 0.8584 0.9349 0.8711 0.8981 1.0000 1.0814 0.9230 0.9482 1.1652 1.2896 1.4009 1.7876
1.0477 1.1183 0.9126 1.0714 0.9018 0.9875 0.9730 1.0355 1.0974 0.8876 0.9827 1.0108 0.9157 1.0354 0.5458 1.0448
1.0459 0.8826 0.8519 0.8865 0.9142 0.9381 1.0674 0.9896 0.9548 0.9038 1.0117 1.0406 1.1425 1.0238 1.0879 1.2580
