1.3145 1.1742 1.0929 1.0851 1.0250 0.9675 1.0952 0.8811 1.1164 1.1535 0.8742 0.8376 0.9289 0.7890 0.8021 0.8584
1.0000 1.0630 1.2171 1.2764 1.1660 1.0088 1.0683 0.9820 0.8828 0.9593 0.9092 0.8648 0.8774 0.9218 0.8231 1.0000
1.0738 0.9388 0.9279 1.3048 0.8884 0.9921 1.0000 0.9440 0.9810 1.0429 1.0112 0.9512 1.0433 1.0417 1.0622 1.1322
1.2451 1.1687 1.1094 1.1345 0.9961 1.0597 1.0831 0.9266 0.9975 0.9234 0.9166 0.9508 0.8515 0.9218 0.8255 0.9653
1.3542 1.0066 0.9580 1.0297 0.9339 0.9238 0.9988 0.9255 0.9021 0.9688 0.9949 1.1076 0.9108 1.1064 1.0835 1.3319
1.1385 1.0915 0.9880 1.0897 0.9691 1.0768 1.0559 0.9804 0.8740 1.0463 0.9373 0.9084 0.8954 0.8965 1.0088 1.0153
1.2322 1.0949 1.0690 1.0129 0.9575 0.9546 1.0168 0.9637 0.8876 1.0561 0.9758 0.8445 0.9560 1.0440 1.0000 1.0285
1.2889 1.2322 1.0578 1.1008 1.0951 1.0880 1.0815 1.0384 1.1271 0.8980 0.9134 0.8477 0.8104 0.7762 0.7862 0.8688
0.6849 0.7138 0.9162 0.7779 0.9347 0.9729 0.8497 1.0596 1.0445 0.9190 1.0804 0.9860 1.2237 0.9570 1.2336 1.1650
1.0533 0.9386 0.9149 1.1012 0.9824 0.9711 0.9626 1.0927 0.9199 0.9436 0.9543 0.9191 1.0465 0.9880 1.1236 1.1819
0.6498 0.7292 0.8696 0.8156 0.9343 0.9896 0.9427 1.0473 1.0123 0.9907 1.0639 0.9343 1.1573 1.1220 0.9804 1.1934
1.2418 1.1199 1.1339 1.1651 1.0940 1.0711 1.1286 0.9771 1.0181 0.8836 0.8546 0.9078 0.8758 0.8384 0.9018 0.7905
1.0095 0.8713 0.8580 0.9671 0.8964 0.8604 0.7942 1.1552 0.9375 1.0541 1.1800 0.9538 1.0547 1.1892 1.1110 1.4493
1.1029 1.0291 1.0752 0.8933 0.8711 0.9619 0.9893 1.0640 0.9631 0.9324 0.9692 0.9330 1.0451 0.9548 1.0714 1.1074
1.2403 1.1551 0.9653 0.9624 1.0485 1.0582 1.0262 1.0738 1.0006 0.8645 0.9502 0.9712 0.9487 0.7628 0.7632 0.8507
0.9575 0.9777 1.0371 0.9096 0.9450 1.0285 0.9838 1.0074 1.0000 0.9178 0.9856 1.0084 1.0000 1.0532 1.0670 1.2678
0.9645 0.9539 0.9533 1.0000 0.9593 0.9397 1.0471 0.9810 0.9837 1.0249 1.0576 1.0229 1.0289 1.0832 1.2561 1.3202
1.4579 1.3647 1.0235 1.2619 0.9510 0.9924 1.1308 0.9547 0.8945 1.0000 1.0000 0.9143 1.0000 0.8565 0.9273 0.9645
1.4676 1.0442 1.1990 0.9692 0.8186 1.1313 1.0232 0.9870 1.0689 0.9869 0.8828 0.9993 0.8924 0.8601 0.9516 1.1222
1.1051 1.1590 1.1482 1.1956 0.9846 1.0348 0.9481 0.9417 1.0127 1.0408 0.9227 0.8355 0.8021 0.7571 0.5352 0.5138
1.4098 0.9786 1.0000 0.9524 1.1206 1.0620 0.8952 0.9852 0.9547 0.9008 0.9578 1.1064 0.9059 1.0913 1.0439 1.0222
0.6384 0.7122 0.9852 0.9720 1.0347 1.0252 0.9986 0.9821 0.9565 1.0711 0.9609 1.0543 1.0820 0.9317 0.9589 1.2439
1.0597 0.8532 0.8977 0.9431 0.8531 0.9003 0.8792 0.9491 1.0000 1.1483 0.9356 0.9592 1.1338 1.2592 1.2605 1.3988
1.0264 1.0441 0.8443 0.9965 0.8759 0.9887 0.9068 0.9625 1.1195 0.9160 1.0428 1.0759 1.0008 1.0498 0.5458 1.1147
1.3168 1.0599 0.9864 1.0476 1.0330 1.0423 1.1092 1.0158 1.0308 0.8903 1.0625 0.9164 1.0255 0.8853 0.8964 0.9568
