0.8329 0.8576 0.9360 0.9448 1.0443 1.0848 1.0356 1.1522 1.1471 1.1604 1.0179 0.9049 1.0967 1.0247 0.8805 0.8873
0.9333 0.9221 1.0287 1.1128 1.1686 1.2385 1.2113 0.9002 0.9625 0.8866 1.0510 0.9782 0.9381 0.8353 0.9581 0.7503
0.6950 0.7851 0.9459 0.9811 0.9998 1.0994 1.1384 1.0702 1.0738 1.2240 1.0083 0.9480 0.9133 0.9211 0.8973 0.7092
0.7120 0.7933 0.8973 0.9809 0.9755 1.0982 1.1051 1.0174 0.9528 1.1473 1.1196 0.9815 1.0484 0.9116 0.9285 0.7242
0.8567 0.9292 0.9228 0.9367 1.0000 1.1235 1.1329 1.0604 1.1217 1.2034 0.9970 1.0149 0.9517 1.0024 0.8988 0.7588
0.8918 0.9358 0.9548 0.9848 1.1567 1.1268 1.1577 1.0430 1.1262 1.0937 1.0368 0.9815 0.9350 0.9241 0.8365 0.8156
0.7810 0.8670 0.9285 0.9882 1.0377 1.0543 1.1327 1.1028 1.0918 1.0953 1.0813 1.0544 0.9534 0.8660 0.8246 0.9207
0.9537 0.8506 0.9175 0.9725 1.0000 1.1143 1.1720 1.0531 1.1174 1.0605 1.1470 1.0311 1.0021 0.8999 0.8242 0.8746
0.8469 0.9241 0.8907 0.9248 1.0422 1.0316 1.1787 1.0341 1.0771 1.1208 1.0372 1.0651 0.9722 1.0056 0.8700 0.8165
0.7716 0.8731 0.9575 1.1066 1.0829 1.1048 1.0828 1.1444 0.9659 1.0227 1.1330 0.8815 0.8578 0.9255 0.9109 0.8953
0.8121 0.7514 0.8510 0.8956 1.0144 1.1290 1.1842 1.0631 1.0488 1.1131 1.0286 0.9861 1.0404 0.9847 0.8765 0.9079
0.8017 0.8783 0.9129 1.0203 1.1903 1.1266 1.1323 0.8633 0.9861 1.1802 1.0363 0.9401 0.9248 1.0000 1.0000 0.6276
0.9498 0.8810 0.9509 1.0219 1.1488 1.0969 1.1179 0.9641 1.0893 0.9832 1.0468 0.9520 0.9686 0.8016 0.7520 0.9002
0.9429 0.9534 0.9551 1.0446 0.9950 1.0894 1.1329 1.0791 1.0696 1.0143 1.0708 0.9142 0.9158 1.0000 0.8082 0.7546
0.7185 0.8200 0.9246 0.9739 1.0747 1.2293 1.1402 1.0823 1.0532 1.0193 1.0581 1.1010 0.9679 0.7954 0.8463 0.7363
0.8086 0.8875 0.9641 1.0219 0.9858 1.0520 1.1027 1.0266 1.0401 1.0116 1.0153 1.0688 0.9758 0.9485 0.9012 0.8334
0.9238 0.7867 0.9153 0.9000 1.0867 1.2089 0.9892 1.1482 1.0704 1.1724 1.0038 1.0534 1.0940 0.8941 0.8592 0.8652
0.7186 0.8576 0.8535 0.8717 1.0442 1.0486 1.1450 1.0180 1.0274 1.1374 1.0896 1.0426 1.0062 0.9823 0.9369 0.8904
0.7419 1.0000 0.9470 0.9259 1.0045 1.1719 1.1401 1.0564 1.0526 1.1349 1.0745 0.9059 0.9657 0.8737 0.8696 0.8601
0.9126 0.9349 1.0467 0.9188 1.1204 1.2268 0.9928 1.0640 1.0718 1.1486 0.9542 1.0657 1.0000 0.8822 0.8529 0.7708
0.9236 0.9144 0.9258 1.0061 0.9481 1.1386 1.0615 1.0600 1.0180 0.9362 1.0352 1.0860 1.0268 1.0008 0.9949 0.8632
0.6318 0.7853 0.9211 0.9905 1.0000 1.0403 1.0131 1.0077 0.9905 1.0853 1.0020 1.0659 0.9729 0.9095 1.0000 0.7628
0.8462 0.8071 1.0105 0.9993 1.1142 1.1602 1.1591 0.9260 1.0695 1.1542 1.1389 1.0163 1.0704 0.8884 0.8552 0.7947
0.8194 0.8081 0.9247 0.9648 1.2170 1.0000 1.0574 1.1752 1.1035 1.0018 1.2016 0.9226 0.9418 0.9191 0.9931 0.9474
0.8901 0.9635 0.9087 1.0185 1.1383 1.1426 1.1812 1.1453 1.1173 1.0983 1.0505 0.9197 0.9247 0.8346 0.7018 0.6756
