1.3060 1.1903 1.0453 1.1117 0.9965 0.9746 1.0791 0.9050 1.1251 1.1414 0.8703 0.8327 0.9258 0.8235 0.7996 0.8804
1.0000 1.0693 1.2370 1.2477 1.1522 1.0078 1.0970 0.9776 0.8937 0.9325 0.8876 0.8865 0.8797 0.9156 0.8260 1.0000
1.0680 0.9202 0.9135 1.2338 0.8394 0.9547 1.0000 0.9461 0.9547 1.0436 0.9538 0.9358 1.0501 1.1263 1.0816 1.1960
1.2814 1.1577 1.1394 1.1213 1.0198 1.0812 1.1049 0.8948 0.9641 0.9113 0.9255 0.9646 0.8337 0.9361 0.7990 0.9685
1.3089 1.0199 0.9376 1.0333 0.9493 0.9669 1.0018 0.9087 0.9119 0.9956 0.9518 1.0887 0.8881 1.1225 1.0818 1.3275
1.1728 1.0955 0.9959 1.1012 0.9780 1.0708 1.0500 0.9917 0.8959 1.0421 0.9477 0.8844 0.9013 0.8663 1.0075 0.9929
1.2095 1.1216 1.0528 1.0223 0.9556 0.9547 1.0177 0.9480 0.8781 1.0334 0.9509 0.8374 0.9838 1.0931 1.0000 1.0222
1.3169 1.1905 1.1072 1.0820 1.1201 1.1083 1.0691 1.0252 1.1036 0.9043 0.8963 0.8476 0.8227 0.7715 0.8021 0.8388
0.6620 0.7226 0.8928 0.7667 0.9463 0.9774 0.8349 1.0605 1.0295 0.9136 1.0830 0.9956 1.2301 0.9696 1.2219 1.1725
1.1107 0.9481 0.9162 1.1007 0.9843 0.9551 0.9354 1.1523 0.8802 0.8930 0.9267 0.9203 1.0442 1.0224 1.1411 1.1617
0.6607 0.7283 0.8980 0.8338 0.9433 0.9796 0.9316 1.0130 0.9751 0.9819 1.0764 0.9190 1.1878 1.1175 0.9690 1.2489
1.2426 1.1108 1.1552 1.1995 1.0796 1.0887 1.1203 0.9729 1.0043 0.8803 0.8485 0.8918 0.8794 0.8237 0.8737 0.8277
1.0064 0.8772 0.8410 0.9518 0.8749 0.8728 0.7965 1.1161 0.9142 1.0604 1.1872 0.9907 1.0842 1.1735 1.1360 1.5123
1.1415 1.0518 1.1142 0.9575 0.8570 0.9676 1.0165 1.0584 0.9563 0.9158 0.9671 0.8926 1.0128 0.9073 1.0520 1.0960
1.2245 1.1590 0.9452 0.9169 1.0241 1.0751 1.0275 1.0774 1.0028 0.9075 0.9580 0.9631 0.9241 0.7789 0.7540 0.8916
0.9776 0.9449 1.0462 0.8804 0.9730 1.0421 0.9824 1.0144 1.0000 0.9170 0.9644 1.0741 1.0000 1.0204 1.0566 1.2051
0.9634 0.9553 0.9532 1.0000 0.9878 0.9438 1.0354 1.0349 0.9846 1.0159 1.0330 0.9800 1.0583 1.0505 1.2535 1.2949
1.4362 1.3671 1.0229 1.2630 0.9598 1.0019 1.1247 0.9761 0.8981 1.0000 1.0000 0.9019 1.0000 0.8361 0.9235 0.9381
1.4415 1.0248 1.1688 0.9376 0.8227 1.1105 1.0440 0.9856 1.1033 1.0316 0.9014 0.9977 0.8668 0.8793 0.9550 1.1360
1.1362 1.1061 1.1473 1.2094 0.9930 1.0375 0.9526 0.9494 1.0165 1.0773 0.9076 0.8168 0.7936 0.7621 0.5399 0.5212
1.3261 0.9639 1.0000 0.9369 1.1534 1.0678 0.9291 1.0044 0.9945 0.9681 0.9595 1.0716 0.8885 1.0568 1.0096 1.0267
0.6306 0.7173 0.9859 0.9586 1.0486 1.0231 1.0084 0.9666 0.9359 1.1030 0.9573 1.0001 1.0645 0.9661 0.9814 1.2474
1.0580 0.8719 0.9138 0.9674 0.8557 0.9329 0.8812 0.9403 1.0000 1.1468 0.9267 0.9243 1.1213 1.2758 1.2432 1.4988
1.0181 1.0462 0.8555 1.0237 0.8914 0.9795 0.9205 0.9821 1.1124 0.9323 1.0139 1.0449 0.9668 1.0476 0.5458 1.0998
1.3207 1.0666 0.9955 1.0520 1.0588 1.0596 1.0967 1.0220 1.0203 0.8595 1.0044 0.9066 0.9938 0.9031 0.8884 0.9715
