1.2871 1.1748 1.1594 1.1714 1.0487 0.9964 1.0850 0.8962 1.1075 1.0891 0.8662 0.8288 0.9183 0.7673 0.7924 0.8123
1.0000 1.0418 1.0205 1.2253 1.1345 1.0241 1.0086 0.9888 0.9304 0.9957 0.9508 0.9070 0.9411 0.9920 0.8412 1.0000
1.1496 1.0337 1.0162 1.4787 0.9689 1.0281 1.0000 0.9412 1.0368 1.0932 1.0332 0.9060 0.9973 0.9312 0.9301 0.9339
1.1652 1.0252 1.0572 1.1545 1.0075 1.0670 1.0747 0.9871 1.0410 0.9770 0.9486 0.9582 0.8761 0.8947 0.8623 0.9463
1.4886 1.1048 1.0446 1.0751 0.9286 0.9607 1.0265 0.9644 0.7853 0.8713 1.0197 1.1066 0.9114 1.0138 1.0467 1.2419
1.0328 1.0849 0.9324 0.9792 0.9455 1.0607 1.1196 1.0210 0.8128 1.1376 0.8759 1.0166 0.9367 0.9433 0.9996 1.1320
1.2956 1.1170 1.1192 1.0420 1.0183 0.9330 0.9916 0.8889 0.8971 1.0100 0.9777 0.8685 0.9498 1.0541 1.0000 1.0079
1.1109 1.1874 0.9318 1.0666 1.0364 1.0646 1.0950 1.0918 1.1529 0.9315 0.9606 0.9168 0.8694 0.7627 0.8655 0.9453
0.7200 0.7759 0.9717 0.8057 0.9048 0.9658 0.8823 1.0637 1.0767 0.9503 1.0984 1.0371 1.1839 0.8383 1.2579 1.0409
0.9277 0.8921 0.8122 1.0428 0.9662 0.9997 0.9737 0.9622 0.9037 0.9896 0.9533 1.0002 1.1354 1.0818 1.1800 1.3426
0.6242 0.7602 0.8948 0.8769 0.9037 1.0273 0.9873 1.1073 1.0797 1.0212 0.9228 0.9722 1.0719 1.1167 0.9626 1.0418
1.1715 1.0467 1.0849 1.1637 1.0460 1.0862 1.1269 0.9842 1.0206 0.9094 0.9082 0.9164 0.9217 0.8825 0.9417 0.7870
0.9779 1.0055 0.9887 1.0849 1.0382 0.8835 0.8210 1.1966 0.9074 1.0120 1.1023 0.8550 0.9662 1.0751 1.0084 1.2469
0.9986 0.9067 0.9797 0.7879 0.9095 0.9353 0.9033 1.0681 0.9917 1.0008 1.0427 1.0103 1.1134 1.0217 1.1502 1.1270
1.3870 1.1389 1.0260 0.9894 1.1031 1.0932 1.0619 1.0857 0.9767 0.7725 0.9521 0.9116 0.9034 0.7041 0.6913 0.7644
0.9218 0.9240 1.0561 0.9130 0.9022 1.0534 1.0011 0.9941 1.0000 0.9228 0.9770 0.9167 1.0000 1.0970 1.1519 1.3188
1.0073 0.9218 1.0027 1.0000 0.9343 0.9596 1.0441 0.8952 1.0237 1.0823 1.0742 1.0376 0.9920 1.0010 1.0659 1.2352
1.2522 1.2432 0.8999 1.2392 0.9617 0.9995 1.1600 0.9447 0.9053 1.0000 1.0000 0.9728 1.0000 0.8834 0.9545 0.9765
1.3698 1.0194 1.3408 1.0168 0.8636 1.1819 1.0297 1.0130 1.0926 0.9661 0.9070 0.9504 0.8806 0.8460 0.8563 1.0038
1.0738 1.0632 1.1717 1.1939 0.9605 1.0607 0.9446 0.9829 1.0160 1.1306 0.9329 0.8570 0.8269 0.7897 0.5647 0.5233
1.3578 1.0282 1.0000 1.0124 1.1563 1.1133 0.9439 1.0011 0.9731 0.8152 0.9637 1.1323 0.9329 1.1030 1.0424 0.9011
0.5384 0.6366 0.9458 0.9112 0.9248 1.0367 1.0145 1.0127 0.9914 0.9885 1.0165 1.1352 1.1109 0.9497 0.9664 1.3124
1.0824 0.8749 0.9444 0.8610 0.8856 0.9422 0.9402 0.9908 1.0000 1.2255 0.9800 0.9623 1.0910 1.1600 1.0841 1.0005
0.9750 0.9248 0.7790 0.9465 0.8289 0.9792 0.8416 0.9079 1.1608 1.0310 1.0839 1.1196 1.0917 1.0620 0.5458 1.2123
1.4870 1.2613 1.0866 1.2060 1.1379 1.0931 1.1565 0.9840 0.9794 0.8396 1.0174 0.8826 0.9567 0.7898 0.7694 0.8429
