0.7099 0.7749 0.8498 0.8761 1.0430 1.0750 1.0661 1.1772 1.1818 1.1778 1.0389 1.0091 1.0412 1.0184 0.8632 0.8479
0.8568 0.8591 0.9344 1.0281 1.0800 1.2151 1.2123 0.9946 1.0505 0.9725 1.1364 1.0118 0.9133 0.8508 0.9810 0.7468
0.6611 0.6970 0.9128 0.9112 0.9542 1.0941 1.1505 1.0893 1.0682 1.2339 1.0256 0.9444 0.8987 0.9160 0.8797 0.7205
0.6644 0.7323 0.8495 0.9428 0.9707 1.0916 1.1123 1.0382 1.0209 1.1994 1.1483 0.9659 1.0194 0.8757 0.8872 0.7309
0.6991 0.7966 0.8120 0.9312 1.0000 1.0377 1.0948 1.0561 1.1616 1.2187 1.0444 1.0176 0.9546 1.0195 0.9287 0.8086
0.8419 0.8584 0.8689 0.9519 1.1178 1.0896 1.1545 1.1546 1.1643 1.1222 1.0603 1.0189 0.9551 0.9246 0.8578 0.8582
0.7744 0.8010 0.8530 0.9444 1.0234 1.0624 1.1642 1.1676 1.1161 1.1037 1.1073 1.0593 0.9686 0.9185 0.8054 0.9101
0.8835 0.8063 0.8595 0.9346 1.0000 1.1146 1.2047 1.1189 1.0714 1.0960 1.1673 1.0913 1.0060 0.9000 0.8346 0.9096
0.8199 0.8639 0.8598 0.8753 1.0191 1.0005 1.1319 1.0403 1.0904 1.1399 1.0398 1.1143 0.9715 1.0265 0.8927 0.8343
0.6883 0.7627 0.8774 0.9830 0.9888 1.0185 1.0368 1.1196 1.0392 1.0401 1.2039 1.0033 0.9180 0.9943 0.9681 0.9670
0.7268 0.6495 0.7574 0.7885 0.9604 1.0511 1.1198 1.0538 1.0405 1.0783 1.0352 0.9728 0.9916 0.9596 0.8583 0.9582
0.7536 0.8185 0.9185 0.9669 1.1501 1.1361 1.1341 0.8976 1.0653 1.2099 1.0695 0.9531 0.9426 1.0000 1.0000 0.6875
0.9313 0.8820 0.9147 1.0144 1.1259 1.1289 1.1900 1.0496 1.1419 1.0671 1.0295 1.0153 0.9809 0.8534 0.8136 0.9269
0.8982 0.8814 0.9626 1.0073 1.0006 1.0798 1.1697 1.1384 1.1194 1.0673 1.1730 0.9515 0.9268 1.0000 0.8249 0.7941
0.6844 0.7140 0.8556 0.9164 1.0019 1.1586 1.0999 1.0844 1.0509 1.0731 1.0877 1.1086 0.9764 0.8783 0.9028 0.8144
0.6701 0.7810 0.8967 0.9620 0.9927 1.0571 1.0974 1.0794 1.1013 1.0098 1.0310 1.0807 1.0046 0.9691 0.8925 0.8401
0.8430 0.7964 0.8966 0.9131 1.0410 1.1546 1.0218 1.1768 1.1589 1.1687 1.0743 1.0429 1.0647 0.9230 0.8688 0.8584
0.7168 0.7503 0.7886 0.7992 0.9947 1.0150 1.1245 0.9959 1.0114 1.1040 1.0567 1.0372 1.0138 1.0147 0.8544 0.8900
0.6976 1.0000 0.8860 0.9237 0.9800 1.1256 1.1489 1.0974 1.0836 1.1486 1.1102 0.9289 0.9628 0.9077 0.8625 0.8537
0.8393 0.8358 0.9078 0.8504 1.0351 1.1297 1.0033 1.0468 1.0750 1.2011 1.0789 1.1462 1.0000 0.9616 0.9440 0.9337
0.8566 0.8848 0.8754 0.9832 0.9793 1.1063 1.0713 1.0443 1.0724 0.9907 1.0633 1.1226 1.0134 0.9969 0.9832 0.8851
0.6132 0.7577 0.9078 0.9680 1.0000 1.0782 1.0821 1.0690 1.0553 1.0906 1.0196 1.0312 0.9912 0.9066 1.0000 0.7912
0.8931 0.8012 0.9406 0.9376 1.0655 1.1802 1.1925 0.9806 1.0860 1.1461 1.1538 1.0260 1.0080 0.9314 0.8587 0.8183
0.7378 0.7820 0.8671 0.9263 1.2162 1.0000 1.0894 1.1978 1.1222 1.0931 1.2303 0.9889 0.9393 0.9314 0.9581 0.9309
0.8271 0.9168 0.8935 0.9604 1.0873 1.1113 1.1886 1.1854 1.1542 1.1731 1.1238 0.9609 0.9650 0.9085 0.7757 0.7733
