1.3741 1.1909 1.0597 1.0981 0.9859 0.9508 1.0614 0.8839 1.1057 1.1462 0.8483 0.8372 0.9254 0.8225 0.8009 0.9190
1.0000 1.0873 1.3183 1.2771 1.1283 1.0061 1.0947 0.9652 0.8863 0.9272 0.8728 0.8661 0.8712 0.8863 0.8237 1.0000
1.0514 0.9082 0.9540 1.2102 0.8458 0.9650 1.0000 0.9530 0.9550 1.0316 0.9336 0.9139 1.0171 1.1435 1.0592 1.2475
1.3278 1.2086 1.1572 1.1508 1.0054 1.0695 1.0952 0.9023 0.9489 0.8587 0.8864 0.9355 0.8103 0.9412 0.8028 0.9838
1.2525 0.9606 0.9154 1.0243 0.9649 1.0102 0.9960 0.9032 0.9875 1.0697 0.9451 1.0993 0.8859 1.1015 1.0421 1.2913
1.2142 1.1021 1.0124 1.1198 0.9803 1.0664 1.0573 0.9570 0.9053 1.0167 0.9956 0.8676 0.8877 0.8477 1.0124 0.9651
1.1857 1.0650 1.0368 0.9992 0.9365 0.9488 1.0316 0.9874 0.9042 1.0507 0.9857 0.8553 0.9706 1.0401 1.0000 1.0647
1.3231 1.2159 1.1401 1.0732 1.1334 1.0727 1.0546 1.0040 1.0882 0.8971 0.9249 0.8336 0.8141 0.7986 0.7698 0.8322
0.6535 0.7057 0.8723 0.7561 0.9357 0.9728 0.8466 1.0337 1.0291 0.9097 1.0613 1.0036 1.2142 1.0228 1.2119 1.2292
1.1619 1.0035 0.9862 1.1297 1.0088 0.9864 0.9656 1.1627 0.8923 0.8884 0.9220 0.8880 0.9969 0.9389 1.0484 1.0441
0.6810 0.7370 0.8891 0.8099 0.9517 0.9696 0.8992 1.0753 1.0161 0.9503 1.0668 0.9161 1.2243 1.0868 0.9482 1.3231
1.2488 1.1345 1.1691 1.1873 1.0810 1.1039 1.1424 0.9803 0.9966 0.9029 0.8368 0.8886 0.8599 0.8048 0.8488 0.8049
1.0125 0.8346 0.8161 0.9113 0.8700 0.9050 0.8146 1.0241 0.9436 1.1423 1.2031 1.0250 1.1095 1.1831 1.1457 1.5430
1.1954 1.0809 1.1034 1.0240 0.8565 0.9875 1.0274 1.0382 0.9618 0.9023 0.9453 0.8953 0.9782 0.8800 1.0076 1.0737
1.1872 1.1749 0.9416 0.9225 1.0401 1.0325 0.9850 1.0683 0.9949 0.9334 0.9532 0.9627 0.9449 0.8023 0.7742 0.9241
1.0476 0.9541 1.0615 0.8985 0.9868 1.0628 0.9620 0.9891 1.0000 0.8861 0.9303 1.1031 1.0000 1.0092 0.9892 1.1548
0.9521 0.9255 0.9172 1.0000 0.9710 0.9313 1.0272 1.0791 1.0099 1.0172 1.0448 1.0021 1.0517 1.0757 1.2360 1.2559
1.4641 1.3274 1.0418 1.2641 0.9714 0.9902 1.1314 0.9902 0.9065 1.0000 1.0000 0.8987 1.0000 0.8146 0.8905 0.8843
1.5137 0.9979 1.1777 0.8938 0.7822 1.1054 1.0047 0.9779 1.0887 1.0300 0.9245 1.0132 0.8970 0.8831 1.0057 1.1480
1.1786 1.1127 1.1461 1.2148 0.9792 1.0174 0.9527 0.9380 1.0097 1.0134 0.9120 0.8101 0.8055 0.7665 0.5272 0.5198
1.2465 0.9473 1.0000 0.9225 1.0920 1.0566 0.9320 1.0319 0.9674 1.0429 0.9368 1.0612 0.9019 1.0564 1.0023 1.0774
0.7559 0.7660 1.0018 1.0020 1.1233 1.0284 0.9735 0.9624 0.9210 1.0657 0.9631 0.9502 1.0102 0.9874 0.9934 1.1818
1.0538 0.8879 0.9091 0.9708 0.8635 0.9595 0.8701 0.9296 1.0000 1.1341 0.9117 0.9280 1.1299 1.2395 1.3285 1.6318
1.0324 1.0933 0.9069 1.0583 0.8990 0.9933 0.9525 0.9897 1.1019 0.8843 1.0083 1.0216 0.9375 1.0241 0.5458 1.0669
1.1564 1.0007 0.9100 0.9545 0.9626 0.9806 1.0578 0.9962 0.9836 0.8739 1.0378 0.9649 1.0679 0.9646 1.0364 1.1578
