1.3536 1.1754 1.0470 1.0816 1.0038 0.9422 1.0728 0.8917 1.1016 1.1221 0.8381 0.8407 0.9379 0.8456 0.8017 0.9429
1.0000 1.0799 1.3133 1.2842 1.1662 1.0162 1.0991 0.9678 0.8715 0.9084 0.8569 0.8501 0.8730 0.9044 0.8209 1.0000
1.0090 0.8876 0.8845 1.1970 0.8610 0.9631 1.0000 0.9859 0.9838 1.0512 0.9547 0.9429 1.0340 1.1617 1.0647 1.2615
1.3294 1.2066 1.1647 1.1444 1.0077 1.0627 1.1061 0.9050 0.9593 0.8921 0.9000 0.9359 0.8040 0.9234 0.7926 0.9759
1.2414 0.9518 0.9112 1.0230 0.9611 1.0047 0.9870 0.8856 0.9954 1.0785 0.9724 1.0852 0.8873 1.0981 1.0335 1.3056
1.2103 1.0712 1.0027 1.1146 0.9701 1.0797 1.0652 0.9576 0.9224 1.0414 1.0075 0.8650 0.8900 0.8414 0.9975 0.9522
1.2111 1.0956 1.0392 0.9894 0.9409 0.9443 1.0267 0.9773 0.9021 1.0640 0.9701 0.8540 0.9738 1.0551 1.0000 1.0331
1.3957 1.2416 1.1716 1.1089 1.1021 1.0811 1.0712 0.9954 1.0896 0.8915 0.8808 0.8271 0.7902 0.7745 0.7578 0.8293
0.6776 0.7242 0.8811 0.7648 0.9555 0.9760 0.8406 1.0281 1.0402 0.9091 1.0623 0.9841 1.2064 0.9926 1.2101 1.2405
1.1566 1.0141 0.9984 1.1134 1.0051 0.9665 0.9456 1.1644 0.8683 0.8801 0.9169 0.8727 0.9962 0.9666 1.0908 1.0799
0.6707 0.7245 0.8735 0.7928 0.9404 0.9639 0.8933 1.0674 1.0139 0.9547 1.0846 0.9226 1.2426 1.0917 0.9416 1.3131
1.2824 1.1314 1.1654 1.1963 1.0794 1.1141 1.1225 0.9743 0.9927 0.8929 0.8458 0.8996 0.8694 0.7992 0.8456 0.7976
0.9844 0.8265 0.8145 0.9126 0.8798 0.9197 0.8158 1.0244 0.9415 1.1164 1.2004 1.0117 1.1145 1.1841 1.1549 1.5295
1.2024 1.0748 1.1008 1.0255 0.8656 1.0010 1.0382 1.0452 0.9659 0.8806 0.9498 0.8852 0.9879 0.8716 0.9991 1.0674
1.1839 1.1690 0.9463 0.9266 1.0483 1.0402 0.9781 1.0685 1.0010 0.9368 0.9610 0.9502 0.9454 0.7930 0.7618 0.9201
1.0369 0.9698 1.0518 0.9031 0.9936 1.0515 0.9734 0.9910 1.0000 0.9018 0.9307 1.0921 1.0000 0.9943 1.0036 1.1847
0.9548 0.9445 0.9354 1.0000 0.9799 0.9377 1.0265 1.0761 0.9910 1.0109 1.0415 0.9928 1.0373 1.0688 1.2649 1.2532
1.4666 1.3427 1.0520 1.2571 0.9654 0.9896 1.1165 0.9498 0.8933 1.0000 1.0000 0.9122 1.0000 0.8391 0.9107 0.9158
1.5006 1.0186 1.1952 0.9022 0.7893 1.1094 0.9894 0.9760 1.0827 1.0392 0.9269 1.0034 0.9136 0.8876 0.9877 1.1409
1.1911 1.1239 1.1550 1.2133 0.9819 1.0377 0.9451 0.9179 0.9855 1.0213 0.9081 0.8141 0.8261 0.7654 0.5280 0.5258
1.2528 0.9556 1.0000 0.9559 1.1023 1.0603 0.9358 1.0094 0.9862 1.0334 0.9248 1.0600 0.8955 1.0491 0.9751 1.0619
0.7588 0.7446 0.9942 0.9816 1.1170 1.0077 0.9611 0.9619 0.9258 1.0756 0.9829 0.9953 1.0291 1.0015 0.9828 1.1977
1.0353 0.8711 0.9009 0.9591 0.8523 0.9225 0.8644 0.9111 1.0000 1.1455 0.9455 0.9428 1.1600 1.2636 1.3463 1.6565
1.0408 1.0786 0.9108 1.0556 0.8956 0.9994 0.9551 1.0048 1.0830 0.9124 0.9943 1.0261 0.9163 1.0331 0.5458 1.0451
1.1517 0.9736 0.9082 0.9567 0.9847 0.9947 1.0657 0.9969 0.9977 0.8940 1.0415 0.9680 1.0679 0.9526 1.0260 1.1364
