0.7186 0.7756 0.8615 0.8955 1.0152 1.0953 1.0349 1.1679 1.1686 1.1787 1.0205 1.0197 1.0312 1.0188 0.8523 0.8781
0.8272 0.8403 0.9516 1.0379 1.0945 1.2456 1.2167 0.9633 1.0289 0.9577 1.1055 0.9926 0.9281 0.8545 0.9926 0.7665
0.6473 0.7049 0.9037 0.9179 0.9484 1.0863 1.1284 1.0746 1.0851 1.2439 1.0111 0.9704 0.9029 0.9072 0.8965 0.7271
0.6481 0.7287 0.8367 0.9598 0.9773 1.0678 1.1119 1.0520 0.9959 1.1679 1.1254 0.9799 1.0462 0.8781 0.9245 0.7579
0.7046 0.7664 0.7915 0.8870 1.0000 1.0054 1.0753 1.0493 1.1919 1.2346 1.0575 1.0479 0.9646 1.0304 0.9420 0.8614
0.8117 0.8405 0.8621 0.9488 1.1271 1.0849 1.1800 1.1298 1.1798 1.1088 1.0669 1.0324 0.9750 0.9321 0.8619 0.8584
0.7382 0.7991 0.8451 0.9253 1.0261 1.0370 1.1837 1.1494 1.1078 1.0981 1.0996 1.0461 0.9814 0.9229 0.8321 0.9437
0.8640 0.8023 0.8537 0.9299 1.0000 1.0916 1.2002 1.1276 1.1078 1.0770 1.1410 1.0829 1.0270 0.9307 0.8497 0.9177
0.7981 0.8606 0.8508 0.8672 1.0107 1.0239 1.1288 1.0387 1.0987 1.1280 1.0513 1.1051 0.9800 1.0350 0.8993 0.8420
0.6846 0.7424 0.8246 0.9549 0.9820 1.0254 1.0500 1.1191 0.9905 1.0521 1.1896 0.9719 0.9160 0.9851 1.0007 0.9993
0.7233 0.6562 0.7368 0.7966 0.9571 1.0386 1.1332 1.0371 1.0382 1.0716 1.0264 0.9651 1.0129 0.9742 0.8683 0.9419
0.7322 0.8236 0.9184 0.9869 1.1590 1.1437 1.1247 0.8813 1.0491 1.2308 1.0897 0.9715 0.9555 1.0000 1.0000 0.7212
0.9146 0.8738 0.8924 1.0191 1.1390 1.1227 1.1763 1.0339 1.1271 1.0684 1.0734 1.0184 0.9923 0.8295 0.8390 0.9504
0.8966 0.8971 0.9558 0.9980 0.9952 1.0953 1.1750 1.1416 1.1159 1.0677 1.1554 0.9448 0.9340 1.0000 0.8321 0.7961
0.6795 0.7207 0.8295 0.9001 0.9809 1.1556 1.0873 1.0718 1.0720 1.0913 1.1118 1.1316 1.0082 0.8671 0.8841 0.7911
0.6740 0.8067 0.9201 0.9903 0.9722 1.0378 1.0905 1.0458 1.0928 1.0210 1.0065 1.0649 0.9921 0.9683 0.9305 0.8687
0.8696 0.7813 0.8507 0.8863 1.0405 1.1690 0.9842 1.1770 1.1435 1.1792 1.0606 1.0227 1.1011 0.9305 0.8955 0.9094
0.6921 0.7572 0.7804 0.8063 1.0069 1.0149 1.1104 1.0012 1.0091 1.1164 1.0917 1.0687 1.0256 1.0272 0.8831 0.8910
0.6814 1.0000 0.8974 0.9212 0.9569 1.1332 1.1399 1.0629 1.0729 1.1682 1.0872 0.9122 0.9900 0.8997 0.8713 0.8925
0.8336 0.8142 0.8991 0.8278 1.0192 1.1480 1.0107 1.0731 1.0895 1.1980 1.0661 1.1144 1.0000 0.9786 0.9586 0.9189
0.8581 0.8792 0.8886 0.9697 0.9506 1.0893 1.0818 1.0572 1.0562 0.9760 1.0610 1.1086 1.0092 0.9614 0.9958 0.9511
0.6444 0.7747 0.8983 0.9622 1.0000 1.0618 1.0640 1.0774 1.0435 1.1035 1.0362 1.0579 0.9932 0.9011 1.0000 0.8004
0.8673 0.7866 0.9387 0.9387 1.0765 1.1520 1.1825 0.9715 1.0754 1.1254 1.1614 1.0079 1.0290 0.9324 0.8935 0.8273
0.7562 0.7848 0.8669 0.9327 1.2014 1.0000 1.0915 1.2020 1.1114 1.0835 1.2320 0.9433 0.9429 0.9310 0.9600 0.9598
0.8376 0.9215 0.8772 0.9711 1.0814 1.0998 1.1837 1.1792 1.2010 1.1882 1.1044 0.9839 0.9548 0.8914 0.7656 0.7470
