1.3407 1.1973 1.0388 1.0907 1.0006 0.9528 1.0844 0.8920 1.1149 1.1382 0.8451 0.8295 0.9318 0.8213 0.7993 0.9150
1.0000 1.0857 1.3121 1.2714 1.1469 1.0134 1.1079 0.9764 0.8946 0.9130 0.8642 0.8488 0.8616 0.8973 0.8170 1.0000
1.0073 0.8891 0.9192 1.1707 0.8380 0.9329 1.0000 0.9597 0.9848 1.0603 0.9671 0.9678 1.0422 1.1647 1.0738 1.2468
1.3107 1.1944 1.1730 1.1521 1.0149 1.0715 1.1120 0.9029 0.9563 0.8880 0.8969 0.9460 0.8077 0.9118 0.7850 0.9657
1.2449 0.9793 0.9099 1.0379 0.9494 1.0013 0.9686 0.8880 0.9891 1.0748 0.9534 1.0940 0.8907 1.0744 1.0402 1.3067
1.2240 1.0939 1.0152 1.1349 0.9838 1.0726 1.0661 0.9545 0.9103 1.0260 0.9848 0.8628 0.8775 0.8227 1.0007 0.9711
1.2016 1.1108 1.0403 0.9845 0.9513 0.9587 1.0184 0.9737 0.8750 1.0463 0.9698 0.8292 0.9842 1.0764 1.0000 1.0439
1.3715 1.2310 1.1663 1.1027 1.1086 1.0994 1.0831 0.9972 1.0581 0.8753 0.9034 0.8185 0.8084 0.7871 0.7622 0.8344
0.6612 0.7061 0.8697 0.7416 0.9558 0.9655 0.8502 1.0320 1.0369 0.9152 1.0601 0.9829 1.1946 1.0040 1.2287 1.2380
1.1382 0.9955 0.9785 1.0943 0.9934 0.9670 0.9555 1.1725 0.8809 0.8917 0.9320 0.9003 1.0099 0.9901 1.0840 1.0656
0.6575 0.7160 0.8607 0.7984 0.9355 0.9534 0.8923 1.0686 1.0021 0.9518 1.0829 0.9098 1.2588 1.0849 0.9569 1.3268
1.2837 1.1268 1.1631 1.2017 1.0597 1.0887 1.1371 0.9821 0.9922 0.8862 0.8461 0.8866 0.8622 0.8130 0.8617 0.8190
1.0266 0.8409 0.8041 0.8954 0.8552 0.9046 0.8103 1.0208 0.9357 1.1191 1.1696 1.0155 1.1069 1.2070 1.1532 1.5499
1.2337 1.0920 1.1211 1.0260 0.8521 0.9960 1.0310 1.0556 0.9497 0.8746 0.9470 0.8696 0.9721 0.8742 0.9965 1.0813
1.1972 1.1854 0.9225 0.9101 1.0388 1.0394 0.9691 1.0637 1.0164 0.9248 0.9640 0.9547 0.9690 0.8018 0.7881 0.9345
1.0364 0.9432 1.0422 0.8904 0.9946 1.0561 0.9669 0.9850 1.0000 0.8997 0.9386 1.1174 1.0000 1.0067 1.0070 1.1733
0.9497 0.9264 0.9186 1.0000 0.9820 0.9317 1.0264 1.0965 0.9942 1.0094 1.0463 1.0043 1.0395 1.0741 1.2682 1.2943
1.4854 1.3359 1.0188 1.2765 0.9723 0.9638 1.1185 0.9668 0.8917 1.0000 1.0000 0.8959 1.0000 0.8603 0.9245 0.9369
1.5030 1.0297 1.2089 0.9094 0.7874 1.1128 1.0001 0.9835 1.0620 1.0237 0.8873 0.9978 0.8989 0.8992 0.9900 1.1659
1.1681 1.1334 1.1657 1.2020 0.9755 1.0505 0.9525 0.9375 0.9980 1.0759 0.9011 0.8025 0.8141 0.7580 0.5250 0.5222
1.2618 0.9183 1.0000 0.9620 1.1365 1.0658 0.9384 1.0029 0.9883 1.0500 0.9099 1.0813 0.8803 1.0563 0.9986 1.0590
0.7001 0.7124 0.9531 1.0000 1.1033 1.0126 0.9754 0.9474 0.9132 1.0957 0.9696 0.9797 1.0402 0.9948 1.0129 1.2183
1.0426 0.8664 0.8974 0.9508 0.8398 0.9251 0.8417 0.9113 1.0000 1.1233 0.9382 0.9336 1.1478 1.2707 1.3452 1.6663
1.0279 1.0828 0.8939 1.0415 0.8805 0.9683 0.9586 0.9983 1.0992 0.8890 1.0119 1.0391 0.9315 1.0315 0.5458 1.0747
1.1799 1.0228 0.9227 0.9716 0.9956 0.9985 1.0632 0.9982 1.0049 0.8812 1.0434 0.9483 1.0554 0.9510 0.9969 1.0983
