0.7487 0.7999 0.8861 0.9086 1.0418 1.0977 1.0581 1.1645 1.1299 1.1395 1.0253 0.9699 1.0450 1.0135 0.8691 0.8672
0.8793 0.8844 0.9825 1.0656 1.1046 1.2469 1.2052 0.9328 0.9890 0.9166 1.0764 0.9919 0.9179 0.8433 0.9965 0.7737
0.6703 0.7256 0.9312 0.9249 0.9561 1.0948 1.1249 1.0678 1.0496 1.2112 1.0088 0.9739 0.9019 0.9196 0.9145 0.7186
0.6728 0.7464 0.8800 0.9870 0.9770 1.0832 1.0948 1.0153 0.9727 1.1407 1.1328 0.9696 1.0367 0.9029 0.9348 0.7499
0.7679 0.8135 0.8415 0.9235 1.0000 1.0304 1.0894 1.0368 1.1495 1.2106 1.0302 1.0242 0.9479 1.0467 0.9556 0.8509
0.8557 0.8771 0.8783 0.9622 1.1677 1.0984 1.1609 1.0899 1.1715 1.0737 1.0522 1.0048 0.9762 0.9152 0.8553 0.8586
0.7371 0.8363 0.8726 0.9596 1.0372 1.0551 1.1404 1.1539 1.0981 1.0544 1.0707 1.0502 0.9700 0.9122 0.8291 0.9555
0.9061 0.8079 0.8823 0.9435 1.0000 1.0836 1.1991 1.0975 1.0834 1.0358 1.1425 1.0739 1.0279 0.9343 0.8439 0.9362
0.8133 0.8879 0.8870 0.8961 1.0314 1.0268 1.1446 1.0344 1.0741 1.1106 1.0323 1.0756 0.9793 1.0243 0.8784 0.8390
0.6983 0.7842 0.8870 1.0054 1.0227 1.0399 1.0601 1.1150 0.9817 1.0021 1.1626 0.9376 0.9177 0.9585 0.9874 1.0122
0.7445 0.6769 0.7672 0.8271 0.9688 1.0643 1.1481 1.0279 0.9932 1.0556 0.9979 0.9483 1.0237 0.9819 0.8673 0.9694
0.7549 0.8606 0.9133 0.9806 1.1728 1.1477 1.1270 0.8681 1.0263 1.2260 1.0763 0.9680 0.9472 1.0000 1.0000 0.6995
0.9690 0.9019 0.9100 1.0374 1.1459 1.1132 1.1602 0.9983 1.1176 1.0207 1.0512 1.0122 1.0079 0.8367 0.8299 0.9733
0.9304 0.9308 0.9802 1.0318 1.0024 1.0966 1.1612 1.1171 1.0734 1.0400 1.1333 0.9253 0.9478 1.0000 0.8205 0.8107
0.6733 0.7510 0.8832 0.9142 1.0238 1.1949 1.1047 1.0653 1.0421 1.0432 1.0814 1.1058 0.9777 0.8609 0.8892 0.8173
0.7229 0.8285 0.9295 0.9929 0.9966 1.0227 1.0844 1.0518 1.0547 0.9890 1.0178 1.0743 0.9938 0.9750 0.9311 0.8840
0.8996 0.7587 0.8758 0.8869 1.0506 1.2031 0.9599 1.1584 1.1255 1.1569 1.0351 1.0324 1.1010 0.9298 0.8903 0.9277
0.7010 0.8135 0.8159 0.8309 1.0260 0.9831 1.1229 1.0006 1.0010 1.1065 1.0784 1.0529 0.9988 1.0223 0.8966 0.9191
0.7008 1.0000 0.9151 0.9375 0.9860 1.1436 1.1412 1.0431 1.0550 1.1426 1.0667 0.9071 0.9791 0.8974 0.8928 0.8900
0.8520 0.8353 0.9392 0.8667 1.0487 1.1485 0.9865 1.0581 1.0408 1.1584 1.0252 1.1263 1.0000 0.9694 0.9748 0.9319
0.8927 0.8969 0.8973 0.9635 0.9281 1.0975 1.0572 1.0274 1.0178 0.9719 1.0406 1.1160 1.0043 1.0153 1.0206 0.9656
0.6388 0.7758 0.9215 0.9954 1.0000 1.0601 1.0530 1.0574 1.0108 1.0831 1.0098 1.0732 0.9829 0.9150 1.0000 0.8373
0.8466 0.7883 0.9920 0.9542 1.0443 1.1528 1.1555 0.9268 1.0602 1.1264 1.1413 1.0466 1.0561 0.9383 0.8864 0.8389
0.7735 0.7975 0.8809 0.9579 1.2166 1.0000 1.0662 1.1797 1.0910 1.0317 1.2143 0.9481 0.9353 0.9381 0.9998 0.9721
0.8442 0.9358 0.8916 0.9798 1.1034 1.1198 1.1948 1.1677 1.1687 1.1414 1.0599 0.9620 0.9589 0.9037 0.7820 0.7927
