1.3379 1.2228 1.2766 1.2896 1.1540 1.0486 1.1101 0.9369 1.1371 1.0566 0.9043 0.7737 0.8233 0.6877 0.6538 0.6160
1.0000 0.7772 0.8782 0.9557 1.0030 0.9548 1.0191 0.9943 0.9533 1.1124 1.0824 0.9861 1.0469 1.1819 1.0143 1.0000
1.4184 1.2552 1.4285 2.0373 1.0975 1.1485 1.0000 0.8729 1.0531 0.9655 0.8234 0.7870 0.8637 0.9330 0.7104 0.8072
0.9889 0.7506 0.9150 0.9884 0.8608 0.9760 1.0157 0.9653 1.1278 1.0961 1.0287 1.0181 1.0313 0.9609 1.0088 1.2664
1.4763 1.2245 1.1561 1.0452 0.9975 1.0301 1.1317 1.1254 0.8968 1.0386 1.2212 0.9936 0.8995 0.9337 1.0105 0.9885
0.8411 0.8734 0.7777 0.8935 0.8609 0.9652 1.1494 1.0304 0.8298 1.1867 0.9629 1.1928 1.0522 1.0157 1.1039 1.2825
1.5850 1.2418 1.2204 1.1695 1.1643 0.9705 0.9632 0.8625 0.8861 0.9421 0.9055 0.8328 0.8361 0.9867 1.0000 0.8085
0.9390 1.0030 0.8831 0.9732 0.8802 1.0511 1.1260 1.1634 1.1668 0.9886 0.9971 1.0546 0.8944 0.8210 0.9644 1.0559
0.9318 0.8753 1.1574 0.9774 0.9223 1.0911 0.9541 1.1284 1.1462 0.9496 1.1110 0.9832 1.0544 0.8588 1.1157 1.1268
0.8804 0.7237 1.0017 0.8848 0.9507 0.9844 0.8839 0.9790 0.9365 1.1261 0.9462 1.0637 1.2194 1.1720 1.1925 1.7607
0.6485 0.9914 1.0236 0.8937 0.9663 1.0846 1.0983 1.1640 1.0862 0.9993 0.8357 0.9454 0.9845 0.9734 0.8166 1.2116
0.8792 0.8126 0.8827 0.9390 0.9287 1.0036 1.0668 0.9776 1.0375 1.0502 1.0624 1.1388 1.0975 1.1456 1.1753 0.8738
1.0867 1.1973 1.0920 1.2092 1.0965 1.0917 1.0577 1.3770 0.8110 1.1128 1.1103 0.7466 0.7081 0.7956 0.7002 0.8778
0.9627 0.8047 0.9942 0.8012 0.7892 0.8500 0.8276 1.0638 1.0052 1.0462 1.1522 1.0707 1.1164 1.1045 1.2416 1.1349
1.4335 1.2673 1.0186 1.1003 1.1250 1.0466 1.1870 1.0534 0.9336 0.7986 0.9117 0.8513 0.7423 0.6317 0.6019 0.6237
0.7520 0.8314 0.9158 0.8382 0.8808 0.9170 1.0320 0.9540 1.0000 0.9384 1.0884 1.0378 1.0000 1.2837 1.3349 1.4368
1.1229 0.9065 1.1136 1.0000 0.9041 1.0200 1.0671 0.9110 1.0009 1.0762 1.0081 1.0060 0.9145 0.9710 1.0130 1.0708
0.9210 0.9012 0.8060 1.0362 0.8268 0.9185 1.1109 0.9480 0.9261 1.0000 1.0000 1.1649 1.0000 1.0319 1.0904 1.2051
1.5061 1.2242 1.7237 1.2306 0.9924 1.2359 1.1098 1.0741 1.0205 0.8542 0.8442 0.7719 0.7092 0.7060 0.7418 0.7442
0.8911 0.9437 1.0796 0.9945 0.9729 0.9603 0.9777 1.0368 1.1570 1.5439 1.1164 0.9612 1.0734 0.9201 0.6754 0.6035
1.3875 1.1047 1.0000 1.1239 1.1768 1.1076 1.0282 0.9909 0.9762 0.8255 0.9331 1.0874 0.9112 1.0160 0.9410 0.8849
0.6621 0.5553 0.8312 0.6953 0.8424 0.9491 1.0035 1.0425 1.0201 0.9577 1.0561 1.3476 1.2208 0.9842 1.1184 1.4426
1.0476 0.9801 1.1053 0.8878 1.0397 1.0775 1.0981 1.1623 1.0000 1.4018 1.0229 0.8604 0.8519 0.7449 0.6428 0.7024
0.7699 0.7154 0.6930 0.8042 0.7776 0.8953 0.8400 0.9584 1.1403 1.0891 1.1273 1.2104 1.2848 1.2542 0.5458 1.3943
1.4416 1.3661 1.1811 1.2427 1.1811 1.1713 1.1448 1.0933 1.0422 0.9015 0.8998 0.9450 0.8727 0.8555 0.6982 0.9421
