1.3374 1.2087 1.0700 1.0967 1.0017 0.9483 1.0669 0.9073 1.0890 1.1175 0.8704 0.8351 0.9366 0.8225 0.7960 0.9047
1.0000 1.0820 1.2713 1.2778 1.1237 1.0084 1.0836 0.9753 0.8979 0.9220 0.8791 0.8780 0.8717 0.9120 0.8259 1.0000
1.0466 0.9065 0.9189 1.2047 0.8653 0.9565 1.0000 0.9352 0.9769 1.0398 0.9692 0.9322 1.0392 1.1632 1.0788 1.2299
1.2900 1.1806 1.1680 1.1441 1.0144 1.0713 1.1098 0.8998 0.9819 0.9048 0.9014 0.9403 0.8140 0.9363 0.7856 0.9535
1.2699 0.9919 0.9223 0.9992 0.9391 0.9772 0.9873 0.9116 0.9627 1.0385 0.9932 1.0954 0.8973 1.0980 1.0772 1.3113
1.1904 1.0772 1.0040 1.1138 0.9729 1.0812 1.0497 0.9703 0.9079 1.0365 0.9895 0.8768 0.8882 0.8607 1.0125 0.9767
1.1749 1.1024 1.0428 0.9984 0.9491 0.9469 1.0188 0.9761 0.8987 1.0316 0.9751 0.8336 0.9664 1.0895 1.0000 1.0308
1.3504 1.2099 1.1647 1.0951 1.0950 1.1071 1.0250 0.9985 1.1027 0.9119 0.9057 0.8373 0.8216 0.7783 0.7734 0.8249
0.6699 0.7303 0.8943 0.7443 0.9453 0.9521 0.8254 1.0392 1.0237 0.9027 1.0544 1.0306 1.2095 0.9925 1.2568 1.1551
1.1234 0.9787 0.9767 1.0942 1.0175 0.9709 0.9476 1.1292 0.8672 0.8974 0.9230 0.8941 1.0126 0.9954 1.1100 1.1074
0.6695 0.7034 0.8726 0.8164 0.9460 0.9821 0.9121 1.0417 0.9856 0.9728 1.0765 0.9228 1.2458 1.0861 0.9670 1.2560
1.2701 1.1325 1.1647 1.1975 1.0860 1.1037 1.1317 0.9786 0.9989 0.8743 0.8359 0.8865 0.8524 0.8162 0.8510 0.8111
1.0302 0.8746 0.8536 0.9373 0.9075 0.8928 0.8063 1.0010 0.9320 1.0898 1.1029 0.9805 1.1123 1.2077 1.1375 1.5532
1.1830 1.0931 1.0335 0.9992 0.8704 1.0109 1.0280 1.0407 0.9599 0.9031 0.9496 0.8789 0.9994 0.8804 1.0200 1.1016
1.1992 1.1589 0.9487 0.9261 1.0634 1.0580 0.9936 1.0631 0.9938 0.9185 0.9410 0.9608 0.9590 0.7943 0.7754 0.9180
1.0070 0.9486 1.0664 0.9054 1.0039 1.0612 0.9771 0.9896 1.0000 0.9364 0.9368 1.0443 1.0000 1.0018 1.0190 1.1778
0.9182 0.8997 0.9081 1.0000 0.9647 0.9235 1.0349 1.0869 1.0022 1.0120 1.0555 0.9976 1.0612 1.1276 1.2775 1.2784
1.4541 1.3596 1.0494 1.2362 0.9758 1.0082 1.1221 0.9703 0.9167 1.0000 1.0000 0.9012 1.0000 0.8493 0.9127 0.9143
1.4831 1.0368 1.2464 0.9326 0.7939 1.1176 1.0143 0.9771 1.0600 1.0195 0.8892 0.9969 0.8750 0.8786 0.9721 1.1497
1.1768 1.1222 1.1555 1.2159 0.9830 1.0528 0.9617 0.9331 0.9978 1.0098 0.9016 0.7856 0.7819 0.7433 0.5292 0.5191
1.2412 0.9261 1.0000 0.9421 1.1307 1.0853 0.9258 1.0227 0.9817 0.9949 0.9247 1.0745 0.9008 1.0822 1.0045 1.0364
0.6282 0.7164 0.9714 0.9852 1.0907 0.9905 1.0002 0.9528 0.9277 1.0935 0.9556 0.9994 1.0699 0.9739 0.9863 1.2075
1.0481 0.8594 0.9002 0.9599 0.8311 0.9101 0.8593 0.9061 1.0000 1.1186 0.9505 0.9377 1.1767 1.2626 1.3284 1.5920
1.0402 1.0606 0.8711 1.0319 0.8855 0.9730 0.9393 1.0049 1.1154 0.9266 1.0269 1.0390 0.9340 1.0257 0.5458 1.0679
1.2531 1.0788 0.9702 1.0376 1.0364 1.0278 1.0795 1.0054 1.0152 0.8905 1.0394 0.9179 1.0260 0.9189 0.9258 1.0247
