1.3266 1.2170 1.2615 1.2970 1.1271 1.0571 1.1133 0.9322 1.0500 1.0565 0.9131 0.7966 0.8393 0.7444 0.6453 0.6463
1.0000 0.8405 0.9102 1.0222 1.0423 0.9834 1.0078 1.0031 0.9217 1.0833 1.0607 0.9902 1.0276 1.1582 0.9404 1.0000
1.4307 1.2534 1.3804 2.0430 1.1074 1.2376 1.0000 0.8556 1.1244 1.0157 0.8380 0.7596 0.9008 0.9713 0.8050 0.8211
0.9938 0.7638 0.8817 1.0361 0.8929 0.9739 1.0504 0.9844 1.1148 1.1179 0.9751 0.9976 1.0378 0.9249 1.0122 1.2667
1.4245 1.1381 1.1879 1.0749 0.9351 0.9740 1.0376 1.0963 0.8428 0.9904 1.0096 1.0071 0.8883 0.9838 1.0149 1.1584
0.7781 0.8523 0.7473 0.8368 0.8370 0.9086 1.1486 1.0105 0.7910 1.1675 0.9361 1.2106 1.0967 1.1057 1.1850 1.4271
1.5723 1.2463 1.2348 1.1799 1.1541 0.9499 0.9573 0.8309 0.8883 0.9384 0.9109 0.8566 0.8619 1.0597 1.0000 0.8215
0.9783 1.0908 0.8782 1.0520 0.9257 1.0679 1.1355 1.2024 1.1723 0.9585 0.9975 1.0098 0.8225 0.7735 0.9215 1.0598
0.9201 0.8942 1.1171 0.9770 0.9305 1.0963 0.9297 1.1479 1.1190 0.9574 1.1003 1.0113 1.0508 0.8133 1.1164 1.0675
0.9308 0.7732 0.9891 0.8915 0.9377 1.0019 0.9134 1.0026 0.9726 1.0364 0.9066 1.0598 1.2259 1.1729 1.1785 1.5871
0.5926 0.9830 0.9664 0.8716 0.9071 1.0633 1.0711 1.2124 1.0892 1.0018 0.8369 0.9546 0.9636 1.0244 0.8723 1.1934
0.9147 0.8378 0.8934 0.9496 0.9040 0.9657 1.0758 0.9520 1.0401 1.0444 1.0537 1.0832 1.0799 1.1228 1.1795 0.8733
1.0808 1.1209 1.1256 1.2166 1.1439 1.0575 1.0289 1.3712 0.8650 1.1374 1.0591 0.7415 0.7569 0.7787 0.7282 0.9067
0.9506 0.8006 0.9773 0.7921 0.8512 0.8967 0.8110 1.0717 1.0240 1.0478 1.1102 1.0355 1.1161 1.0915 1.1982 1.1422
1.4725 1.2592 1.0663 1.1392 1.1662 1.0973 1.1638 1.0994 0.9605 0.7422 0.9145 0.8621 0.7705 0.6481 0.6511 0.6472
0.7361 0.9541 0.8826 0.8118 0.8522 0.9276 1.0309 0.9565 1.0000 0.9496 1.0957 1.0554 1.0000 1.2727 1.3677 1.4611
1.1642 0.8974 1.1428 1.0000 0.9071 1.0233 1.0561 0.8955 0.9951 1.0928 0.9970 0.9970 0.9255 0.9498 1.0289 1.0335
0.9356 0.9413 0.7839 1.0739 0.8369 0.9211 1.0838 0.9633 0.9252 1.0000 1.0000 1.0964 1.0000 1.0173 1.1400 1.2613
1.4301 1.1670 1.5972 1.2045 0.9520 1.2033 1.0711 1.0897 1.0845 0.8951 0.8837 0.8459 0.7590 0.7165 0.7580 0.7521
0.8762 0.9242 1.1353 1.0358 0.9999 1.0406 0.9859 1.0515 1.1505 1.5128 1.0485 1.0003 0.9188 0.8582 0.6757 0.6438
1.4844 1.0954 1.0000 1.0934 1.2145 1.1137 1.0302 0.9798 0.9780 0.8422 0.9366 1.0604 0.8747 1.0213 0.9658 0.8806
0.6097 0.5663 0.8299 0.6696 0.7993 0.9200 1.0243 1.0293 1.0631 0.9718 1.0896 1.3061 1.2379 1.0005 1.0673 1.4379
1.0986 0.9970 1.0756 0.8898 1.0308 1.0458 1.1021 1.1439 1.0000 1.3942 1.0379 0.8825 0.8574 0.7881 0.6871 0.7190
0.7575 0.6985 0.6774 0.8346 0.7601 0.8741 0.7973 0.9156 1.1383 1.1141 1.1409 1.2014 1.3346 1.2639 0.5458 1.4963
1.3615 1.2876 1.1251 1.3900 1.2441 1.2097 1.2144 1.1039 0.9869 0.8848 0.9168 0.9896 1.0232 1.0031 0.9615 1.0390
