0.7761 0.8255 0.9007 0.9542 1.0371 1.1154 1.0595 1.2149 1.0816 1.1889 0.9715 1.0265 1.0537 1.0719 0.8664 0.8502
0.8319 0.8912 0.9891 1.0344 1.1111 1.2337 1.1832 0.9832 0.9990 0.9357 1.0492 1.0071 0.9406 0.8624 1.0392 0.8104
0.7039 0.7685 0.9898 0.9788 0.9753 1.1236 1.0827 1.0804 1.0512 1.2281 0.9814 0.8579 0.9718 0.9210 0.9865 0.6651
0.6780 0.7633 0.8984 0.9826 0.9811 1.0949 1.1175 1.0389 0.9012 1.1043 1.1174 0.9313 1.0254 0.9297 1.0128 0.6480
0.7411 0.8513 0.8505 0.9187 1.0000 1.0366 1.0935 1.0268 1.1325 1.2016 1.0222 1.0022 1.0069 1.0893 1.0326 0.9499
0.8767 0.9038 0.8941 0.9809 1.1474 1.0657 1.1579 1.0083 1.1953 1.1259 1.0415 1.0202 0.9787 0.9531 0.8563 0.7962
0.7525 0.8659 0.9250 0.9848 1.0553 0.9857 1.1763 1.2022 1.1231 0.9927 1.0740 1.0463 1.0136 0.9495 0.8379 0.7727
0.9448 0.8667 0.9319 0.9894 1.0000 1.1744 1.2457 1.0686 1.0654 1.0612 1.0903 1.0925 1.0532 0.8356 0.8257 0.7488
0.8488 0.9148 0.8929 0.8833 1.0324 1.0591 1.1445 1.0381 1.0594 1.1282 1.0253 1.1197 0.9676 1.0406 0.9055 0.7491
0.7199 0.7727 0.8724 0.9990 0.9803 1.0583 1.0892 1.1396 0.9874 1.0364 1.1636 0.8509 0.8635 0.9617 1.0202 1.0487
0.7937 0.7299 0.7991 0.8768 1.0006 1.1143 1.1954 1.0673 1.0619 1.1494 1.0179 1.0147 1.1126 1.0255 0.8404 0.8620
0.7769 0.8906 0.8982 1.0359 1.1993 1.1801 1.1784 0.8782 0.9232 1.2224 1.0004 0.9104 0.9119 1.0000 1.0000 0.6490
0.9468 0.9019 0.9128 1.0295 1.1200 1.0813 1.1138 0.9886 1.0883 0.9705 0.9949 1.0424 0.9943 0.8477 0.8113 0.9376
0.9396 0.9194 0.9391 1.0180 0.9803 1.0620 1.1129 1.1044 1.0695 1.0386 1.1039 0.9286 0.9615 1.0000 0.8284 0.7438
0.7052 0.7624 0.8713 0.9056 0.9840 1.1618 1.0745 1.0774 1.0354 1.0321 1.0892 1.1424 1.0271 0.8598 0.9238 0.8658
0.6982 0.8715 0.9856 1.0169 1.0065 1.0569 1.0791 0.9859 1.0742 0.9560 1.0179 1.0908 1.0185 0.9566 0.8939 0.7318
0.8799 0.7440 0.9009 0.8881 1.0349 1.1673 0.9449 1.1623 1.1273 1.1881 1.0413 1.0754 1.1344 0.9235 0.8620 0.9176
0.7307 0.8465 0.9060 0.8970 1.0767 0.9974 1.2059 1.0589 1.0337 1.1568 1.1237 1.0120 0.9044 0.8549 0.9616 0.9267
0.7077 1.0000 0.9503 0.9330 0.9731 1.1693 1.1232 0.9996 1.0600 1.1558 1.0968 0.9036 0.9918 0.8852 0.8910 0.8709
0.8375 0.8648 0.9524 0.8459 1.0502 1.1717 0.9840 1.0591 1.0509 1.1490 0.9905 1.1444 1.0000 1.0137 0.9798 0.9083
0.9250 0.9264 0.9042 0.9645 0.9358 1.1581 1.1160 1.0883 1.0792 0.9520 1.0763 1.1137 1.0183 0.9866 0.9423 0.6739
0.6237 0.8440 0.9872 1.0494 1.0000 1.1677 1.1322 1.0862 0.9797 0.9997 0.9755 0.9859 0.8427 0.8006 1.0000 0.5722
0.9243 0.8739 1.0158 0.9853 1.1343 1.1223 1.1722 0.9770 1.0279 1.0701 1.1044 1.0188 1.0342 0.9287 0.8650 0.7505
0.8166 0.8377 0.9245 1.0187 1.3016 1.0000 1.0922 1.2242 1.1247 1.0274 1.2023 0.8165 0.9297 0.9153 0.9302 0.8322
0.8516 0.9537 0.8950 0.9875 1.1348 1.1173 1.1849 1.1660 1.1189 1.1232 1.0508 0.8962 0.9420 0.8479 0.7251 0.7434
