1.3478 1.1745 1.0141 1.0850 0.9948 0.9423 1.0865 0.9105 1.1219 1.1487 0.8517 0.8464 0.9221 0.8326 0.8013 0.9244
1.0000 1.0888 1.3028 1.2711 1.1453 1.0038 1.1065 0.9664 0.8844 0.9089 0.8747 0.8492 0.8650 0.9016 0.8388 1.0000
1.0145 0.8901 0.9157 1.1652 0.8286 0.9338 1.0000 0.9526 0.9823 1.0477 0.9465 0.9549 1.0597 1.1685 1.0715 1.2481
1.3440 1.1990 1.1401 1.1547 1.0123 1.0521 1.0987 0.9030 0.9636 0.8651 0.9032 0.9405 0.8111 0.9241 0.8061 0.9803
1.2372 0.9544 0.8762 1.0230 0.9526 0.9914 0.9687 0.9027 0.9895 1.0828 0.9946 1.1023 0.9048 1.0946 1.0717 1.3188
1.1821 1.0683 0.9797 1.1235 0.9777 1.0813 1.0647 0.9701 0.9378 1.0249 0.9958 0.8761 0.8911 0.8510 1.0058 0.9660
1.1808 1.0770 1.0296 1.0037 0.9730 0.9513 1.0193 0.9770 0.9096 1.0499 0.9560 0.8372 0.9707 1.0746 1.0000 1.0428
1.3505 1.2216 1.1516 1.0906 1.1005 1.0889 1.0685 0.9999 1.0813 0.8937 0.8902 0.8413 0.8102 0.7901 0.7656 0.8320
0.6556 0.7078 0.8682 0.7535 0.9599 0.9589 0.8351 1.0357 1.0416 0.9068 1.0631 0.9799 1.2164 1.0139 1.2268 1.2134
1.1281 0.9964 0.9741 1.0912 1.0035 0.9868 0.9583 1.1698 0.8759 0.8762 0.9133 0.8858 1.0143 0.9704 1.0746 1.1008
0.6637 0.7339 0.8840 0.8038 0.9359 0.9426 0.9103 1.0605 1.0214 0.9600 1.0658 0.9167 1.2377 1.0893 0.9670 1.3194
1.2973 1.1508 1.1691 1.1813 1.0761 1.0957 1.0966 0.9731 1.0051 0.8804 0.8451 0.8932 0.8553 0.8058 0.8622 0.8066
1.0173 0.8172 0.7987 0.9070 0.8627 0.8950 0.8164 1.0145 0.9456 1.1293 1.1653 1.0142 1.1113 1.2092 1.1595 1.5346
1.2221 1.0800 1.1032 1.0112 0.8468 1.0031 1.0195 1.0347 0.9610 0.8767 0.9450 0.8848 0.9886 0.8979 1.0196 1.0840
1.1987 1.1692 0.9419 0.9029 1.0357 1.0390 0.9821 1.0634 0.9993 0.9366 0.9601 0.9896 0.9541 0.7956 0.7694 0.9202
1.0417 0.9608 1.0420 0.9082 0.9870 1.0481 0.9662 0.9856 1.0000 0.8951 0.9303 1.0906 1.0000 1.0171 1.0211 1.1772
0.9469 0.9326 0.9326 1.0000 0.9934 0.9358 1.0267 1.0810 0.9916 1.0123 1.0246 0.9871 1.0441 1.0896 1.2679 1.2820
1.4876 1.3907 1.0603 1.2844 0.9866 0.9886 1.0929 0.9515 0.8879 1.0000 1.0000 0.8802 1.0000 0.8394 0.9201 0.9154
1.4716 1.0082 1.2024 0.9106 0.7969 1.1107 0.9969 0.9866 1.0765 1.0357 0.8923 0.9910 0.8979 0.8928 0.9909 1.1560
1.1753 1.1155 1.1538 1.2230 0.9750 1.0429 0.9504 0.9287 0.9994 1.0065 0.8983 0.8017 0.7899 0.7812 0.5340 0.5295
1.1945 0.9096 1.0000 0.9170 1.1011 1.0477 0.9129 1.0322 1.0144 1.0749 0.9459 1.0652 0.9248 1.0427 0.9923 1.0879
0.7462 0.7321 0.9814 0.9790 1.0893 1.0001 0.9681 0.9369 0.9396 1.0642 0.9723 1.0047 1.0418 1.0147 1.0288 1.2328
1.0351 0.8854 0.9024 0.9510 0.8478 0.9252 0.8659 0.8951 1.0000 1.1152 0.9351 0.9503 1.1460 1.2857 1.3469 1.6991
1.0282 1.0574 0.8848 1.0378 0.8827 0.9776 0.9401 1.0041 1.0973 0.9149 1.0161 1.0492 0.9442 1.0394 0.5458 1.0687
1.1525 1.0001 0.9285 0.9700 0.9848 0.9934 1.0595 1.0011 0.9962 0.8787 1.0397 0.9810 1.0501 0.9545 1.0080 1.1170
