0.7266 0.7753 0.8614 0.8903 1.0038 1.0822 1.0453 1.1791 1.1701 1.1741 1.0261 1.0165 1.0340 1.0267 0.8697 0.8665
0.8299 0.8285 0.9445 1.0372 1.0838 1.2262 1.2076 0.9712 1.0289 0.9609 1.1055 1.0049 0.9311 0.8663 1.0062 0.7697
0.6389 0.6940 0.9018 0.9033 0.9475 1.0841 1.1333 1.0780 1.0779 1.2424 1.0043 0.9588 0.9064 0.9265 0.9061 0.7308
0.6553 0.7304 0.8460 0.9455 0.9683 1.0685 1.1125 1.0484 1.0036 1.1707 1.1259 0.9667 1.0384 0.8921 0.9344 0.7610
0.7000 0.7453 0.7836 0.8960 1.0000 1.0027 1.0612 1.0701 1.1902 1.2344 1.0396 1.0340 0.9719 1.0496 0.9565 0.8642
0.8175 0.8388 0.8499 0.9388 1.1360 1.0849 1.1909 1.0974 1.1794 1.1355 1.0629 1.0202 0.9817 0.9235 0.8685 0.8664
0.7504 0.8226 0.8647 0.9281 1.0284 1.0304 1.1539 1.1682 1.1021 1.0800 1.0910 1.0397 0.9792 0.9280 0.8323 0.9502
0.8637 0.8035 0.8545 0.9264 1.0000 1.0880 1.1875 1.1130 1.1054 1.0806 1.1529 1.0948 1.0294 0.9373 0.8477 0.9220
0.8096 0.8677 0.8667 0.8642 1.0072 1.0171 1.1267 1.0347 1.1045 1.1200 1.0537 1.0978 0.9873 1.0379 0.8962 0.8518
0.6902 0.7437 0.8572 0.9404 0.9898 1.0069 1.0543 1.1171 0.9969 1.0457 1.1893 0.9774 0.9177 0.9819 0.9960 1.0098
0.7080 0.6346 0.7265 0.7920 0.9398 1.0315 1.1281 1.0398 1.0287 1.0795 1.0279 0.9649 1.0168 0.9782 0.8752 0.9524
0.7345 0.8274 0.9078 0.9717 1.1624 1.1396 1.1302 0.8893 1.0439 1.2402 1.0882 0.9820 0.9460 1.0000 1.0000 0.6890
0.9229 0.8764 0.8961 1.0080 1.1475 1.0999 1.1732 1.0304 1.1174 1.0532 1.0795 1.0246 1.0044 0.8489 0.8310 0.9575
0.8835 0.8996 0.9604 1.0104 0.9906 1.1126 1.1749 1.1367 1.1086 1.0609 1.1608 0.9273 0.9345 1.0000 0.8369 0.8051
0.6717 0.7390 0.8422 0.8833 0.9802 1.1744 1.0727 1.0416 1.0718 1.0794 1.1007 1.1205 1.0018 0.8891 0.9135 0.8399
0.6665 0.7915 0.9129 0.9981 0.9743 1.0328 1.1022 1.0355 1.0905 0.9950 1.0136 1.0625 1.0072 0.9625 0.9289 0.8792
0.8775 0.7767 0.8686 0.8808 1.0267 1.1531 0.9932 1.1727 1.1537 1.1922 1.0580 1.0281 1.0912 0.9354 0.8891 0.9080
0.6997 0.7611 0.7850 0.8122 1.0096 1.0010 1.1266 0.9890 0.9917 1.0915 1.0977 1.0608 1.0301 1.0435 0.8832 0.9172
0.6853 1.0000 0.8906 0.9095 0.9772 1.1240 1.1139 1.0696 1.0841 1.1786 1.0754 0.9064 0.9894 0.9121 0.8722 0.9019
0.8358 0.7986 0.9134 0.8409 1.0430 1.1358 1.0106 1.0825 1.0626 1.1802 1.0505 1.1240 1.0000 0.9795 0.9655 0.9286
0.8517 0.8676 0.8785 0.9710 0.9367 1.0947 1.0757 1.0510 1.0561 0.9762 1.0629 1.1222 0.9994 0.9803 1.0053 0.9490
0.6275 0.7742 0.9082 0.9855 1.0000 1.0729 1.0515 1.0610 1.0447 1.1036 1.0260 1.0557 0.9860 0.9101 1.0000 0.7967
0.8518 0.7822 0.9479 0.9522 1.0644 1.1640 1.1648 0.9698 1.0845 1.1349 1.1534 1.0156 1.0243 0.9247 0.8944 0.8298
0.7585 0.7765 0.8529 0.9368 1.2109 1.0000 1.0937 1.1829 1.1103 1.0655 1.2517 0.9468 0.9484 0.9332 0.9628 0.9643
0.8170 0.9202 0.8765 0.9671 1.0830 1.1058 1.1734 1.1888 1.2044 1.1947 1.1016 0.9875 0.9602 0.8996 0.7744 0.7433
