1.3061 1.1751 1.0713 1.1186 1.0081 0.9583 1.0838 0.8862 1.1405 1.1663 0.8601 0.8321 0.9250 0.8145 0.7943 0.8585
1.0000 1.0525 1.2126 1.2763 1.1505 1.0202 1.0634 0.9817 0.8761 0.9433 0.9131 0.8943 0.8850 0.9127 0.8271 1.0000
1.0982 0.9385 0.8997 1.3265 0.8865 0.9792 1.0000 0.9395 0.9749 1.0546 1.0028 0.9452 1.0337 1.0380 1.0794 1.1260
1.3024 1.1790 1.1350 1.1103 1.0067 1.0512 1.1008 0.9145 0.9996 0.8903 0.9038 0.9282 0.8418 0.9350 0.8173 0.9820
1.3786 1.0236 0.9421 1.0288 0.9512 0.9344 0.9935 0.9373 0.8984 0.9785 0.9804 1.1018 0.9119 1.1013 1.0929 1.3339
1.1256 1.0684 0.9319 1.0831 0.9684 1.0682 1.0557 0.9839 0.8786 1.0731 0.9581 0.9248 0.9282 0.9167 1.0093 1.0118
1.1835 1.0969 1.0480 0.9962 0.9653 0.9391 1.0110 0.9738 0.8961 1.0563 0.9610 0.8462 0.9693 1.0453 1.0000 1.0583
1.3067 1.2152 1.1030 1.0643 1.1085 1.0925 1.0847 1.0128 1.0983 0.9062 0.9067 0.8512 0.8248 0.7662 0.8033 0.8651
0.6781 0.7432 0.9061 0.7784 0.9265 0.9721 0.8393 1.0476 1.0586 0.9102 1.0567 1.0178 1.2070 0.9620 1.2406 1.1607
1.1044 0.9288 0.9334 1.0824 1.0113 0.9969 0.9536 1.0777 0.8915 0.9202 0.9266 0.9227 1.0246 1.0022 1.1186 1.1762
0.6534 0.7305 0.8815 0.8327 0.9249 0.9810 0.9382 1.0393 0.9950 0.9685 1.0698 0.9398 1.1715 1.1151 0.9871 1.2158
1.2362 1.1170 1.1464 1.1892 1.0486 1.0947 1.1226 0.9538 1.0352 0.8917 0.8433 0.8890 0.8769 0.8395 0.8932 0.8196
0.9722 0.8766 0.8585 0.9833 0.9142 0.8716 0.7970 1.1600 0.9353 1.0545 1.1708 0.9529 1.0795 1.1674 1.1041 1.4462
1.1187 1.0378 1.0899 0.9040 0.8610 0.9551 0.9942 1.0577 0.9640 0.9128 0.9814 0.9326 1.0260 0.9173 1.0953 1.1088
1.2678 1.1554 0.9517 0.9632 1.0338 1.0635 1.0194 1.0909 1.0091 0.8619 0.9503 0.9524 0.9379 0.7650 0.7470 0.8585
0.9748 0.9324 1.0438 0.9003 0.9355 1.0595 0.9611 1.0072 1.0000 0.9175 0.9739 1.0393 1.0000 1.0587 1.0870 1.2636
0.9418 0.9569 0.9599 1.0000 0.9796 0.9492 1.0485 1.0117 0.9870 1.0336 1.0427 1.0053 1.0197 1.0794 1.2329 1.3114
1.4057 1.3346 1.0396 1.2518 0.9709 0.9768 1.1287 0.9824 0.8915 1.0000 1.0000 0.9309 1.0000 0.8276 0.9382 0.9346
1.4681 1.0222 1.2535 0.9609 0.8263 1.1431 1.0366 0.9839 1.0746 1.0054 0.8736 0.9895 0.9054 0.8658 0.9352 1.1094
1.1216 1.1053 1.1560 1.1863 0.9876 1.0048 0.9512 0.9419 1.0275 1.0650 0.9169 0.8322 0.8419 0.7928 0.5577 0.5299
1.3138 0.9865 1.0000 0.9484 1.1740 1.0735 0.9153 0.9768 0.9745 0.9450 0.9257 1.1119 0.8993 1.0642 1.0321 1.0072
0.6162 0.7055 0.9641 0.9958 1.0270 1.0142 0.9947 0.9915 0.9422 1.0865 0.9752 1.0378 1.0497 0.9497 0.9850 1.2427
1.0413 0.8596 0.9174 0.9449 0.8700 0.9112 0.8992 0.9454 1.0000 1.1149 0.9583 0.9506 1.0983 1.2330 1.2827 1.4020
1.0163 1.0422 0.8599 1.0037 0.8999 0.9808 0.9148 0.9849 1.1298 0.9092 1.0247 1.0471 0.9864 1.0228 0.5458 1.1155
1.3716 1.1234 1.0372 1.0551 1.0847 1.0614 1.1291 0.9892 0.9954 0.8627 0.9962 0.8778 1.0120 0.8645 0.8789 0.9716
