1.2724 1.1532 1.1683 1.2001 1.1028 1.0565 1.1424 0.9019 1.1276 1.0832 0.8988 0.8304 0.8824 0.7086 0.7509 0.6787
1.0000 0.9829 0.9579 1.0827 1.1295 0.9626 0.9715 0.9753 0.9042 1.0896 1.0372 0.9607 0.9997 1.0748 0.8683 1.0000
1.3220 1.1807 1.1323 1.7522 1.1252 1.0958 1.0000 0.9336 1.0463 1.0521 1.0077 0.8347 0.8992 0.9225 0.8082 0.7837
1.0809 0.8979 1.0080 1.1103 0.9879 0.9960 1.0953 0.9885 1.0901 1.0615 0.9922 0.9443 0.9595 0.8790 0.9369 0.9972
1.4993 1.1519 1.0606 1.0934 0.9523 0.9461 1.0153 0.9929 0.7999 0.9046 1.0405 1.0544 0.9200 0.9957 0.9827 1.1844
0.9538 1.0208 0.8551 0.9325 0.8828 1.0261 1.1143 1.0090 0.8166 1.1824 0.9014 1.1060 0.9845 0.9948 0.9894 1.1927
1.4001 1.1449 1.1749 1.1336 1.0686 0.9146 0.9699 0.8579 0.8831 0.9961 0.9472 0.8378 0.9295 1.0301 1.0000 0.9317
1.0718 1.1810 0.8586 1.0275 0.9911 1.0660 1.1049 1.0853 1.1363 0.9805 0.9502 0.9916 0.8599 0.7852 0.8978 0.9993
0.7742 0.7585 1.0141 0.8615 0.8781 0.9754 0.8787 1.0941 1.1097 0.9692 1.1369 1.0531 1.1589 0.7912 1.2307 1.0436
0.8763 0.7795 0.8577 0.9992 0.9720 0.9964 1.0198 0.9302 0.9040 1.0973 0.9394 1.0170 1.1601 1.0567 1.1983 1.4562
0.5858 0.8202 0.9033 0.8948 0.9062 1.0361 1.0682 1.1345 1.0943 1.0401 0.8526 1.0213 0.9973 1.0928 0.9257 1.0345
1.0952 0.9795 1.0186 1.0984 0.9928 1.0860 1.1429 0.9702 1.0144 0.9443 0.9484 0.9933 0.9633 0.9593 1.0083 0.8058
1.0122 1.1279 1.0655 1.1827 1.0955 0.9251 0.8681 1.2698 0.8702 1.0491 1.1324 0.7764 0.8367 0.9443 0.8579 1.0429
0.9389 0.8252 0.9640 0.7478 0.8801 0.8985 0.8390 1.1283 0.9580 1.0536 1.0759 1.0321 1.1681 1.0462 1.2264 1.1329
1.4688 1.1340 1.0139 1.0673 1.0785 1.1389 1.0990 1.1144 0.9814 0.7551 0.8896 0.8936 0.8469 0.6212 0.6436 0.6564
0.8351 0.8983 0.9857 0.8715 0.8697 0.9980 1.0575 1.0252 1.0000 0.9257 1.0444 0.9488 1.0000 1.1788 1.2472 1.3865
1.0812 0.8782 1.0684 1.0000 0.9427 1.0192 1.0599 0.8763 1.0147 1.1040 1.0608 1.0246 0.9807 0.9191 1.0103 1.0871
1.1722 1.1691 0.8632 1.2368 0.8951 0.9801 1.1437 0.9082 0.8566 1.0000 1.0000 1.0316 1.0000 0.9083 1.0183 1.0558
1.3652 1.0366 1.4481 1.0864 0.9086 1.1812 1.0810 1.0616 1.1410 0.8984 0.9279 0.9489 0.8545 0.7578 0.7546 0.9050
0.9663 0.9974 1.1288 1.1080 0.9963 1.0313 0.9921 1.0256 1.0979 1.0542 1.0020 0.8867 0.8601 0.8145 0.5886 0.5353
1.3856 1.0497 1.0000 1.0294 1.1831 1.1304 0.9786 1.0322 1.0011 0.8165 0.9764 1.1311 0.9542 1.0155 0.9545 0.8151
0.5546 0.5647 0.8949 0.8459 0.8560 0.9778 1.0324 1.0699 1.0271 0.9929 1.0496 1.2012 1.1616 0.9301 0.9814 1.3148
1.1103 0.9122 1.0238 0.8549 0.9640 0.9851 0.9850 1.0674 1.0000 1.2894 0.9800 0.9595 0.9446 1.0366 0.8777 0.8251
0.9041 0.8389 0.7553 0.9172 0.8088 0.9999 0.8786 0.9002 1.1760 1.0621 1.0649 1.1298 1.2025 1.0672 0.5458 1.2316
1.5010 1.2388 1.0941 1.2738 1.1192 1.0979 1.2272 0.9850 0.9608 0.8158 0.9501 0.9433 0.9383 0.8145 0.7615 0.8630
