1.4242 1.2974 1.3346 1.3459 1.1063 1.0317 1.0880 0.9328 1.0589 0.9996 0.8425 0.7950 0.8519 0.7115 0.6348 0.6296
1.0000 0.8141 0.9026 0.9720 1.0147 0.9307 1.0342 0.9865 0.9585 1.1275 1.0361 0.9956 1.0366 1.1961 0.9983 1.0000
1.3905 1.3096 1.3748 2.1088 1.1439 1.2080 1.0000 0.9327 1.0805 1.0749 0.8218 0.7319 0.8258 0.9125 0.7599 0.8024
1.0107 0.7833 0.8473 1.0230 0.8763 1.0160 0.9915 0.9714 1.0977 1.0508 1.0274 0.9682 1.0218 0.9398 0.9811 1.3483
1.4461 1.2398 1.1039 1.1107 0.9294 1.0935 1.1801 1.1237 0.8930 1.0470 1.1722 0.9764 0.9035 0.8731 0.9553 1.0433
0.7148 0.7726 0.7407 0.8824 0.8366 0.9284 1.1932 1.0352 0.8516 1.1686 0.9629 1.2466 1.0981 1.1120 1.1224 1.3405
1.6458 1.3310 1.2873 1.2331 1.2039 1.0056 0.9781 0.8470 0.8624 0.8960 0.8727 0.7681 0.8170 0.9735 1.0000 0.7859
0.9092 0.9578 0.9098 0.9391 0.8528 1.0103 1.1019 1.1690 1.2188 0.9894 1.0185 1.0845 0.9237 0.9014 0.9609 1.1808
0.9187 0.9186 1.1701 0.9737 0.9160 1.1330 0.9453 1.0947 1.1055 0.9542 1.0647 1.0297 1.0417 0.8389 1.0208 1.2012
0.9822 0.7539 0.9865 0.8630 0.9773 0.9966 0.8984 1.0301 0.9386 1.0947 0.8867 1.0227 1.2536 1.0774 1.2235 1.6764
0.6411 1.0676 1.0752 0.8990 0.9728 1.1226 1.0935 1.1303 1.0923 0.9737 0.8342 0.9356 0.9617 0.8992 0.8093 1.2676
0.8872 0.7966 0.8512 0.9108 0.8627 0.9787 1.0628 0.9264 1.0199 1.0805 1.0945 1.1327 1.1363 1.2093 1.2135 0.9218
1.1797 1.1787 1.0918 1.2456 1.0971 1.1541 1.0705 1.4078 0.7531 1.1198 1.1074 0.7451 0.7332 0.7364 0.7382 0.8327
1.0321 0.9035 1.0457 0.8383 0.8121 0.8771 0.8511 1.0802 1.0397 1.0697 1.0975 1.0133 1.0449 1.0833 1.1563 1.0366
1.4965 1.3054 1.0989 1.0943 1.1710 1.0614 1.1150 1.0918 0.9220 0.7869 0.8709 0.8586 0.7817 0.6274 0.6157 0.7051
0.7184 0.9954 0.8841 0.8150 0.8729 0.8781 0.9959 0.9191 1.0000 0.9721 1.1079 1.1178 1.0000 1.3230 1.4213 1.5499
1.1833 0.9525 1.1460 1.0000 0.9646 1.0764 1.0779 0.9210 0.9901 1.0191 0.9287 0.9476 0.8851 0.8868 0.9828 0.9553
0.9085 0.8615 0.7604 0.9743 0.7872 0.9060 1.0530 0.9447 0.9484 1.0000 1.0000 1.2062 1.0000 1.1384 1.2077 1.2881
1.5237 1.1906 1.7249 1.2149 0.9975 1.1953 1.0999 1.0853 1.0327 0.8959 0.8844 0.7968 0.7086 0.6996 0.7671 0.7785
0.8589 0.9169 1.0920 0.9718 0.9513 0.9556 0.9766 1.0186 1.1623 1.5220 1.1297 1.0191 0.9925 1.0400 0.6969 0.6609
1.4548 1.1471 1.0000 1.0817 1.1641 1.1015 1.0760 0.9794 0.9522 0.8457 0.9396 1.0549 0.8965 0.9920 0.9035 0.8856
0.6739 0.5999 0.8027 0.6698 0.8217 0.9285 1.0103 1.0041 1.0548 0.9782 1.1008 1.3006 1.2297 1.0076 1.0977 1.5013
1.0700 1.0629 1.1306 0.8762 1.0204 1.0480 1.1293 1.1364 1.0000 1.4527 1.0025 0.8566 0.8507 0.7308 0.6175 0.7439
0.8228 0.7410 0.7587 0.8336 0.7789 0.8374 0.8179 0.9676 1.1570 1.0840 1.1093 1.1602 1.2506 1.3116 0.6412 1.5302
1.5233 1.5054 1.3465 1.4804 1.2109 1.2364 1.1570 1.1212 0.9109 0.8893 0.8461 0.9477 0.8952 0.8652 0.9186 0.8868
