0.7191 0.7897 0.8515 0.8870 1.0335 1.0956 1.0501 1.1833 1.1573 1.1896 1.0423 1.0291 1.0299 1.0058 0.8542 0.8437
0.8356 0.8566 0.9319 1.0290 1.0911 1.2484 1.2113 0.9823 1.0506 0.9634 1.1217 1.0119 0.9184 0.8621 0.9706 0.7441
0.6570 0.6989 0.9023 0.9154 0.9397 1.0646 1.1518 1.1036 1.0900 1.2378 1.0285 0.9659 0.9060 0.8967 0.8782 0.7101
0.6675 0.7427 0.8444 0.9410 0.9703 1.0853 1.1080 1.0462 1.0283 1.2058 1.1317 0.9577 1.0209 0.8751 0.8971 0.7635
0.7162 0.8047 0.7881 0.9007 1.0000 1.0497 1.1110 1.0478 1.1804 1.2166 1.0200 1.0079 0.9849 1.0260 0.9291 0.8512
0.8259 0.8410 0.8748 0.9410 1.1064 1.0579 1.1724 1.1523 1.1599 1.1206 1.0604 1.0454 0.9709 0.9350 0.8732 0.8505
0.7939 0.7969 0.8498 0.9497 1.0113 1.0505 1.1704 1.1718 1.1109 1.0973 1.1084 1.0454 0.9712 0.9186 0.8216 0.9250
0.8781 0.7928 0.8541 0.9304 1.0000 1.0973 1.2262 1.1419 1.0745 1.0852 1.1638 1.0879 1.0132 0.9199 0.8387 0.8945
0.8136 0.8697 0.8324 0.8715 1.0141 1.0176 1.1294 1.0432 1.1052 1.1182 1.0510 1.1205 0.9757 1.0065 0.9012 0.8291
0.6979 0.7517 0.8531 0.9743 0.9745 1.0152 1.0473 1.1065 1.0086 1.0449 1.1886 0.9838 0.9323 0.9881 0.9871 0.9648
0.7210 0.6534 0.7302 0.8157 0.9499 1.0437 1.1235 1.0661 1.0439 1.0645 1.0378 0.9486 0.9945 0.9591 0.8517 0.9670
0.7543 0.8197 0.9127 0.9630 1.1461 1.1297 1.1372 0.9017 1.0564 1.1911 1.0926 0.9739 0.9313 1.0000 1.0000 0.6908
0.9312 0.8864 0.9066 1.0246 1.1493 1.1383 1.1760 1.0356 1.1530 1.0652 1.0624 1.0081 0.9751 0.8559 0.8150 0.8989
0.8974 0.8837 0.9519 1.0070 1.0010 1.1034 1.1918 1.1367 1.1259 1.0610 1.1625 0.9312 0.9267 1.0000 0.8245 0.7887
0.7120 0.7410 0.8582 0.9027 1.0127 1.1726 1.0859 1.0574 1.0763 1.0476 1.1044 1.1057 0.9623 0.8745 0.8779 0.8251
0.6583 0.7804 0.8911 0.9555 0.9907 1.0738 1.0878 1.0627 1.0902 1.0201 1.0260 1.0713 0.9935 0.9811 0.9051 0.8463
0.8488 0.7891 0.8837 0.9067 1.0231 1.1639 1.0131 1.1821 1.1677 1.1733 1.0728 1.0416 1.0823 0.9186 0.8675 0.8649
0.7123 0.7586 0.7886 0.8086 0.9927 1.0041 1.1266 1.0157 1.0232 1.1073 1.0615 1.0445 0.9831 1.0141 0.8670 0.8881
0.6902 1.0000 0.8687 0.9195 0.9788 1.1347 1.1460 1.1003 1.0813 1.1597 1.1091 0.9244 0.9638 0.8922 0.8645 0.8532
0.8327 0.8245 0.9079 0.8495 1.0610 1.1488 1.0232 1.0544 1.0762 1.1671 1.0497 1.1470 1.0000 0.9891 0.9288 0.9319
0.8465 0.8682 0.8720 0.9899 0.9875 1.1075 1.0824 1.0613 1.0495 0.9864 1.0685 1.1324 1.0065 0.9931 0.9857 0.9021
0.6126 0.7550 0.9001 0.9707 1.0000 1.0692 1.0653 1.0602 1.0638 1.1055 1.0253 1.0311 0.9908 0.9142 1.0000 0.7993
0.8799 0.8024 0.9261 0.9479 1.0697 1.1491 1.2055 0.9930 1.0872 1.1347 1.1622 1.0078 1.0349 0.9414 0.8676 0.8178
0.7439 0.7962 0.8728 0.9384 1.2186 1.0000 1.1045 1.2125 1.1173 1.0717 1.2379 0.9645 0.9380 0.9252 0.9414 0.9328
0.8289 0.9198 0.8833 0.9464 1.0975 1.1252 1.1654 1.1666 1.2018 1.1706 1.1000 0.9812 0.9624 0.9037 0.7646 0.7643
