0.8184 0.8459 0.9286 0.9382 1.0293 1.0813 1.0186 1.1555 1.1636 1.1620 1.0242 0.9024 1.0990 1.0430 0.8953 0.8952
0.9309 0.9183 1.0241 1.1003 1.1563 1.2230 1.2054 0.8944 0.9585 0.9007 1.0692 0.9777 0.9454 0.8343 0.9727 0.7651
0.6819 0.7844 0.9442 0.9646 0.9758 1.0750 1.1203 1.0706 1.0735 1.2388 1.0158 0.9697 0.9218 0.9362 0.9181 0.7118
0.7012 0.7718 0.8754 0.9603 0.9598 1.0833 1.1041 1.0203 0.9709 1.1621 1.1336 0.9982 1.0579 0.9189 0.9362 0.7339
0.8303 0.9058 0.8852 0.8878 1.0000 1.1191 1.1185 1.0527 1.1388 1.2317 1.0269 1.0397 0.9790 1.0377 0.9231 0.7865
0.8694 0.9195 0.9384 0.9735 1.1185 1.1137 1.1577 1.0412 1.1515 1.1103 1.0622 0.9929 0.9591 0.9196 0.8434 0.8182
0.7772 0.8465 0.9192 0.9671 1.0141 1.0255 1.1149 1.1282 1.1035 1.1006 1.1039 1.0667 0.9710 0.8760 0.8318 0.9411
0.9388 0.8376 0.8924 0.9521 1.0000 1.1139 1.1702 1.0550 1.1377 1.0708 1.1628 1.0470 1.0080 0.9059 0.8215 0.8860
0.8333 0.9100 0.8634 0.9197 1.0194 1.0088 1.1571 1.0348 1.1001 1.1432 1.0616 1.0709 0.9853 1.0213 0.8771 0.8222
0.7300 0.8393 0.9323 1.0637 1.0178 1.0633 1.0713 1.1602 0.9862 1.0452 1.1544 0.8938 0.9017 0.9594 0.9491 0.9221
0.7898 0.7389 0.8445 0.8786 1.0042 1.1157 1.1719 1.0625 1.0630 1.1319 1.0489 1.0048 1.0483 0.9893 0.8851 0.8968
0.7926 0.8663 0.9062 1.0150 1.1707 1.1115 1.1175 0.8689 1.0035 1.2124 1.0463 0.9618 0.9378 1.0000 1.0000 0.6256
0.9332 0.8756 0.9368 0.9990 1.1445 1.0940 1.1062 0.9552 1.1074 1.0090 1.0705 0.9647 0.9806 0.8134 0.7713 0.9130
0.9436 0.9430 0.9371 1.0193 0.9737 1.0909 1.1414 1.0960 1.0849 1.0270 1.0915 0.9245 0.9296 1.0000 0.8097 0.7643
0.7030 0.8117 0.8952 0.9545 1.0258 1.1763 1.1001 1.0868 1.0717 1.0577 1.1110 1.1176 1.0048 0.8127 0.8734 0.7613
0.7993 0.8809 0.9302 1.0053 0.9875 1.0417 1.0894 1.0438 1.0592 1.0147 1.0326 1.0671 0.9812 0.9567 0.9089 0.8373
0.8961 0.7603 0.8931 0.8833 1.0735 1.1874 0.9861 1.1560 1.0862 1.1938 1.0294 1.0604 1.1122 0.9103 0.8647 0.8790
0.7080 0.8565 0.8427 0.8596 1.0285 1.0406 1.1386 1.0157 1.0386 1.1582 1.1042 1.0448 1.0125 0.9876 0.9354 0.9007
0.7366 1.0000 0.9404 0.9122 0.9841 1.1585 1.1221 1.0573 1.0690 1.1513 1.0975 0.9050 0.9762 0.8868 0.8792 0.8728
0.8889 0.9147 1.0164 0.9116 1.0935 1.1995 0.9941 1.0785 1.1007 1.1720 0.9744 1.0966 1.0000 0.8956 0.8881 0.7868
0.9172 0.9110 0.9252 0.9919 0.9340 1.1133 1.0464 1.0732 1.0307 0.9620 1.0391 1.0919 1.0350 1.0145 0.9920 0.8717
0.6396 0.7817 0.9151 0.9774 1.0000 1.0269 1.0030 1.0168 1.0146 1.0884 1.0008 1.0673 0.9788 0.9105 1.0000 0.7651
0.8378 0.8050 1.0109 0.9992 1.0900 1.1374 1.1586 0.9317 1.0761 1.1592 1.1465 1.0312 1.0754 0.9011 0.8591 0.8041
0.8112 0.8027 0.9018 0.9570 1.2089 1.0000 1.0657 1.1878 1.1254 1.0100 1.1990 0.9289 0.9416 0.9133 0.9891 0.9574
0.8719 0.9430 0.8939 0.9974 1.1168 1.0993 1.1610 1.1612 1.1500 1.1271 1.0717 0.9337 0.9335 0.8607 0.7112 0.6932
