1.3085 1.1890 1.0309 1.0994 0.9991 0.9785 1.0696 0.9028 1.1244 1.1574 0.8699 0.8386 0.9340 0.8218 0.8046 0.8904
1.0000 1.0554 1.2249 1.2517 1.1310 1.0054 1.0948 0.9704 0.8919 0.9398 0.8974 0.8934 0.8876 0.9254 0.8331 1.0000
1.0875 0.9269 0.9098 1.2646 0.8673 0.9881 1.0000 0.9528 0.9722 1.0361 0.9799 0.9323 1.0328 1.0932 1.0641 1.1822
1.2848 1.1712 1.1366 1.1282 1.0265 1.0744 1.0989 0.8997 0.9760 0.8972 0.9159 0.9498 0.8272 0.9358 0.8088 0.9628
1.3190 1.0235 0.9369 1.0390 0.9480 0.9769 0.9892 0.9099 0.9042 1.0140 1.0062 1.0709 0.8926 1.1113 1.0689 1.3036
1.1798 1.0894 0.9883 1.0755 0.9594 1.0595 1.0574 0.9863 0.9026 1.0396 0.9530 0.9022 0.9061 0.8642 1.0280 1.0080
1.2067 1.0929 1.0388 1.0236 0.9663 0.9698 1.0236 0.9656 0.8884 1.0499 0.9629 0.8461 0.9785 1.0858 1.0000 0.9890
1.3700 1.2305 1.1233 1.0824 1.1079 1.0945 1.0560 1.0199 1.1025 0.8761 0.8909 0.8361 0.8138 0.7612 0.7989 0.8368
0.6725 0.7086 0.8942 0.7686 0.9405 0.9704 0.8356 1.0551 1.0525 0.9259 1.0780 1.0030 1.2191 0.9591 1.2211 1.1653
1.1130 0.9451 0.9195 1.0903 1.0036 0.9657 0.9447 1.1472 0.8779 0.8913 0.9267 0.9169 1.0189 1.0076 1.1268 1.1503
0.6678 0.7417 0.8907 0.8271 0.9332 0.9830 0.9373 1.0116 0.9822 0.9667 1.0610 0.9300 1.1813 1.1362 0.9747 1.2484
1.2731 1.1020 1.1616 1.1743 1.0826 1.0979 1.1278 0.9688 0.9973 0.8761 0.8639 0.8827 0.8803 0.8209 0.8704 0.8095
1.0042 0.8905 0.8490 0.9456 0.8790 0.8796 0.7986 1.1300 0.9469 1.0533 1.1782 0.9697 1.0852 1.1676 1.1057 1.4650
1.1128 1.0353 1.0897 0.9528 0.8455 0.9722 1.0064 1.0620 0.9664 0.9310 0.9665 0.8986 1.0171 0.9213 1.0654 1.1203
1.2150 1.1602 0.9575 0.9104 1.0366 1.0811 1.0281 1.0567 1.0041 0.9010 0.9710 0.9627 0.9262 0.7855 0.7780 0.9137
0.9903 0.9464 1.0436 0.8829 0.9736 1.0333 0.9941 1.0026 1.0000 0.9055 0.9634 1.0610 1.0000 1.0382 1.0383 1.2158
0.9397 0.9308 0.9315 1.0000 0.9589 0.9325 1.0171 1.0346 0.9984 1.0351 1.0740 0.9978 1.0797 1.0705 1.2545 1.2978
1.4394 1.3660 1.0079 1.2596 0.9579 0.9817 1.1216 0.9865 0.9092 1.0000 1.0000 0.8924 1.0000 0.8458 0.9266 0.9667
1.4449 1.0142 1.1806 0.9336 0.8328 1.1166 1.0206 0.9853 1.0871 1.0178 0.8841 1.0001 0.8802 0.8757 0.9742 1.1385
1.1646 1.0954 1.1382 1.2184 0.9876 1.0508 0.9447 0.9506 1.0200 1.0343 0.9059 0.8060 0.7828 0.7582 0.5547 0.5164
1.3348 0.9543 1.0000 0.9223 1.1073 1.0517 0.9203 0.9976 0.9877 0.9694 0.9471 1.1121 0.9070 1.0640 0.9965 1.0337
0.6521 0.7233 0.9885 0.9515 1.0456 1.0176 1.0033 0.9517 0.9173 1.0798 0.9575 1.0339 1.0712 0.9831 0.9974 1.2991
1.0197 0.8614 0.9062 0.9349 0.8436 0.9237 0.8804 0.9362 1.0000 1.1667 0.9431 0.9357 1.1441 1.2676 1.2731 1.5034
1.0247 1.0316 0.8581 1.0319 0.8788 0.9908 0.9341 0.9774 1.1005 0.9361 0.9989 1.0449 0.9900 1.0649 0.5458 1.0851
1.2865 1.0714 1.0087 1.0370 1.0565 1.0635 1.1167 1.0347 1.0383 0.8778 1.0115 0.9147 0.9982 0.8778 0.8655 0.9487
