# Note: Dates are *start* dates of applicability, i.e. they should be just
# before the flight series they apply to.
# Date   ch   g0           NP           a            PS           QOFF         QS           ISOFF1       ISOFF2       ISOFF3       ISOFF4       ISOFF5       ISOFF6       ISOFF7       ISOFF8       ISOFF9       ISOFF10      ISOFF11      ISOFF12      ISOFF13      ISOFF14      ISOFF15      ISOFF16      ISOFF17      ISOFF18      ISOFF19      ISOFF20      ISOFF21      ISOFF22      ISOFF23      ISOFF24      ISOFF25
# 1402
20140201 R105 0.117160438  14.27237446  421.4412009  0.000586884  6.141075305  1.7e-06      953581.0195  953724.9771  953893.8871  954060.2265  954247.9416  952924.0319  952979.3823  953079.7455  953173.9718  953327.7808  952534.68    952523.5785  952541.1469  952560.0571  952708.524   952794.1723  952681.6094  952620.1587  952546.3476  952691.1496  953506.2021  953339.0331  953181.6131  953033.506   953165.4828
20140201 R130 0.117127492  14.72575587  439.4338676  0.000586423  6.462989743  1.64e-06     954171.811   954290.0678  954445.4767  954585.0326  954749.1426  953577.6625  953635.9971  953714.366   953800.1672  953913.9429  953245.9459  953212.7164  953220.1524  953247.7203  953353.2505  953495.3332  953369.7778  953307.2928  953253.6399  953347.912   954162.0876  953993.8085  953851.6959  953723.8528  953792.3958
20140201 B1   0.082658649  13.85458511  730.359147   0.000553215  6.818688089  1.06e-05     1075031.3    1074883.128  1074886.766  1074943.97   1074673.568  1074684.963  1074572.745  1074589.111  1074600.146  1074403.257  1074561.321  1074447.428  1074416.691  1074433.554  1074284.042  1074582.773  1074452.342  1074423.109  1074420.236  1074250.612  1074883.872  1074725.013  1074657.558  1074638.094  1074449.851
20140201 B2   0.082661526  14.29717081  786.3050185  0.000556727  6.482487631  7.77e-06     1074856.371  1074807.63   1074827.906  1074843.518  1074531.553  1074577.496  1074537.412  1074560.722  1074559.57   1074296.418  1074469.651  1074418.768  1074400.712  1074412.378  1074204.759  1074490.733  1074420.936  1074404.64   1074378.559  1074169.557  1074775.481  1074665.034  1074608.426  1074587.027  1074337.782
# 1411
20141101 R105 0.117161466  14.12558275  425.4883793  0.000586952  5.881618085  1.53e-06     954327.5656  954481.8467  954646.9453  954811.7675  954991.6918  953676.2527  953731.5314  953836.264   953925.3511  954131.0559  953278.1331  953262.2846  953286.5085  953309.432   953552.3283  953500.8075  953396.4657  953339.7341  953287.1634  953563.7219  954196.2914  954025.3455  953874.7151  953763.4928  953997.3764
20141101 R130 0.117160653  14.06087953  430.0470743  0.000585244  6.259947918  1.9e-06      954398.5782  954551.6236  954709.3621  954883.3976  955060.1957  953762.5084  953813.5944  953916.4386  954013.3695  954190.6091  953358.8123  953356.1575  953378.4716  953408.7884  953598.9797  953568.3843  953474.3264  953404.5307  953364.1512  953592.2755  954224.7565  954066.0046  953931.4157  953817.5343  954006.4332
20141101 B1   0.082656365  14.19069215  740.7241204  0.000551753  6.76144812   1.07e-05     1075442.365  1075318.577  1075337.204  1075359.981  1075061.474  1075116.32   1075012.446  1075040.921  1075039.752  1074814.666  1075001.899  1074907.673  1074868.241  1074887.943  1074704.826  1075024.553  1074909.563  1074885.493  1074876.356  1074684.369  1075345.853  1075197.096  1075129.279  1075112.761  1074886.155
20141101 B2   0.082659764  14.28629646  772.7084655  0.000554953  6.4886508    8.07e-06     1075322.696  1075283.482  1075305.395  1075324.136  1074978.907  1075043.283  1075006.27   1075034.103  1075031.292  1074737.353  1074936.316  1074892.035  1074868.95   1074881.449  1074643.241  1074963.809  1074897.218  1074875.728  1074842.82   1074616.604  1075259.83   1075155.328  1075098.235  1075069.054  1074787.822
# 1502
20150201 R105 0.117162665  14.1448567   421.4983567  0.000586564  5.98638866   1.56e-06     954135.5625  954302.5548  954469.3529  954631.742   954820.7885  953476.2457  953537.9297  953643.3374  953733.9437  953935.3276  953084.1534  953064.1071  953084.4837  953103.1768  953362.3074  953317.8348  953208.8644  953147.0929  953094.1997  953377.2866  954027.1936  953856.6778  953700.3351  953583.9112  953818.6964
20150201 R130 0.117161583  14.01106162  430.1691405  0.00058588   6.089276871  1.79e-06     954206.5792  954371.4767  954527.4616  954701.6188  954883.4955  953571.4007  953629.9443  953731.3848  953825.4443  954011.759   953169.7109  953167.8385  953188.6668  953215.9117  953410.7295  953381.493   953281.7532  953205.5693  953169.2112  953395.7523  954022.554   953871.4207  953734.8748  953614.7721  953810.6481
20150201 B1   0.082655051  14.12992252  765.3023567  0.000549424  6.710947361  1.09e-05     1075022.65   1074985.651  1075002.044  1074987.565  1074560.898  1074747.898  1074698.059  1074734.773  1074700.848  1074365.576  1074640.34   1074588.053  1074565.046  1074568.912  1074306.886  1074668.152  1074605.024  1074577.867  1074566.659  1074313.041  1074971.231  1074873.536  1074813.096  1074788.2    1074486.197
20150201 B2   0.082660762  14.38207279  765.0395979  0.000554613  6.496535521  8.27e-06     1074906.399  1074920.525  1074935.528  1074903.856  1074426.678  1074648.218  1074646.788  1074669.502  1074627.179  1074266.102  1074543.291  1074534.501  1074507.25   1074503.839  1074226.451  1074579.535  1074548.429  1074520.278  1074477.98   1074229.098  1074885.235  1074826.724  1074755.77   1074719.106  1074382.037
# 1509
20150901 R105 0.11715799   14.16390955  439.2421738  0.00058694   6.023015974  1.6e-06      953994.9883  954151.9422  954313.0117  954479.3588  954662.4403  953349.08    953408.1708  953512.3364  953598.5136  953803.2479  952953.3395  952949.224   952964.5882  952989.0174  953231.0052  953177.2183  953073.2981  953013.1901  952962.5468  953245.8174  953866.6125  953699.8763  953547.6353  953435.2662  953818.6964
20150901 R130 0.117148824  14.2096      426.7248     0.000586262  6.3151251    1.71e-06     954319.4873  954473.8073  954625.3441  954797.2886  954963.6055  953684.6512  953740.8815  953836.779   953930.5532  954094.3352  953296.4713  953284.778   953303.0829  953330.6236  953515.3806  953512.4968  953392.867   953355.2845  953308.311   953518.9284  954204.4012  954037.2583  953890.2664  953777.7439  953810.6481
20150901 B1   0.082650683  14.2767      759.3388     0.000551869  6.746235634  1.07e-05     1075636.603  1075446.481  1075453.957  1075477.977  1075174.264  1075286.464  1075139.587  1075159.143  1075156.988  1074926.442  1075164.334  1075036.399  1074984.742  1075002.278  1074821.769  1075168.904  1075026.483  1074997.945  1074989.127  1074794.817  1075468.359  1075293.724  1075225.507  1075203.544  1074987.993
20150901 B2   0.082657053  14.0765      766.4614     0.000554112  6.571415593  8.36e-06     1075522.947  1075448.56   1075474.273  1075491.28   1075146.41   1075213.06   1075153.632  1075182.403  1075182.288  1074881.609  1075090.342  1075022.606  1074999.836  1075009.962  1074767.218  1075099.694  1075017.689  1074996.913  1074968.003  1074721.676  1075386.248  1075261.091  1075206.945  1075181.471  1074893.647
# 1602
20160201 R105 0.117159858  14.109       427.3457     0.000587043  6.053818821  1.59e-06     954344.4581  954492.0132  954648.1761  954803.912   954984.7743  953730.5221  953806.8608  953887.8894  953965.6717  954164.2363  953397.8262  953395.4034  953385.4285  953374.1787  953617.8814  953612.3205  953495.874   953347.9382  953333.9127  953633.2986  954222.1468  954073.6107  953837.4741  953799.0842  954060.7098
20160201 R130 0.11714899   14.1171964   421.5616254  0.000586214  6.31975739   1.72e-06     954716.0487  954867.1335  955031.6916  955210.997   955386.0405  954060.2096  954130.4728  954242.8357  954311.8095  954487.5673  953668.954   953682.9805  953670.0193  953693.866   953888.1371  953885.9986  953755.7006  953666.1638  953663.7205  953893.178   954586.5554  954411.4116  954258.3082  954150.5333  954331.0486
20160201 B1   0.08265622   13.81755181  789.4072497  0.000553655  6.785815378  1.07e-05     1075656.144  1075423.292  1075421.56   1075445.362  1075214.972  1075316.493  1075119.625  1075128.844  1075129.104  1074962.548  1075176.015  1075005.012  1074953.153  1074971.842  1074831.677  1075165.248  1074981.016  1074951.363  1074943.141  1074792.18   1075430.309  1075222.702  1075158.307  1075138.416  1074969.886
20160201 B2   0.082659046  14.77338272  778.9326389  0.000556372  6.630431918  8.26e-06     1075467.617  1075353.147  1075383.157  1075440.341  1075161.056  1075163.685  1075087.761  1075124.466  1075153.25   1074918.066  1075068.671  1074927.377  1074961.274  1075031.367  1074817.308  1075127.559  1074993.417  1074952.351  1074986.15   1074802.74   1075422.459  1075264.318  1075207.917  1075186.404  1074970.044
# 1606
20160601 R105 0.117160383  14.2692      427.222      0.00058646   5.807        1.56e-06     954439.4478  954588.454   954753.9328  954914.7967  955108.2594  953806.4887  953863.2178  953964.5716  954050.4303  954237.1333  953423.9331  953416.2908  953430.0649  953446.1078  953653.9773  953663.2434  953554.069   953496.1486  953429.9492  953659.7915  954361.9579  954195.8476  954054.1015  953907.6262  954127.055
20160601 R130 0.117147165  14.317       424.9008     0.00058693   6.2259       1.61e-06     954839.308   954987.7845  955150.0091  955316.623   955500.4969  954212.8915  954259.7453  954361.708   954450.1005  954611.6608  953833.6651  953818.2     953832.4925  953857.0963  954014.8808  954065.2241  953957.5118  953900.3995  953842.5293  954013.5219  954769.1335  954600.7832  954451.25    954323.2343  954474.2887
20160601 B1   0.082655409  13.6558      797.7527     0.0005513    6.7184       1.0992e-05   1075754.273  1075549.77   1075553.28   1075576.313  1075303.049  1075406.549  1075250.079  1075258.271  1075259.124  1075053.158  1075269.15   1075130.444  1075081.731  1075102.736  1074928.932  1075255.637  1075107.774  1075081.659  1075074.46   1074891.655  1075521.843  1075342.495  1075277.606  1075259.866  1075056.2
20160601 B2   0.082658288  14.2627      773.6309     0.00055531   6.6185       8.22e-06     1075684.723  1075586.164  1075612.575  1075634.063  1075333.342  1075373.805  1075297.51   1075323.018  1075327.85   1075069.039  1075255.678  1075170.929  1075149.987  1075163.379  1074951.752  1075264.995  1075169.399  1075148.692  1075119.583  1074901.835  1075548.196  1075407.95   1075350.977  1075328.958  1075075.195
# 1610
20161001 R105 0.117140585  13.97882741  420.6286072  0.00058693   5.359720213  1.37e-06     1150677.005  1150842.343  1151012.692  1151174.822  1151360.782  1150009.462  1150070.712  1150178.815  1150265.372  1150474.057  1149603.017  1149595.471  1149614.211  1149634.461  1149887.401  1149826.197  1149719.327  1149662.228  1149604.52   1149914.96   1150528.031  1150361.887  1150202.002  1150078.23   1150379.34
20161001 R130 0.117147165  13.96301583  430.9610182  0.000584562  5.000000047  1.41e-06     1151184.368  1151336.985  1151503.428  1151669.991  1151819.718  1150546.146  1150603.29   1150696.228  1150789.722  1150956.711  1150147.247  1150146.76   1150160.765  1150195.287  1150348.645  1150349.75   1150246.595  1150189.859  1150146.067  1150353.103  1151011.655  1150854.504  1150706.113  1150598.838  1150764.608
20161001 B1   0.082661893  12.88788972  899.9999919  0.000558919  6.604425037  1.13e-05     1075448.573  1075298.98   1075304.653  1075311.889  1075005.886  1075108.535  1075010.291  1075040.092  1075026.783  1074777.951  1074978.418  1074891.644  1074847.705  1074848.321  1074608.651  1074965.144  1074851.883  1074824.684  1074807.857  1074567.275  1075151.393  1075022.935  1074971.85   1074950.939  1074686.021
20161001 B2   0.082643764  13.10838404  700.0        0.000559361  6.469573079  7.42e-06     1075684.723  1075586.164  1075612.575  1075634.063  1075333.342  1075373.805  1075297.51   1075323.018  1075327.85   1075069.039  1075255.678  1075170.929  1075149.987  1075163.379  1074951.752  1075264.995  1075169.399  1075148.692  1075119.583  1074901.835  1075548.196  1075407.95   1075350.977  1075328.958  1075075.195
# 1702
20170201 R105 0.117162102  14.22635147  423.7980644  0.000586642  5.723234147  1.55e-06     1150504.309  1150658.642  1150821.413  1150983.904  1151177.773  1149858.668  1149915.741  1150016.142  1150108.259  1150307.215  1149466.875  1149463.725  1149477.854  1149498.916  1149733.364  1149712.047  1149598.735  1149541.713  1149484.676  1149746.22   1150418.359  1150255.832  1150093.06   1149970.494  1150210.867
20170201 R130 0.117152334  14.30074435  426.7046611  0.000585836  6.242703215  1.71e-06     1150791.716  1150936.502  1151095.072  1151268.893  1151436.465  1150165.871  1150211.474  1150311.428  1150405.987  1150575.28   1149781.759  1149771.027  1149786.833  1149815.211  1149992.79   1150011.496  1149901.594  1149849.893  1149800.102  1149999.843  1150712.161  1150547.807  1150394.999  1150275.437  1150444.372
20170201 B1   0.082657528  13.58625614  775.9669276  0.00055139   6.748001815  1.11e-05     1075548.661  1075409.452  1075425.78   1075421.71   1075081.64   1075213.602  1075093.314  1075126.01   1075101.888  1074833.469  1075072.323  1074971.704  1074936.335  1074947.538  1074710.821  1075067.222  1074950.846  1074929.449  1074977.244  1074685.714  1075350.495  1075206.478  1075141.926  1075115.251  1074847.669
20170201 B2   0.082658664  13.80909499  779.3446969  0.000556513  6.542438691  7.98e-06     1075533.409  1075478.668  1075501.733  1075518.126  1075125.338  1075230.194  1075182.94   1075215.308  1075209.12   1074881.311  1075096.619  1075044.51   1075032.301  1075037.276  1074767.654  1075105.003  1075035.825  1075016.233  1074986.628  1074717.907  1075371.256  1075260.086  1075200.484  1075177.988  1074857.089
# 1706
20170601 R105 0.117158542  14.23632844  425.3646731  0.000587103  5.941430919  1.53e-06     1150399.7    1150553.504  1150721.219  1150880.233  1151075.321  1149761.647  1149818.684  1149922.031  1150007.364  1150193.38   1149376.825  1149369.045  1149384.682  1149401.986  1149603.962  1149619.464  1149509.68   1149449.773  1149382.976  1149601.308  1150323.297  1150158.105  1150002.783  1149866.893  1150082.532
20170601 R130 0.117147621  14.29199433  424.7935953  0.000587043  6.005722569  1.53e-06     1150739.223  1150881.588  1151047.537  1151211.556  1151397.143  1150109.122  1150157.347  1150259.559  1150346.996  1150507.53   1149726.611  1149710.757  1149727.167  1149751.699  1149907.474  1149959.006  1149848.187  1149792.762  1149735.423  1149900.641  1150663.115  1150493.102  1150342.215  1150213.81   1150365.052
20170601 B1   0.082655742  13.73850273  796.5387121  0.000552682  6.783541043  1.12e-05     1075733.665  1075492.441  1075492.948  1075521.06   1075326.118  1075400.062  1075189.315  1075208.007  1075199.04   1075062.292  1075262.333  1075079.122  1075023.908  1075044.312  1074915.993  1075235.293  1075050.065  1075020.051  1075007.757  1074877.948  1075493.492  1075289.112  1075214.598  1075195.263  1075041.94
20170601 B2   0.082657886  13.87463767  788.6932676  0.000555171  6.648047066  8.31e-06     1075695.395  1075545.316  1075567.123  1075592.834  1075382.273  1075370.166  1075248.752  1075277.169  1075286.139  1075104.105  1075241.685  1075116.8    1075094.638  1075109.032  1074959.14   1075230.74   1075095.191  1075078.742  1075051.851  1074891.346  1075494.427  1075308.103  1075255.542  1075238.643  1075053.646
# 1802
20180201 R105 0.117159611  14.321369    421.63955    0.000587827  5.985657286  1.46e-06     1150548.295  1150699.475  1150870.923  1151030.105  1151224.993  1149905.904  1149962.552  1150062.941  1150150.564  1150326.09   1149522.681  1149517.122  1149533.423  1149547.375  1149722.547  1149782.492  1149671.521  1149609.417  1149536.625  1149716.865  1150503.457  1150336.458  1150181.909  1150036.195  1150203.82
20180201 R130 0.117146592  14.22883383  428.9769849  0.000586693  6.097634057  1.56e-06     1150979.943  1151122.298  1151285.335  1151449.341  1151632.985  1150354.522  1150400.75   1150500.362  1150591.768  1150752.814  1149969.986  1149958.732  1149980.003  1150001.016  1150149.713  1150199.168  1150092.202  1150033.51   1149980.266  1150137.792  1150883.842  1150717.207  1150574.576  1150447.483  1150592.139
20180201 B1   0.082656638  13.46350894  793.6388717  0.000548368  6.916344984  1.12e-05     1075547.216  1075441.022  1075453.205  1075456.679  1075103.221  1075227.887  1075134.565  1075163.98   1075147.351  1074860.493  1075102.318  1075009.622  1074979.096  1074989.585  1074775.74   1075098.354  1074999.986  1074980.944  1074971.773  1074747.654  1075374.241  1075247.14   1075195.719  1075169.557  1074910.414
20180201 B2   0.082659976  14.10294671  750.8855472  0.000552839  6.598050006  8.24e-06     1075473.643  1075434.211  1075453.139  1075460.462  1075083.446  1075164.853  1075124.715  1075157.429  1075149.771  1074821.924  1075048.099  1074994.251  1074972.618  1074987.313  1074718.28   1075066.868  1075008.08   1074977.554  1074942.315  1074684.814  1075366.445  1075274.738  1075201.725  1075164.246  1074856.774
# 1807
20180701 R105 0.117156225  14.32434507  423.9484392  0.000587442  5.927567612  1.52e-06     1150363.059  1150511.213  1150681.046  1150837.553  1151036.085  1149723.717  1149780.872  1149880.019  1149966.723  1150137.968  1149344.477  1149340.063  1149356.218  1149370.24   1149532.137  1149598.36   1149490.771  1149432.194  1149359.6    1149527.241  1150316.547  1150152.578  1149997.004  1149854.319  1150012.732
20180701 R130 0.11714742   14.41231962  421.7643245  0.000587472  6.269490601  1.62e-06     1150662.077  1150805.965  1150971.884  1151137.917  1151331.877  1150033.351  1150078.391  1150177.265  1150268.527  1150429.397  1149656.566  1149644.989  1149664.304  1149682.421  1149810.971  1149911.89   1149799.224  1149743.455  1149677.444  1149800.842  1150634.924  1150467.615  1150317.374  1150181.943  1150274.581
20180701 B1   0.082653788  13.63432927  849.7988876  0.000548714  6.775551463  1.15e-05     1075427.356  1075316.342  1075327.96   1075335.6    1075013.312  1075142.667  1075035.72   1075061.471  1075051.332  1074786.147  1075034.863  1074927.417  1074885.206  1074904.497  1074714.342  1075012.905  1074912.134  1074894.321  1074886.668  1074683.732  1075268.613  1075141.675  1075080.405  1075066.734  1074839.051
20180701 B2   0.082658466  14.1749157   768.7008914  0.000558056  6.480782697  7.48e-06     1075395.451  1075334.043  1075355.545  1075360.681  1075013.604  1075091.293  1075040.977  1075064.165  1075061.533  1074757.382  1074978.64   1074912.876  1074887.064  1074904.965  1074660.001  1074988.515  1074918.594  1074894.561  1074865.32   1074618.523  1075283.158  1075170.41   1075113.174  1075078.197  1074788.58
# 1810
20181001 R105 0.117156639  14.29322853  425.3338611  0.000587222  6.236073606  1.57e-06     1150563.36   1150711.05   1150881.201  1151036.386  1151232.66   1149927.259  1149985.117  1150082.726  1150169.752  1150337.851  1149546.92   1149542.368  1149557.717  1149573.384  1149732.711  1149797.617  1149691.231  1149633.19   1149560.269  1149718.037  1150525.613  1150348.108  1150194.9    1150051.927  1150197.071
20181001 R130 0.117148692  14.37367602  424.5720827  0.000586081  6.201132234  1.77e-06     1150841.158  1150980.963  1151145.817  1151309.281  1151502.053  1150216.022  1150261.149  1150356.366  1150450.032  1150605.195  1149838.557  1149823.526  1149844.535  1149865.052  1149993.698  1150084.698  1149975.28   1149917.204  1149855.424  1149979.609  1150776.261  1150629.027  1150480.338  1150347.593  1150446.175
20181001 B1   0.082654642  13.80495342  796.1169851  0.000551673  6.751251378  1.11e-05     1075221.956  1075045.064  1075053.261  1075077.95   1074834.942  1074897.432  1074744.655  1074768.7    1074770.865  1074581.749  1074780.662  1074638.734  1074592.338  1074612.672  1074478.93   1074761.808  1074620.143  1074598.223  1074592.165  1074444.534  1075036.138  1074874.147  1074810.316  1074789.425  1074613.528
20181001 B2   0.082658703  14.33447079  764.13452    0.000558383  6.469935553  7.47e-06     1075170.935  1075061.342  1075084.812  1075098.552  1074826.712  1074852.311  1074765.563  1074795.415  1074795.63   1074555.762  1074740.712  1074641.147  1074612.813  1074635.664  1074446.366  1074754.532  1074652.239  1074628.416  1074605.232  1074402.559  1075062.656  1074916.465  1074856.349  1074820.512  1074586.009
# 1902
20190201 R105 0.117157064  14.3197815   422.6168457  0.000587551  6.16376676   1.54e-06     1150310.126  1150457.455  1150625.438  1150785.447  1150982.326  1149667.512  1149725.726  1149824.173  1149911.344  1150076.54   1149287.476  1149282.73   1149298.288  1149313.459  1149466.47   1149544.816  1149435.96   1149372.646  1149302.365  1149446.455  1150265.883  1150102.208  1149947.644  1149798.079  1149930.194
20190201 R130 0.117148027  14.38210218  421.7503189  0.000586676  6.564165731  1.76e-06     1150616.134  1150757.172  1150922.471  1151090.73   1151288.408  1149983.332  1150029.315  1150127.123  1150218.915  1150376.629  1149605.828  1149592.63   1149613.147  1149633.055  1149754.4    1149858.324  1149747.766  1149689.14   1149626.536  1149736.422  1150579.028  1150412.335  1150262.119  1150123.987  1150209.843
20190201 B1   0.082655379  13.72188917  816.9352228  0.000551677  6.774276919  1.11e-05     1075178.675  1075014.331  1075016.565  1075035.782  1074768.988  1074864.18   1074721.495  1074741.8    1074739.604  1074528.545  1074746.838  1074611.96   1074567.382  1074585.632  1074429.563  1074719.425  1074586.331  1074553.967  1074558.757  1074387.106  1074984.256  1074822.736  1074758.909  1074749.393  1074552.714
20190201 B2   0.082659093  14.19838289  757.7434231  0.000557996  6.488151169  7.44e-06     1075154.047  1075049.03   1075073.859  1075090.368  1074788.209  1074832.169  1074747.066  1074774.779  1074778.428  1074518.994  1074710.705  1074617.338  1074594.959  1074613.413  1074402.165  1074718.956  1074618.708  1074592.887  1074573.711  1074348.128  1075019.62   1074877.259  1074817.046  1074786.82   1074528.079
# 1904
20190401 R105 0.117160233  14.42771354  420.1868819  0.000587065  6.159833924  1.62e-06     1150939.672  1151084.73   1151261.394  1151416.396  1151612.851  1150294.336  1150358.926  1150453.038  1150541.932  1150696.325  1149920.993  1149919.76   1149933.735  1149949.333  1150068.841  1150192.555  1150088.879  1150026.291  1149946.435  1150044.501  1150929.43   1150771.204  1150614.86   1150458.786  1150532.643
20190401 R130 0.117149283  14.46357471  420.2011873  0.000587225  6.401686705  1.72e-06     1151280.5    1151415.636  1151587.728  1151747.691  1151947.599  1150641.519  1150695.074  1150785.882  1150881.659  1151028.924  1150266.728  1150258.948  1150277.898  1150300.017  1150397.698  1150532.854  1150426.173  1150366.454  1150300.534  1150376.622  1151264.022  1151103.389  1150958.626  1150811.27   1150849.616
20190401 B1   0.082652118  12.81692673  824.3806472  0.00054413   6.864172211  1.15e-05     1075561.948  1075433.879  1075444.976  1075466.382  1075128.37   1075238.822  1075134.348  1075159.635  1075163.836  1074890.264  1075117.794  1075019.632  1074989.824  1075010.045  1074814.32   1075076.747  1074980.231  1074965.853  1074972.122  1074761.133  1075344.975  1075211.838  1075153.35   1075152.222  1074920.156
20190401 B2   0.082660222  14.13414832  770.7876825  0.000557024  6.450851212  7.51e-06     1075387.096  1075340.924  1075361.5    1075356.575  1074964.75   1075092.978  1075046.589  1075077.869  1075066.833  1074720.834  1074978.788  1074923.829  1074905.858  1074910.693  1074627.981  1074981.167  1074924.93   1074894.226  1074866.01   1074589.043  1075269.988  1075169.062  1075106.865  1075081.374  1074752.452
# 1910
20191001 R105 0.117155401  14.33055303  423.5396599  0.000587017  6.08923982   1.59e-06     1150762.77   1150909.188  1151078.502  1151237.978  1151437.041  1150122.844  1150182.978  1150279.133  1150366.809  1150532.091  1149746.123  1149740.864  1149755.335  1149770.626  1149923.408  1150004.729  1149895.136  1149835.617  1149760.996  1149903.76   1150718.847  1150558.071  1150404.181  1150255.32   1150386.401
20191001 R130 0.117148405  14.37171999  425.9895003  0.000586802  6.184799788  1.66e-06     1151019.549  1151157.169  1151319.419  1151483.31   1151677.179  1150393.946  1150441.792  1150535.893  1150627.977  1150780.278  1150018.717  1150004.937  1150025.224  1150045.379  1150166.19   1150264.819  1150154.996  1150097.361  1150036.686  1150146.857  1150966.515  1150804.842  1150658.215  1150524.078  1150607.5
20191001 B1   0.082656415  13.60018232  788.9840593  0.000549333  6.723939522  1.13e-05     1075397.318  1075332.689  1075351.986  1075325.01   1074907.488  1075096.103  1075037.871  1075068.604  1075034.002  1074678.609  1074976.329  1074921.867  1074892.336  1074889.718  1074623.796  1074980.812  1074916.941  1074898.787  1074877.146  1074610.895  1075274.359  1075166.856  1075105.849  1075074.882  1074777.544
20191001 B2   0.082660831  14.00323517  756.2140088  0.000558514  6.423265176  7.43e-06     1075331.499  1075322.472  1075340.096  1075312.556  1074846.61   1075043.151  1075015.316  1075053.858  1075017.904  1074625.001  1074923.883  1074890.84   1074873.279  1074867.784  1074555.205  1074943.015  1074906.249  1074873.152  1074833.999  1074545.944  1075248.449  1075163.716  1075096.536  1075057.061  1074697.264
# 2002
20200201 R105 0.117155872  14.2983228   424.3943618  0.000587251  6.431328155  1.64e-06     1151018.855  1151165.486  1151335.905  1151491.569  1151686.603  1150378.705  1150438.613  1150534.995  1150621.414  1150787.167  1149999.841  1149994.53   1150010.253  1150024.405  1150175.604  1150257.124  1150145.508  1150085.025  1150011.8    1150156.692  1150959.55   1150802.388  1150648.809  1150502.845  1150634.503
20200201 R130 0.117149152  14.38387888  422.3288473  0.000586606  6.412793944  1.75e-06     1151274.017  1151413.525  1151580.362  1151745.36   1151940.283  1150642.136  1150688.208  1150784.68   1150878.236  1151033.36   1150265.154  1150250.912  1150271.533  1150291.478  1150412.032  1150518.909  1150405.072  1150347.87   1150283.576  1150394.409  1151228.518  1151065.932  1150917.574  1150778.653  1150864.675
20200201 B1   0.082656143  13.59708573  791.9467518  0.000551348  6.765546829  1.09e-05     1075508.155  1075439.458  1075456.514  1075438.978  1075028.227  1075202.581  1075137.658  1075171.707  1075143.736  1074805.325  1075087.238  1075028.55   1074997.013  1074998.712  1074741.326  1075085.288  1075019.388  1074998.737  1074981.028  1074720.728  1075373.357  1075265.483  1075207.101  1075178.089  1074887.941
20200201 B2   0.082660669  14.04656317  752.1737328  0.000557073  6.475785075  7.62e-06     1075435.763  1075423.849  1075438.463  1075419.028  1074952.674  1075142.799  1075116.603  1075151.219  1075121.263  1074734.017  1075026.071  1074992.763  1074971.842  1074969.673  1074659.128  1075043.575  1075004.586  1074963.571  1074931.75   1074644.93   1075351.957  1075263.709  1075197.335  1075159.019  1074801.259
# 2008
20200801 R105 0.117155379  14.28856019  426.5910971  0.000587762  5.747153384  1.4e-06      1150786.535  1150937.578  1151102.407  1151260.275  1151461.205  1150158.485  1150215.382  1150312.167  1150396.925  1150580.952  1149779.614  1149773.79   1149789.25   1149802.593  1149986.71   1150031.268  1149918.542  1149858.006  1149788.722  1149978.801  1150722.787  1150565.813  1150413.546  1150272.914  1150465.547
20200801 R130 0.117144368  14.29543374  426.9190478  0.000586763  6.096206785  1.55e-06     1151136.27   1151277.312  1151432.555  1151603.452  1151797.41   1150515.03   1150558.595  1150656.912  1150748.703  1150909.271  1150134.141  1150118.757  1150140.587  1150160.973  1150302.788  1150370.199  1150258.625  1150203.751  1150143.351  1150288.035  1151056.117  1150896.708  1150750.529  1150619.746  1150751.892
20200801 B1   0.082656702  13.48800253  799.9220581  0.000548776  6.942111603  1.14e-05     1075568.923  1075379.166  1075383.704  1075406.958  1075162.458  1075227.265  1075078.552  1075098.73   1075096.975  1074904.803  1075096.498  1074962.827  1074915.888  1074934.353  1074791.633  1075066.912  1074931.22   1074908.044  1074905.897  1074744.456  1075341.453  1075173.946  1075103.823  1075095.705  1074910.709
20200801 B2   0.082658132  14.20396227  765.6969823  0.000558984  6.456275945  7.35e-06     1075530.788  1075414.072  1075443.061  1075455.625  1075173.007  1075209.25   1075119.438  1075145.591  1075149.898  1074915.604  1075088.306  1074994.307  1074968.762  1074984.163  1074798.5    1075090.573  1074990.016  1074962.508  1074942.337  1074742.872  1075388.696  1075241.942  1075181.013  1075154.848  1074925.029
# 2103
20210301 R105 0.117158708  14.29571379  424.5871686  0.000587255  6.018308378  1.4623e-06   1150709.976  1150860.54   1151017.407  1151191.289  1151388.023  1150076.086  1150129.091  1150230.992  1150317.104  1150491.642  1149693.138  1149686.182  1149702.35   1149716.219  1149894.079  1149946.798  1149832.159  1149772.671  1149702.931  1149878.853  1150637.787  1150483.601  1150330.467  1150188.582  1150364.037
20210301 R130 0.117147296  14.27733611  426.2978228  0.000586978  6.253416994  1.6322e-06   1151054.591  1151197.871  1151344.555  1151527.718  1151720.436  1150429.259  1150471.166  1150573.43   1150664.396  1150825.823  1150043.564  1150029.398  1150051.268  1150070.621  1150208.589  1150280.467  1150168.337  1150113.578  1150052.216  1150193.804  1150968.117  1150805.297  1150659.12   1150527.653  1150651.624
20210301 B1   0.082657169  13.86144678  779.1902605  0.000553217  6.901845307  1.09496e-05  1075435.575  1075184.956  1075170.605  1075205.596  1075070.984  1075091.304  1074864.741  1074880.06   1074879.136  1074789.863  1074970.109  1074754.598  1074699.132  1074717.426  1074642.589  1074931.315  1074729.588  1074691.395  1074689.858  1074599.756  1075208.127  1074987.606  1074902.766  1074883.082  1074770.798
20210301 B2   0.082660993  14.44704984  756.7553981  0.000558282  6.524857309  7.5353e-06   1075345.924  1075121.181  1075139.303  1075165.802  1075012.67   1074995.325  1074823.177  1074845.258  1074847.401  1074731.711  1074878.56   1074702.163  1074668.561  1074687.031  1074587.066  1074882.308  1074697.68   1074671.044  1074654.365  1074524.814  1075189.547  1074959.686  1074897.275  1074868.608  1074720.231
# 2105
20210501 R105 0.117162     14.2815      424.797      0.000585075  5.97635      1.74208e-06  1150583.647  1150728.753  1150903.766  1151063.649  1151257.039  1149945.11   1150001.709  1150100.493  1150187.087  1150366.501  1149563.52   1149554.316  1149570.416  1149584.299  1149747.752  1149825.781  1149705.21   1149641.695  1149572.299  1149736.012  1150518.89   1150350.657  1150198.631  1150053.704  1150214.676
20210501 R130 0.117149     14.2984      429.231      0.000587285  5.64539      1.33834e-06  1150914.074  1151055.201  1151221.401  1151384.277  1151565.408  1150298.024  1150349.549  1150451.345  1150533.117  1150690.613  1149922.834  1149909.343  1149929.227  1149943.991  1150076.884  1150158.593  1150049.415  1149990.169  1149924.729  1150074.759  1150839.264  1150680.311  1150536.38   1150398.787  1150522.591
20210501 B1   0.0826553    14.001       875.423      0.000550245  6.59861      1.05074e-05  1075088.689  1074957.114  1074951.553  1074962.168  1074612.637  1074789.88   1074696.25   1074724.91   1074694.95   1074413.124  1074691.418  1074596.263  1074546.287  1074553.855  1074351.081  1074663.827  1074568.291  1074569.494  1074564.541  1074333.805  1074934.954  1074802.095  1074732.355  1074731.629  1074494.463
20210501 B2   0.0826636    14.4868      820.427      0.000556428  6.52288      7.8155e-06   1074835.314  1074790.083  1074796.463  1074783.763  1074381.107  1074587.929  1074539.992  1074569.046  1074538.198  1074194.391  1074481.556  1074439.818  1074417.445  1074415.754  1074136.767  1074480.39   1074423.768  1074400.941  1074380.559  1074112.746  1074754.451  1074661.298  1074605.036  1074579.567  1074257.514
# 2112
20211201 R105 0.117161559  14.28147787  424.7973840  0.000585075  5.976348864  1.74208e-06  1150583.647  1150728.753  1150903.766  1151063.649  1151257.039  1149945.110  1150001.709  1150100.493  1150187.087  1150366.501  1149563.520  1149554.316  1149570.416  1149584.299  1149747.752  1149825.781  1149705.210  1149641.695  1149572.299  1149736.012  1150518.890  1150350.657  1150198.631  1150053.704  1150214.676
20211201 R130 0.117151813  14.32450861  424.3327056  0.000586859  5.786293009  1.47273e-06  1151435.070  1151562.605  1151745.201  1151912.467  1152094.413  1150795.554  1150861.079  1150954.638  1151043.145  1151198.563  1150421.848  1150418.283  1150440.063  1150456.083  1150549.816  1150676.857  1150577.616  1150516.718  1150441.916  1150508.153  1151378.015  1151232.399  1151080.133  1150939.217  1150966.680
20211201 B1   0.082656561  13.82252479  898.3142997  0.000556949  6.717347973  9.73319e-06  1075358.513  1075157.445  1075161.057  1075171.266  1074893.617  1075055.502  1074907.386  1074915.114  1074906.579  1074693.427  1074951.163  1074809.220  1074763.909  1074770.842  1074620.363  1074902.840  1074761.882  1074707.711  1074740.038  1074578.695  1075149.974  1074932.998  1074930.758  1074928.884  1074724.331
20211201 B2   0.082661442  14.56333119  830.8884356  0.000560783  6.326875743  6.99739e-06  1075178.791  1075083.084  1075095.997  1075103.723  1074774.548  1074916.117  1074839.559  1074873.195  1074857.572  1074574.617  1074821.036  1074749.686  1074719.949  1074728.834  1074501.518  1074810.907  1074726.990  1074708.430  1074694.457  1074462.905  1075067.870  1074944.358  1074899.774  1074888.039  1074609.331
# 2202
20220201 R105 0.117162817  14.36394902  424.4860714  0.000583733  6.229685338  1.96254e-06  1150987.175  1151124.260  1151301.340  1151461.228  1151642.714  1150351.927  1150410.522  1150506.261  1150597.463  1150766.426  1149974.660  1149970.751  1149995.529  1150002.171  1150108.704  1150237.575  1150141.834  1150073.606  1150001.949  1150101.825  1150937.033  1150796.478  1150644.401  1150487.300  1150510.308
20220201 R130 0.117149497  14.30394914  426.3720058  0.000587243  5.779980322  1.31949e-06  1151352.872  1151475.763  1151659.806  1151824.462  1152007.864  1150718.944  1150776.749  1150882.590  1150966.167  1151119.493  1150343.198  1150334.805  1150364.927  1150378.290  1150464.099  1150582.145  1150489.520  1150433.931  1150360.028  1150446.496  1151271.944  1151135.899  1150986.770  1150841.783  1150839.159
20220201 B1   0.082656173  13.71363235  893.8674340  0.000557523  6.753484718  9.65511e-06  1075575.308  1075337.272  1075342.613  1075360.888  1075111.809  1075254.097  1075073.603  1075093.902  1075086.306  1074898.300  1075135.988  1074975.497  1074936.510  1074950.201  1074819.995  1075073.411  1074933.282  1074883.507  1074909.576  1074778.233  1075332.782  1075128.462  1075090.264  1075092.068  1074918.316
20220201 B2   0.082661321  14.62576144  829.1569652  0.000560411  6.501570725  7.24425e-06  1075354.214  1075246.789  1075259.151  1075273.839  1074986.764  1075081.454  1074995.319  1075034.309  1075025.152  1074767.672  1074989.908  1074898.530  1074874.335  1074890.415  1074680.646  1074980.911  1074884.451  1074849.728  1074851.092  1074648.155  1075238.121  1075110.351  1075046.954  1075047.516  1074799.607
