0.7404 0.7972 0.8578 0.8885 1.0270 1.0856 1.0461 1.1719 1.1469 1.1725 1.0257 1.0032 1.0433 1.0313 0.8510 0.8626
0.8416 0.8436 0.9603 1.0357 1.0944 1.2174 1.1932 0.9686 1.0217 0.9524 1.1090 0.9975 0.9362 0.8583 0.9982 0.7677
0.6537 0.6973 0.9114 0.9247 0.9473 1.0846 1.1257 1.0749 1.0685 1.2289 0.9997 0.9695 0.8982 0.9254 0.9175 0.7274
0.6554 0.7370 0.8535 0.9619 0.9832 1.0801 1.1070 1.0398 0.9797 1.1573 1.1242 0.9594 1.0441 0.8895 0.9424 0.7473
0.7127 0.7761 0.8066 0.8966 1.0000 1.0240 1.0655 1.0535 1.1896 1.2258 1.0265 1.0406 0.9548 1.0352 0.9542 0.8773
0.8346 0.8550 0.8594 0.9461 1.1526 1.0840 1.1754 1.1140 1.1698 1.1245 1.0654 1.0179 0.9715 0.9257 0.8550 0.8540
0.7511 0.8151 0.8562 0.9377 1.0438 1.0417 1.1519 1.1618 1.1079 1.0868 1.0945 1.0494 0.9809 0.9139 0.8285 0.9291
0.8911 0.8135 0.8672 0.9320 1.0000 1.0912 1.1866 1.1083 1.0972 1.0684 1.1496 1.0852 1.0207 0.9281 0.8505 0.9158
0.8211 0.8662 0.8769 0.8603 1.0194 1.0123 1.1322 1.0520 1.0817 1.1060 1.0437 1.0908 0.9842 1.0383 0.9106 0.8428
0.6865 0.7517 0.8562 0.9748 0.9988 1.0224 1.0572 1.1255 0.9836 1.0170 1.1759 0.9669 0.9106 0.9700 1.0017 1.0082
0.7212 0.6428 0.7412 0.7935 0.9584 1.0353 1.1369 1.0400 1.0283 1.0669 1.0148 0.9639 1.0248 0.9794 0.8617 0.9640
0.7486 0.8396 0.9204 0.9806 1.1617 1.1403 1.1284 0.8811 1.0368 1.2347 1.0860 0.9718 0.9345 1.0000 1.0000 0.6894
0.9313 0.8803 0.9005 1.0050 1.1461 1.1144 1.1731 1.0231 1.1289 1.0482 1.0555 1.0327 0.9974 0.8458 0.8387 0.9665
0.9033 0.9051 0.9570 1.0191 0.9922 1.1010 1.1623 1.1215 1.0912 1.0546 1.1528 0.9390 0.9468 1.0000 0.8438 0.8192
0.6622 0.7347 0.8566 0.8964 0.9853 1.1876 1.0741 1.0689 1.0541 1.0596 1.0987 1.1327 1.0100 0.8623 0.8909 0.8190
0.6767 0.7964 0.9137 1.0001 0.9792 1.0400 1.0940 1.0390 1.0774 1.0136 1.0015 1.0625 1.0012 0.9794 0.9275 0.8716
0.8756 0.7773 0.8582 0.8875 1.0409 1.1643 0.9743 1.1689 1.1341 1.1695 1.0489 1.0442 1.1087 0.9402 0.8867 0.9232
0.7009 0.7808 0.7983 0.8274 1.0106 0.9944 1.1164 1.0084 1.0080 1.1163 1.0776 1.0495 1.0121 1.0176 0.8956 0.9115
0.6888 1.0000 0.8914 0.9296 0.9748 1.1171 1.1255 1.0410 1.0750 1.1580 1.0886 0.9081 0.9973 0.9060 0.8858 0.9028
0.8380 0.8117 0.9128 0.8490 1.0316 1.1375 1.0059 1.0756 1.0684 1.1707 1.0504 1.1375 1.0000 0.9693 0.9682 0.9239
0.8781 0.8930 0.8924 0.9577 0.9445 1.0926 1.0605 1.0371 1.0521 0.9571 1.0535 1.1184 1.0106 0.9940 1.0091 0.9508
0.6276 0.7771 0.9141 0.9835 1.0000 1.0674 1.0578 1.0620 1.0305 1.1013 1.0082 1.0645 0.9825 0.9086 1.0000 0.8178
0.8497 0.7860 0.9484 0.9368 1.0698 1.1476 1.1687 0.9441 1.0737 1.1333 1.1574 1.0347 1.0476 0.9360 0.8830 0.8417
0.7604 0.7931 0.8751 0.9497 1.2043 1.0000 1.0826 1.1845 1.0938 1.0518 1.2348 0.9384 0.9321 0.9518 0.9798 0.9721
0.8390 0.9139 0.8813 0.9578 1.0956 1.0968 1.1891 1.1756 1.1831 1.1681 1.1015 0.9711 0.9701 0.9042 0.7783 0.7848
