0.7454 0.8013 0.8730 0.8815 1.0227 1.1056 1.0762 1.1650 1.1697 1.1920 1.0515 1.0106 1.0085 1.0047 0.8549 0.8482
0.8587 0.8646 0.9823 1.0509 1.0965 1.2270 1.2174 0.9609 1.0496 0.9597 1.1129 0.9806 0.9225 0.8534 0.9453 0.7367
0.6699 0.6893 0.9153 0.9056 0.9530 1.0739 1.1482 1.0680 1.0857 1.2406 1.0405 0.9822 0.8877 0.9117 0.8741 0.7307
0.6806 0.7664 0.8541 0.9562 0.9697 1.0732 1.1217 1.0469 1.0125 1.1841 1.1475 0.9617 1.0170 0.8894 0.8881 0.7437
0.7239 0.7700 0.8388 0.8936 1.0000 1.0066 1.0863 1.0712 1.1571 1.2335 1.0670 1.0632 0.9728 1.0161 0.9369 0.7844
0.8142 0.8482 0.8680 0.9524 1.1270 1.0661 1.1933 1.1571 1.1806 1.1347 1.0798 1.0151 0.9523 0.9226 0.8370 0.8428
0.7730 0.8051 0.8535 0.9314 1.0206 1.0762 1.1729 1.1878 1.0995 1.1087 1.1050 1.0530 0.9624 0.9122 0.8123 0.9142
0.8647 0.8013 0.8536 0.9429 1.0000 1.1191 1.2179 1.1585 1.0202 1.0573 1.1817 1.1080 1.0122 0.9181 0.8207 0.9004
0.8233 0.8615 0.8598 0.8984 1.0179 1.0135 1.1250 1.0625 1.0970 1.1262 1.0729 1.1102 0.9562 1.0162 0.8608 0.8396
0.6810 0.7800 0.8677 0.9791 0.9944 1.0572 1.1050 1.0919 1.0253 1.0662 1.1939 1.0008 0.9051 0.9789 0.9312 0.8942
0.7307 0.6517 0.7408 0.7774 0.9321 1.0153 1.1336 1.0491 1.0551 1.0719 1.0496 0.9647 0.9939 0.9598 0.8251 1.0239
0.7338 0.8188 0.9093 0.9876 1.1521 1.1178 1.1387 0.8949 1.0717 1.1973 1.0866 0.9671 0.9314 1.0000 1.0000 0.6982
0.9365 0.8979 0.9288 1.0209 1.1437 1.1605 1.1787 1.0407 1.1352 1.0405 1.0766 1.0154 0.9531 0.8298 0.8040 0.8921
0.8997 0.9194 0.9697 1.0113 1.0066 1.1010 1.1785 1.1420 1.1107 1.0612 1.1409 0.9441 0.9077 1.0000 0.8016 0.7725
0.7172 0.7422 0.8763 0.9230 1.0169 1.1646 1.0671 1.0347 1.0422 1.0765 1.1799 1.1692 1.0380 0.8499 0.8252 0.7451
0.7024 0.8236 0.9465 1.0278 0.9831 1.0654 1.0794 1.0559 1.0837 0.9983 1.0272 1.0603 0.9874 0.9593 0.8969 0.8384
0.8495 0.7978 0.8654 0.8934 1.0308 1.1591 1.0238 1.1533 1.1391 1.2021 1.0888 1.0442 1.0776 0.9179 0.8704 0.8780
0.7185 0.7652 0.7948 0.8085 1.0046 0.9920 1.1190 1.0120 1.0079 1.1132 1.0845 1.0367 0.9987 1.0135 0.8570 0.8577
0.6926 1.0000 0.8786 0.9285 0.9815 1.1539 1.1530 1.1097 1.0689 1.1757 1.1163 0.9164 0.9563 0.8994 0.8345 0.8441
0.8489 0.8423 0.9041 0.8552 1.0421 1.1283 0.9916 1.0874 1.0863 1.1901 1.0833 1.1321 1.0000 1.0070 0.9074 0.9115
0.8749 0.8691 0.8869 0.9800 0.9671 1.1076 1.0819 1.0530 1.0649 1.0169 1.0770 1.1263 1.0177 0.9885 0.9567 0.8791
0.6127 0.7643 0.9028 0.9789 1.0000 1.0670 1.0538 1.0715 1.0724 1.1167 1.0137 1.0513 1.0027 0.9021 1.0000 0.7938
0.8959 0.8122 0.9340 0.9555 1.0707 1.2001 1.1933 0.9821 1.0907 1.1497 1.1775 1.0098 1.0144 0.9203 0.8378 0.7986
0.7625 0.7896 0.8646 0.9359 1.2146 1.0000 1.0986 1.1984 1.1193 1.0869 1.2354 0.9801 0.9482 0.9274 0.9311 0.9084
0.8683 0.9189 0.8979 0.9520 1.0983 1.0913 1.1702 1.1603 1.1950 1.1654 1.0845 0.9781 0.9807 0.9148 0.7575 0.7471
