0.7215 0.7698 0.8601 0.8913 1.0329 1.0812 1.0540 1.1717 1.1669 1.1749 1.0266 1.0197 1.0506 1.0099 0.8607 0.8642
0.8312 0.8568 0.9437 1.0444 1.0744 1.2392 1.2251 0.9811 1.0322 0.9613 1.1146 0.9947 0.9284 0.8626 0.9786 0.7682
0.6402 0.7055 0.8987 0.9218 0.9571 1.0813 1.1640 1.0740 1.0797 1.2432 1.0235 0.9531 0.9020 0.9054 0.8726 0.7155
0.6488 0.7342 0.8437 0.9615 0.9721 1.0680 1.1152 1.0512 1.0174 1.1631 1.1305 0.9705 1.0228 0.8776 0.9195 0.7648
0.6949 0.7711 0.8045 0.9080 1.0000 0.9978 1.0706 1.0429 1.1637 1.2299 1.0501 1.0340 0.9767 1.0404 0.9332 0.8455
0.8244 0.8366 0.8586 0.9581 1.1507 1.0785 1.1765 1.1174 1.1864 1.1148 1.0673 1.0045 0.9754 0.9354 0.8651 0.8483
0.7616 0.8136 0.8579 0.9323 1.0400 1.0388 1.1723 1.1730 1.1126 1.0847 1.0926 1.0213 0.9802 0.9228 0.8192 0.9372
0.8767 0.7971 0.8489 0.9247 1.0000 1.1118 1.2177 1.1301 1.0961 1.0879 1.1586 1.0768 1.0195 0.9329 0.8348 0.8953
0.8156 0.8749 0.8583 0.8607 1.0192 1.0185 1.1288 1.0481 1.1018 1.1223 1.0530 1.0971 0.9701 1.0200 0.8898 0.8481
0.6919 0.7383 0.8664 0.9702 0.9736 1.0234 1.0670 1.1208 1.0112 1.0878 1.1996 0.9747 0.9260 0.9962 0.9712 0.9724
0.7130 0.6556 0.7352 0.8011 0.9626 1.0532 1.1247 1.0615 1.0332 1.0767 1.0344 0.9545 1.0033 0.9736 0.8453 0.9625
0.7290 0.8182 0.9127 0.9718 1.1439 1.1472 1.1220 0.9055 1.0410 1.2154 1.0850 0.9536 0.9568 1.0000 1.0000 0.6977
0.9382 0.8908 0.9116 1.0188 1.1291 1.1225 1.1868 1.0292 1.1244 1.0613 1.0726 1.0004 0.9897 0.8309 0.8307 0.9456
0.8976 0.8888 0.9591 1.0028 0.9933 1.0984 1.1601 1.1527 1.1083 1.0599 1.1677 0.9366 0.9505 1.0000 0.8148 0.7940
0.7018 0.7287 0.8429 0.9159 0.9933 1.1453 1.0643 1.0644 1.0725 1.0756 1.1129 1.1139 1.0113 0.8771 0.8731 0.8335
0.6742 0.8000 0.9144 0.9729 0.9907 1.0304 1.1057 1.0531 1.0846 1.0096 1.0148 1.0474 0.9872 0.9836 0.9318 0.8660
0.8535 0.7941 0.8729 0.9044 1.0562 1.1693 1.0021 1.1798 1.1440 1.1802 1.0470 1.0321 1.0965 0.9229 0.8741 0.8787
0.6988 0.7493 0.7804 0.8125 1.0055 0.9968 1.1234 1.0072 1.0147 1.1141 1.0689 1.0405 1.0032 1.0046 0.8699 0.8703
0.6878 1.0000 0.8821 0.9078 0.9727 1.1294 1.1441 1.0813 1.0917 1.1739 1.0879 0.9341 0.9741 0.8844 0.8656 0.8707
0.8259 0.8214 0.9054 0.8535 1.0261 1.1406 1.0172 1.0746 1.0792 1.1855 1.0610 1.1105 1.0000 0.9993 0.9738 0.9398
0.8365 0.8866 0.9006 0.9825 0.9557 1.1178 1.0841 1.0575 1.0459 0.9876 1.0674 1.1065 1.0120 0.9641 0.9901 0.9266
0.6355 0.7676 0.8911 0.9644 1.0000 1.0649 1.0650 1.0769 1.0523 1.1057 1.0339 1.0465 0.9742 0.9030 1.0000 0.8153
0.8719 0.7964 0.9381 0.9382 1.0666 1.1606 1.1985 0.9821 1.0783 1.1325 1.1568 1.0194 1.0333 0.9445 0.8960 0.8085
0.7398 0.7907 0.8534 0.9423 1.2203 1.0000 1.0922 1.1824 1.1044 1.0814 1.2370 0.9550 0.9471 0.9473 0.9598 0.9536
0.8301 0.9162 0.8812 0.9703 1.0951 1.1081 1.1836 1.1646 1.1904 1.1895 1.0974 0.9503 0.9543 0.9124 0.7847 0.7599
