1.3406 1.1903 1.0259 1.0863 0.9816 0.9419 1.0716 0.8964 1.1092 1.1339 0.8466 0.8349 0.9265 0.8378 0.7935 0.9233
1.0000 1.1057 1.3065 1.2777 1.1434 0.9966 1.1018 0.9578 0.8828 0.9048 0.8562 0.8535 0.8605 0.8871 0.8160 1.0000
1.0077 0.9090 0.8989 1.1535 0.8425 0.9476 1.0000 0.9657 0.9641 1.0338 0.9585 0.9601 1.0475 1.1812 1.0909 1.2282
1.3350 1.2002 1.1830 1.1314 1.0243 1.0675 1.0724 0.9034 0.9480 0.8591 0.8995 0.9401 0.7950 0.9248 0.7605 0.9784
1.2534 0.9908 0.9265 1.0367 0.9819 1.0271 0.9877 0.9189 1.0176 1.0863 0.9387 1.0787 0.8763 1.0683 1.0218 1.2485
1.2610 1.1065 1.0331 1.1510 0.9848 1.0799 1.0584 0.9619 0.9241 0.9915 1.0005 0.8390 0.8504 0.7970 0.9811 0.9123
1.1977 1.0980 1.0429 0.9929 0.9388 0.9598 1.0280 0.9818 0.8801 1.0397 0.9662 0.8435 0.9848 1.0463 1.0000 1.0436
1.3250 1.2064 1.1374 1.0681 1.1346 1.1083 1.0874 1.0103 1.0907 0.9054 0.9049 0.8339 0.8060 0.7777 0.7410 0.7763
0.6513 0.7049 0.8785 0.7327 0.9314 0.9344 0.8366 1.0086 1.0047 0.8920 1.0356 0.9794 1.1980 1.0054 1.1810 1.2866
1.1550 0.9933 0.9883 1.1015 0.9993 0.9511 0.9473 1.2059 0.8801 0.8735 0.9264 0.8870 0.9840 0.9847 1.0481 1.0276
0.7112 0.7533 0.9091 0.8196 0.9837 0.9767 0.9097 1.0189 0.9634 0.9586 1.1116 0.9216 1.2130 1.1056 0.9672 1.3241
1.2732 1.1434 1.1987 1.2320 1.1036 1.1235 1.1372 0.9638 0.9898 0.8873 0.8318 0.8702 0.8406 0.7817 0.8220 0.7825
0.9891 0.8415 0.8106 0.9143 0.8673 0.9340 0.8413 1.0637 0.9675 1.1152 1.1955 1.0053 1.1259 1.2059 1.1612 1.5267
1.2381 1.0677 1.1319 1.0468 0.8585 0.9965 1.0248 1.0222 0.9427 0.8659 0.9249 0.8718 0.9863 0.8696 1.0175 1.0770
1.1660 1.1709 0.9431 0.9237 1.0503 1.0355 0.9863 1.0654 1.0003 0.9311 0.9617 0.9758 0.9528 0.8028 0.7819 0.9699
1.0681 0.9157 1.0725 0.9093 1.0112 1.0630 0.9691 1.0019 1.0000 0.9045 0.9193 1.1096 1.0000 0.9813 0.9614 1.1134
0.9403 0.9378 0.9228 1.0000 0.9937 0.9358 1.0254 1.1036 1.0088 1.0063 1.0328 0.9797 1.0553 1.0992 1.2538 1.2524
1.4780 1.3642 1.0639 1.2656 0.9662 0.9977 1.1234 0.9629 0.9026 1.0000 1.0000 0.8976 1.0000 0.8156 0.8763 0.8742
1.5002 1.0163 1.1526 0.9220 0.8055 1.1116 1.0273 1.0035 1.0841 1.0475 0.9089 1.0018 0.8975 0.8900 0.9717 1.1436
1.1564 1.0938 1.1386 1.2118 0.9660 1.0369 0.9545 0.9185 0.9987 1.0287 0.9091 0.8082 0.8244 0.7810 0.5360 0.5398
1.2371 0.9892 1.0000 0.9613 1.1422 1.0693 0.9394 1.0370 0.9768 1.0271 0.9322 1.0440 0.8929 1.0487 0.9510 1.0157
0.7515 0.7726 0.9979 1.0186 1.1200 1.0101 0.9770 0.9499 0.9421 1.0784 0.9722 0.9838 1.0009 0.9739 0.9601 1.1809
1.0484 0.8939 0.9210 0.9876 0.8902 0.9437 0.8835 0.9305 1.0000 1.1678 0.9431 0.9175 1.1679 1.2666 1.3541 1.7176
1.0482 1.0906 0.9023 1.0539 0.9009 0.9861 0.9732 1.0264 1.0863 0.8926 0.9829 1.0301 0.9302 1.0194 0.5458 1.0313
1.0946 0.9405 0.8824 0.9247 0.9348 0.9829 1.0614 0.9906 0.9834 0.8901 1.0350 1.0109 1.1013 0.9856 1.0632 1.1823
