0.7239 0.7653 0.8484 0.8781 1.0113 1.1028 1.0545 1.1689 1.1676 1.1854 1.0246 1.0209 1.0238 1.0294 0.8606 0.8817
0.8238 0.8314 0.9453 1.0375 1.0869 1.2448 1.2221 0.9776 1.0303 0.9700 1.0957 0.9944 0.9261 0.8599 0.9872 0.7720
0.6468 0.7032 0.8958 0.9070 0.9560 1.0806 1.1222 1.0833 1.0793 1.2447 1.0173 0.9671 0.9103 0.9110 0.8957 0.7298
0.6451 0.7271 0.8373 0.9488 0.9729 1.0619 1.1095 1.0447 1.0017 1.1674 1.1358 0.9769 1.0356 0.8989 0.9252 0.7759
0.6922 0.7612 0.7818 0.8774 1.0000 0.9928 1.0646 1.0523 1.1760 1.2454 1.0560 1.0323 0.9783 1.0576 0.9519 0.8703
0.8075 0.8306 0.8634 0.9430 1.1276 1.0933 1.1816 1.1142 1.1903 1.1160 1.0565 1.0332 0.9727 0.9348 0.8663 0.8755
0.7329 0.7925 0.8514 0.9215 1.0265 1.0274 1.1775 1.1555 1.1091 1.0895 1.0998 1.0561 0.9905 0.9237 0.8297 0.9482
0.8677 0.7926 0.8573 0.9316 1.0000 1.0934 1.2033 1.1226 1.1210 1.0801 1.1489 1.0785 1.0231 0.9226 0.8515 0.9139
0.8053 0.8658 0.8484 0.8641 0.9998 1.0217 1.1182 1.0363 1.1114 1.1340 1.0503 1.1137 0.9784 1.0346 0.9075 0.8610
0.6917 0.7379 0.8410 0.9517 0.9856 1.0247 1.0491 1.1093 1.0102 1.0398 1.1687 0.9736 0.9088 0.9911 0.9946 1.0024
0.7121 0.6553 0.7396 0.8075 0.9553 1.0402 1.1233 1.0324 1.0422 1.0766 1.0258 0.9629 1.0179 0.9805 0.8635 0.9323
0.7328 0.8280 0.9147 0.9755 1.1578 1.1232 1.1260 0.8952 1.0541 1.2335 1.0953 0.9769 0.9533 1.0000 1.0000 0.7238
0.9080 0.8690 0.8939 1.0103 1.1364 1.1100 1.1804 1.0227 1.1379 1.0690 1.0760 1.0283 0.9987 0.8420 0.8413 0.9503
0.8949 0.8876 0.9471 0.9965 0.9994 1.0964 1.1644 1.1392 1.1054 1.0726 1.1781 0.9472 0.9459 1.0000 0.8242 0.8036
0.6813 0.7243 0.8140 0.8795 0.9675 1.1566 1.0926 1.0694 1.0669 1.0970 1.1318 1.1535 1.0132 0.8694 0.8792 0.8049
0.6855 0.8139 0.9234 1.0056 0.9760 1.0313 1.0701 1.0536 1.0871 1.0051 1.0075 1.0715 0.9939 0.9685 0.9278 0.8713
0.8668 0.7775 0.8690 0.8825 1.0294 1.1530 0.9803 1.1739 1.1609 1.1927 1.0660 1.0247 1.1023 0.9272 0.8899 0.9038
0.6944 0.7603 0.7859 0.8099 1.0123 1.0168 1.1038 0.9951 0.9924 1.1102 1.0927 1.0741 1.0278 1.0314 0.8882 0.9017
0.6818 1.0000 0.8839 0.9211 0.9638 1.1221 1.1225 1.0704 1.0712 1.1639 1.0887 0.9169 0.9922 0.9028 0.8804 0.8971
0.8335 0.8106 0.9121 0.8415 1.0287 1.1388 1.0026 1.0762 1.0891 1.2085 1.0589 1.1099 1.0000 0.9686 0.9490 0.9204
0.8591 0.8714 0.8793 0.9640 0.9456 1.0901 1.0893 1.0574 1.0513 0.9759 1.0598 1.1177 1.0164 0.9727 0.9942 0.9419
0.6294 0.7704 0.8934 0.9582 1.0000 1.0691 1.0627 1.0849 1.0465 1.0905 1.0395 1.0572 0.9977 0.9004 1.0000 0.7928
0.8587 0.7899 0.9380 0.9405 1.0662 1.1607 1.1803 0.9806 1.0799 1.1346 1.1635 1.0137 1.0119 0.9306 0.8921 0.8214
0.7519 0.7847 0.8659 0.9417 1.2057 1.0000 1.0973 1.1964 1.1141 1.0776 1.2407 0.9490 0.9450 0.9223 0.9508 0.9524
0.8205 0.9194 0.8885 0.9546 1.0732 1.0984 1.1739 1.1777 1.2011 1.1953 1.1106 0.9912 0.9474 0.9036 0.7684 0.7634
