0.7470 0.7951 0.8645 0.8690 1.0093 1.0931 1.0412 1.1801 1.1731 1.1645 1.0405 1.0300 1.0423 1.0312 0.8569 0.8368
0.8401 0.8517 0.9416 1.0277 1.0864 1.2154 1.2131 0.9989 1.0556 0.9818 1.1143 0.9999 0.9243 0.8600 0.9550 0.7365
0.6582 0.6863 0.8924 0.9026 0.9491 1.0651 1.1469 1.0914 1.0971 1.2365 1.0253 0.9966 0.9009 0.9031 0.8723 0.7015
0.6714 0.7503 0.8530 0.9592 0.9713 1.0893 1.1214 1.0529 0.9935 1.1845 1.1489 0.9605 1.0247 0.8619 0.9039 0.7302
0.7113 0.7717 0.8189 0.8833 1.0000 1.0175 1.0998 1.0607 1.1207 1.2439 1.0911 1.0565 0.9640 1.0056 0.8944 0.7596
0.8272 0.8481 0.8794 0.9608 1.1237 1.0662 1.1811 1.1496 1.1823 1.1268 1.0738 1.0158 0.9455 0.9304 0.8452 0.8413
0.7688 0.7943 0.8516 0.9336 1.0072 1.0553 1.1816 1.1872 1.1180 1.1076 1.1112 1.0541 0.9625 0.9176 0.8054 0.9143
0.8649 0.8076 0.8624 0.9480 1.0000 1.1309 1.2195 1.1598 1.0620 1.0548 1.1632 1.1054 1.0133 0.9088 0.8231 0.8860
0.8102 0.8574 0.8424 0.8924 1.0089 1.0229 1.1352 1.0445 1.1012 1.1288 1.0624 1.1337 0.9634 1.0109 0.8816 0.8153
0.6793 0.7462 0.8344 0.9708 0.9837 1.0234 1.0588 1.0956 1.0249 1.0838 1.1972 1.0118 0.9252 0.9961 0.9437 0.9442
0.7358 0.6568 0.7403 0.7785 0.9434 1.0247 1.1435 1.0461 1.0558 1.0659 1.0362 0.9704 0.9966 0.9737 0.8420 0.9723
0.7473 0.8138 0.9209 0.9769 1.1536 1.1167 1.1250 0.8966 1.0659 1.2074 1.0825 0.9584 0.9266 1.0000 1.0000 0.6741
0.9467 0.8781 0.9295 1.0194 1.1359 1.1580 1.1800 1.0402 1.1426 1.0401 1.0660 1.0361 0.9631 0.8287 0.8138 0.8911
0.8836 0.8826 0.9663 1.0099 0.9965 1.1036 1.1642 1.1459 1.1232 1.0681 1.1819 0.9458 0.9357 1.0000 0.8153 0.7738
0.6998 0.7654 0.8907 0.9037 1.0281 1.1538 1.0681 1.0484 1.0440 1.0674 1.1665 1.1651 1.0099 0.8707 0.8411 0.7636
0.6832 0.8120 0.9337 0.9967 0.9937 1.0677 1.0856 1.0519 1.0908 1.0275 1.0303 1.0565 0.9841 0.9565 0.8897 0.8313
0.8518 0.8136 0.8677 0.9134 1.0398 1.1750 1.0137 1.1771 1.1363 1.1951 1.0794 1.0277 1.0598 0.9308 0.8616 0.8539
0.7331 0.7694 0.8106 0.8190 1.0075 1.0096 1.1109 1.0097 1.0218 1.0961 1.0808 1.0255 1.0223 1.0189 0.8499 0.8599
0.7089 1.0000 0.8839 0.9215 0.9939 1.1515 1.1430 1.1072 1.0813 1.1532 1.0912 0.9144 0.9573 0.8981 0.8461 0.8554
0.8357 0.8102 0.9400 0.8686 1.0255 1.1192 1.0063 1.1061 1.0802 1.2075 1.0668 1.1184 1.0000 0.9928 0.9116 0.8925
0.8526 0.8657 0.8789 0.9981 0.9700 1.1193 1.0923 1.0511 1.0627 1.0198 1.0675 1.1125 1.0131 0.9918 0.9681 0.8696
0.6185 0.7582 0.8937 0.9787 1.0000 1.0634 1.0693 1.0810 1.0674 1.1105 1.0499 1.0393 0.9870 0.8992 1.0000 0.7681
0.8612 0.7960 0.9393 0.9370 1.0718 1.1637 1.1806 0.9942 1.1047 1.1547 1.1663 1.0086 1.0196 0.9325 0.8444 0.8213
0.7543 0.8002 0.8749 0.9311 1.2080 1.0000 1.0917 1.2104 1.1125 1.0725 1.2334 0.9741 0.9488 0.9263 0.9441 0.9178
0.8542 0.9132 0.9064 0.9786 1.0904 1.1080 1.1483 1.1592 1.1602 1.1655 1.1094 0.9806 0.9557 0.9001 0.7784 0.7698
