1.3308 1.1772 1.0408 1.0932 0.9869 0.9438 1.0750 0.9075 1.1137 1.1470 0.8460 0.8341 0.9351 0.8270 0.8055 0.9257
1.0000 1.0795 1.2950 1.2793 1.1459 1.0124 1.1061 0.9606 0.8799 0.9140 0.8706 0.8626 0.8808 0.9048 0.8255 1.0000
1.0318 0.9014 0.9349 1.1888 0.8364 0.9462 1.0000 0.9315 0.9646 1.0530 0.9524 0.9546 1.0336 1.1903 1.0952 1.2721
1.3394 1.2001 1.1594 1.1467 1.0031 1.0571 1.0857 0.9013 0.9626 0.8810 0.9079 0.9394 0.8051 0.9212 0.8006 0.9792
1.2402 0.9678 0.8938 1.0093 0.9635 0.9860 0.9729 0.8937 1.0019 1.0602 0.9894 1.0897 0.8926 1.1116 1.0601 1.3222
1.1949 1.0641 1.0008 1.1026 0.9781 1.0747 1.0720 0.9777 0.9286 1.0348 1.0147 0.8732 0.8933 0.8375 0.9968 0.9665
1.1819 1.1042 1.0294 0.9813 0.9390 0.9739 1.0237 0.9681 0.9089 1.0553 0.9785 0.8426 0.9620 1.0611 1.0000 1.0413
1.3449 1.2212 1.1419 1.0767 1.0765 1.0925 1.0444 1.0079 1.0892 0.9141 0.9103 0.8496 0.8269 0.7998 0.7655 0.8396
0.6667 0.7227 0.8843 0.7529 0.9573 0.9703 0.8162 1.0314 1.0484 0.9115 1.0752 0.9820 1.2023 1.0117 1.2130 1.2370
1.1550 0.9985 0.9841 1.1061 1.0069 0.9651 0.9606 1.1659 0.8617 0.8821 0.9205 0.8932 0.9783 0.9903 1.0774 1.0971
0.6565 0.7311 0.8677 0.7850 0.9483 0.9488 0.8915 1.0718 1.0152 0.9502 1.0711 0.9217 1.2535 1.0894 0.9611 1.3097
1.2673 1.1415 1.1758 1.2146 1.0878 1.1172 1.1432 0.9748 0.9908 0.8838 0.8406 0.8725 0.8549 0.8005 0.8324 0.7977
1.0341 0.8514 0.8151 0.9119 0.8605 0.8974 0.8132 1.0078 0.9359 1.1223 1.1921 1.0129 1.1073 1.1878 1.1325 1.5310
1.2141 1.0768 1.1207 1.0185 0.8570 0.9971 1.0297 1.0339 0.9613 0.8867 0.9346 0.8900 0.9747 0.8760 1.0025 1.1007
1.2123 1.1553 0.9194 0.9082 1.0386 1.0242 0.9815 1.0675 1.0088 0.9394 0.9694 0.9727 0.9526 0.7981 0.7743 0.9374
1.0350 0.9569 1.0610 0.9172 0.9980 1.0520 0.9676 0.9711 1.0000 0.9010 0.9358 1.0684 1.0000 1.0045 1.0121 1.1884
0.9479 0.9526 0.9313 1.0000 0.9831 0.9333 1.0289 1.0741 0.9847 1.0057 1.0377 0.9898 1.0480 1.0773 1.2494 1.2937
1.5055 1.3628 1.0580 1.2816 0.9923 1.0088 1.1105 0.9609 0.8855 1.0000 1.0000 0.8870 1.0000 0.8169 0.8871 0.9227
1.5374 1.0257 1.2003 0.9161 0.8042 1.1064 0.9924 0.9644 1.0722 1.0235 0.8933 1.0129 0.9137 0.8749 0.9913 1.1425
1.1882 1.1255 1.1617 1.2235 0.9935 1.0355 0.9485 0.9221 0.9808 1.0322 0.9053 0.8051 0.7863 0.7530 0.5227 0.5174
1.2116 0.8890 1.0000 0.9140 1.0271 1.0053 0.9092 1.0018 0.9851 1.0496 0.9423 1.0964 0.9188 1.1076 1.0382 1.1195
0.7485 0.7439 0.9916 0.9995 1.1067 1.0044 0.9502 0.9406 0.9357 1.0779 0.9571 0.9804 1.0438 0.9993 1.0128 1.2037
1.0392 0.8773 0.8945 0.9673 0.8586 0.9202 0.8486 0.9221 1.0000 1.1398 0.9228 0.9344 1.1525 1.2505 1.3444 1.6584
1.0442 1.0840 0.9106 1.0434 0.8873 0.9806 0.9516 0.9899 1.0761 0.9010 1.0074 1.0311 0.9357 1.0385 0.5458 1.0795
1.1918 0.9873 0.9254 0.9723 0.9982 1.0007 1.0747 0.9763 0.9813 0.8842 1.0311 0.9649 1.0494 0.9569 1.0226 1.1371
