1.3323 1.1822 1.0485 1.0780 0.9818 0.9564 1.0908 0.9089 1.1157 1.1329 0.8743 0.8321 0.9475 0.8135 0.7992 0.8976
1.0000 1.0817 1.2744 1.2655 1.1460 1.0222 1.0924 0.9634 0.8805 0.9360 0.8771 0.8701 0.8542 0.9201 0.8289 1.0000
1.0547 0.9153 0.8992 1.1802 0.8611 0.9577 1.0000 0.9372 0.9924 1.0464 0.9682 0.9412 1.0545 1.1230 1.0928 1.2042
1.2618 1.1911 1.1497 1.1508 1.0162 1.0828 1.1010 0.8902 0.9717 0.8997 0.9038 0.9721 0.8252 0.9245 0.7871 0.9552
1.2933 0.9952 0.9291 1.0438 0.9331 0.9944 0.9945 0.9065 0.9484 1.0259 0.9914 1.0862 0.8702 1.1072 1.0470 1.3078
1.1895 1.1001 0.9797 1.1389 0.9751 1.0822 1.0609 0.9669 0.8947 1.0320 0.9591 0.8739 0.8672 0.8513 1.0210 0.9838
1.1625 1.0839 1.0581 0.9749 0.9500 0.9358 1.0404 0.9555 0.8863 1.0662 0.9629 0.8334 0.9879 1.0910 1.0000 1.0435
1.3483 1.2227 1.1565 1.0898 1.1105 1.1131 1.0727 1.0059 1.0805 0.8969 0.9259 0.8231 0.8091 0.7629 0.7755 0.8154
0.6668 0.7124 0.9130 0.7498 0.9363 0.9644 0.8362 1.0400 1.0491 0.9114 1.0575 1.0015 1.2101 1.0055 1.2401 1.1806
1.1151 0.9843 0.9593 1.0936 1.0139 0.9616 0.9430 1.1434 0.8620 0.8945 0.9366 0.8931 1.0172 1.0008 1.1032 1.1159
0.6633 0.7115 0.8914 0.8111 0.9507 0.9888 0.9088 1.0215 0.9825 0.9583 1.0657 0.9301 1.2567 1.1045 0.9790 1.2195
1.2367 1.1239 1.1509 1.1919 1.0667 1.1051 1.1413 0.9685 1.0020 0.8883 0.8514 0.9178 0.8677 0.8091 0.8672 0.8132
1.0094 0.8730 0.8370 0.9332 0.9045 0.9170 0.7893 0.9541 0.9510 0.9992 1.1690 1.0008 1.1360 1.2223 1.1791 1.5626
1.1753 1.0871 1.0149 0.9640 0.8600 0.9930 1.0320 1.0462 0.9636 0.9153 0.9648 0.8902 1.0075 0.9035 1.0503 1.0971
1.2089 1.1595 0.9405 0.9278 1.0454 1.0521 1.0053 1.0554 1.0027 0.9068 0.9427 0.9552 0.9621 0.7646 0.7594 0.9107
1.0057 0.9637 1.0482 0.8878 0.9770 1.0599 0.9938 1.0048 1.0000 0.9339 0.9391 1.0292 1.0000 1.0140 1.0352 1.1671
0.9333 0.9126 0.8992 1.0000 0.9626 0.9113 1.0446 1.0528 0.9869 1.0251 1.0761 1.0005 1.0789 1.1207 1.2708 1.2984
1.4143 1.3301 1.0092 1.2761 0.9681 0.9993 1.1227 0.9850 0.9127 1.0000 1.0000 0.8952 1.0000 0.8503 0.9089 0.9061
1.4712 1.0208 1.2064 0.9238 0.8060 1.1132 1.0020 0.9926 1.0961 1.0231 0.9149 1.0037 0.8824 0.8808 0.9532 1.1345
1.1707 1.1230 1.1557 1.1982 1.0023 1.0482 0.9432 0.9239 1.0015 1.0243 0.9029 0.8080 0.8169 0.7571 0.5255 0.5150
1.2822 0.9428 1.0000 0.9366 1.1787 1.0948 0.9213 1.0199 0.9742 0.9718 0.9041 1.0653 0.8732 1.0661 1.0120 1.0595
0.5890 0.7136 0.9817 0.9901 1.0972 1.0187 0.9925 0.9606 0.9281 1.0686 0.9593 0.9949 1.0301 0.9633 1.0160 1.2265
1.0540 0.8650 0.9112 0.9889 0.8580 0.9431 0.8567 0.9049 1.0000 1.0949 0.9320 0.9152 1.1247 1.2640 1.3261 1.5453
1.0336 1.0627 0.8703 1.0358 0.8737 0.9874 0.9404 0.9855 1.1249 0.9222 1.0123 1.0375 0.9521 1.0299 0.5458 1.0891
1.2810 1.0766 1.0120 1.0433 1.0442 1.0390 1.0681 1.0045 1.0175 0.8787 1.0174 0.8893 1.0079 0.8920 0.9124 1.0140
