1.3363 1.1834 1.0515 1.0904 1.0053 0.9507 1.0773 0.9014 1.1310 1.1281 0.8565 0.8333 0.9431 0.8226 0.7889 0.9013
1.0000 1.0597 1.3018 1.2885 1.1414 1.0336 1.0874 0.9619 0.8788 0.9228 0.8841 0.8578 0.8654 0.9194 0.8205 1.0000
1.0657 0.9364 0.9063 1.1601 0.8576 0.9671 1.0000 0.9566 1.0013 1.0221 0.9497 0.9326 1.0448 1.1216 1.0969 1.2196
1.2592 1.1880 1.1341 1.1505 1.0275 1.0532 1.0882 0.8879 0.9789 0.8810 0.9033 0.9484 0.8329 0.9510 0.8165 0.9748
1.2924 1.0034 0.9286 1.0333 0.9362 0.9814 1.0034 0.9035 0.9240 1.0306 0.9819 1.0866 0.8724 1.0948 1.0593 1.3205
1.1773 1.0966 0.9878 1.0963 0.9622 1.0691 1.0642 0.9620 0.9129 1.0166 0.9674 0.8837 0.9075 0.8747 1.0258 1.0023
1.1796 1.0912 1.0514 0.9925 0.9520 0.9541 1.0086 0.9703 0.9047 1.0541 0.9479 0.8345 0.9708 1.0909 1.0000 1.0456
1.3314 1.2305 1.1253 1.0764 1.1001 1.1013 1.0588 1.0080 1.0810 0.9167 0.9153 0.8357 0.8238 0.7835 0.7788 0.8173
0.6655 0.7172 0.8877 0.7501 0.9503 0.9618 0.8297 1.0623 1.0478 0.9054 1.0731 1.0004 1.2144 0.9822 1.2337 1.1851
1.1271 0.9709 0.9496 1.0762 0.9966 0.9613 0.9491 1.1392 0.8674 0.8950 0.9495 0.9061 1.0432 1.0000 1.1186 1.0943
0.6667 0.7152 0.8938 0.8241 0.9623 0.9645 0.9079 1.0015 0.9794 0.9770 1.0628 0.9378 1.2457 1.1175 0.9707 1.2280
1.2673 1.1202 1.1417 1.1807 1.0788 1.0983 1.1329 0.9660 1.0004 0.8913 0.8655 0.8955 0.8628 0.8200 0.8710 0.8079
1.0352 0.8809 0.8372 0.9518 0.8984 0.8953 0.7913 1.0235 0.9571 1.0368 1.1793 0.9848 1.0885 1.1921 1.1352 1.5336
1.1521 1.0758 1.0741 0.9861 0.8596 0.9783 1.0055 1.0430 0.9538 0.9066 0.9714 0.8951 1.0145 0.8965 1.0453 1.1031
1.2273 1.1564 0.9479 0.9190 1.0445 1.0489 0.9908 1.0673 1.0204 0.9054 0.9545 0.9554 0.9607 0.7597 0.7561 0.9081
1.0144 0.9734 1.0298 0.9000 0.9956 1.0373 0.9734 0.9999 1.0000 0.9153 0.9332 1.0771 1.0000 1.0179 1.0337 1.1874
0.9372 0.9341 0.9019 1.0000 0.9745 0.9219 1.0345 1.0472 0.9874 1.0062 1.0564 1.0083 1.0828 1.1088 1.2697 1.2947
1.4481 1.3397 1.0468 1.2592 0.9545 0.9664 1.1228 0.9635 0.8958 1.0000 1.0000 0.9031 1.0000 0.8608 0.9222 0.9345
1.4572 1.0070 1.1974 0.9072 0.8005 1.1020 0.9892 0.9757 1.0868 1.0285 0.9185 1.0400 0.8811 0.8783 0.9800 1.1453
1.1780 1.1292 1.1611 1.1943 0.9752 1.0559 0.9402 0.9358 1.0107 1.0316 0.9064 0.8041 0.8081 0.7458 0.5323 0.5106
1.2991 0.9704 1.0000 0.9515 1.1493 1.0730 0.9232 0.9966 0.9943 0.9861 0.9268 1.0777 0.8810 1.0786 0.9642 1.0375
0.6480 0.7067 0.9733 0.9943 1.0791 1.0106 0.9660 0.9835 0.9399 1.0834 0.9464 0.9932 1.0489 0.9783 1.0058 1.2516
1.0381 0.8677 0.9391 0.9763 0.8585 0.9389 0.8890 0.9189 1.0000 1.0754 0.9283 0.9347 1.1530 1.2620 1.2934 1.5295
1.0524 1.0398 0.8804 1.0055 0.8825 0.9743 0.9401 0.9983 1.0969 0.9195 1.0154 1.0323 0.9649 1.0529 0.5458 1.0972
1.2620 1.0682 1.0022 1.0488 1.0607 1.0523 1.0789 0.9940 1.0208 0.8816 1.0191 0.9245 0.9985 0.9063 0.9145 0.9836
