0.8503 0.9330 0.9295 0.9401 1.0403 1.1012 1.0586 1.1809 1.0846 1.1606 0.9888 0.9541 1.0468 1.0574 0.8236 0.8441
0.9037 0.9343 1.0414 1.1121 1.1591 1.2677 1.2176 0.8614 0.9219 0.8689 1.0918 0.9639 0.9551 0.8281 1.0178 0.7865
0.6964 0.8141 0.9817 0.9639 1.0157 1.1651 1.0308 1.1018 1.0271 1.2663 0.9715 0.8668 0.9184 0.9291 1.0141 0.6537
0.6813 0.8153 0.9124 1.0268 1.0440 1.0999 1.1522 1.0800 0.9439 1.0954 1.1443 0.9282 0.9899 0.8699 0.9007 0.6391
0.7912 0.8606 0.8946 0.9093 1.0000 1.0698 1.1267 1.0460 1.1420 1.2170 1.0031 0.9707 0.9499 1.0735 0.9999 0.8902
0.8660 0.9260 0.9265 1.0054 1.1950 1.1168 1.1987 0.9591 1.1726 1.1290 1.0687 0.9849 0.9411 0.8870 0.8172 0.8052
0.7492 0.8667 0.9671 0.9620 1.1105 0.9680 1.2017 1.2013 1.0923 1.0325 1.0556 1.0162 0.9816 0.8667 0.8208 0.8532
0.9768 0.8574 0.9126 0.9910 1.0000 1.1221 1.1884 1.0384 1.1063 1.1037 1.0625 1.0914 1.0299 0.8860 0.8076 0.8304
0.8472 0.9405 0.8918 0.9381 1.0782 1.0423 1.1677 1.0251 1.1152 1.0997 1.0222 0.9974 1.0144 1.0023 0.8333 0.7611
0.7599 0.8067 0.9215 1.0534 1.0326 1.1004 1.0819 1.1474 0.9572 1.0280 1.1453 0.8012 0.8176 1.0063 1.0769 1.0361
0.8301 0.7576 0.8650 0.8678 1.0571 1.1650 1.2217 1.0539 1.0251 1.1098 1.0043 1.0041 1.0379 0.9803 0.8679 0.8355
0.7934 0.8773 0.8771 1.0620 1.1750 1.1670 1.1778 0.9293 0.9521 1.2179 0.9812 0.8979 0.8949 1.0000 1.0000 0.6147
0.9316 0.9085 0.9176 0.9907 1.1516 1.0866 1.1042 0.9051 1.0849 1.0092 1.0221 0.9727 0.9877 0.8001 0.7546 0.9622
0.9636 0.9251 0.9840 1.0046 0.9572 1.0950 1.1608 1.1070 1.0615 0.9853 1.0799 0.9170 0.9093 1.0000 0.8466 0.7223
0.6790 0.7910 0.8415 0.8806 1.0510 1.2365 1.0562 1.1130 1.0117 1.0519 1.1225 1.1712 1.0121 0.8623 0.9305 0.8256
0.7383 0.8966 0.9474 1.0707 1.0209 1.0099 1.0793 0.9866 1.1262 0.9576 0.9875 1.0305 1.0613 0.9529 0.8716 0.7815
0.9028 0.6898 0.8455 0.8524 1.0796 1.1979 1.0102 1.1805 1.0922 1.1380 1.0441 1.0253 1.1551 0.9122 0.8233 0.9848
0.6981 0.9324 0.8328 0.8346 1.0529 0.9892 1.2183 1.1179 1.0343 1.1758 1.1134 1.0055 0.9230 0.8916 0.9414 0.8963
0.7552 1.0000 0.9443 0.9089 1.0019 1.1111 1.1001 0.9832 1.0954 1.1876 1.1394 0.8668 1.0032 0.8937 0.9027 0.8582
0.8730 0.8586 0.9811 0.8940 1.0828 1.1920 0.9968 1.0801 1.0736 1.1537 0.9948 1.1388 1.0000 0.8987 0.9842 0.8001
0.9324 0.9513 0.9289 0.9509 0.8839 1.1049 1.0451 1.0950 1.0732 0.9659 1.0489 1.1983 0.9807 1.0142 0.9614 0.7973
0.6447 0.8514 0.9676 1.0256 1.0000 1.0492 1.0361 1.0458 1.0101 1.0338 0.9369 1.0601 0.9592 0.8776 1.0000 0.7304
0.7929 0.8125 0.9960 1.0114 1.0296 1.1435 1.1774 0.9224 1.0837 1.1527 1.1481 1.0520 1.0762 0.9303 0.8384 0.8437
0.8638 0.8559 0.9179 0.9975 1.2284 1.0000 1.1176 1.1573 1.0987 1.0379 1.2398 0.8510 0.9137 0.9031 0.9284 0.8868
0.8540 0.9442 0.8528 0.9852 1.1419 1.0821 1.1908 1.1581 1.1344 1.1812 1.1036 0.9156 0.9496 0.8388 0.7252 0.7388
