0.8105 0.8190 0.9070 0.9321 1.0043 1.0615 1.0267 1.1481 1.1521 1.1608 1.0259 0.9390 1.1163 1.0639 0.9207 0.9176
0.8951 0.9015 0.9951 1.0578 1.1208 1.2215 1.2122 0.9214 0.9735 0.9180 1.0780 1.0193 0.9664 0.8559 0.9865 0.7873
0.6736 0.7475 0.9248 0.9527 0.9787 1.0818 1.1377 1.0820 1.0684 1.2416 1.0136 0.9918 0.9275 0.9389 0.9132 0.7262
0.6987 0.7573 0.8672 0.9490 0.9472 1.0866 1.0895 1.0209 0.9566 1.1936 1.1256 1.0002 1.0683 0.9270 0.9705 0.7673
0.8256 0.8791 0.8806 0.9253 1.0000 1.0858 1.1366 1.0698 1.1495 1.2072 1.0158 1.0334 0.9926 1.0351 0.9436 0.7544
0.8754 0.8851 0.9012 0.9621 1.1314 1.0906 1.1479 1.0567 1.1593 1.1033 1.0713 1.0066 0.9842 0.9370 0.8627 0.8299
0.7622 0.8424 0.9002 0.9694 1.0095 1.0555 1.1316 1.1176 1.0911 1.0929 1.0842 1.0642 0.9679 0.8910 0.8254 0.9704
0.8924 0.8227 0.8739 0.9272 1.0000 1.0851 1.1835 1.0715 1.0912 1.0679 1.1559 1.0748 1.0411 0.9331 0.8457 0.9196
0.8295 0.9008 0.8653 0.8945 1.0119 1.0292 1.1641 1.0342 1.0692 1.1491 1.0353 1.0862 0.9979 1.0358 0.9007 0.8400
0.7389 0.8288 0.9306 1.0490 1.0131 1.0556 1.0799 1.1388 0.9901 1.0533 1.1518 0.9206 0.8930 0.9411 0.9825 0.9269
0.7713 0.7350 0.8178 0.8547 0.9882 1.0848 1.1667 1.0578 1.0546 1.1118 1.0514 1.0113 1.0696 1.0274 0.8944 0.9484
0.7766 0.8644 0.8975 0.9917 1.1728 1.1102 1.1189 0.8522 1.0157 1.2138 1.0607 0.9834 0.9434 1.0000 1.0000 0.6441
0.9470 0.8645 0.9307 0.9945 1.1232 1.1177 1.1094 0.9633 1.1023 0.9754 1.0590 0.9755 0.9905 0.8082 0.7933 0.9274
0.9086 0.9225 0.9342 1.0234 0.9764 1.0852 1.1294 1.0943 1.0697 1.0421 1.1285 0.9271 0.9342 1.0000 0.8234 0.7956
0.6869 0.8000 0.8727 0.9309 1.0228 1.1708 1.1032 1.0760 1.0650 1.0539 1.1103 1.1421 1.0377 0.8442 0.8704 0.7645
0.7649 0.8678 0.9499 0.9987 0.9732 1.0443 1.0935 1.0278 1.0540 1.0013 1.0224 1.0762 1.0026 0.9650 0.9223 0.8752
0.8957 0.7824 0.9049 0.8970 1.0578 1.1546 0.9775 1.1350 1.1043 1.1862 1.0122 1.0353 1.1148 0.9312 0.8943 0.8945
0.7189 0.8249 0.8356 0.8431 1.0192 1.0250 1.1411 1.0193 1.0247 1.1272 1.1009 1.0572 1.0461 1.0302 0.9559 0.9381
0.7258 1.0000 0.9136 0.9133 0.9687 1.1449 1.1323 1.0540 1.0475 1.1566 1.0910 0.9055 0.9799 0.8947 0.9105 0.8997
0.9136 0.8908 1.0135 0.9077 1.0761 1.1850 1.0080 1.0880 1.0901 1.1821 0.9835 1.0995 1.0000 0.9032 0.8846 0.7811
0.8881 0.8932 0.9022 0.9803 0.9394 1.0836 1.0394 1.0589 1.0474 0.9510 1.0578 1.1233 1.0579 1.0201 1.0289 0.9061
0.6132 0.7597 0.9169 0.9700 1.0000 1.0276 1.0041 1.0023 0.9913 1.0849 1.0058 1.0675 1.0012 0.9273 1.0000 0.7955
0.8530 0.7943 1.0098 0.9720 1.0899 1.1437 1.1490 0.9242 1.0715 1.1439 1.1361 1.0324 1.0613 0.9172 0.8871 0.8295
0.7825 0.7908 0.8883 0.9218 1.1875 1.0000 1.0608 1.1894 1.0994 1.0220 1.2224 0.9549 0.9527 0.9334 1.0215 0.9751
0.8397 0.9309 0.8884 0.9914 1.1083 1.1186 1.1815 1.1882 1.1294 1.1395 1.0605 0.9538 0.9405 0.8556 0.6926 0.6415
