0.7075 0.7653 0.8523 0.8838 1.0366 1.0982 1.0606 1.1861 1.1672 1.1671 1.0175 1.0288 1.0404 1.0115 0.8600 0.8655
0.8326 0.8396 0.9490 1.0342 1.0911 1.2516 1.2030 0.9832 1.0322 0.9746 1.1045 1.0019 0.9273 0.8647 0.9880 0.7648
0.6456 0.7012 0.9113 0.9047 0.9643 1.0923 1.1484 1.0961 1.0726 1.2276 1.0117 0.9651 0.9049 0.8954 0.8703 0.7337
0.6585 0.7403 0.8422 0.9625 0.9876 1.0846 1.1155 1.0536 1.0089 1.1637 1.1058 0.9600 1.0378 0.8852 0.9028 0.7382
0.7149 0.7752 0.8038 0.9036 1.0000 1.0205 1.0428 1.0381 1.1806 1.2357 1.0710 1.0359 0.9688 1.0316 0.9583 0.8436
0.8198 0.8441 0.8734 0.9456 1.1335 1.0805 1.1845 1.1500 1.1882 1.1191 1.0502 1.0215 0.9813 0.9118 0.8620 0.8393
0.7563 0.8020 0.8516 0.9371 1.0279 1.0463 1.1886 1.1734 1.1022 1.0875 1.1096 1.0485 0.9717 0.9201 0.8202 0.9180
0.8814 0.7958 0.8591 0.9419 1.0000 1.1063 1.2263 1.1263 1.0856 1.0750 1.1573 1.0992 1.0040 0.9137 0.8306 0.8908
0.8140 0.8672 0.8397 0.8757 1.0176 1.0546 1.1118 1.0287 1.0911 1.1306 1.0343 1.1298 0.9697 1.0314 0.8859 0.8516
0.6887 0.7458 0.8456 0.9436 0.9713 1.0281 1.0678 1.1007 1.0244 1.0593 1.1776 0.9911 0.9104 0.9840 0.9825 0.9897
0.7209 0.6604 0.7325 0.8076 0.9484 1.0418 1.1308 1.0470 1.0452 1.0710 1.0218 0.9743 1.0014 0.9644 0.8558 0.9540
0.7392 0.8159 0.9223 0.9647 1.1502 1.1345 1.1299 0.8955 1.0502 1.2065 1.0887 0.9655 0.9422 1.0000 1.0000 0.7024
0.9336 0.8883 0.9065 1.0041 1.1208 1.1183 1.1825 1.0449 1.1293 1.0635 1.0535 1.0196 0.9720 0.8629 0.8474 0.9451
0.9040 0.8831 0.9631 0.9977 0.9999 1.1037 1.1831 1.1426 1.1055 1.0539 1.1677 0.9414 0.9243 1.0000 0.8203 0.8046
0.6965 0.7365 0.8546 0.9183 1.0018 1.1621 1.0741 1.0578 1.0782 1.0767 1.1372 1.1265 0.9779 0.8745 0.8587 0.7961
0.6760 0.7916 0.9048 0.9775 1.0163 1.0648 1.0912 1.0647 1.0845 0.9986 1.0053 1.0862 0.9848 0.9732 0.9042 0.8487
0.8689 0.7840 0.8672 0.8887 1.0302 1.1586 1.0072 1.1864 1.1683 1.1760 1.0558 1.0260 1.0883 0.9270 0.8784 0.8798
0.7070 0.7542 0.7943 0.8123 0.9994 1.0115 1.0897 1.0071 1.0073 1.1026 1.0675 1.0410 1.0140 1.0383 0.8643 0.8753
0.7033 1.0000 0.8873 0.9170 0.9738 1.1463 1.1373 1.0894 1.0666 1.1575 1.1058 0.9212 0.9730 0.8949 0.8723 0.8602
0.8344 0.8231 0.9062 0.8416 1.0386 1.1458 1.0029 1.0611 1.0726 1.1769 1.0547 1.1281 1.0000 0.9988 0.9702 0.9198
0.8556 0.8873 0.8841 0.9783 0.9609 1.0883 1.0796 1.0622 1.0481 0.9957 1.0451 1.1377 1.0008 0.9848 0.9831 0.9186
0.6439 0.7617 0.9014 0.9590 1.0000 1.0865 1.0703 1.0873 1.0468 1.0774 1.0485 1.0373 0.9869 0.9013 1.0000 0.8013
0.8643 0.8019 0.9226 0.9448 1.0703 1.1465 1.1934 0.9831 1.1001 1.1403 1.1440 1.0295 1.0327 0.9532 0.8816 0.8185
0.7383 0.7869 0.8520 0.9516 1.2187 1.0000 1.1075 1.1914 1.1101 1.0702 1.2369 0.9678 0.9437 0.9199 0.9547 0.9382
0.8264 0.9055 0.8858 0.9574 1.1031 1.1100 1.1680 1.1659 1.1969 1.2015 1.1120 0.9927 0.9643 0.8954 0.7749 0.7465
