0.7513 0.8001 0.8842 0.9091 1.0386 1.0929 1.0611 1.1657 1.1328 1.1407 1.0301 0.9704 1.0436 1.0092 0.8703 0.8684
0.8783 0.8820 0.9808 1.0537 1.1059 1.2511 1.2088 0.9306 0.9960 0.9144 1.0758 0.9919 0.9196 0.8445 0.9986 0.7754
0.6718 0.7237 0.9363 0.9246 0.9568 1.0930 1.1277 1.0660 1.0543 1.2126 1.0059 0.9717 0.8972 0.9210 0.9115 0.7231
0.6816 0.7486 0.8811 0.9846 0.9725 1.0860 1.0936 1.0160 0.9771 1.1402 1.1318 0.9728 1.0349 0.9022 0.9345 0.7543
0.7669 0.8166 0.8407 0.9235 1.0000 1.0307 1.0867 1.0358 1.1483 1.2085 1.0309 1.0247 0.9517 1.0447 0.9560 0.8479
0.8585 0.8777 0.8766 0.9645 1.1611 1.0941 1.1666 1.0958 1.1772 1.0772 1.0488 1.0078 0.9779 0.9081 0.8545 0.8510
0.7394 0.8369 0.8756 0.9566 1.0416 1.0596 1.1402 1.1572 1.0934 1.0537 1.0710 1.0464 0.9701 0.9127 0.8252 0.9536
0.9039 0.8082 0.8803 0.9413 1.0000 1.0855 1.2010 1.1042 1.0834 1.0335 1.1435 1.0743 1.0258 0.9309 0.8479 0.9326
0.8146 0.8893 0.8876 0.8957 1.0350 1.0279 1.1412 1.0354 1.0706 1.1105 1.0294 1.0708 0.9774 1.0234 0.8841 0.8437
0.6984 0.7791 0.8852 1.0050 1.0230 1.0320 1.0597 1.1064 0.9841 1.0026 1.1659 0.9490 0.9195 0.9582 0.9869 1.0132
0.7399 0.6729 0.7653 0.8256 0.9670 1.0590 1.1449 1.0331 0.9921 1.0524 1.0003 0.9501 1.0233 0.9887 0.8668 0.9726
0.7549 0.8568 0.9137 0.9774 1.1713 1.1456 1.1220 0.8658 1.0352 1.2268 1.0766 0.9730 0.9489 1.0000 1.0000 0.7086
0.9696 0.9001 0.9066 1.0388 1.1438 1.1101 1.1566 0.9960 1.1161 1.0275 1.0541 1.0154 1.0039 0.8358 0.8339 0.9754
0.9290 0.9308 0.9766 1.0250 1.0026 1.0984 1.1642 1.1187 1.0714 1.0379 1.1354 0.9274 0.9531 1.0000 0.8178 0.8109
0.6760 0.7513 0.8859 0.9072 1.0240 1.1903 1.1039 1.0621 1.0384 1.0414 1.0923 1.1177 0.9883 0.8569 0.8871 0.8106
0.7318 0.8368 0.9386 0.9960 0.9956 1.0219 1.0797 1.0510 1.0533 0.9919 1.0178 1.0727 0.9920 0.9791 0.9274 0.8799
0.9006 0.7620 0.8765 0.8890 1.0469 1.2010 0.9661 1.1558 1.1279 1.1581 1.0322 1.0335 1.1003 0.9269 0.8900 0.9258
0.7052 0.8117 0.8136 0.8309 1.0261 0.9900 1.1222 0.9978 1.0019 1.1070 1.0738 1.0509 1.0016 1.0236 0.8941 0.9196
0.7040 1.0000 0.9158 0.9368 0.9878 1.1470 1.1421 1.0416 1.0587 1.1431 1.0661 0.9033 0.9764 0.8969 0.8902 0.8923
0.8514 0.8363 0.9424 0.8585 1.0497 1.1476 0.9883 1.0633 1.0353 1.1592 1.0241 1.1270 1.0000 0.9671 0.9750 0.9356
0.8942 0.8998 0.8950 0.9640 0.9317 1.0967 1.0552 1.0273 1.0205 0.9707 1.0458 1.1116 1.0059 1.0115 1.0198 0.9649
0.6358 0.7710 0.9188 0.9936 1.0000 1.0556 1.0534 1.0531 1.0135 1.0840 1.0151 1.0744 0.9857 0.9181 1.0000 0.8334
0.8421 0.7885 0.9885 0.9518 1.0508 1.1573 1.1591 0.9232 1.0598 1.1274 1.1394 1.0472 1.0499 0.9404 0.8881 0.8410
0.7742 0.7989 0.8776 0.9595 1.2206 1.0000 1.0692 1.1788 1.0892 1.0354 1.2083 0.9473 0.9335 0.9364 0.9986 0.9762
0.8429 0.9346 0.8974 0.9817 1.0991 1.1188 1.1911 1.1713 1.1660 1.1452 1.0560 0.9658 0.9598 0.9016 0.7820 0.7921
