1.3889 1.1992 1.0427 1.1113 0.9862 0.9331 1.0753 0.8871 1.0946 1.1255 0.8349 0.8423 0.9008 0.8542 0.7858 0.9291
1.0000 1.0470 1.3152 1.2292 1.1103 0.9768 1.0911 0.9578 0.8975 0.9222 0.8730 0.8621 0.8874 0.9257 0.8764 1.0000
0.9860 0.8802 1.0744 1.1705 0.8287 0.9229 1.0000 0.9432 0.9628 1.0283 0.9145 0.9554 1.0472 1.1777 1.0896 1.2228
1.3478 1.1953 1.1485 1.1110 1.0000 1.0551 1.0932 0.9125 0.9612 0.8787 0.9029 0.9498 0.8309 0.9601 0.8067 1.0207
1.2507 1.0097 0.9119 1.0197 0.9760 1.0233 1.0107 0.9118 1.0151 1.1014 0.8810 1.0587 0.8726 1.0536 1.0027 1.2532
1.2482 1.0727 1.0065 1.1424 0.9831 1.0752 1.0563 0.9492 0.9529 0.9831 1.0263 0.8502 0.8801 0.8343 1.0129 0.9396
1.2147 1.1047 1.0515 0.9889 0.9481 0.9552 1.0221 0.9715 0.8796 1.0572 0.9537 0.8238 0.9476 1.0745 1.0000 1.0676
1.3306 1.1799 1.1540 1.0874 1.1054 1.0973 1.0531 0.9898 1.0878 0.8881 0.8835 0.8488 0.8196 0.8071 0.7808 0.8204
0.6370 0.7148 0.8611 0.7229 0.9210 0.9422 0.8201 1.0034 0.9904 0.8774 0.9936 0.9669 1.1885 1.0205 1.1899 1.2868
1.1536 0.9852 1.0207 1.0924 0.9793 0.9621 0.9347 1.1926 0.8819 0.8524 0.9311 0.8867 1.0092 0.9917 1.0738 1.0423
0.7192 0.7468 0.8958 0.8171 0.9937 0.9791 0.9018 1.0149 0.9661 0.9428 1.1083 0.9059 1.2719 1.0849 0.9617 1.3129
1.2841 1.1359 1.2034 1.2051 1.0780 1.1029 1.1341 0.9711 0.9946 0.8753 0.8248 0.8616 0.8591 0.7973 0.8454 0.8063
1.0237 0.8369 0.8261 0.9117 0.8695 0.9234 0.8623 1.0538 0.9630 1.1166 1.1957 1.0071 1.1107 1.1886 1.1806 1.5207
1.3027 1.0768 1.0989 1.0453 0.8534 1.0122 1.0501 1.0252 0.9375 0.8503 0.9173 0.8453 0.9777 0.8666 1.0147 1.0805
1.1673 1.1928 0.9356 0.9196 1.0629 1.0348 0.9869 1.0734 1.0138 0.9543 0.9407 0.9640 0.9522 0.7974 0.7797 0.9694
1.0644 0.8850 1.0329 0.9035 1.0099 1.0588 0.9704 0.9909 1.0000 0.9145 0.9212 1.0862 1.0000 0.9882 0.9884 1.1175
0.9385 0.9365 0.9274 1.0000 0.9958 0.9469 1.0367 1.1166 1.0072 0.9928 1.0189 0.9801 1.0409 1.0658 1.2345 1.1752
1.4945 1.3686 1.0944 1.2735 0.9900 0.9980 1.1166 0.9752 0.9295 1.0000 1.0000 0.8961 1.0000 0.8220 0.8700 0.8664
1.5439 1.0054 1.1954 0.9400 0.7948 1.1078 1.0241 0.9908 1.0707 1.0261 0.8981 1.0012 0.8693 0.8950 1.0057 1.1522
1.1855 1.1202 1.1540 1.2216 0.9687 1.0510 0.9523 0.9093 1.0091 1.0287 0.9001 0.8153 0.8304 0.8041 0.5227 0.5593
1.2031 0.9606 1.0000 0.9423 1.0756 1.0586 0.8702 1.0002 0.9812 1.0416 0.8857 1.0280 0.8968 1.0890 1.0033 1.1230
0.8130 0.7419 1.0005 0.9999 1.1252 1.0350 1.0007 0.9671 0.9663 1.0823 0.9705 0.9728 0.9923 0.9793 0.9665 1.2025
1.0310 0.9204 0.9339 1.0068 0.8690 0.9703 0.8827 0.9131 1.0000 1.1194 0.9164 0.9212 1.1411 1.2717 1.3310 1.6036
1.0317 1.0793 0.8969 1.0631 0.8638 0.9861 0.9678 1.0368 1.1041 0.9304 0.9838 1.0196 0.9285 1.0447 0.5458 1.0478
1.0274 0.8918 0.8423 0.8791 0.9024 0.9659 1.0319 0.9673 0.9772 0.8960 1.0252 1.0250 1.1218 0.9980 1.0997 1.2776
