0.7252 0.7728 0.8493 0.8709 1.0185 1.0912 1.0470 1.1799 1.1777 1.1889 1.0372 1.0186 1.0298 1.0220 0.8569 0.8614
0.8245 0.8383 0.9420 1.0256 1.0820 1.2336 1.2135 0.9784 1.0375 0.9723 1.1094 0.9964 0.9343 0.8593 0.9919 0.7722
0.6464 0.7002 0.8915 0.9080 0.9513 1.0705 1.1327 1.0897 1.0773 1.2390 1.0062 0.9682 0.9121 0.9161 0.9087 0.7405
0.6455 0.7289 0.8377 0.9352 0.9770 1.0766 1.1083 1.0446 1.0016 1.1759 1.1250 0.9718 1.0402 0.9037 0.9191 0.7824
0.6840 0.7521 0.7755 0.8735 1.0000 0.9499 1.0704 1.0596 1.1685 1.2481 1.0783 1.0501 0.9758 1.0700 0.9537 0.8740
0.8131 0.8406 0.8599 0.9334 1.1306 1.0799 1.1745 1.1281 1.1901 1.1267 1.0734 1.0289 0.9750 0.9382 0.8501 0.8649
0.7447 0.8047 0.8562 0.9177 1.0206 1.0284 1.1688 1.1603 1.1078 1.0877 1.1054 1.0463 0.9901 0.9266 0.8310 0.9555
0.8690 0.7929 0.8538 0.9229 1.0000 1.0957 1.2049 1.1290 1.1189 1.0745 1.1581 1.0819 1.0234 0.9281 0.8347 0.9137
0.8074 0.8630 0.8560 0.8528 1.0034 1.0166 1.1151 1.0380 1.1149 1.1337 1.0443 1.1119 0.9764 1.0347 0.9006 0.8658
0.6917 0.7608 0.8617 0.9535 0.9694 1.0092 1.0506 1.1086 1.0181 1.0650 1.1870 0.9771 0.8995 0.9851 0.9826 1.0102
0.7089 0.6627 0.7199 0.7983 0.9443 1.0416 1.1383 1.0240 1.0435 1.0817 1.0269 0.9657 1.0184 0.9720 0.8685 0.9327
0.7262 0.8275 0.9114 0.9701 1.1510 1.1348 1.1317 0.8888 1.0485 1.2381 1.0996 0.9761 0.9473 1.0000 1.0000 0.7197
0.9036 0.8670 0.8988 1.0068 1.1353 1.1077 1.1686 1.0219 1.1284 1.0771 1.0695 1.0377 0.9984 0.8619 0.8419 0.9690
0.8998 0.8784 0.9438 0.9978 0.9917 1.0934 1.1475 1.1476 1.1027 1.0673 1.1868 0.9550 0.9472 1.0000 0.8288 0.8096
0.6780 0.7197 0.8226 0.8948 0.9553 1.1367 1.0698 1.0690 1.0714 1.0945 1.1700 1.1509 1.0391 0.8576 0.8639 0.8071
0.6882 0.8125 0.9204 1.0094 0.9911 1.0209 1.0682 1.0380 1.0867 1.0024 1.0270 1.0686 0.9916 0.9753 0.9241 0.8770
0.8632 0.7736 0.8738 0.8829 1.0111 1.1447 0.9789 1.1786 1.1597 1.1989 1.0691 1.0350 1.1053 0.9350 0.8852 0.9057
0.6956 0.7507 0.7961 0.8157 1.0071 1.0051 1.1127 0.9977 0.9932 1.1094 1.0849 1.0617 1.0174 1.0444 0.9028 0.9097
0.6872 1.0000 0.8697 0.9171 0.9674 1.1347 1.0999 1.0754 1.0800 1.1883 1.0905 0.9192 0.9813 0.8989 0.8765 0.8912
0.8150 0.8082 0.8943 0.8577 1.0348 1.1290 1.0084 1.0618 1.0955 1.2288 1.0695 1.1190 1.0000 0.9696 0.9482 0.9047
0.8555 0.8747 0.8764 0.9657 0.9499 1.0870 1.0836 1.0525 1.0682 0.9757 1.0607 1.1221 1.0054 0.9724 0.9881 0.9474
0.6205 0.7610 0.8926 0.9614 1.0000 1.0715 1.0649 1.0922 1.0454 1.1011 1.0346 1.0668 0.9821 0.8968 1.0000 0.7914
0.8549 0.7866 0.9393 0.9375 1.0636 1.1552 1.1713 0.9866 1.0869 1.1440 1.1554 1.0308 1.0179 0.9239 0.8915 0.8111
0.7485 0.7816 0.8522 0.9527 1.2042 1.0000 1.1068 1.1908 1.1131 1.0758 1.2338 0.9502 0.9557 0.9241 0.9556 0.9518
0.8160 0.9187 0.8811 0.9583 1.0771 1.0927 1.1567 1.1905 1.1980 1.1978 1.1082 0.9667 0.9591 0.9168 0.7796 0.7789
