1.3286 1.2164 1.2885 1.2988 1.1441 1.0475 1.1176 0.9497 1.0544 1.0580 0.9078 0.7826 0.8281 0.7327 0.6469 0.6586
1.0000 0.8243 0.9259 0.9841 1.0010 0.9383 1.0094 1.0007 0.9082 1.0949 1.0733 0.9872 1.0508 1.1787 0.9824 1.0000
1.3574 1.2480 1.3021 2.0713 1.1957 1.2287 1.0000 0.8624 1.0657 1.0242 0.9184 0.7934 0.8694 0.9177 0.7324 0.7715
1.0070 0.7706 0.9042 1.0546 0.9108 0.9745 1.0540 1.0231 1.1003 1.1162 0.9822 0.9937 1.0165 0.8977 0.9887 1.2390
1.5662 1.1711 1.1901 1.0785 0.9712 1.0536 1.1482 1.1274 0.8452 1.0197 1.2020 0.9118 0.9307 0.9189 0.9955 1.0686
0.8109 0.9316 0.7260 0.9278 0.8733 0.9675 1.2142 1.0407 0.8611 1.1760 0.9576 1.1801 1.0101 1.0056 1.0737 1.2682
1.6202 1.2635 1.2451 1.1828 1.1565 0.9279 0.9698 0.8298 0.8513 0.9046 0.9150 0.8419 0.8773 1.0284 1.0000 0.8113
0.9301 0.9886 0.8251 0.9659 0.8560 1.0182 1.0919 1.1588 1.1884 1.0051 0.9978 1.0695 0.9271 0.8761 0.9812 1.1633
0.9020 0.8554 1.0934 0.9841 0.9364 1.1225 0.9413 1.1375 1.1264 0.9877 1.0811 0.9753 1.0146 0.8007 1.0728 1.0451
0.8540 0.7433 1.0193 0.9166 0.9768 0.9873 0.9284 0.9735 0.9580 1.0795 0.9202 1.1056 1.2976 1.0422 1.1323 1.5908
0.6425 1.0443 1.0410 0.9467 0.9625 1.0783 1.0743 1.2067 1.1054 0.9900 0.8272 0.9141 0.9467 0.9741 0.7918 1.1971
0.9221 0.8604 0.9306 0.9858 0.9079 0.9931 1.0870 0.9630 1.0455 1.0188 1.0755 1.0880 1.0594 1.1010 1.1290 0.8448
1.1320 1.1959 1.1423 1.2282 1.1335 1.0871 1.0464 1.3378 0.7836 1.0741 1.0231 0.7278 0.7107 0.7544 0.7298 0.8666
0.9754 0.8660 0.9807 0.7778 0.7912 0.8211 0.8126 1.0591 0.9651 1.0466 1.1186 1.0318 1.1320 1.1279 1.2660 1.1983
1.5340 1.3450 1.0775 1.1249 1.1835 1.1202 1.1224 1.0429 0.9131 0.7158 0.9373 0.9223 0.7685 0.6503 0.6498 0.6696
0.7434 0.9358 0.9122 0.8276 0.8611 0.9416 1.0426 0.9533 1.0000 0.9423 1.0710 1.0321 1.0000 1.2844 1.3375 1.4763
1.1509 0.9119 1.1488 1.0000 0.9295 1.0200 1.0814 0.9045 0.9746 1.0634 0.9994 0.9568 0.8970 0.9337 1.0289 1.0424
0.9877 0.9322 0.7776 1.0532 0.8010 0.9032 1.0909 0.9818 0.9300 1.0000 1.0000 1.1378 1.0000 1.0404 1.0976 1.2040
1.4840 1.1857 1.6566 1.2713 0.9479 1.2026 1.0919 1.0708 1.0590 0.8926 0.9004 0.8207 0.7429 0.7342 0.7796 0.7761
0.8389 0.8746 1.0487 1.0068 0.9402 1.0024 1.0264 1.0480 1.1520 1.5274 1.1256 1.0033 0.8749 0.9659 0.6210 0.5759
1.5718 1.1803 1.0000 1.1648 1.2382 1.1740 1.0716 1.0428 0.9829 0.8107 0.9186 1.0520 0.8643 0.9253 0.8613 0.7928
0.6625 0.5695 0.8724 0.7346 0.8376 0.9813 1.0209 1.0420 1.0695 0.9562 1.0593 1.2977 1.1851 0.9974 1.0367 1.4181
1.0648 0.9553 1.0670 0.8816 1.0180 1.0560 1.1355 1.1618 1.0000 1.3856 1.0274 0.8828 0.8872 0.8093 0.6865 0.7525
0.8019 0.7594 0.7623 0.8666 0.7836 0.8755 0.7984 0.9503 1.1107 1.0834 1.0634 1.1968 1.2987 1.1997 0.5458 1.4413
1.4079 1.2769 1.1769 1.2531 1.1914 1.1307 1.0641 1.1162 0.9778 0.8209 0.9248 0.9975 1.0723 0.9926 0.9501 1.0561
