0.7902 0.8187 0.9005 0.9112 1.0030 1.0539 1.0213 1.1455 1.1497 1.1597 1.0241 0.9504 1.1247 1.0850 0.9166 0.9424
0.8873 0.8975 1.0071 1.0618 1.0993 1.2225 1.1914 0.9402 0.9810 0.9245 1.0712 1.0353 0.9558 0.8612 0.9943 0.7974
0.6683 0.7484 0.9123 0.9440 0.9572 1.0777 1.1347 1.0553 1.0832 1.2260 1.0158 1.0026 0.9511 0.9427 0.9349 0.7449
0.6901 0.7429 0.8601 0.9449 0.9338 1.0609 1.0907 1.0149 0.9592 1.1700 1.1294 1.0160 1.0904 0.9380 0.9909 0.7795
0.7911 0.8707 0.8204 0.8782 1.0000 1.0500 1.0644 1.0500 1.1889 1.2288 1.0539 1.0560 1.0140 1.0460 0.9726 0.8430
0.8752 0.8963 0.8939 0.9626 1.1202 1.0633 1.1510 1.0715 1.1707 1.1029 1.0616 0.9945 0.9914 0.9380 0.8764 0.8367
0.7551 0.8415 0.8742 0.9397 0.9989 1.0229 1.1300 1.1298 1.0958 1.1007 1.1080 1.0569 0.9867 0.9014 0.8367 0.9719
0.9051 0.8165 0.8815 0.9254 1.0000 1.0780 1.1882 1.0765 1.1063 1.0572 1.1517 1.0779 1.0443 0.9474 0.8395 0.9000
0.8220 0.8954 0.8704 0.8801 0.9926 1.0132 1.1517 1.0329 1.0814 1.1345 1.0591 1.1048 1.0129 1.0309 0.9035 0.8490
0.7141 0.8036 0.9176 1.0153 1.0251 1.0406 1.0694 1.1572 1.0160 1.0521 1.1427 0.9400 0.9148 0.9446 0.9602 0.9197
0.7667 0.7346 0.8049 0.8568 0.9854 1.0880 1.1669 1.0635 1.0608 1.1061 1.0578 1.0291 1.0844 1.0334 0.9059 0.9502
0.7553 0.8621 0.8991 0.9961 1.1604 1.0894 1.1275 0.8502 1.0057 1.2208 1.0741 0.9916 0.9687 1.0000 1.0000 0.6729
0.9394 0.8785 0.9311 0.9941 1.1220 1.0795 1.0954 0.9828 1.1081 0.9678 1.0702 0.9884 0.9900 0.8220 0.7972 0.9286
0.9058 0.9197 0.9327 1.0207 0.9880 1.0814 1.1252 1.1053 1.0676 1.0351 1.1299 0.9250 0.9483 1.0000 0.8263 0.7975
0.6961 0.7880 0.8825 0.9200 1.0061 1.1621 1.0934 1.0764 1.0809 1.0415 1.1051 1.1694 1.0403 0.8502 0.8736 0.7553
0.7487 0.8566 0.9510 0.9959 0.9635 1.0320 1.0784 1.0251 1.0546 1.0011 1.0285 1.0980 1.0140 0.9681 0.9293 0.8693
0.8785 0.7983 0.8919 0.8812 1.0385 1.1462 0.9655 1.1274 1.1037 1.1859 1.0321 1.0380 1.1240 0.9384 0.9050 0.9062
0.7135 0.8196 0.8301 0.8443 1.0089 1.0137 1.1194 1.0277 1.0184 1.1203 1.1093 1.0611 1.0566 1.0489 0.9589 0.9476
0.7040 1.0000 0.9033 0.8868 0.9509 1.1274 1.1391 1.0657 1.0450 1.1613 1.0808 0.9193 0.9820 0.9199 0.9074 0.9212
0.9064 0.8602 0.9870 0.8881 1.0603 1.1680 1.0036 1.1116 1.0906 1.2104 1.0094 1.1053 1.0000 0.9202 0.8818 0.7974
0.8898 0.8981 0.9223 0.9680 0.9323 1.0819 1.0606 1.0451 1.0328 0.9554 1.0563 1.1239 1.0564 1.0218 1.0158 0.9032
0.6043 0.7563 0.8912 0.9602 1.0000 1.0064 1.0163 1.0153 0.9935 1.0908 1.0267 1.0795 1.0031 0.9227 1.0000 0.7825
0.8594 0.7955 1.0026 0.9469 1.0939 1.1319 1.1463 0.9394 1.0583 1.1417 1.1487 1.0349 1.0689 0.9251 0.8903 0.8380
0.7712 0.7884 0.8694 0.9128 1.1664 1.0000 1.0568 1.1975 1.1008 1.0182 1.2197 0.9604 0.9694 0.9494 1.0251 0.9966
0.8699 0.9270 0.8886 0.9744 1.0893 1.1251 1.1846 1.2024 1.1575 1.1487 1.0579 0.9379 0.9416 0.8513 0.6968 0.6199
