1.3049 1.2634 1.3241 1.3138 1.1540 1.0338 1.1287 0.9510 1.0859 1.0600 0.8541 0.8058 0.8297 0.7243 0.6160 0.6295
1.0000 0.8350 0.8996 0.9901 0.9922 0.9216 1.0421 0.9989 0.9534 1.1312 1.0635 0.9950 1.0534 1.1707 0.9836 1.0000
1.3849 1.3665 1.4420 2.1170 1.1545 1.2031 1.0000 0.9545 1.0614 1.0406 0.8269 0.7244 0.8673 0.9006 0.7531 0.7330
1.0175 0.7836 0.8742 0.9746 0.8442 0.9582 0.9849 0.9378 1.1250 1.1039 1.0252 1.0015 1.0245 0.9865 1.0491 1.3483
1.4157 1.2044 1.0697 1.0102 0.9099 1.0087 1.1632 1.1239 0.9381 1.0633 1.0545 0.9808 0.9304 0.9515 0.8863 1.0607
0.7924 0.7923 0.7452 0.8693 0.8455 0.9259 1.1717 1.0360 0.8619 1.2039 1.0117 1.2506 1.1401 1.1099 1.1624 1.3675
1.6792 1.2901 1.2665 1.2309 1.2008 0.9412 0.9600 0.8412 0.8813 0.8945 0.8680 0.8178 0.8413 0.9875 1.0000 0.8350
0.9545 1.0039 0.9132 0.9625 0.8887 1.0523 1.0849 1.1705 1.2040 0.9832 0.9833 1.0429 0.8835 0.8281 0.9183 1.0679
0.9496 0.9097 1.1291 0.9683 0.9656 1.1340 0.9282 1.1178 1.1254 0.9424 1.0670 0.9817 1.0039 0.8355 1.0527 1.0653
0.9273 0.7242 0.9708 0.8569 0.9443 0.9791 0.8586 0.9970 0.9193 1.0976 0.9082 1.0766 1.2773 1.1869 1.1778 1.7075
0.6493 1.0068 1.0507 0.8660 0.9458 1.0961 1.0884 1.1265 1.1089 0.9810 0.8803 0.9632 0.9861 0.9498 0.8357 1.2775
0.8861 0.8155 0.8849 0.9548 0.8958 0.9913 1.0308 0.9333 1.0073 1.0712 1.0432 1.1284 1.0880 1.1757 1.2045 0.8935
1.1078 1.1821 1.0860 1.1835 1.0527 1.1103 1.0735 1.4735 0.7345 1.1517 1.0738 0.7818 0.7283 0.8249 0.6913 0.9101
1.0533 0.9111 1.0300 0.8135 0.8020 0.8700 0.8381 1.0154 0.9556 1.0511 1.1017 1.0782 1.0913 1.0837 1.1963 1.1253
1.5194 1.2942 1.0581 1.1290 1.1379 1.0760 1.1352 1.0689 0.8990 0.7999 0.8847 0.8512 0.7428 0.6541 0.6424 0.6760
0.7341 0.9800 0.8999 0.8477 0.8824 0.8887 1.0026 0.9455 1.0000 0.9753 1.1177 1.1114 1.0000 1.3090 1.3608 1.4105
1.1684 0.9379 1.1559 1.0000 0.9531 1.0384 1.0506 0.9167 0.9823 1.0443 0.9466 0.9480 0.8901 0.9611 1.0831 1.0168
0.9186 0.8894 0.7693 0.9827 0.8397 0.8825 1.0740 0.9406 0.9520 1.0000 1.0000 1.1767 1.0000 1.0953 1.1500 1.2274
1.5140 1.1879 1.6877 1.2512 0.9920 1.2321 1.1306 1.1015 1.0491 0.8930 0.9071 0.7724 0.6962 0.7081 0.7575 0.7733
0.7878 0.8529 1.0268 0.9646 0.9603 0.9799 1.0033 1.0916 1.2059 1.5326 1.1221 1.0379 1.0172 0.9863 0.6766 0.5926
1.4454 1.1019 1.0000 1.1108 1.2117 1.1403 1.0898 1.0180 0.9995 0.8779 0.9360 1.0412 0.8815 0.9063 0.8729 0.8520
0.6838 0.5801 0.8120 0.7020 0.8248 0.9262 0.9985 1.0072 1.0570 0.9785 1.0570 1.3164 1.2283 1.0293 1.1423 1.5154
1.0447 1.0183 1.1098 0.8769 0.9795 1.0631 1.1293 1.1213 1.0000 1.5149 0.9969 0.8856 0.8246 0.7469 0.6343 0.7224
0.7637 0.6825 0.6836 0.7545 0.7855 0.8318 0.8194 0.9723 1.1583 1.1186 1.1694 1.2289 1.3149 1.3067 0.5458 1.4918
1.4881 1.4600 1.2238 1.3483 1.1776 1.1508 1.2709 1.1046 0.9443 0.9119 0.9131 0.9857 0.9457 0.9408 1.0376 0.9064
