0.7041 0.7651 0.8581 0.8801 1.0435 1.0874 1.0559 1.1770 1.1866 1.1683 1.0250 1.0279 1.0492 1.0134 0.8614 0.8518
0.8362 0.8458 0.9385 1.0283 1.0941 1.2195 1.2226 0.9862 1.0554 0.9725 1.1281 1.0188 0.9178 0.8517 0.9809 0.7746
0.6500 0.7061 0.9039 0.9170 0.9513 1.0842 1.1594 1.0912 1.0654 1.2332 1.0121 0.9634 0.8951 0.9164 0.8954 0.7299
0.6772 0.7387 0.8398 0.9756 0.9666 1.0658 1.1142 1.0468 1.0067 1.1770 1.1390 0.9757 1.0299 0.8714 0.9033 0.7667
0.7017 0.7574 0.7968 0.9167 1.0000 1.0098 1.0846 1.0677 1.1698 1.2125 1.0653 1.0290 0.9886 1.0557 0.9651 0.8395
0.8162 0.8355 0.8651 0.9413 1.1149 1.0762 1.1753 1.1544 1.1674 1.1336 1.0535 1.0568 0.9737 0.9404 0.8556 0.8383
0.7627 0.8017 0.8655 0.9375 1.0227 1.0309 1.1686 1.1606 1.1129 1.0919 1.1071 1.0485 0.9776 0.9134 0.8209 0.9350
0.8854 0.8040 0.8544 0.9366 1.0000 1.1184 1.2138 1.1270 1.0992 1.0864 1.1282 1.0873 1.0056 0.9258 0.8323 0.8876
0.8237 0.8534 0.8439 0.8660 1.0205 1.0062 1.1443 1.0234 1.0967 1.1388 1.0533 1.1101 0.9905 1.0313 0.8929 0.8526
0.6930 0.7449 0.8543 0.9700 0.9820 1.0253 1.0398 1.1071 1.0161 1.0369 1.1864 1.0012 0.9292 0.9816 0.9703 0.9947
0.7208 0.6491 0.7337 0.7842 0.9533 1.0440 1.1484 1.0453 1.0230 1.0657 1.0298 0.9578 1.0101 0.9810 0.8504 0.9786
0.7433 0.8288 0.9129 0.9875 1.1422 1.1203 1.1217 0.8811 1.0309 1.2103 1.0937 0.9700 0.9495 1.0000 1.0000 0.7236
0.9337 0.8774 0.9105 1.0076 1.1279 1.1202 1.1756 1.0496 1.1332 1.0603 1.0636 1.0261 0.9735 0.8637 0.8234 0.9399
0.8943 0.8793 0.9649 0.9992 0.9877 1.1128 1.1794 1.1397 1.1161 1.0690 1.1766 0.9424 0.9329 1.0000 0.8076 0.7950
0.7071 0.7436 0.8717 0.9108 1.0027 1.1436 1.0893 1.0616 1.0933 1.1011 1.1506 1.1443 0.9677 0.8558 0.8573 0.7590
0.6720 0.7953 0.9174 0.9616 0.9821 1.0358 1.0883 1.0586 1.0750 1.0246 1.0278 1.0679 0.9963 0.9861 0.9177 0.8497
0.8592 0.7999 0.8705 0.8982 1.0240 1.1669 1.0302 1.1791 1.1502 1.1672 1.0606 1.0313 1.0618 0.9237 0.8848 0.8920
0.7066 0.7516 0.8024 0.8124 0.9975 1.0022 1.1169 1.0004 1.0097 1.0946 1.0843 1.0389 1.0034 1.0247 0.8751 0.8759
0.6982 1.0000 0.8879 0.9048 0.9917 1.1404 1.1351 1.0914 1.0846 1.1654 1.0760 0.9249 0.9723 0.8896 0.8628 0.8646
0.8266 0.8270 0.8871 0.8333 1.0226 1.1522 1.0095 1.0680 1.0989 1.1911 1.0758 1.1230 1.0000 1.0009 0.9629 0.9285
0.8611 0.8884 0.8784 0.9720 0.9741 1.1093 1.0797 1.0430 1.0455 0.9875 1.0605 1.1288 1.0007 0.9982 0.9815 0.9274
0.6214 0.7609 0.8918 0.9530 1.0000 1.0671 1.0678 1.0907 1.0523 1.0965 1.0435 1.0514 0.9899 0.9019 1.0000 0.8026
0.8640 0.8002 0.9387 0.9221 1.0782 1.1653 1.1885 0.9797 1.0763 1.1436 1.1622 1.0240 1.0281 0.9402 0.8858 0.8143
0.7515 0.7930 0.8648 0.9361 1.2059 1.0000 1.0939 1.1973 1.1107 1.0749 1.2518 0.9510 0.9407 0.9193 0.9414 0.9328
0.8598 0.9214 0.8976 0.9646 1.1095 1.1450 1.1688 1.1885 1.1996 1.1722 1.0866 0.9632 0.9631 0.8894 0.7588 0.7224
