1.2959 1.1686 1.0724 1.1358 1.0207 0.9725 1.0927 0.8958 1.1370 1.1363 0.8642 0.8335 0.9240 0.7881 0.7979 0.8523
1.0000 1.0536 1.1999 1.2534 1.1747 1.0081 1.0968 0.9951 0.8687 0.9667 0.8920 0.8585 0.8785 0.9295 0.8300 1.0000
1.1095 0.9567 0.9222 1.3283 0.9052 1.0138 1.0000 0.9473 0.9918 1.0624 1.0057 0.9421 1.0309 1.0061 1.0368 1.1069
1.2652 1.1206 1.1042 1.1318 0.9758 1.0715 1.1089 0.9331 0.9714 0.9288 0.9295 0.9642 0.8644 0.9361 0.8265 0.9724
1.3445 1.0394 0.9480 1.0312 0.9518 0.9672 1.0155 0.9275 0.8849 0.9593 0.9553 1.0951 0.8983 1.0922 1.0803 1.2663
1.1375 1.1065 0.9827 1.0917 0.9504 1.0604 1.0593 0.9796 0.8706 1.0532 0.9267 0.9147 0.9363 0.8998 1.0042 1.0259
1.2677 1.1155 1.0814 1.0148 0.9653 0.9561 1.0278 0.9517 0.8883 1.0389 0.9637 0.8358 0.9662 1.0225 1.0000 1.0255
1.2694 1.2618 1.0717 1.0865 1.0924 1.0584 1.0802 1.0338 1.1011 0.9017 0.9205 0.8410 0.8178 0.7809 0.8014 0.8624
0.6982 0.7323 0.9304 0.7740 0.9308 0.9704 0.8579 1.0881 1.0786 0.9308 1.0721 0.9795 1.2061 0.9295 1.2342 1.0940
1.0554 0.9492 0.9015 1.1131 0.9818 0.9705 0.9666 1.0730 0.8846 0.9514 0.9388 0.9265 1.0819 0.9969 1.1240 1.1982
0.6359 0.7285 0.8939 0.8201 0.9180 0.9776 0.9318 1.0758 1.0295 0.9700 1.0294 0.9338 1.2052 1.1228 0.9815 1.1875
1.2283 1.1010 1.1187 1.1910 1.0569 1.0805 1.1646 0.9658 1.0227 0.8834 0.8583 0.8963 0.8943 0.8397 0.8955 0.7988
0.9926 0.9039 0.8926 0.9981 0.9336 0.8625 0.8029 1.1667 0.9170 1.0587 1.1188 0.9190 1.0642 1.1659 1.1143 1.4228
1.0963 1.0157 1.0589 0.8882 0.8421 0.9465 0.9848 1.0722 0.9893 0.9517 0.9882 0.9356 1.0527 0.9463 1.1109 1.1200
1.2809 1.1493 0.9963 0.9718 1.0611 1.0886 1.0082 1.0820 0.9973 0.8386 0.9384 0.9399 0.9440 0.7517 0.7480 0.8347
0.9765 0.9246 1.0181 0.9036 0.9424 1.0571 0.9957 1.0093 1.0000 0.9298 0.9732 1.0125 1.0000 1.0556 1.0751 1.2581
0.9631 0.9554 0.9714 1.0000 0.9677 0.9407 1.0127 0.9591 0.9918 1.0235 1.0568 1.0322 1.0587 1.0758 1.2271 1.3477
1.3894 1.3398 1.0006 1.2587 0.9567 0.9783 1.1326 0.9400 0.8778 1.0000 1.0000 0.9475 1.0000 0.8509 0.9304 0.9634
1.4552 1.0154 1.2415 0.9376 0.8494 1.1094 1.0003 1.0144 1.1006 1.0047 0.9107 1.0012 0.8734 0.8571 0.9230 1.1004
1.1355 1.1018 1.1598 1.1555 0.9885 1.0087 0.9290 0.9577 1.0255 1.1636 0.9588 0.8271 0.8391 0.7649 0.5359 0.5163
1.4126 0.9966 1.0000 0.9716 1.1530 1.0991 0.9346 0.9995 0.9816 0.9292 0.9396 1.0832 0.8690 1.0552 0.9794 0.9823
0.6283 0.7030 0.9870 0.9950 1.0142 1.0242 0.9831 0.9844 0.9599 1.0567 0.9744 1.0297 1.0586 0.9576 0.9778 1.2684
1.0377 0.8529 0.9033 0.9338 0.8607 0.9502 0.8897 0.9643 1.0000 1.1594 0.9430 0.9473 1.1224 1.2439 1.2610 1.3158
0.9911 1.0481 0.8617 1.0304 0.8961 1.0051 0.8929 0.9485 1.1068 0.9060 1.0439 1.0733 0.9883 1.0312 0.5458 1.1196
1.3783 1.1030 1.0632 1.0965 1.0629 1.0748 1.1298 1.0037 1.0108 0.8681 0.9872 0.8653 0.9714 0.8631 0.8502 0.9530
