1.4855 1.4280 1.3165 1.3146 1.0787 0.9756 1.1372 1.0036 0.9532 0.9720 0.8094 0.7823 0.8014 0.7662 0.6399 0.6360
1.0000 0.7936 1.0347 1.0057 0.9234 0.9223 1.0810 0.9976 0.9988 1.0742 1.0647 0.9031 0.9426 1.1310 1.0877 1.0000
1.3734 1.3456 1.5502 2.1531 1.0230 1.1882 1.0000 0.8080 1.0602 1.0292 0.8426 0.8032 0.9161 0.9290 0.6860 0.7817
1.0604 0.8977 0.7977 0.9770 0.8330 0.9461 0.9683 0.9114 1.1049 1.0252 1.0102 1.0555 0.9593 0.9826 0.9890 1.5639
1.3086 1.1813 1.1708 0.8328 1.0869 1.0702 1.1775 1.1264 0.9936 1.2224 1.1654 1.0382 0.9297 0.9524 0.9705 0.9033
0.7754 0.8714 0.7181 0.9183 0.8490 0.9487 1.1348 1.0078 0.9142 1.1119 1.0728 1.1873 1.0988 1.0644 1.1808 1.2899
1.6278 1.3924 1.3216 1.2121 1.1862 1.0418 1.0338 0.9015 0.8792 0.8270 0.8064 0.7455 0.7901 0.9314 1.0000 0.7827
0.9917 0.9173 1.0199 0.9456 0.8532 1.0212 1.0321 1.1048 1.2135 0.9668 1.0366 1.0007 0.9403 0.9301 0.9746 1.0691
1.0028 0.9484 1.1988 1.0861 1.0715 1.2678 0.9393 1.1811 1.1185 0.9376 1.0192 0.9581 0.9555 0.9732 1.0181 1.0969
1.0347 0.8159 1.1166 0.8734 0.8910 0.9941 0.9102 1.2048 0.9181 1.0039 0.9552 1.0123 1.0513 1.1322 1.1258 1.5322
0.7264 1.0930 1.2403 0.8090 1.1241 1.1380 1.0199 1.0033 1.0215 0.9525 0.8773 0.8513 1.0708 0.8786 0.7701 1.3788
0.7974 0.8024 0.8820 0.9365 0.8723 0.9511 1.0012 0.9224 1.0002 1.1144 1.0898 1.1160 1.1443 1.1998 1.1799 0.9991
1.1506 1.0746 0.9540 1.0894 1.0067 1.1714 1.1152 1.4143 0.7638 1.2396 1.0541 0.8103 0.8561 0.8793 0.8615 1.0318
1.0691 0.9674 1.1323 0.9187 0.7402 0.9301 0.8803 1.0315 1.0493 1.0681 1.1091 1.0152 1.0191 1.0145 1.1336 1.0795
1.3792 1.4335 1.0144 1.1264 1.2011 1.0985 1.0881 1.1144 0.9539 0.7776 0.8640 0.7628 0.7246 0.6474 0.6366 0.6897
0.7325 0.9280 0.8823 0.8081 0.8939 0.8831 0.9843 0.9194 1.0000 0.8775 1.1034 1.2489 1.0000 1.3687 1.3818 1.4290
1.1154 0.9308 1.1944 1.0000 1.0411 0.9876 1.0581 1.0574 0.9544 0.9196 0.9438 0.9536 0.8978 0.9111 1.0983 0.9196
0.7809 0.8046 0.8297 0.8918 0.7717 0.7955 1.0172 0.9779 0.9780 1.0000 1.0000 1.2117 1.0000 1.1949 1.1894 1.2880
1.6445 1.3599 1.6466 1.2536 1.0346 1.1712 1.0518 1.0231 1.0166 0.9188 0.8630 0.7654 0.6805 0.6341 0.8451 0.8267
0.8144 0.8419 1.0826 1.0751 0.8979 1.0093 1.0643 1.0202 1.2296 1.1113 1.0540 1.0095 1.0737 1.1040 0.6731 0.6635
1.4006 1.1370 1.0000 1.0069 1.2064 1.1550 1.0182 1.0320 0.9490 0.9156 0.8984 1.0299 0.8360 0.9431 0.9088 0.9742
0.7513 0.5599 0.8159 0.6987 0.9308 0.9097 0.9764 0.9397 0.9909 1.0198 1.0262 1.2720 1.1893 1.1536 1.1594 1.5533
1.0260 1.0842 1.0921 0.9404 0.9988 1.0316 1.0996 1.1416 1.0000 1.5050 0.9942 0.9039 0.8941 0.7637 0.6840 0.9100
0.7619 0.7629 0.7851 0.9255 0.8337 0.8065 0.8313 1.0618 1.1361 0.9776 1.0708 1.0699 1.2679 1.2759 0.6700 1.4493
1.3209 1.2552 1.0595 1.1893 1.1169 1.2810 1.3058 1.1108 0.9114 0.8665 0.8487 0.9651 0.9488 0.8944 0.7128 0.9391
