0.7531 0.8044 0.8809 0.8797 1.0201 1.1030 1.0718 1.1643 1.1725 1.1921 1.0466 1.0142 1.0098 0.9919 0.8554 0.8471
0.8596 0.8655 0.9829 1.0487 1.0901 1.2277 1.2200 0.9590 1.0531 0.9496 1.1078 0.9779 0.9263 0.8587 0.9465 0.7447
0.6678 0.6887 0.9074 0.9032 0.9506 1.0762 1.1380 1.0731 1.0840 1.2406 1.0418 0.9875 0.8923 0.9116 0.8835 0.7324
0.6861 0.7669 0.8598 0.9497 0.9692 1.0712 1.1182 1.0418 1.0178 1.1760 1.1455 0.9672 1.0148 0.8901 0.8936 0.7349
0.7339 0.7835 0.8445 0.8933 1.0000 1.0207 1.0882 1.0690 1.1654 1.2022 1.0584 1.0638 0.9622 1.0150 0.9327 0.7894
0.8136 0.8449 0.8690 0.9606 1.1229 1.0636 1.1882 1.1505 1.1838 1.1326 1.0808 1.0143 0.9571 0.9218 0.8422 0.8436
0.7726 0.8042 0.8550 0.9343 1.0239 1.0728 1.1675 1.1806 1.0973 1.1150 1.1068 1.0545 0.9646 0.9118 0.8162 0.9110
0.8656 0.8021 0.8553 0.9484 1.0000 1.1061 1.2142 1.1546 1.0122 1.0603 1.1854 1.1130 1.0157 0.9223 0.8247 0.9053
0.8365 0.8671 0.8640 0.8998 1.0205 1.0098 1.1266 1.0659 1.0967 1.1278 1.0739 1.1026 0.9584 1.0213 0.8662 0.8370
0.6710 0.7852 0.8659 0.9825 0.9876 1.0465 1.0997 1.0995 1.0379 1.0699 1.1911 0.9983 0.9011 0.9778 0.9481 0.8992
0.7361 0.6515 0.7419 0.7878 0.9239 1.0144 1.1330 1.0532 1.0606 1.0711 1.0458 0.9606 0.9977 0.9616 0.8326 1.0193
0.7363 0.8174 0.9115 0.9928 1.1437 1.1171 1.1442 0.8870 1.0680 1.1987 1.0906 0.9683 0.9316 1.0000 1.0000 0.6990
0.9299 0.8984 0.9315 1.0183 1.1398 1.1582 1.1660 1.0438 1.1305 1.0450 1.0796 1.0075 0.9611 0.8349 0.8069 0.8984
0.9007 0.9166 0.9619 1.0187 1.0073 1.1015 1.1767 1.1448 1.1121 1.0617 1.1474 0.9512 0.9090 1.0000 0.7986 0.7777
0.7162 0.7360 0.8828 0.9201 1.0116 1.1667 1.0613 1.0293 1.0356 1.0727 1.1745 1.1713 1.0409 0.8455 0.8176 0.7510
0.7069 0.8241 0.9478 1.0298 0.9747 1.0627 1.0792 1.0539 1.0836 0.9959 1.0248 1.0585 0.9905 0.9600 0.9024 0.8456
0.8466 0.7987 0.8680 0.8945 1.0291 1.1593 1.0201 1.1465 1.1396 1.1989 1.0899 1.0407 1.0843 0.9196 0.8755 0.8809
0.7160 0.7665 0.7918 0.8028 1.0013 0.9917 1.1225 1.0122 1.0091 1.1119 1.0872 1.0405 1.0002 1.0160 0.8575 0.8544
0.6934 1.0000 0.8791 0.9271 0.9744 1.1515 1.1510 1.1028 1.0740 1.1790 1.1216 0.9213 0.9670 0.8947 0.8337 0.8457
0.8575 0.8486 0.9083 0.8518 1.0424 1.1267 0.9780 1.0809 1.0922 1.1853 1.0905 1.1369 1.0000 1.0000 0.9170 0.9089
0.8770 0.8626 0.8843 0.9785 0.9617 1.1025 1.0855 1.0554 1.0588 1.0135 1.0792 1.1326 1.0209 0.9845 0.9601 0.8778
0.6146 0.7600 0.9050 0.9798 1.0000 1.0715 1.0511 1.0718 1.0661 1.1127 1.0226 1.0453 1.0044 0.8964 1.0000 0.7930
0.8872 0.8080 0.9382 0.9563 1.0702 1.1932 1.1927 0.9779 1.0897 1.1509 1.1813 1.0124 1.0153 0.9229 0.8441 0.7965
0.7579 0.7875 0.8672 0.9303 1.2196 1.0000 1.1037 1.1935 1.1161 1.0837 1.2380 0.9816 0.9480 0.9285 0.9276 0.9076
0.8800 0.9322 0.8939 0.9724 1.1032 1.0936 1.1722 1.1551 1.2048 1.1674 1.0824 0.9701 0.9670 0.9061 0.7501 0.7413
