0.7589 0.8064 0.8878 0.9101 1.0365 1.0978 1.0399 1.1570 1.1401 1.1444 1.0155 0.9579 1.0635 1.0217 0.8672 0.8717
0.8657 0.8653 0.9884 1.0657 1.1153 1.2546 1.2082 0.9302 0.9651 0.9115 1.0921 0.9816 0.9453 0.8488 0.9948 0.7742
0.6596 0.7380 0.9123 0.9341 0.9674 1.0914 1.1035 1.0617 1.0530 1.2121 1.0068 0.9753 0.9124 0.9275 0.9213 0.7268
0.6677 0.7452 0.8680 0.9762 0.9739 1.0841 1.0925 1.0246 0.9627 1.1432 1.1148 0.9892 1.0456 0.8940 0.9503 0.7666
0.7518 0.8001 0.8376 0.9297 1.0000 1.0426 1.0948 1.0458 1.1252 1.2044 1.0143 1.0295 0.9497 1.0498 0.9641 0.8696
0.8491 0.8872 0.8950 0.9569 1.1505 1.0934 1.1777 1.0664 1.1458 1.0845 1.0434 1.0077 0.9878 0.9180 0.8626 0.8775
0.7330 0.8311 0.8877 0.9513 1.0458 1.0421 1.1223 1.1286 1.0984 1.0588 1.0898 1.0461 0.9723 0.9081 0.8435 0.9715
0.8965 0.8151 0.8718 0.9639 1.0000 1.0859 1.1867 1.0952 1.0805 1.0396 1.1289 1.0831 1.0308 0.9346 0.8673 0.9231
0.8146 0.8815 0.8734 0.8989 1.0333 1.0309 1.1486 1.0335 1.0753 1.0967 1.0310 1.0686 0.9805 1.0300 0.8885 0.8559
0.6729 0.7658 0.8713 0.9943 1.0238 1.0274 1.0516 1.1158 0.9597 0.9969 1.1320 0.9392 0.9049 0.9791 1.0151 1.0347
0.7194 0.6631 0.7627 0.8229 0.9571 1.0371 1.1370 1.0292 0.9821 1.0464 0.9913 0.9580 1.0326 0.9889 0.8863 1.0069
0.7440 0.8561 0.8943 0.9833 1.1781 1.1503 1.1252 0.8683 1.0138 1.2265 1.0803 0.9898 0.9559 1.0000 1.0000 0.6999
0.9591 0.8958 0.9382 1.0066 1.1555 1.1029 1.1500 1.0009 1.1158 1.0261 1.0858 1.0171 0.9994 0.8465 0.8203 0.9613
0.9375 0.9301 0.9954 1.0298 1.0008 1.1111 1.1562 1.1181 1.0689 1.0335 1.1343 0.9289 0.9421 1.0000 0.8218 0.7948
0.6723 0.7490 0.8622 0.9010 1.0197 1.2027 1.0975 1.0789 1.0491 1.0414 1.0609 1.0874 0.9737 0.8637 0.9129 0.8488
0.7020 0.8033 0.9086 0.9831 0.9637 1.0248 1.0893 1.0379 1.0744 0.9889 1.0021 1.0678 1.0173 0.9849 0.9602 0.8993
0.8879 0.7677 0.8664 0.8874 1.0486 1.1757 0.9760 1.1631 1.1188 1.1596 1.0401 1.0381 1.1077 0.9392 0.8849 0.9391
0.6937 0.7949 0.7894 0.8293 0.9990 0.9876 1.1249 0.9893 0.9969 1.1065 1.0858 1.0455 1.0068 1.0176 0.9322 0.9391
0.6912 1.0000 0.8988 0.9206 0.9802 1.1295 1.1314 1.0282 1.0674 1.1472 1.0845 0.9012 0.9956 0.9006 0.8966 0.9172
0.8190 0.8034 0.9418 0.8588 1.0509 1.1413 0.9982 1.0644 1.0585 1.1470 1.0170 1.1256 1.0000 0.9653 1.0006 0.9580
0.8819 0.8962 0.9080 0.9628 0.9301 1.0849 1.0492 1.0342 1.0250 0.9262 1.0296 1.1404 1.0095 1.0103 1.0397 0.9824
0.6177 0.7741 0.9211 0.9983 1.0000 1.0466 1.0390 1.0359 1.0086 1.0839 1.0125 1.0751 1.0068 0.9270 1.0000 0.8434
0.8491 0.7867 0.9797 0.9485 1.0493 1.1438 1.1404 0.9398 1.0604 1.1285 1.1558 1.0420 1.0469 0.9279 0.8980 0.8528
0.7744 0.7945 0.8924 0.9554 1.2273 1.0000 1.0709 1.1810 1.0767 1.0313 1.2121 0.9277 0.9295 0.9371 1.0017 0.9925
0.8134 0.9207 0.8949 0.9748 1.1048 1.1155 1.2035 1.1688 1.1702 1.1399 1.0804 0.9594 0.9653 0.8978 0.7932 0.7969
