0.8619 0.9458 0.9408 0.9492 1.0437 1.1164 1.0555 1.1906 1.1345 1.1451 1.0042 0.8890 1.0520 1.0133 0.8030 0.8477
0.9279 0.9550 1.0758 1.1170 1.1817 1.2704 1.2430 0.8674 0.9347 0.8702 1.0897 0.9568 0.9138 0.7956 0.9429 0.7265
0.6823 0.8206 0.9521 0.9853 1.0370 1.1778 1.0858 1.1072 1.0635 1.2318 0.9592 0.8934 0.9040 0.8955 0.9203 0.6242
0.6991 0.8089 0.9143 1.0312 1.0179 1.1172 1.1349 1.0518 0.9710 1.1300 1.1522 0.9441 0.9834 0.8603 0.8559 0.6590
0.7813 0.8660 0.9064 0.9216 1.0000 1.0937 1.1633 1.0730 1.1301 1.2386 1.0123 0.9756 0.9450 1.0434 0.9478 0.8272
0.8820 0.9448 0.9527 1.0223 1.1912 1.1583 1.1782 0.9790 1.2279 1.1096 1.0593 0.9477 0.9318 0.8704 0.7767 0.7667
0.7615 0.9116 0.9604 0.9804 1.0969 1.0351 1.1799 1.1299 1.1266 1.0491 1.0708 1.0345 0.9397 0.8221 0.7804 0.8723
0.9745 0.8569 0.9369 0.9824 1.0000 1.1480 1.1934 1.0616 1.0754 1.0870 1.0857 1.0552 1.0318 0.8977 0.7666 0.8256
0.8319 0.9470 0.8990 0.9653 1.0632 1.0366 1.1994 1.0263 1.1483 1.1169 1.0314 0.9981 0.9454 0.9930 0.8169 0.7227
0.7339 0.8304 0.9515 1.0775 1.0609 1.1060 1.0865 1.1782 0.9458 1.0276 1.1405 0.8320 0.8228 0.9754 0.9657 0.9548
0.8245 0.7555 0.8766 0.8689 1.0825 1.1574 1.2380 1.0736 1.0496 1.1094 1.0131 0.9980 1.0162 0.9427 0.8230 0.8241
0.7858 0.8765 0.8977 1.0312 1.1479 1.1355 1.1743 0.9164 0.9898 1.2181 1.0021 0.9235 0.8842 1.0000 1.0000 0.5751
0.9494 0.9017 0.9426 1.0174 1.1640 1.0885 1.1285 0.9077 1.1137 1.0046 1.0289 0.9383 0.9853 0.7663 0.7194 0.8865
0.9291 0.9882 0.9838 1.0120 0.9918 1.1489 1.1545 1.0492 1.0566 1.0032 1.0838 0.9079 0.8897 1.0000 0.8001 0.7176
0.6860 0.8054 0.8742 0.9127 1.0642 1.2380 1.0845 1.0819 1.0283 1.0712 1.1088 1.1431 1.0148 0.8295 0.8462 0.7742
0.7590 0.9187 0.9611 1.0928 1.0306 1.0404 1.1071 1.0154 1.0994 0.9583 1.0058 1.0333 0.9852 0.9003 0.8466 0.7744
0.9297 0.7336 0.8775 0.8667 1.1428 1.2671 0.9954 1.1992 1.0747 1.1340 0.9931 1.0115 1.1362 0.8854 0.8174 0.8979
0.7064 0.9388 0.8388 0.8345 1.0606 0.9937 1.1961 1.1327 1.0412 1.1602 1.1066 0.9949 0.9585 0.9317 0.8844 0.8718
0.7653 1.0000 0.9614 0.9287 0.9942 1.1602 1.1611 1.0458 1.0660 1.1805 1.1042 0.8946 0.9656 0.8763 0.8552 0.8108
0.8902 0.8841 1.0327 0.9219 1.0915 1.2251 0.9823 1.1114 1.0771 1.1660 0.9604 1.1170 1.0000 0.8785 0.8886 0.7638
0.9294 0.9615 0.9263 0.9812 0.9143 1.1337 1.0789 1.0779 1.0562 0.9635 1.0389 1.1612 0.9703 0.9746 0.9481 0.7951
0.6571 0.8246 0.9586 1.0182 1.0000 1.0304 1.0510 1.0424 1.0295 1.0680 0.9462 1.0410 0.9562 0.8574 1.0000 0.7366
0.7992 0.8028 1.0331 1.0522 1.0661 1.1601 1.1592 0.9019 1.1224 1.1647 1.1643 1.0243 1.0684 0.8898 0.8099 0.7958
0.8642 0.8475 0.9018 1.0016 1.2605 1.0000 1.1107 1.1979 1.1011 1.0261 1.1915 0.9065 0.9116 0.8478 0.9401 0.8938
0.8157 0.9761 0.8550 1.0185 1.1307 1.1071 1.2203 1.1902 1.1361 1.1783 1.0503 0.9261 0.9149 0.8199 0.6924 0.6576
