1.3546 1.1859 1.0435 1.0884 0.9980 0.9555 1.0645 0.8937 1.0890 1.1168 0.8444 0.8378 0.9330 0.8413 0.8044 0.9381
1.0000 1.0771 1.3156 1.2642 1.1281 1.0034 1.0867 0.9581 0.8789 0.9070 0.8774 0.8678 0.8840 0.9141 0.8367 1.0000
1.0535 0.9250 0.9641 1.1820 0.8554 0.9469 1.0000 0.9404 0.9534 1.0196 0.9046 0.9369 1.0422 1.1721 1.0547 1.2756
1.3440 1.2117 1.1582 1.1410 1.0144 1.0469 1.0866 0.9113 0.9678 0.8701 0.8867 0.9394 0.8108 0.9282 0.7946 0.9934
1.2579 0.9721 0.9003 1.0315 0.9544 0.9895 0.9802 0.8955 0.9841 1.0648 1.0056 1.0911 0.8769 1.0836 1.0602 1.3189
1.2287 1.0839 1.0044 1.1174 0.9818 1.0656 1.0599 0.9561 0.9090 1.0199 0.9815 0.8573 0.8772 0.8516 1.0215 0.9927
1.1807 1.0774 1.0408 1.0148 0.9340 0.9635 1.0238 0.9814 0.9098 1.0601 0.9677 0.8391 0.9723 1.0516 1.0000 1.0298
1.3694 1.2304 1.1354 1.0875 1.0886 1.0727 1.0601 1.0161 1.0995 0.9042 0.9015 0.8394 0.8128 0.7783 0.7689 0.8318
0.6669 0.7155 0.8727 0.7517 0.9317 0.9591 0.8277 1.0419 1.0348 0.9160 1.0708 0.9853 1.2013 1.0312 1.2133 1.2548
1.1562 0.9933 1.0081 1.0888 0.9944 0.9782 0.9525 1.1613 0.8818 0.8930 0.9287 0.8856 0.9960 0.9584 1.0747 1.0789
0.6755 0.7343 0.8814 0.8061 0.9543 0.9640 0.8901 1.0723 1.0183 0.9409 1.0741 0.9096 1.2362 1.0926 0.9547 1.2968
1.2680 1.1450 1.1953 1.2053 1.0985 1.0991 1.1125 0.9714 0.9850 0.8888 0.8555 0.8982 0.8586 0.7983 0.8388 0.7918
1.0152 0.8403 0.8148 0.9271 0.8887 0.9289 0.8166 1.0020 0.9373 1.1169 1.1618 1.0215 1.0946 1.1793 1.1441 1.5176
1.2000 1.0719 1.1041 1.0265 0.8606 0.9999 1.0203 1.0299 0.9464 0.8811 0.9411 0.8858 0.9844 0.8875 1.0085 1.1025
1.2094 1.1619 0.9370 0.9178 1.0325 1.0313 0.9934 1.0391 1.0069 0.9389 0.9645 0.9656 0.9551 0.8101 0.7984 0.9505
1.0607 0.9521 1.0539 0.9006 1.0072 1.0465 0.9581 0.9894 1.0000 0.8966 0.9170 1.0920 1.0000 1.0033 1.0066 1.1671
0.9629 0.9485 0.9356 1.0000 0.9873 0.9269 1.0193 1.0706 0.9907 1.0085 1.0467 1.0082 1.0439 1.0645 1.2479 1.2445
1.4733 1.3440 1.0506 1.2493 0.9818 0.9914 1.1048 0.9512 0.9072 1.0000 1.0000 0.9049 1.0000 0.8497 0.9085 0.9085
1.5074 1.0229 1.1937 0.9210 0.7838 1.1038 1.0045 0.9698 1.0614 1.0148 0.9210 1.0173 0.9041 0.9012 0.9948 1.1460
1.1626 1.1277 1.1654 1.2156 0.9789 1.0582 0.9534 0.9229 0.9856 1.0478 0.9001 0.8052 0.7872 0.7624 0.5242 0.5173
1.2845 0.9765 1.0000 0.9664 1.1007 1.0637 0.9208 1.0183 0.9750 1.0250 0.9223 1.0318 0.8757 1.0771 0.9947 1.0753
0.7510 0.7635 1.0055 1.0001 1.0927 1.0294 0.9742 0.9660 0.9324 1.0794 0.9580 0.9737 1.0233 0.9792 0.9827 1.2158
1.0500 0.8938 0.9065 0.9696 0.8611 0.9245 0.8655 0.9135 1.0000 1.1171 0.9364 0.9310 1.1447 1.2345 1.3313 1.6655
1.0478 1.0919 0.9150 1.0571 0.8920 0.9868 0.9407 0.9742 1.0961 0.8934 0.9899 1.0372 0.9490 1.0379 0.5458 1.0588
1.1754 0.9756 0.9281 0.9750 0.9948 1.0003 1.0738 0.9934 0.9938 0.8717 1.0328 0.9559 1.0378 0.9543 1.0081 1.1202
