0.7102 0.7708 0.8440 0.8750 1.0302 1.0927 1.0528 1.1773 1.1597 1.1676 1.0197 1.0370 1.0559 1.0177 0.8599 0.8752
0.8306 0.8345 0.9525 1.0418 1.0892 1.2530 1.2139 0.9777 1.0384 0.9678 1.1043 1.0068 0.9227 0.8710 0.9849 0.7635
0.6454 0.6958 0.9029 0.9071 0.9637 1.0986 1.1430 1.0877 1.0751 1.2439 1.0177 0.9642 0.9001 0.9012 0.8778 0.7092
0.6525 0.7488 0.8399 0.9628 0.9868 1.0797 1.1173 1.0538 1.0101 1.1589 1.1070 0.9640 1.0314 0.8806 0.9127 0.7462
0.7058 0.7659 0.7779 0.9019 1.0000 1.0317 1.0548 1.0546 1.1647 1.2456 1.0697 1.0457 0.9703 1.0368 0.9881 0.8378
0.8161 0.8381 0.8627 0.9427 1.1424 1.0743 1.1853 1.1461 1.1724 1.1153 1.0601 1.0225 0.9882 0.9178 0.8628 0.8503
0.7603 0.8108 0.8555 0.9415 1.0248 1.0381 1.1974 1.1638 1.0949 1.0863 1.0954 1.0471 0.9776 0.9238 0.8194 0.9238
0.8749 0.7921 0.8480 0.9301 1.0000 1.1097 1.2260 1.1311 1.0824 1.0757 1.1567 1.0985 1.0141 0.9206 0.8377 0.8904
0.8081 0.8709 0.8368 0.8701 1.0178 1.0456 1.1155 1.0342 1.0964 1.1330 1.0309 1.1250 0.9701 1.0301 0.8926 0.8525
0.6933 0.7505 0.8532 0.9423 0.9739 1.0257 1.0689 1.1060 1.0113 1.0460 1.1677 0.9972 0.9103 0.9876 0.9907 0.9814
0.7202 0.6545 0.7383 0.7980 0.9525 1.0409 1.1316 1.0397 1.0362 1.0758 1.0257 0.9831 1.0159 0.9640 0.8488 0.9559
0.7327 0.8087 0.9245 0.9712 1.1448 1.1448 1.1246 0.9045 1.0480 1.2052 1.0920 0.9563 0.9466 1.0000 1.0000 0.7030
0.9262 0.8842 0.9007 1.0037 1.1245 1.1226 1.1729 1.0496 1.1295 1.0593 1.0659 1.0212 0.9714 0.8580 0.8569 0.9466
0.8988 0.8811 0.9608 0.9981 0.9882 1.1057 1.1756 1.1392 1.1083 1.0641 1.1761 0.9454 0.9252 1.0000 0.8240 0.8080
0.7004 0.7247 0.8454 0.8984 1.0089 1.1511 1.0718 1.0671 1.0779 1.1047 1.1209 1.1274 0.9770 0.8743 0.8652 0.8198
0.6681 0.7941 0.8912 0.9625 0.9982 1.0569 1.0925 1.0629 1.0867 1.0079 0.9989 1.0788 0.9907 0.9865 0.9159 0.8647
0.8624 0.7876 0.8605 0.8944 1.0323 1.1623 1.0024 1.1896 1.1686 1.1693 1.0554 1.0238 1.0897 0.9304 0.8885 0.8823
0.6944 0.7508 0.7921 0.8103 0.9958 1.0115 1.0921 0.9963 1.0128 1.1067 1.0635 1.0409 1.0243 1.0311 0.8629 0.9000
0.6949 1.0000 0.8855 0.9102 0.9671 1.1343 1.1441 1.0865 1.0711 1.1554 1.1060 0.9305 0.9761 0.8969 0.8816 0.8561
0.8253 0.8193 0.8909 0.8381 1.0427 1.1373 0.9925 1.0568 1.0950 1.1776 1.0607 1.1193 1.0000 1.0132 0.9797 0.9260
0.8416 0.8849 0.8817 0.9769 0.9599 1.0941 1.0729 1.0634 1.0458 0.9880 1.0506 1.1363 1.0093 0.9784 0.9923 0.9191
0.6413 0.7628 0.8903 0.9624 1.0000 1.0733 1.0810 1.0785 1.0419 1.0875 1.0427 1.0459 0.9899 0.9038 1.0000 0.8009
0.8625 0.7942 0.9228 0.9475 1.0657 1.1550 1.1898 0.9738 1.0936 1.1456 1.1475 1.0283 1.0398 0.9532 0.8895 0.8063
0.7352 0.7935 0.8540 0.9485 1.2132 1.0000 1.1075 1.1899 1.1152 1.0757 1.2265 0.9669 0.9481 0.9201 0.9622 0.9445
0.8294 0.9064 0.8757 0.9801 1.1144 1.1040 1.1682 1.1681 1.2029 1.1917 1.1080 0.9843 0.9578 0.9038 0.7785 0.7464
