1.2853 1.1794 1.1529 1.1421 1.0476 1.0066 1.0933 0.9041 1.1120 1.0943 0.8599 0.8292 0.9365 0.7716 0.7973 0.8237
1.0000 1.0486 1.0348 1.2314 1.1248 1.0155 1.0073 0.9852 0.9174 0.9880 0.9494 0.9031 0.9427 0.9999 0.8461 1.0000
1.1866 1.0599 0.9984 1.5166 0.9886 1.0703 1.0000 0.9622 1.0364 1.0792 1.0289 0.8775 0.9828 0.9268 0.9065 0.9225
1.1653 1.0496 1.0711 1.1514 1.0053 1.0577 1.0849 0.9851 1.0432 0.9675 0.9472 0.9539 0.8777 0.8904 0.8635 0.9478
1.5006 1.0777 1.0448 1.0521 0.9215 0.9599 1.0417 0.9423 0.7837 0.8757 1.0011 1.1055 0.9214 1.0347 1.0655 1.2718
1.0346 1.0687 0.9325 0.9750 0.9375 1.0544 1.1163 1.0293 0.8033 1.1368 0.8757 1.0229 0.9481 0.9457 0.9984 1.1393
1.3034 1.1157 1.1016 1.0437 1.0170 0.9429 0.9839 0.8849 0.8969 1.0196 0.9768 0.8706 0.9556 1.0628 1.0000 1.0101
1.1145 1.1870 0.9279 1.0801 1.0168 1.0567 1.0897 1.0840 1.1526 0.9321 0.9489 0.9316 0.8838 0.7753 0.8552 0.9451
0.7205 0.7590 0.9643 0.8165 0.8977 0.9728 0.8741 1.0775 1.0826 0.9456 1.1075 1.0399 1.1844 0.8308 1.2756 1.0244
0.9129 0.8628 0.8107 1.0426 0.9678 1.0063 0.9726 0.9854 0.9201 0.9950 0.9559 1.0052 1.1387 1.0865 1.1818 1.3453
0.6252 0.7739 0.8959 0.8632 0.9141 1.0165 0.9873 1.0965 1.0731 1.0163 0.9184 0.9855 1.0737 1.1267 0.9615 1.0445
1.1894 1.0669 1.0903 1.1531 1.0758 1.0896 1.1300 0.9853 1.0182 0.8999 0.8844 0.9108 0.9165 0.8793 0.9318 0.7854
0.9724 1.0088 0.9980 1.0955 1.0436 0.8959 0.8242 1.1951 0.9065 1.0092 1.0976 0.8526 0.9563 1.0810 1.0050 1.2253
1.0037 0.9163 0.9813 0.7832 0.9008 0.9352 0.9168 1.0856 0.9957 1.0055 1.0388 1.0083 1.1281 1.0024 1.1361 1.1038
1.3952 1.1183 0.9916 0.9562 1.0668 1.0867 1.0731 1.0860 1.0030 0.7970 0.9623 0.9564 0.9470 0.7332 0.7185 0.7745
0.9188 0.9234 1.0585 0.9156 0.9036 1.0505 1.0061 0.9996 1.0000 0.9212 0.9962 0.9094 1.0000 1.0937 1.1404 1.3057
1.0207 0.9276 1.0055 1.0000 0.9574 0.9774 1.0548 0.9006 1.0169 1.0714 1.0666 1.0240 0.9876 0.9964 1.0709 1.2332
1.2760 1.2376 0.9078 1.2523 0.9624 1.0048 1.1635 0.9567 0.9118 1.0000 1.0000 0.9554 1.0000 0.8565 0.9570 0.9750
1.3595 1.0208 1.3440 1.0083 0.8643 1.1770 1.0179 1.0071 1.0794 0.9722 0.8948 0.9578 0.8915 0.8484 0.8558 1.0138
1.0803 1.0641 1.1632 1.2034 0.9712 1.0493 0.9538 0.9897 1.0165 1.0924 0.9326 0.8559 0.8295 0.7865 0.5654 0.5222
1.3664 1.0578 1.0000 0.9889 1.1468 1.1001 0.9568 1.0186 0.9917 0.8287 0.9757 1.1447 0.9286 1.0793 0.9968 0.8729
0.5322 0.6383 0.9398 0.9155 0.9237 1.0248 1.0123 1.0108 0.9916 0.9823 1.0171 1.1399 1.1309 0.9583 0.9529 1.3039
1.1167 0.8733 0.9522 0.8695 0.8899 0.9434 0.9438 0.9913 1.0000 1.1889 0.9897 0.9568 1.0810 1.1730 1.0757 0.9936
0.9730 0.9255 0.7937 0.9521 0.8249 0.9967 0.8659 0.9177 1.1625 1.0490 1.0927 1.1203 1.0800 1.0411 0.5458 1.1777
1.4789 1.2096 1.1109 1.2398 1.1586 1.1008 1.1914 1.0149 0.9983 0.8205 0.9919 0.8447 0.9217 0.7940 0.7358 0.7837
