0.7189 0.7750 0.8462 0.8743 1.0438 1.0669 1.0691 1.1850 1.1873 1.1702 1.0400 1.0095 1.0411 1.0165 0.8651 0.8459
0.8530 0.8541 0.9347 1.0244 1.0903 1.2122 1.2115 0.9939 1.0521 0.9802 1.1355 1.0124 0.9129 0.8527 0.9729 0.7498
0.6626 0.6989 0.9205 0.9092 0.9589 1.0888 1.1561 1.0927 1.0774 1.2375 1.0211 0.9541 0.8892 0.9199 0.8746 0.7092
0.6632 0.7362 0.8589 0.9504 0.9706 1.0849 1.1177 1.0439 1.0168 1.1813 1.1373 0.9684 1.0222 0.8770 0.8891 0.7240
0.7108 0.8175 0.8168 0.9209 1.0000 1.0360 1.0992 1.0385 1.1362 1.2078 1.0424 1.0265 0.9527 1.0274 0.9276 0.7952
0.8470 0.8512 0.8649 0.9557 1.1160 1.0951 1.1567 1.1573 1.1716 1.1281 1.0628 1.0182 0.9516 0.9252 0.8534 0.8483
0.7705 0.8010 0.8580 0.9455 1.0341 1.0711 1.1616 1.1661 1.1101 1.0944 1.1080 1.0597 0.9631 0.9189 0.8060 0.8983
0.8882 0.8117 0.8614 0.9387 1.0000 1.1138 1.2147 1.1190 1.0760 1.0865 1.1696 1.0897 0.9988 0.8996 0.8295 0.9017
0.8214 0.8658 0.8650 0.8807 1.0148 1.0078 1.1269 1.0497 1.0830 1.1439 1.0476 1.1090 0.9690 1.0262 0.8822 0.8225
0.6889 0.7654 0.8752 1.0009 0.9890 1.0131 1.0483 1.1221 1.0351 1.0497 1.2115 1.0035 0.9058 0.9887 0.9636 0.9634
0.7308 0.6518 0.7593 0.7929 0.9558 1.0499 1.1332 1.0490 1.0508 1.0735 1.0347 0.9684 0.9916 0.9618 0.8597 0.9619
0.7585 0.8264 0.9237 0.9738 1.1459 1.1315 1.1332 0.8941 1.0592 1.2054 1.0726 0.9587 0.9350 1.0000 1.0000 0.6945
0.9381 0.8823 0.9235 1.0162 1.1211 1.1168 1.1914 1.0459 1.1352 1.0669 1.0362 1.0192 0.9753 0.8532 0.8138 0.9278
0.9007 0.8902 0.9657 1.0057 1.0042 1.0878 1.1659 1.1428 1.1046 1.0629 1.1751 0.9499 0.9261 1.0000 0.8183 0.7923
0.6921 0.7269 0.8611 0.9227 1.0038 1.1539 1.0982 1.0714 1.0616 1.0615 1.1028 1.1144 0.9720 0.8743 0.9032 0.8025
0.6737 0.7864 0.9000 0.9666 0.9920 1.0588 1.1017 1.0830 1.0932 1.0137 1.0369 1.0747 0.9997 0.9643 0.8916 0.8338
0.8492 0.7995 0.9008 0.9097 1.0455 1.1479 1.0216 1.1770 1.1488 1.1664 1.0745 1.0401 1.0649 0.9244 0.8660 0.8638
0.7175 0.7530 0.7947 0.8073 0.9953 1.0162 1.1207 1.0017 1.0224 1.0970 1.0684 1.0376 1.0001 1.0207 0.8499 0.8824
0.6967 1.0000 0.8949 0.9242 0.9873 1.1320 1.1465 1.0982 1.0842 1.1519 1.0972 0.9251 0.9625 0.9044 0.8540 0.8500
0.8584 0.8407 0.9181 0.8662 1.0325 1.1366 1.0134 1.0595 1.0690 1.1997 1.0707 1.1417 1.0000 0.9562 0.9244 0.9087
0.8630 0.8883 0.8781 0.9828 0.9762 1.1089 1.0699 1.0372 1.0627 1.0027 1.0692 1.1250 1.0116 0.9905 0.9728 0.8921
0.6138 0.7572 0.9090 0.9693 1.0000 1.0836 1.0688 1.0745 1.0575 1.0915 1.0200 1.0275 0.9903 0.9092 1.0000 0.7974
0.8892 0.8153 0.9393 0.9354 1.0649 1.1772 1.1946 0.9769 1.0899 1.1434 1.1507 1.0264 1.0110 0.9280 0.8525 0.8203
0.7468 0.7860 0.8721 0.9394 1.2210 1.0000 1.0866 1.1961 1.1148 1.0831 1.2261 0.9819 0.9378 0.9315 0.9523 0.9314
0.8421 0.9277 0.8926 0.9558 1.0745 1.1054 1.1862 1.1845 1.1610 1.1792 1.1202 0.9635 0.9653 0.9009 0.7778 0.7565
