0.7337 0.7863 0.8490 0.8854 1.0311 1.0883 1.0593 1.1790 1.1449 1.1861 1.0227 0.9955 1.0311 1.0239 0.8578 0.8690
0.8276 0.8435 0.9603 1.0443 1.0879 1.2279 1.2059 0.9679 1.0074 0.9612 1.1056 0.9971 0.9497 0.8584 0.9852 0.7641
0.6563 0.6961 0.9071 0.9143 0.9422 1.0805 1.1177 1.0764 1.0799 1.2465 0.9985 0.9783 0.9048 0.9162 0.9141 0.7265
0.6480 0.7353 0.8532 0.9580 0.9882 1.0729 1.1117 1.0457 0.9794 1.1549 1.1289 0.9675 1.0358 0.8929 0.9298 0.7581
0.7133 0.7583 0.8005 0.9016 1.0000 1.0043 1.0764 1.0584 1.1849 1.2424 1.0503 1.0391 0.9674 1.0448 0.9567 0.8642
0.8263 0.8496 0.8577 0.9431 1.1422 1.0776 1.1665 1.1077 1.1805 1.1263 1.0637 1.0172 0.9834 0.9370 0.8637 0.8621
0.7409 0.8114 0.8543 0.9252 1.0330 1.0360 1.1617 1.1419 1.1100 1.0760 1.0954 1.0525 0.9883 0.9232 0.8367 0.9538
0.8819 0.8004 0.8694 0.9405 1.0000 1.0843 1.1928 1.1034 1.0962 1.0658 1.1386 1.0958 1.0283 0.9275 0.8546 0.9157
0.8084 0.8716 0.8594 0.8538 1.0224 1.0114 1.1284 1.0486 1.0959 1.1175 1.0500 1.0928 0.9785 1.0370 0.9151 0.8379
0.6807 0.7568 0.8459 0.9588 0.9998 1.0061 1.0657 1.1075 0.9707 1.0357 1.1658 0.9719 0.9132 0.9743 1.0070 1.0180
0.7189 0.6530 0.7366 0.8071 0.9419 1.0354 1.1297 1.0216 1.0297 1.0733 1.0178 0.9647 1.0184 0.9882 0.8641 0.9617
0.7453 0.8431 0.9164 0.9889 1.1614 1.1316 1.1330 0.8813 1.0318 1.2367 1.0706 0.9706 0.9471 1.0000 1.0000 0.7123
0.9244 0.8847 0.8971 1.0064 1.1470 1.0922 1.1625 1.0172 1.1306 1.0552 1.0664 1.0326 1.0101 0.8481 0.8443 0.9582
0.8977 0.9060 0.9519 1.0055 0.9956 1.1011 1.1682 1.1254 1.0882 1.0591 1.1679 0.9342 0.9542 1.0000 0.8403 0.8114
0.6643 0.7317 0.8441 0.8963 0.9913 1.1680 1.0853 1.0594 1.0535 1.0821 1.0963 1.1283 0.9963 0.8662 0.9000 0.8273
0.6727 0.7926 0.9221 0.9907 0.9814 1.0406 1.0956 1.0390 1.0860 1.0162 1.0024 1.0583 0.9992 0.9822 0.9162 0.8683
0.8714 0.7691 0.8721 0.8835 1.0275 1.1556 0.9838 1.1859 1.1396 1.1812 1.0514 1.0360 1.1120 0.9356 0.8858 0.9047
0.6917 0.7712 0.7878 0.8140 1.0068 1.0032 1.1241 0.9965 1.0026 1.1057 1.0820 1.0608 1.0205 1.0284 0.8885 0.9088
0.6890 1.0000 0.8871 0.9194 0.9706 1.1228 1.1266 1.0469 1.0853 1.1503 1.0838 0.9080 1.0029 0.9088 0.8884 0.8954
0.8274 0.8081 0.9109 0.8468 1.0340 1.1486 1.0033 1.0710 1.0758 1.1839 1.0473 1.1266 1.0000 0.9702 0.9628 0.9272
0.8764 0.8849 0.8832 0.9465 0.9449 1.0908 1.0693 1.0532 1.0380 0.9685 1.0529 1.1176 1.0158 0.9922 1.0067 0.9600
0.6108 0.7724 0.9130 0.9708 1.0000 1.0540 1.0666 1.0661 1.0387 1.0926 1.0177 1.0669 0.9940 0.9087 1.0000 0.8156
0.8504 0.7901 0.9499 0.9431 1.0607 1.1575 1.1773 0.9486 1.0806 1.1376 1.1595 1.0249 1.0294 0.9311 0.8859 0.8353
0.7600 0.7887 0.8763 0.9480 1.2241 1.0000 1.0757 1.1826 1.1055 1.0624 1.2359 0.9447 0.9285 0.9361 0.9686 0.9640
0.8341 0.9176 0.8807 0.9424 1.0837 1.0959 1.1809 1.1904 1.1834 1.1671 1.1054 0.9820 0.9710 0.8989 0.7883 0.7760
