1.2969 1.1392 1.1547 1.2057 1.0659 0.9976 1.1148 0.9037 1.1141 1.0811 0.9042 0.8514 0.9158 0.7175 0.7969 0.7419
1.0000 0.9872 0.9894 1.1489 1.1654 0.9760 0.9911 0.9874 0.8938 1.0567 1.0004 0.9351 0.9508 1.0809 0.8587 1.0000
1.2700 1.1222 1.0173 1.6120 1.0626 1.0708 1.0000 0.9206 1.0536 1.0572 1.0191 0.8648 0.9701 0.9220 0.8657 0.8438
1.1156 0.9268 1.0088 1.1368 1.0308 1.0701 1.1383 0.9569 1.0550 0.9974 0.9624 0.9280 0.8912 0.9081 0.9014 1.0017
1.5133 1.1967 1.1098 1.1047 0.9515 0.9620 1.0076 0.9941 0.8159 0.8435 0.9167 1.1029 0.8784 0.9739 1.0182 1.2143
0.9601 1.0564 0.8506 0.9829 0.8443 1.0222 1.1384 1.0044 0.8041 1.1792 0.9205 1.0763 1.0087 0.9872 0.9948 1.1590
1.3452 1.1437 1.1640 1.0812 1.0451 0.8954 0.9831 0.8430 0.8591 0.9902 0.9666 0.8566 0.9646 1.0637 1.0000 0.9953
1.0789 1.1817 0.9151 1.0654 1.0069 1.0895 1.0911 1.0886 1.1586 0.9512 0.9455 0.9350 0.8568 0.7695 0.8680 0.9610
0.7431 0.7866 0.9833 0.8534 0.8821 0.9888 0.8673 1.0936 1.0901 0.9518 1.1111 1.0337 1.1462 0.7866 1.2497 1.0531
0.8782 0.8467 0.8339 1.0468 0.9899 0.9900 1.0102 0.9647 0.9114 1.0484 0.9435 0.9957 1.1562 1.0203 1.1703 1.4063
0.6217 0.7995 0.9098 0.9047 0.9203 1.0437 1.0341 1.1367 1.0719 1.0285 0.8590 0.9840 1.0345 1.0905 0.9428 1.0360
1.1003 0.9804 1.0386 1.1234 1.0053 1.0439 1.1294 0.9723 1.0533 0.9275 0.9286 0.9987 0.9664 0.9386 0.9954 0.8182
0.9982 1.0792 1.0870 1.1413 1.0649 0.9105 0.8777 1.2487 0.8907 1.0355 1.0941 0.7986 0.8716 1.0034 0.8952 1.0992
0.9675 0.8902 0.9659 0.7790 0.8884 0.8929 0.8748 1.1216 0.9774 1.0310 1.0626 1.0335 1.1433 1.0373 1.1669 1.1291
1.3705 1.1608 1.0274 0.9944 1.1024 1.1027 1.0705 1.0825 0.9999 0.7726 0.9580 0.9436 0.9117 0.6711 0.6677 0.6993
0.8390 0.9224 1.0563 0.9017 0.8796 1.0247 1.0604 1.0035 1.0000 0.9262 1.0451 0.9173 1.0000 1.1212 1.1808 1.3578
1.0628 0.9185 1.0029 1.0000 0.9155 1.0103 1.0751 0.8840 1.0137 1.0915 1.0711 1.0195 0.9769 0.9551 1.0375 1.0979
1.2212 1.2229 0.9095 1.2357 0.8956 0.9517 1.1516 0.8974 0.8839 1.0000 1.0000 1.0386 1.0000 0.9151 1.0049 1.0182
1.3961 1.0362 1.3962 1.0765 0.8929 1.1664 1.0558 1.0164 1.1099 0.9274 0.9105 0.9680 0.8757 0.8073 0.7915 0.9578
0.9874 1.0531 1.1413 1.1242 0.9808 1.0095 1.0056 1.0095 1.0720 1.0023 0.9654 0.8719 0.8662 0.8080 0.5859 0.5401
1.3340 1.0131 1.0000 0.9897 1.1527 1.0491 0.9482 1.0289 1.0173 0.8158 0.9879 1.1618 0.9567 1.0593 1.0231 0.8805
0.5663 0.6050 0.9482 0.8934 0.8971 1.0177 1.0681 1.0283 0.9994 0.9672 1.0362 1.1618 1.1071 0.9246 0.9741 1.2996
1.1240 0.8951 0.9629 0.8198 0.9602 0.9548 0.9704 1.0584 1.0000 1.2349 0.9762 0.9585 1.0365 1.1545 0.9929 0.8999
0.9566 0.8792 0.7709 0.9267 0.8502 0.9825 0.8584 0.9065 1.1344 1.0400 1.0649 1.1424 1.1243 1.0579 0.5458 1.2254
1.4332 1.3223 1.1014 1.2388 1.1607 1.0824 1.1999 0.9853 0.9806 0.8007 0.9663 0.8900 0.9435 0.8345 0.7510 0.8938
