0.8252 0.8510 0.8983 0.9289 1.0473 1.1080 1.0796 1.2010 1.0737 1.1614 0.9763 1.0431 1.0665 1.0697 0.8520 0.8225
0.8541 0.9012 1.0110 1.0626 1.1309 1.2238 1.1994 0.9424 0.9567 0.9204 1.0933 0.9806 0.9799 0.8379 1.0186 0.7649
0.7007 0.7680 0.9927 0.9605 0.9793 1.1420 1.0389 1.1099 1.0382 1.2806 1.0089 0.8579 0.9592 0.9192 0.9568 0.5941
0.6689 0.7930 0.9039 0.9938 1.0101 1.1165 1.1644 1.0885 0.9147 1.0918 1.1704 0.9266 1.0043 0.8625 0.9254 0.5847
0.7323 0.8377 0.8751 0.9186 1.0000 1.0743 1.1397 1.0570 1.1581 1.2338 1.0485 1.0066 0.9985 1.0420 0.9758 0.8361
0.8805 0.8848 0.8821 0.9819 1.1615 1.0700 1.1693 0.9602 1.2126 1.1321 1.0664 1.0269 1.0041 0.9161 0.8441 0.8073
0.7216 0.8789 0.9402 0.9323 1.0650 0.9570 1.2124 1.2381 1.0664 0.9898 1.0859 1.0098 0.9709 0.9783 0.8531 0.8248
0.9184 0.8447 0.8902 0.9591 1.0000 1.1155 1.2352 1.0860 1.1130 1.0881 1.0496 1.1388 1.0637 0.8761 0.8349 0.7669
0.8518 0.9133 0.8830 0.8995 1.0492 1.0404 1.1297 1.0222 1.0821 1.1151 1.0478 1.0790 1.0018 1.0501 0.8935 0.7372
0.7167 0.7909 0.8880 1.0095 0.9876 1.0490 1.1066 1.1355 0.9781 1.0439 1.1845 0.8425 0.8539 0.9939 1.0201 1.0209
0.8006 0.7167 0.8145 0.8325 1.0077 1.1291 1.2010 1.0337 1.0368 1.1488 1.0086 1.0389 1.0977 1.0317 0.8668 0.8632
0.7921 0.9019 0.8888 1.0357 1.1751 1.1908 1.1889 0.9122 0.9302 1.1955 0.9844 0.9120 0.8983 1.0000 1.0000 0.6180
0.9506 0.9098 0.9214 1.0238 1.1230 1.0527 1.0913 0.9246 1.0754 0.9781 1.0254 1.0208 1.0126 0.8595 0.7954 0.9697
0.9288 0.9190 0.9417 1.0038 0.9832 1.0775 1.1466 1.1045 1.0597 0.9947 1.1229 0.9182 0.9746 1.0000 0.8262 0.7355
0.6709 0.7719 0.8464 0.8949 0.9973 1.1714 1.0918 1.0857 1.0268 1.0469 1.1122 1.1396 1.0541 0.8404 0.9356 0.8429
0.6973 0.8673 0.9630 1.0160 1.0121 1.0575 1.1001 0.9629 1.1074 0.9299 0.9935 1.0656 1.0575 0.9597 0.9027 0.7637
0.9015 0.7041 0.8439 0.8349 1.0394 1.1863 0.9752 1.1930 1.1207 1.1691 1.0529 1.0495 1.1696 0.9535 0.8499 0.9384
0.7259 0.8777 0.8604 0.8336 1.0569 0.9735 1.2476 1.0880 1.0287 1.1505 1.1263 1.0107 0.9217 0.8928 0.9392 0.9643
0.7059 1.0000 0.9574 0.8994 0.9689 1.1238 1.1363 0.9589 1.0787 1.1715 1.1029 0.8995 1.0167 0.8948 0.9048 0.8884
0.8397 0.8637 0.9646 0.8514 1.0637 1.1812 0.9924 1.0691 1.0323 1.1487 1.0161 1.1539 1.0000 0.9660 0.9895 0.8692
0.9281 0.9300 0.9230 0.9344 0.8858 1.1365 1.0514 1.0792 1.0773 0.9485 1.0757 1.1675 1.0085 1.0280 0.9859 0.7272
0.6456 0.8609 0.9720 1.0173 1.0000 1.1167 1.0691 1.0852 0.9666 1.0146 0.9760 1.0440 0.8886 0.8495 1.0000 0.6300
0.8594 0.8479 0.9948 0.9589 1.0721 1.1176 1.1843 0.9278 1.0440 1.0908 1.1254 1.0514 1.0859 0.9776 0.8693 0.7943
0.8083 0.8335 0.8814 0.9707 1.2637 1.0000 1.0873 1.1480 1.1243 1.0606 1.2300 0.8494 0.9561 0.9604 0.9554 0.8587
0.8438 0.9137 0.8706 0.9635 1.1204 1.0899 1.1648 1.1646 1.1086 1.1555 1.0820 0.9182 0.9920 0.8827 0.7408 0.7627
