0.7450 0.7995 0.8878 0.9105 1.0289 1.0982 1.0464 1.1551 1.1406 1.1592 1.0088 0.9492 1.0526 1.0230 0.8802 0.8735
0.8550 0.8600 0.9769 1.0584 1.1101 1.2604 1.1982 0.9373 0.9771 0.9066 1.0891 0.9917 0.9469 0.8493 1.0124 0.7789
0.6525 0.7266 0.8976 0.9187 0.9679 1.0887 1.0988 1.0629 1.0498 1.2156 1.0090 0.9735 0.9089 0.9381 0.9443 0.7441
0.6637 0.7405 0.8703 0.9749 0.9836 1.0827 1.0961 1.0274 0.9710 1.1319 1.1151 0.9825 1.0357 0.8981 0.9488 0.7476
0.7619 0.8024 0.8316 0.9121 1.0000 1.0551 1.0902 1.0545 1.1171 1.2096 1.0081 1.0227 0.9513 1.0557 0.9682 0.8678
0.8556 0.8923 0.8903 0.9530 1.1476 1.0972 1.1740 1.0772 1.1336 1.0817 1.0491 1.0025 0.9896 0.9223 0.8650 0.8697
0.7313 0.8285 0.8869 0.9501 1.0420 1.0443 1.1338 1.1396 1.0932 1.0538 1.0831 1.0477 0.9774 0.9053 0.8416 0.9737
0.9035 0.8258 0.8781 0.9509 1.0000 1.0864 1.2107 1.0888 1.0841 1.0327 1.1257 1.0688 1.0205 0.9368 0.8582 0.9325
0.8116 0.8792 0.8724 0.8978 1.0350 1.0253 1.1510 1.0346 1.0794 1.1005 1.0463 1.0528 0.9861 1.0265 0.8931 0.8458
0.6724 0.7648 0.8731 0.9904 1.0213 1.0328 1.0607 1.1099 0.9558 1.0052 1.1350 0.9361 0.9070 0.9786 1.0076 1.0363
0.7252 0.6725 0.7610 0.8146 0.9494 1.0322 1.1277 1.0215 0.9920 1.0383 0.9942 0.9560 1.0357 0.9994 0.8928 1.0039
0.7428 0.8472 0.8982 0.9926 1.1760 1.1339 1.1336 0.8662 1.0284 1.2122 1.0942 0.9855 0.9569 1.0000 1.0000 0.7107
0.9492 0.8982 0.9442 0.9972 1.1671 1.1087 1.1489 0.9990 1.1079 1.0154 1.0901 1.0185 1.0019 0.8370 0.8368 0.9850
0.9194 0.9172 0.9807 1.0185 0.9965 1.1186 1.1674 1.1239 1.0719 1.0362 1.1317 0.9382 0.9522 1.0000 0.8299 0.8057
0.6543 0.7438 0.8571 0.9015 1.0084 1.1965 1.0949 1.0760 1.0278 1.0276 1.0743 1.1004 0.9861 0.8698 0.9091 0.8640
0.7094 0.8045 0.9129 0.9803 0.9703 1.0379 1.0814 1.0463 1.0668 0.9926 1.0076 1.0741 1.0075 0.9796 0.9486 0.8925
0.8675 0.7580 0.8688 0.8879 1.0410 1.1974 0.9743 1.1537 1.1169 1.1544 1.0454 1.0442 1.1072 0.9411 0.8938 0.9450
0.6737 0.7832 0.7945 0.8327 0.9959 0.9969 1.1132 1.0014 0.9931 1.1078 1.0876 1.0451 1.0041 1.0140 0.9292 0.9279
0.6954 1.0000 0.8948 0.9334 0.9896 1.1240 1.1266 1.0338 1.0677 1.1459 1.0840 0.9050 0.9878 0.8973 0.8955 0.9181
0.8207 0.8085 0.9434 0.8606 1.0409 1.1311 0.9965 1.0558 1.0676 1.1468 1.0150 1.1187 1.0000 0.9689 1.0081 0.9563
0.8820 0.9088 0.9094 0.9611 0.9386 1.0747 1.0393 1.0396 1.0114 0.9242 1.0299 1.1399 1.0135 1.0223 1.0285 0.9822
0.6350 0.7777 0.9180 0.9945 1.0000 1.0353 1.0437 1.0370 1.0161 1.0845 1.0114 1.0766 1.0147 0.9305 1.0000 0.8489
0.8561 0.7923 0.9796 0.9555 1.0621 1.1408 1.1455 0.9408 1.0579 1.1226 1.1484 1.0394 1.0445 0.9289 0.8933 0.8465
0.7740 0.7917 0.8941 0.9555 1.2104 1.0000 1.0710 1.1812 1.0747 1.0379 1.2212 0.9296 0.9320 0.9333 1.0073 0.9880
0.8283 0.9294 0.8883 0.9745 1.1038 1.1209 1.1828 1.1720 1.1551 1.1318 1.0707 0.9591 0.9657 0.9128 0.7974 0.8161
