0.7247 0.7662 0.8476 0.8761 1.0125 1.1016 1.0537 1.1711 1.1693 1.1863 1.0269 1.0203 1.0246 1.0289 0.8605 0.8786
0.8237 0.8322 0.9447 1.0356 1.0856 1.2431 1.2205 0.9784 1.0313 0.9714 1.0973 0.9949 0.9275 0.8602 0.9877 0.7719
0.6467 0.7026 0.8946 0.9069 0.9553 1.0785 1.1235 1.0852 1.0784 1.2438 1.0157 0.9672 0.9111 0.9120 0.8981 0.7319
0.6450 0.7275 0.8375 0.9456 0.9737 1.0646 1.1093 1.0441 1.0018 1.1686 1.1343 0.9757 1.0358 0.9010 0.9241 0.7781
0.6900 0.7591 0.7801 0.8761 1.0000 0.9836 1.0655 1.0539 1.1735 1.2466 1.0604 1.0349 0.9785 1.0626 0.9534 0.8717
0.8083 0.8319 0.8631 0.9412 1.1280 1.0916 1.1806 1.1157 1.1910 1.1177 1.0589 1.0325 0.9732 0.9355 0.8635 0.8743
0.7346 0.7942 0.8529 0.9208 1.0256 1.0270 1.1757 1.1563 1.1089 1.0886 1.1009 1.0548 0.9908 0.9241 0.8300 0.9497
0.8683 0.7922 0.8571 0.9302 1.0000 1.0940 1.2038 1.1234 1.1212 1.0789 1.1508 1.0787 1.0232 0.9233 0.8488 0.9134
0.8060 0.8656 0.8498 0.8621 1.0000 1.0204 1.1170 1.0366 1.1127 1.1339 1.0490 1.1141 0.9778 1.0347 0.9065 0.8631
0.6926 0.7423 0.8457 0.9524 0.9830 1.0222 1.0494 1.1085 1.0125 1.0438 1.1708 0.9740 0.9062 0.9904 0.9922 1.0038
0.7108 0.6565 0.7363 0.8064 0.9531 1.0405 1.1255 1.0303 1.0428 1.0778 1.0258 0.9633 1.0188 0.9793 0.8641 0.9318
0.7314 0.8280 0.9141 0.9742 1.1566 1.1242 1.1274 0.8950 1.0533 1.2346 1.0962 0.9770 0.9520 1.0000 1.0000 0.7227
0.9065 0.8683 0.8948 1.0093 1.1359 1.1091 1.1786 1.0216 1.1365 1.0708 1.0751 1.0304 0.9990 0.8465 0.8420 0.9537
0.8960 0.8857 0.9461 0.9968 0.9987 1.0962 1.1609 1.1407 1.1039 1.0719 1.1809 0.9485 0.9466 1.0000 0.8244 0.8046
0.6807 0.7236 0.8145 0.8816 0.9647 1.1532 1.0888 1.0694 1.0667 1.0969 1.1398 1.1539 1.0179 0.8675 0.8763 0.8062
0.6867 0.8140 0.9228 1.0072 0.9793 1.0296 1.0687 1.0508 1.0869 1.0036 1.0109 1.0712 0.9933 0.9698 0.9269 0.8729
0.8663 0.7766 0.8708 0.8821 1.0255 1.1506 0.9796 1.1748 1.1617 1.1947 1.0666 1.0265 1.1030 0.9284 0.8891 0.9040
0.6949 0.7587 0.7881 0.8111 1.0121 1.0152 1.1050 0.9951 0.9914 1.1097 1.0911 1.0720 1.0260 1.0343 0.8914 0.9043
0.6829 1.0000 0.8808 0.9207 0.9645 1.1236 1.1177 1.0715 1.0727 1.1682 1.0889 0.9175 0.9904 0.9024 0.8803 0.8960
0.8302 0.8102 0.9093 0.8456 1.0301 1.1367 1.0036 1.0737 1.0904 1.2132 1.0604 1.1111 1.0000 0.9680 0.9480 0.9167
0.8589 0.8718 0.8784 0.9636 0.9461 1.0894 1.0886 1.0565 1.0543 0.9758 1.0598 1.1189 1.0149 0.9733 0.9928 0.9422
0.6273 0.7685 0.8931 0.9588 1.0000 1.0702 1.0630 1.0865 1.0466 1.0916 1.0387 1.0589 0.9950 0.8997 1.0000 0.7917
0.8577 0.7894 0.9382 0.9402 1.0650 1.1602 1.1784 0.9820 1.0814 1.1366 1.1622 1.0168 1.0120 0.9289 0.8923 0.8196
0.7511 0.7842 0.8637 0.9445 1.2058 1.0000 1.0995 1.1949 1.1138 1.0769 1.2400 0.9496 0.9472 0.9222 0.9511 0.9518
0.8186 0.9192 0.8882 0.9547 1.0737 1.0970 1.1702 1.1799 1.2005 1.1963 1.1106 0.9872 0.9491 0.9072 0.7702 0.7667
