1.3473 1.2051 1.0795 1.0965 1.0035 0.9422 1.0587 0.9022 1.0878 1.1150 0.8660 0.8250 0.9400 0.8137 0.7957 0.9134
1.0000 1.0903 1.2852 1.2535 1.1379 1.0181 1.0850 0.9664 0.8725 0.9158 0.8786 0.8764 0.8800 0.9218 0.8329 1.0000
1.0327 0.8984 0.9159 1.1936 0.8521 0.9437 1.0000 0.9295 0.9914 1.0655 0.9577 0.9366 1.0566 1.1418 1.0832 1.2248
1.2616 1.1718 1.1580 1.1362 1.0059 1.0670 1.1089 0.9027 0.9912 0.9009 0.9137 0.9460 0.8177 0.9383 0.7959 0.9672
1.2678 1.0011 0.9228 1.0092 0.9204 0.9656 0.9884 0.9166 0.9738 1.0445 0.9817 1.0885 0.8935 1.0968 1.0701 1.3246
1.1962 1.0900 0.9966 1.1147 0.9702 1.0983 1.0528 0.9646 0.9167 1.0268 0.9810 0.8791 0.8797 0.8528 1.0125 0.9777
1.1565 1.1031 1.0372 0.9869 0.9402 0.9587 1.0131 0.9823 0.9003 1.0223 0.9720 0.8529 0.9837 1.0919 1.0000 1.0312
1.3255 1.2203 1.1485 1.0873 1.1102 1.0981 1.0271 0.9975 1.1005 0.9211 0.9048 0.8335 0.8152 0.7865 0.7855 0.8336
0.6638 0.7208 0.9002 0.7448 0.9442 0.9559 0.8283 1.0326 1.0340 0.9089 1.0646 1.0075 1.2092 1.0065 1.2662 1.2502
1.1395 0.9792 0.9747 1.0976 1.0100 0.9633 0.9327 1.1163 0.8677 0.8804 0.9371 0.9011 1.0272 0.9915 1.1145 1.1011
0.6707 0.6962 0.8767 0.8197 0.9493 0.9820 0.9036 1.0393 0.9875 0.9773 1.0731 0.9259 1.2341 1.0870 0.9767 1.2453
1.2495 1.1432 1.1653 1.2000 1.0857 1.0955 1.1245 0.9633 1.0055 0.8916 0.8407 0.8885 0.8632 0.8150 0.8566 0.8057
1.0118 0.8854 0.8507 0.9628 0.9018 0.8951 0.7954 0.9519 0.9415 1.0305 1.1224 0.9981 1.1361 1.2148 1.1612 1.5722
1.1848 1.0797 1.0025 0.9697 0.8543 1.0062 1.0215 1.0479 0.9657 0.9071 0.9689 0.8971 1.0096 0.9084 1.0430 1.0994
1.2251 1.1610 0.9413 0.9220 1.0662 1.0567 1.0154 1.0608 0.9917 0.9112 0.9386 0.9584 0.9529 0.7784 0.7705 0.9241
1.0112 0.9647 1.0708 0.9049 0.9795 1.0711 0.9803 0.9888 1.0000 0.9325 0.9477 1.0051 1.0000 1.0089 1.0333 1.1873
0.9367 0.9182 0.9142 1.0000 0.9745 0.9197 1.0323 1.0709 0.9829 1.0132 1.0523 0.9947 1.0803 1.1061 1.2961 1.3181
1.4680 1.3316 1.0375 1.2537 0.9744 1.0060 1.1590 0.9693 0.9181 1.0000 1.0000 0.8970 1.0000 0.8291 0.8939 0.8931
1.4801 1.0313 1.2203 0.9250 0.7928 1.1186 1.0219 0.9816 1.0707 1.0336 0.8889 0.9970 0.8843 0.8912 0.9662 1.1388
1.1704 1.1100 1.1674 1.1987 0.9868 1.0427 0.9605 0.9418 0.9970 1.0358 0.9121 0.7956 0.8009 0.7534 0.5248 0.5253
1.2367 0.9283 1.0000 0.9282 1.1106 1.0454 0.9181 1.0087 0.9988 1.0188 0.9494 1.0787 0.9223 1.0906 1.0035 1.0465
0.6028 0.7424 0.9956 0.9959 1.0959 1.0081 0.9916 0.9458 0.9073 1.0793 0.9543 0.9987 1.0535 0.9837 0.9876 1.2077
1.0427 0.8506 0.8884 0.9636 0.8248 0.9236 0.8697 0.9186 1.0000 1.1327 0.9405 0.9380 1.1667 1.2813 1.3082 1.5954
1.0546 1.0539 0.8879 1.0402 0.8773 0.9830 0.9327 1.0014 1.1353 0.9042 1.0197 1.0261 0.9360 1.0344 0.5458 1.0670
1.2447 1.0620 0.9736 1.0252 1.0213 1.0285 1.0812 0.9952 1.0398 0.8860 1.0452 0.9191 1.0146 0.9309 0.9549 1.0178
