1.2664 1.1549 1.1193 1.1574 1.0712 1.0121 1.0771 0.9014 1.1115 1.0982 0.9161 0.8354 0.9476 0.7571 0.7931 0.7571
1.0000 1.0213 1.0297 1.2186 1.1461 0.9685 0.9865 1.0060 0.9124 1.0149 0.9716 0.9272 0.9327 1.0420 0.8216 1.0000
1.2269 1.1313 0.9699 1.5482 1.0337 1.0714 1.0000 0.9072 1.0188 1.0518 1.0063 0.8728 0.9965 0.9482 0.9080 0.9415
1.1502 0.9855 1.0322 1.1491 0.9911 1.0658 1.1123 0.9733 1.0577 0.9923 0.9665 0.9334 0.9211 0.8774 0.8742 0.9670
1.5654 1.1586 1.0700 1.0650 0.9555 0.9397 1.0097 0.9517 0.7784 0.8734 1.0084 1.1409 0.9358 0.9928 1.0823 1.2714
1.0204 1.0963 0.9206 0.9875 0.9428 1.0360 1.1390 0.9948 0.8255 1.1363 0.9211 1.0122 0.9892 0.9415 0.9551 1.1230
1.2856 1.1497 1.1380 1.0528 1.0060 0.9143 0.9530 0.8675 0.8664 1.0245 0.9870 0.8761 0.9592 1.0511 1.0000 1.0291
1.1141 1.2051 0.9471 1.0685 1.0382 1.1082 1.0987 1.0503 1.1445 0.9295 0.9251 0.9191 0.8655 0.7862 0.8351 0.9563
0.7463 0.7629 0.9863 0.8292 0.8919 0.9767 0.8512 1.0781 1.0705 0.9569 1.1089 1.0466 1.2042 0.8151 1.2523 1.0536
0.8801 0.8187 0.8046 1.0291 0.9915 1.0257 1.0120 0.9418 0.9198 1.0444 0.9545 1.0118 1.1416 1.0722 1.1737 1.3547
0.6123 0.7722 0.8786 0.8439 0.9014 0.9984 0.9966 1.1186 1.0877 1.0207 0.9187 1.0057 1.0449 1.1452 0.9854 1.0789
1.1586 1.0062 1.0659 1.1200 1.0439 1.0750 1.1469 0.9774 1.0420 0.9359 0.8969 0.9511 0.9141 0.9105 0.9622 0.7912
0.9971 1.0371 1.0604 1.1318 1.0336 0.8915 0.8305 1.2144 0.8870 0.9994 1.0556 0.8468 0.9065 1.0774 0.9752 1.1993
1.0068 0.9315 0.9991 0.7945 0.9190 0.9208 0.8880 1.1067 0.9927 1.0075 1.0227 1.0002 1.0974 1.0380 1.1536 1.1089
1.3330 1.1490 1.0144 1.0134 1.0851 1.1177 1.0774 1.0976 0.9867 0.7853 0.9318 0.9494 0.9232 0.6975 0.6946 0.6894
0.8799 0.9694 1.0532 0.9015 0.8814 1.0242 1.0320 1.0086 1.0000 0.9474 1.0150 0.8974 1.0000 1.1038 1.1767 1.3277
1.0312 0.9168 1.0043 1.0000 0.9379 0.9707 1.0677 0.8632 1.0083 1.0817 1.0656 1.0202 1.0430 0.9783 1.1077 1.2002
1.2856 1.2187 0.8938 1.1904 0.9187 1.0260 1.1472 0.9093 0.8779 1.0000 1.0000 1.0133 1.0000 0.9073 1.0149 1.0197
1.4003 1.0256 1.3480 1.0291 0.8597 1.1569 1.0495 1.0157 1.1058 0.9213 0.9254 0.9936 0.8652 0.8263 0.8105 1.0111
1.0564 1.0601 1.1251 1.1595 1.0246 1.0603 0.9505 0.9783 1.0286 1.1933 0.9531 0.8404 0.8164 0.7819 0.5627 0.5262
1.3958 1.0195 1.0000 0.9955 1.1234 1.1132 0.9729 1.0069 1.0040 0.8002 0.9861 1.1297 0.9326 1.0586 1.0182 0.8753
0.5508 0.6133 0.9763 0.8860 0.9260 1.0043 1.0382 1.0320 0.9969 1.0070 1.0034 1.1440 1.1141 0.9467 0.9447 1.2821
1.0883 0.8832 0.9597 0.8569 0.9058 0.9270 0.9531 1.0228 1.0000 1.2105 0.9968 0.9585 1.0763 1.1521 1.0436 0.9452
0.9805 0.9072 0.7891 0.9691 0.8460 0.9796 0.8949 0.8883 1.1389 1.0054 1.0932 1.1131 1.0901 1.0614 0.5458 1.1968
1.5202 1.2851 1.1442 1.2400 1.1724 1.1415 1.1976 1.0364 1.0145 0.8622 1.0015 0.8184 0.8950 0.7699 0.7197 0.7681
