1.3416 1.1996 1.0472 1.0979 0.9996 0.9599 1.0895 0.9184 1.1126 1.1105 0.8547 0.8053 0.9283 0.8292 0.7929 0.9114
1.0000 1.0705 1.2981 1.2686 1.1355 1.0220 1.0877 0.9687 0.8871 0.9206 0.8592 0.8611 0.8708 0.9105 0.8442 1.0000
1.0427 0.9243 0.9120 1.2094 0.8551 0.9569 1.0000 0.9700 0.9647 1.0412 0.9669 0.9355 1.0409 1.1349 1.0603 1.2299
1.2789 1.1906 1.1490 1.1265 1.0239 1.0693 1.1012 0.9023 0.9917 0.9024 0.8944 0.9604 0.8111 0.9268 0.7850 0.9661
1.2759 0.9967 0.9045 1.0019 0.9288 0.9779 0.9902 0.8899 0.9482 1.0542 0.9908 1.0815 0.8830 1.1269 1.0815 1.3438
1.2009 1.0917 1.0016 1.1137 0.9672 1.0873 1.0518 0.9659 0.9156 1.0204 0.9901 0.8671 0.8826 0.8477 1.0273 0.9666
1.1935 1.1049 1.0691 0.9815 0.9354 0.9604 1.0055 0.9725 0.8949 1.0449 0.9536 0.8572 0.9815 1.0852 1.0000 1.0300
1.3579 1.2368 1.1528 1.0874 1.0967 1.0886 1.0389 0.9971 1.1016 0.9000 0.9141 0.8375 0.8074 0.7712 0.7827 0.8251
0.6687 0.7196 0.8984 0.7547 0.9470 0.9612 0.8314 1.0475 1.0427 0.9134 1.0584 0.9897 1.1971 1.0047 1.2301 1.1870
1.1267 0.9662 0.9780 1.0806 0.9983 0.9672 0.9417 1.1630 0.8783 0.9043 0.9343 0.8955 1.0232 0.9965 1.1024 1.0959
0.6693 0.7229 0.8935 0.8180 0.9628 0.9721 0.9032 1.0392 1.0185 0.9604 1.0834 0.9280 1.2399 1.0770 0.9547 1.2231
1.2544 1.1549 1.1873 1.1734 1.1041 1.1133 1.1125 0.9763 1.0029 0.8935 0.8353 0.8825 0.8584 0.8019 0.8488 0.8061
1.0188 0.8731 0.8278 0.9327 0.8873 0.8894 0.7791 1.0427 0.9195 1.1124 1.1462 0.9985 1.1158 1.1929 1.1351 1.5397
1.1867 1.0688 1.0813 1.0108 0.8743 1.0093 1.0232 1.0374 0.9534 0.8940 0.9582 0.8929 0.9825 0.8974 1.0351 1.0708
1.1884 1.1747 0.9292 0.9200 1.0373 1.0648 1.0049 1.0476 1.0032 0.9125 0.9635 0.9652 0.9579 0.7785 0.7730 0.9322
0.9893 0.9486 1.0617 0.9110 0.9934 1.0594 0.9675 0.9921 1.0000 0.9134 0.9407 1.0783 1.0000 1.0131 1.0155 1.1618
0.9500 0.9343 0.9405 1.0000 0.9854 0.9298 1.0164 1.0813 0.9897 1.0159 1.0482 0.9709 1.0523 1.0921 1.2781 1.2818
1.4824 1.3496 1.0423 1.2500 0.9820 0.9988 1.1332 0.9555 0.9149 1.0000 1.0000 0.9005 1.0000 0.8427 0.9070 0.9074
1.4609 1.0296 1.2239 0.9233 0.7914 1.1093 1.0031 0.9715 1.0585 1.0121 0.9099 1.0260 0.8941 0.8901 0.9814 1.1491
1.1593 1.1081 1.1750 1.1906 0.9872 1.0298 0.9641 0.9306 1.0029 1.0291 0.9109 0.8025 0.8103 0.7693 0.5278 0.5150
1.3033 0.9505 1.0000 0.9517 1.1401 1.0548 0.9306 1.0198 0.9675 1.0062 0.9204 1.0576 0.9033 1.0703 0.9775 1.0555
0.6575 0.7321 0.9999 0.9833 1.0925 1.0111 1.0002 0.9618 0.9199 1.0790 0.9655 0.9774 1.0267 0.9888 0.9998 1.2353
1.0700 0.8819 0.9141 0.9648 0.8541 0.9228 0.8531 0.9041 1.0000 1.1281 0.9174 0.9204 1.1254 1.2522 1.3091 1.6250
1.0410 1.0511 0.8847 1.0414 0.8915 0.9891 0.9478 0.9954 1.1249 0.9068 1.0079 1.0139 0.9516 1.0390 0.5458 1.0762
1.2207 1.0523 0.9408 1.0058 1.0286 1.0174 1.0502 1.0224 1.0103 0.8723 1.0283 0.9299 1.0249 0.9220 0.9607 1.0469
