1.2686 1.1651 1.1054 1.1145 1.0409 1.0009 1.0836 0.9017 1.1213 1.1108 0.9011 0.8444 0.9614 0.7787 0.7747 0.8311
1.0000 1.0631 1.1120 1.2842 1.1168 0.9971 1.0279 0.9609 0.8795 0.9819 0.9300 0.9027 0.9037 0.9956 0.8511 1.0000
1.1345 1.0054 0.9442 1.4235 0.9307 1.0232 1.0000 0.9482 1.0058 1.0596 1.0265 0.9353 1.0303 0.9715 0.9971 1.0093
1.2504 1.0877 1.0829 1.1421 1.0220 1.0573 1.0951 0.9442 1.0076 0.9256 0.9242 0.9497 0.8658 0.9116 0.8478 0.9676
1.4142 1.0923 0.9922 1.0858 0.9460 0.9583 1.0094 0.9496 0.8021 0.8924 1.0072 1.0698 0.8872 1.0774 1.0759 1.2918
1.0840 1.0521 0.9444 1.0423 0.9342 1.0815 1.1081 1.0068 0.8351 1.1216 0.8950 0.9576 0.9393 0.9135 0.9895 1.0955
1.2598 1.1148 1.0901 1.0049 0.9862 0.9289 1.0174 0.9400 0.9083 1.0200 0.9730 0.8553 0.9647 1.0338 1.0000 1.0221
1.2151 1.2329 1.0080 1.0834 1.0606 1.0884 1.0828 1.0373 1.1062 0.9449 0.9303 0.8874 0.8295 0.7882 0.8010 0.9035
0.6910 0.7593 0.9432 0.7789 0.9176 0.9496 0.8567 1.0771 1.0511 0.9539 1.1141 1.0252 1.2089 0.8891 1.2641 1.0797
0.9906 0.9191 0.8750 1.0718 0.9720 1.0041 0.9702 0.9725 0.8706 0.9744 0.9215 0.9679 1.1232 1.0620 1.1486 1.3069
0.6324 0.7623 0.8500 0.8554 0.9287 0.9866 0.9371 1.1077 1.0467 0.9919 0.9749 0.9694 1.1451 1.1521 0.9686 1.1210
1.2036 1.0873 1.0875 1.1653 1.0539 1.0892 1.1566 0.9603 1.0156 0.8935 0.8856 0.9207 0.8755 0.8738 0.9264 0.8017
0.9757 0.9867 0.9637 1.0719 0.9782 0.8574 0.7820 1.1127 0.9257 0.9805 1.1498 0.8960 1.0201 1.1383 1.0759 1.3882
1.0731 0.9917 1.0334 0.8140 0.9037 0.9663 0.9404 1.0510 0.9753 0.9644 1.0100 0.9704 1.0879 0.9722 1.1034 1.1255
1.3192 1.1483 0.9781 0.9706 1.0616 1.0754 1.0756 1.0645 0.9996 0.8196 0.9526 0.9457 0.9346 0.7504 0.7275 0.8031
0.9579 0.9250 1.0558 0.9277 0.9346 1.0599 1.0121 0.9876 1.0000 0.9259 1.0093 0.9083 1.0000 1.0682 1.1055 1.2617
0.9797 0.9286 0.9778 1.0000 0.9478 0.9734 1.0369 0.9481 1.0016 1.0636 1.0429 1.0298 1.0375 1.0228 1.1391 1.2962
1.3539 1.3258 0.9476 1.2564 0.9505 0.9919 1.1229 0.9197 0.8944 1.0000 1.0000 0.9394 1.0000 0.8705 0.9545 1.0062
1.3979 1.0188 1.3113 0.9848 0.8577 1.1135 1.0185 1.0083 1.0918 0.9853 0.9430 0.9583 0.8721 0.8634 0.9162 1.0575
1.1260 1.1081 1.1457 1.1946 0.9926 1.0258 0.9450 0.9796 1.0158 1.0022 0.9222 0.8379 0.7889 0.7493 0.5510 0.5260
1.3428 0.9638 1.0000 0.9133 1.1301 1.0791 0.9524 1.0118 0.9905 0.8686 0.9740 1.1326 0.9501 1.0823 1.0246 0.9713
0.5462 0.6847 0.9892 0.9277 0.9323 1.0252 1.0363 0.9976 0.9810 1.0350 0.9875 1.1006 1.0907 0.9553 0.9507 1.2877
1.0604 0.8610 0.9303 0.8817 0.8712 0.9410 0.9308 0.9999 1.0000 1.1793 0.9466 0.9624 1.0645 1.2135 1.1918 1.1331
1.0003 0.9622 0.8113 0.9933 0.8457 0.9993 0.9025 0.9269 1.1321 0.9685 1.0523 1.1075 1.0556 1.0367 0.5458 1.1395
1.4439 1.1064 1.0792 1.1899 1.1082 1.1323 1.1586 1.0034 0.9637 0.8212 0.9757 0.8694 0.9606 0.8400 0.7822 0.8876
