1.3390 1.1713 1.0494 1.0910 0.9970 0.9471 1.0771 0.9075 1.1138 1.1385 0.8360 0.8339 0.9310 0.8267 0.7998 0.9273
1.0000 1.0699 1.2943 1.2784 1.1603 1.0130 1.1101 0.9633 0.8828 0.9122 0.8668 0.8582 0.8788 0.9055 0.8186 1.0000
1.0134 0.8826 0.9224 1.1753 0.8383 0.9460 1.0000 0.9510 0.9675 1.0587 0.9593 0.9601 1.0422 1.1850 1.0933 1.2768
1.3310 1.1932 1.1552 1.1448 1.0028 1.0617 1.0861 0.8992 0.9613 0.8857 0.9127 0.9421 0.8056 0.9226 0.8033 0.9784
1.2284 0.9526 0.8900 1.0117 0.9597 0.9924 0.9818 0.8871 1.0015 1.0705 1.0009 1.0909 0.8977 1.1074 1.0611 1.3195
1.1996 1.0685 1.0047 1.1087 0.9764 1.0803 1.0602 0.9685 0.9259 1.0254 1.0211 0.8646 0.8922 0.8390 0.9936 0.9606
1.1887 1.1077 1.0311 0.9805 0.9428 0.9655 1.0245 0.9644 0.9121 1.0610 0.9711 0.8516 0.9626 1.0602 1.0000 1.0367
1.3595 1.2198 1.1516 1.0866 1.0876 1.0950 1.0646 1.0090 1.1031 0.9136 0.9020 0.8466 0.8148 0.7835 0.7545 0.8321
0.6726 0.7266 0.8774 0.7549 0.9603 0.9730 0.8248 1.0304 1.0536 0.9109 1.0750 0.9856 1.2075 1.0038 1.2144 1.2000
1.1536 1.0142 0.9872 1.1131 1.0098 0.9672 0.9622 1.1704 0.8631 0.8804 0.9172 0.8866 0.9800 0.9841 1.0801 1.0903
0.6564 0.7313 0.8643 0.7802 0.9417 0.9505 0.8956 1.0612 1.0103 0.9544 1.0749 0.9282 1.2483 1.0953 0.9584 1.3186
1.2740 1.1374 1.1717 1.2066 1.0825 1.1208 1.1349 0.9730 0.9885 0.8896 0.8437 0.8797 0.8592 0.8012 0.8371 0.8009
1.0211 0.8447 0.8115 0.9061 0.8585 0.8962 0.8061 1.0076 0.9409 1.1210 1.2021 1.0109 1.1131 1.1953 1.1434 1.5244
1.2033 1.0762 1.1129 1.0219 0.8535 0.9970 1.0302 1.0397 0.9614 0.8841 0.9374 0.8898 0.9791 0.8782 1.0046 1.0977
1.2051 1.1567 0.9235 0.9154 1.0391 1.0291 0.9751 1.0669 1.0043 0.9424 0.9711 0.9677 0.9493 0.7936 0.7697 0.9355
1.0307 0.9648 1.0543 0.9102 0.9986 1.0467 0.9703 0.9734 1.0000 0.9017 0.9362 1.0729 1.0000 1.0061 1.0178 1.1959
0.9408 0.9514 0.9356 1.0000 0.9844 0.9415 1.0208 1.0690 0.9877 1.0039 1.0407 0.9900 1.0489 1.0789 1.2616 1.2878
1.5014 1.3665 1.0654 1.2734 0.9803 0.9968 1.1055 0.9513 0.8823 1.0000 1.0000 0.8942 1.0000 0.8267 0.8999 0.9359
1.5320 1.0234 1.1959 0.9050 0.7989 1.1037 0.9846 0.9632 1.0719 1.0296 0.9058 1.0108 0.9229 0.8808 0.9960 1.1506
1.2028 1.1244 1.1588 1.2243 0.9916 1.0327 0.9451 0.9159 0.9777 1.0450 0.9006 0.8087 0.7968 0.7588 0.5265 0.5243
1.2010 0.8735 1.0000 0.9100 1.0523 1.0236 0.9298 1.0086 1.0021 1.0499 0.9401 1.0762 0.9115 1.0892 1.0178 1.1014
0.7469 0.7449 0.9900 0.9820 1.1086 0.9982 0.9554 0.9478 0.9290 1.0797 0.9682 0.9870 1.0351 1.0065 1.0016 1.1945
1.0364 0.8719 0.8813 0.9724 0.8517 0.9142 0.8504 0.9169 1.0000 1.1521 0.9318 0.9450 1.1634 1.2716 1.3584 1.6806
1.0375 1.0741 0.9038 1.0325 0.8864 0.9836 0.9537 1.0001 1.0754 0.9147 1.0095 1.0399 0.9361 1.0393 0.5458 1.0699
1.1816 0.9401 0.9099 0.9597 0.9916 0.9923 1.0681 0.9753 0.9857 0.8822 1.0372 0.9706 1.0726 0.9576 1.0331 1.1530
