1.3067 1.2232 1.2607 1.2692 1.1046 1.0421 1.1194 0.9193 1.0811 1.0896 0.9291 0.8273 0.8504 0.7040 0.6900 0.6345
1.0000 0.8719 0.9103 1.0191 1.0721 0.9602 0.9959 1.0122 0.9074 1.1126 1.0845 0.9939 1.0268 1.1293 0.8799 1.0000
1.3464 1.2503 1.3433 1.9220 1.1237 1.1644 1.0000 0.9086 1.0527 1.0104 0.8789 0.7763 0.8521 0.9342 0.7274 0.7817
1.0142 0.7885 0.9207 1.0813 0.9697 1.0085 1.0940 1.0025 1.0939 1.0788 0.9961 0.9584 0.9802 0.9096 0.9645 1.1405
1.5485 1.2241 1.1058 1.1270 0.8958 0.9410 1.0186 0.9917 0.8068 0.9268 1.2188 1.0229 0.9217 0.9058 1.0155 1.2210
0.8202 0.9032 0.7150 0.8622 0.8569 0.9533 1.1375 0.9926 0.8377 1.2076 0.9198 1.1874 1.0750 1.0538 1.1268 1.3271
1.5064 1.2336 1.2050 1.1635 1.1587 0.9645 0.9628 0.8379 0.8688 0.9440 0.9042 0.8690 0.8941 1.0300 1.0000 0.8427
0.9683 1.1324 0.8483 0.9816 0.9105 1.0491 1.1061 1.1253 1.1356 0.9775 1.0229 1.0116 0.8951 0.8160 0.9364 1.0483
0.8372 0.8377 1.1095 0.9604 0.9010 1.0618 0.9054 1.1602 1.1280 0.9757 1.1435 1.0272 1.0540 0.8071 1.1245 1.1009
0.8663 0.7714 0.8740 0.8972 0.9260 0.9812 0.9068 0.9277 0.9231 1.1083 0.9379 1.0663 1.2469 1.1081 1.2699 1.7508
0.6044 0.9002 0.9270 0.9080 0.9124 1.0333 1.0565 1.1902 1.0778 1.0211 0.8513 0.9761 0.9979 1.0363 0.8657 1.1613
0.9931 0.8895 0.9462 1.0138 0.9403 1.0540 1.1327 0.9677 1.0353 1.0210 0.9876 1.0529 1.0094 1.0601 1.0938 0.8119
1.0605 1.1578 1.0869 1.2564 1.1140 1.0038 0.9790 1.3766 0.8822 1.0767 1.0478 0.7713 0.7423 0.7597 0.7291 0.8657
0.9793 0.8014 1.0193 0.7884 0.8540 0.8656 0.8194 1.0449 0.9880 1.0393 1.0871 1.0387 1.1279 1.1019 1.2295 1.1440
1.4658 1.2379 1.0491 1.1192 1.0974 1.0885 1.1597 1.1113 0.9419 0.7138 0.9252 0.8907 0.7259 0.6413 0.6338 0.6507
0.7300 0.9825 0.8964 0.8227 0.8504 0.9367 1.0698 0.9878 1.0000 0.9665 1.0762 1.0079 1.0000 1.2379 1.3390 1.4183
1.1064 0.8789 1.1104 1.0000 0.9190 0.9786 1.0105 0.8756 0.9945 1.0949 1.0312 1.0280 0.9428 0.9808 1.0324 1.0139
1.0372 0.9812 0.7706 1.0749 0.8224 0.9009 1.1398 0.9042 0.8765 1.0000 1.0000 1.1522 1.0000 1.0284 1.1585 1.2164
1.4279 1.1304 1.6076 1.2365 0.9946 1.2119 1.0918 1.0606 1.0850 0.8692 0.8807 0.8519 0.7754 0.7348 0.7514 0.7946
0.8782 0.9213 1.0414 1.0341 0.9723 1.0370 0.9888 1.0793 1.1465 1.1999 1.0255 0.9870 0.8924 0.8562 0.6403 0.5998
1.5563 1.2323 1.0000 1.1931 1.2835 1.2014 1.0923 1.0443 0.9586 0.7956 0.9092 1.0469 0.8089 0.9226 0.8185 0.7498
0.6102 0.5568 0.8061 0.7252 0.8034 0.9325 0.9777 1.0386 1.0539 0.9349 1.0814 1.3415 1.2669 1.0035 1.0488 1.4068
1.1426 0.9529 1.0481 0.8479 0.9909 1.0383 1.0798 1.1460 1.0000 1.4383 0.9990 0.9017 0.8677 0.8464 0.7485 0.7516
0.8035 0.7498 0.7087 0.8402 0.8342 0.9187 0.8109 0.9197 1.1586 1.0914 1.1093 1.1716 1.2797 1.1881 0.5458 1.3857
1.5606 1.2595 1.1553 1.2642 1.1784 1.1786 1.2081 1.0681 0.9654 0.7811 0.8895 0.9051 0.9777 0.8892 0.8964 0.9906
