0.7834 0.8336 0.9045 0.9566 1.0386 1.1174 1.0618 1.2242 1.0917 1.1964 0.9762 1.0365 1.0503 1.0528 0.8499 0.8265
0.8365 0.8889 0.9873 1.0301 1.1077 1.2323 1.1944 0.9928 1.0024 0.9502 1.0620 1.0083 0.9373 0.8490 1.0171 0.7949
0.6987 0.7573 0.9779 0.9655 0.9721 1.1270 1.0835 1.0941 1.0697 1.2501 0.9910 0.8616 0.9645 0.9094 0.9715 0.6526
0.6615 0.7512 0.8864 0.9752 0.9810 1.0992 1.1303 1.0578 0.9195 1.1126 1.1225 0.9320 1.0158 0.9153 1.0049 0.6412
0.7165 0.8438 0.8461 0.9046 1.0000 1.0478 1.1044 1.0398 1.1535 1.2056 1.0404 0.9974 1.0022 1.0762 1.0210 0.9376
0.8768 0.9022 0.8902 0.9770 1.1477 1.0604 1.1523 1.0063 1.1930 1.1242 1.0398 1.0224 0.9834 0.9532 0.8591 0.8059
0.7468 0.8672 0.9205 0.9787 1.0495 0.9796 1.1745 1.1942 1.1181 0.9904 1.0782 1.0483 1.0100 0.9618 0.8417 0.7804
0.9467 0.8653 0.9318 0.9834 1.0000 1.1676 1.2449 1.0667 1.0729 1.0637 1.0844 1.0963 1.0524 0.8391 0.8252 0.7485
0.8622 0.9194 0.8996 0.8826 1.0336 1.0568 1.1434 1.0354 1.0618 1.1265 1.0293 1.1167 0.9721 1.0380 0.9007 0.7351
0.7235 0.7775 0.8766 1.0047 0.9885 1.0544 1.0992 1.1400 0.9929 1.0356 1.1723 0.8553 0.8621 0.9633 1.0135 1.0288
0.7992 0.7301 0.8035 0.8744 1.0030 1.1202 1.1973 1.0638 1.0614 1.1501 1.0164 1.0182 1.1069 1.0223 0.8393 0.8602
0.7815 0.8942 0.9027 1.0312 1.2059 1.1794 1.1879 0.8838 0.9167 1.2170 0.9911 0.9062 0.9072 1.0000 1.0000 0.6497
0.9453 0.9050 0.9191 1.0333 1.1197 1.0837 1.1149 0.9766 1.0883 0.9612 0.9874 1.0449 0.9932 0.8493 0.8146 0.9476
0.9432 0.9196 0.9355 1.0199 0.9799 1.0607 1.1192 1.0997 1.0673 1.0342 1.1044 0.9238 0.9626 1.0000 0.8285 0.7494
0.7051 0.7618 0.8708 0.9003 0.9880 1.1671 1.0789 1.0854 1.0337 1.0311 1.0863 1.1412 1.0260 0.8585 0.9247 0.8693
0.6984 0.8682 0.9838 1.0137 0.9999 1.0496 1.0812 0.9790 1.0751 0.9502 1.0162 1.0952 1.0274 0.9663 0.8957 0.7285
0.8838 0.7420 0.8994 0.8881 1.0369 1.1712 0.9415 1.1654 1.1238 1.1826 1.0453 1.0776 1.1386 0.9266 0.8578 0.9140
0.7354 0.8521 0.9041 0.8970 1.0735 0.9940 1.2096 1.0618 1.0326 1.1526 1.1263 1.0137 0.9070 0.8602 0.9553 0.9241
0.7125 1.0000 0.9508 0.9311 0.9746 1.1656 1.1287 0.9920 1.0592 1.1550 1.1003 0.9043 0.9964 0.8878 0.8904 0.8637
0.8421 0.8683 0.9548 0.8439 1.0572 1.1696 0.9839 1.0566 1.0476 1.1424 0.9946 1.1478 1.0000 1.0080 0.9819 0.9036
0.9495 0.9540 0.9315 0.9754 0.9412 1.1551 1.1037 1.0763 1.0614 0.9394 1.0648 1.1031 1.0120 0.9856 0.9429 0.6746
0.6400 0.8713 1.0082 1.0617 1.0000 1.1773 1.1196 1.0778 0.9709 0.9902 0.9727 0.9840 0.8430 0.8019 1.0000 0.5739
0.9323 0.8862 1.0239 0.9910 1.1318 1.1185 1.1705 0.9637 1.0291 1.0627 1.1014 1.0143 1.0381 0.9343 0.8616 0.7498
0.8185 0.8417 0.9241 1.0141 1.2971 1.0000 1.0845 1.2158 1.1302 1.0192 1.2082 0.8191 0.9335 0.9193 0.9298 0.8318
0.8514 0.9465 0.8893 0.9844 1.1285 1.1082 1.1796 1.1667 1.1187 1.1280 1.0568 0.9025 0.9480 0.8517 0.7327 0.7452
