1.3191 1.1790 1.0288 1.0998 0.9926 0.9530 1.0741 0.9019 1.1153 1.1338 0.8538 0.8424 0.9418 0.8362 0.7855 0.9346
1.0000 1.0795 1.3082 1.2833 1.1313 0.9831 1.1102 0.9620 0.8768 0.9189 0.8869 0.8819 0.8630 0.9009 0.8201 1.0000
0.9963 0.8784 0.9325 1.1654 0.8476 0.9529 1.0000 0.9583 0.9670 1.0481 0.9610 0.9691 1.0435 1.1765 1.0376 1.2695
1.3138 1.1919 1.1538 1.1386 1.0124 1.0761 1.0728 0.8944 0.9550 0.8855 0.8975 0.9467 0.8249 0.9473 0.7958 0.9781
1.2395 0.9662 0.9116 1.0229 0.9513 0.9951 0.9651 0.9114 1.0144 1.0733 0.9814 1.1021 0.8835 1.0957 1.0680 1.3328
1.2281 1.0727 1.0098 1.1321 0.9791 1.0545 1.0474 0.9627 0.9277 0.9929 1.0148 0.8672 0.8931 0.8411 1.0193 0.9546
1.1734 1.1007 1.0490 0.9885 0.9464 0.9622 1.0226 0.9797 0.8908 1.0471 0.9724 0.8423 0.9772 1.0244 1.0000 1.0437
1.3708 1.2432 1.1530 1.1057 1.1302 1.1038 1.0654 0.9996 1.0640 0.9029 0.8917 0.8182 0.8004 0.7893 0.7466 0.8204
0.6444 0.7014 0.8787 0.7441 0.9607 0.9630 0.8321 1.0163 1.0226 0.8914 1.0496 0.9700 1.1989 1.0213 1.1936 1.1987
1.1489 1.0043 0.9767 1.1076 1.0089 0.9569 0.9385 1.1675 0.8918 0.8828 0.9489 0.9067 0.9849 0.9801 1.0682 1.0489
0.6929 0.7415 0.8920 0.8105 0.9706 0.9785 0.9059 1.0283 0.9890 0.9541 1.1000 0.9294 1.2080 1.1224 0.9450 1.3238
1.2640 1.1330 1.1876 1.2175 1.0654 1.0886 1.1488 0.9782 0.9957 0.8944 0.8549 0.8865 0.8661 0.7969 0.8281 0.7970
1.0085 0.8316 0.8072 0.8919 0.8667 0.9032 0.8301 1.0511 0.9604 1.1257 1.2071 1.0249 1.1089 1.1973 1.1499 1.5751
1.2047 1.0717 1.1212 1.0480 0.8479 0.9945 1.0310 1.0308 0.9523 0.8821 0.9426 0.8930 0.9852 0.8877 1.0263 1.0756
1.1351 1.1705 0.9460 0.9152 1.0351 1.0503 0.9820 1.0681 0.9905 0.9486 0.9703 0.9814 0.9588 0.8152 0.7828 0.9565
1.0255 0.9186 1.0418 0.9022 1.0090 1.0624 0.9660 0.9960 1.0000 0.9072 0.9508 1.1125 1.0000 1.0122 0.9987 1.1474
0.9128 0.9314 0.9103 1.0000 0.9717 0.9362 1.0254 1.0998 1.0115 1.0294 1.0604 0.9803 1.0335 1.0827 1.2361 1.2468
1.4482 1.3391 1.0272 1.2579 0.9812 0.9845 1.1128 0.9668 0.9033 1.0000 1.0000 0.8916 1.0000 0.8310 0.8969 0.9136
1.4789 1.0182 1.1284 0.9017 0.7836 1.1095 1.0254 0.9691 1.0875 1.0470 0.9061 1.0272 0.9102 0.8801 1.0119 1.1689
1.1530 1.1236 1.1586 1.2356 0.9976 1.0313 0.9535 0.9197 0.9933 1.0466 0.8980 0.7943 0.8135 0.7691 0.5216 0.5151
1.3233 0.9654 1.0000 0.9521 1.1532 1.0697 0.9254 1.0406 0.9690 1.0442 0.9183 1.0524 0.9116 1.0430 0.9685 1.0453
0.7514 0.7438 0.9751 0.9716 1.1162 1.0218 0.9894 0.9384 0.9110 1.0819 0.9721 0.9672 1.0255 1.0035 1.0159 1.2190
1.0456 0.8664 0.9023 0.9873 0.8513 0.9173 0.8668 0.9238 1.0000 1.1418 0.9612 0.9549 1.1848 1.2722 1.3780 1.7368
1.0352 1.0866 0.8795 1.0476 0.8936 0.9840 0.9582 1.0148 1.1065 0.8969 1.0095 1.0414 0.9237 1.0208 0.5458 1.0469
1.1354 0.9583 0.8943 0.9451 0.9746 0.9892 1.0404 0.9853 0.9843 0.8796 1.0296 0.9717 1.0864 0.9492 1.0265 1.1745
