1.3024 1.1819 1.0510 1.1048 0.9890 0.9598 1.0720 0.8901 1.1109 1.1321 0.8681 0.8328 0.9400 0.8325 0.8026 0.9194
1.0000 1.0733 1.3255 1.2706 1.1410 0.9877 1.0873 0.9784 0.8768 0.9179 0.8799 0.8804 0.8629 0.9075 0.8285 1.0000
1.0310 0.8965 0.9015 1.1959 0.8322 0.9423 1.0000 0.9459 0.9711 1.0274 0.9536 0.9550 1.0558 1.1602 1.0731 1.2723
1.2827 1.1887 1.1503 1.1526 1.0312 1.0644 1.1041 0.8998 0.9726 0.9002 0.8887 0.9384 0.8207 0.9207 0.7965 0.9784
1.2853 0.9956 0.9005 1.0175 0.9188 0.9712 0.9592 0.9179 0.9599 1.0599 0.9778 1.0880 0.8984 1.1181 1.0712 1.3680
1.1936 1.0697 1.0042 1.1164 0.9751 1.0652 1.0628 0.9801 0.9097 1.0208 0.9812 0.8629 0.8833 0.8519 1.0246 0.9866
1.1824 1.1027 1.0338 1.0037 0.9584 0.9660 1.0335 0.9650 0.8825 1.0468 0.9598 0.8365 0.9513 1.1139 1.0000 1.0265
1.3436 1.2369 1.1504 1.1028 1.0942 1.1088 1.0435 1.0138 1.0753 0.9048 0.8850 0.8399 0.8129 0.7912 0.7653 0.8212
0.6573 0.7181 0.8940 0.7498 0.9462 0.9576 0.8385 1.0502 1.0288 0.9219 1.0793 0.9990 1.1983 1.0189 1.2248 1.1649
1.1427 0.9919 0.9679 1.0987 0.9897 0.9730 0.9653 1.1501 0.8757 0.8936 0.9228 0.9041 1.0072 0.9910 1.0753 1.0853
0.6864 0.7392 0.8711 0.8034 0.9508 0.9666 0.8982 1.0590 1.0052 0.9720 1.0717 0.9139 1.2780 1.0839 0.9395 1.2736
1.2653 1.1285 1.1768 1.1807 1.0698 1.1012 1.1265 1.0039 1.0166 0.8898 0.8374 0.8758 0.8561 0.8204 0.8486 0.7956
1.0257 0.8619 0.8194 0.9088 0.8617 0.8902 0.7974 1.0407 0.9139 1.1144 1.1539 1.0072 1.1156 1.2045 1.1550 1.5375
1.2077 1.0770 1.1116 0.9987 0.8425 0.9973 1.0245 1.0248 0.9496 0.8932 0.9534 0.8834 0.9936 0.8894 1.0241 1.0899
1.1999 1.1719 0.9183 0.9098 1.0394 1.0341 0.9958 1.0612 1.0125 0.9328 0.9628 0.9677 0.9561 0.8084 0.7925 0.9322
1.0197 0.9575 1.0677 0.9085 0.9774 1.0421 0.9569 0.9753 1.0000 0.9151 0.9621 1.0845 1.0000 1.0175 1.0131 1.1675
0.9633 0.9467 0.9297 1.0000 0.9739 0.9210 1.0170 1.0667 0.9772 1.0158 1.0495 0.9798 1.0629 1.0997 1.2835 1.3070
1.4847 1.3358 1.0286 1.2405 0.9612 0.9907 1.1150 0.9642 0.9045 1.0000 1.0000 0.8997 1.0000 0.8619 0.9142 0.9356
1.4927 1.0080 1.2409 0.9056 0.7907 1.0911 0.9924 0.9613 1.0634 1.0409 0.9169 1.0023 0.8900 0.8942 0.9958 1.1710
1.1659 1.1383 1.1769 1.2049 0.9921 1.0494 0.9703 0.9334 0.9674 0.9670 0.8959 0.7905 0.8086 0.7584 0.5293 0.5159
1.2346 0.9212 1.0000 0.9108 1.1323 1.0866 0.9123 0.9995 0.9763 1.0360 0.9489 1.0609 0.9004 1.0752 1.0091 1.0719
0.7094 0.7484 0.9898 0.9897 1.0956 1.0189 0.9977 0.9455 0.9090 1.0881 0.9690 0.9703 1.0525 0.9892 0.9903 1.2009
1.0456 0.8672 0.9026 0.9580 0.8353 0.9254 0.8739 0.9104 1.0000 1.1319 0.9368 0.9215 1.1476 1.2600 1.3668 1.6161
1.0219 1.0744 0.8762 1.0500 0.8772 0.9611 0.9427 0.9973 1.1220 0.9053 1.0106 1.0321 0.9442 1.0425 0.5458 1.0915
1.2171 1.0097 0.9440 0.9919 1.0022 1.0375 1.0785 1.0158 1.0098 0.8926 1.0349 0.9406 1.0314 0.9340 0.9566 1.0549
