1.3782 1.2939 1.3292 1.3290 1.1543 1.0487 1.0960 0.9747 1.0448 0.9967 0.8420 0.7969 0.8464 0.7026 0.6453 0.6240
1.0000 0.8116 0.9208 0.9731 0.9785 0.9211 1.0286 1.0010 0.9632 1.1152 1.0877 0.9616 1.0032 1.1905 1.0416 1.0000
1.3721 1.2152 1.4216 2.0514 1.1335 1.2458 1.0000 0.8354 1.1211 1.0296 0.9172 0.9059 0.8745 0.9160 0.7869 0.8107
0.9881 0.7974 0.8190 1.0000 0.8709 0.9641 0.9792 0.9552 1.1230 1.1041 1.0206 1.0191 1.0479 0.9826 0.9871 1.4039
1.4939 1.1967 1.1425 1.0651 0.9862 1.0459 1.1854 1.1676 0.9168 1.0963 1.1231 0.9507 0.9346 0.8996 1.0149 1.0310
0.7391 0.8616 0.7043 0.8366 0.8259 0.9637 1.1580 0.9909 0.8474 1.2149 0.9643 1.2828 1.1049 1.1192 1.2476 1.4302
1.6770 1.3503 1.3020 1.2246 1.2136 1.0032 1.0035 0.8568 0.8656 0.8616 0.8792 0.7726 0.8242 0.9803 1.0000 0.7708
0.9341 0.9243 0.9034 0.9468 0.8704 1.0196 1.1208 1.1538 1.1972 1.0309 0.9676 1.0648 0.9297 0.8652 0.9540 1.1108
0.9840 0.9374 1.1942 1.0557 0.9988 1.1902 0.9929 1.0934 1.1145 0.9624 1.0183 0.9458 0.9828 0.8402 1.0416 1.2855
0.9407 0.7709 0.9195 0.8758 0.9387 0.9756 0.9025 0.9853 0.9779 1.0747 0.9167 1.0422 1.2194 1.2055 1.2227 1.7582
0.6920 1.0591 1.0855 0.9067 1.0114 1.1382 1.0517 1.1798 1.0997 0.9777 0.8661 0.9160 0.9820 0.8814 0.7669 1.2939
0.8557 0.8161 0.8726 0.9313 0.8834 0.9722 1.0366 0.9322 1.0028 1.0988 1.0900 1.1172 1.0992 1.1740 1.2102 0.9187
1.2210 1.2370 1.1145 1.2048 1.0709 1.1874 1.0435 1.4816 0.7883 1.1561 1.0610 0.7586 0.7536 0.7375 0.6888 0.8653
1.0590 0.9339 1.0776 0.8513 0.7969 0.9163 0.8388 1.0324 1.0199 1.0278 1.0886 1.0040 1.0664 1.0347 1.1231 1.0357
1.5450 1.4076 1.1028 1.1979 1.2625 1.0440 1.1210 1.0926 0.8987 0.7923 0.7911 0.8310 0.7802 0.7400 0.6785 0.6927
0.7149 0.9342 0.8795 0.8170 0.8830 0.8973 0.9903 0.9650 1.0000 0.9403 1.1382 1.1021 1.0000 1.3435 1.3852 1.5135
1.1288 0.9048 1.1648 1.0000 0.9205 1.0280 1.0551 0.9694 0.9829 1.0198 0.9490 0.9662 0.8817 1.0041 1.0576 1.0465
0.8600 0.8233 0.7606 0.9752 0.8003 0.8224 1.0309 0.9187 0.9105 1.0000 1.0000 1.2038 1.0000 1.1500 1.2725 1.3271
1.5796 1.2825 1.7860 1.2834 1.0324 1.2329 1.1454 1.1169 1.0504 0.8684 0.8850 0.7327 0.6675 0.6615 0.7746 0.7098
0.8179 0.8825 1.1133 0.9681 0.9852 0.9958 1.0278 1.0257 1.1685 1.4662 1.1579 1.0343 1.1170 1.0382 0.6830 0.6783
1.4057 1.1604 1.0000 1.1146 1.1998 1.2427 1.0691 0.9899 0.9950 0.8875 0.9202 0.9995 0.8500 0.8870 0.8694 0.8922
0.7333 0.5945 0.8284 0.6748 0.8442 0.9078 1.0359 0.9899 1.0279 0.9572 1.0621 1.3684 1.2409 1.0905 1.0837 1.4586
1.0295 1.0406 1.0802 0.9024 1.0561 1.0753 1.1399 1.1517 1.0000 1.3878 0.9890 0.8448 0.8233 0.7325 0.6171 0.7447
0.7661 0.7451 0.7356 0.8172 0.7824 0.8273 0.8269 0.9983 1.1077 1.0912 1.1025 1.1969 1.2359 1.2671 0.9563 1.4667
1.4598 1.5431 1.1833 1.3119 1.1989 1.3458 1.3382 1.0928 0.9286 0.8505 0.8656 0.9356 0.9315 0.7617 0.8310 0.8129
