1.3362 1.1927 1.0524 1.1139 0.9941 0.9584 1.1080 0.9104 1.1213 1.1363 0.8542 0.8284 0.9468 0.8183 0.7754 0.8674
1.0000 1.0952 1.2577 1.2727 1.1556 1.0246 1.0731 0.9785 0.8778 0.9295 0.8881 0.8688 0.8710 0.9025 0.8220 1.0000
1.0711 0.9296 0.9319 1.2303 0.8708 0.9725 1.0000 0.9483 0.9823 1.0574 0.9723 0.9381 1.0477 1.1045 1.0611 1.1753
1.2566 1.2056 1.1627 1.1316 1.0184 1.0444 1.0827 0.8985 0.9913 0.9158 0.9197 0.9553 0.8272 0.9258 0.8003 0.9530
1.3261 1.0044 0.9237 1.0383 0.9484 0.9780 0.9927 0.8989 0.9397 1.0258 0.9620 1.0853 0.8828 1.1000 1.0734 1.3257
1.1817 1.0767 0.9798 1.1130 0.9858 1.0662 1.0781 0.9828 0.9161 1.0442 0.9544 0.8795 0.8962 0.8578 1.0079 0.9872
1.1840 1.0995 1.0466 0.9895 0.9588 0.9453 1.0182 0.9739 0.8831 1.0497 0.9792 0.8199 0.9832 1.0869 1.0000 1.0245
1.3494 1.2399 1.1331 1.0931 1.1215 1.1084 1.0574 1.0086 1.0838 0.8931 0.9069 0.8126 0.8106 0.7710 0.7792 0.8262
0.6606 0.7246 0.8894 0.7692 0.9392 0.9691 0.8545 1.0465 1.0614 0.9126 1.0565 0.9886 1.2083 0.9724 1.2308 1.1937
1.1293 0.9779 0.9449 1.0796 1.0052 0.9623 0.9591 1.1297 0.8678 0.8859 0.9169 0.8967 1.0219 1.0083 1.1330 1.1354
0.6564 0.7293 0.8895 0.8266 0.9635 0.9863 0.9152 0.9856 0.9599 0.9841 1.0798 0.9373 1.2064 1.1149 0.9773 1.2310
1.2652 1.1181 1.1703 1.1874 1.0608 1.0886 1.1138 0.9909 1.0057 0.8616 0.8631 0.8987 0.8680 0.8122 0.8694 0.8319
0.9738 0.8548 0.8223 0.9246 0.8813 0.8880 0.7926 1.1032 0.9505 1.0605 1.1825 1.0076 1.0847 1.2024 1.1433 1.5140
1.1522 1.0487 1.0920 0.9599 0.8665 0.9969 1.0062 1.0405 0.9677 0.9114 0.9664 0.8969 1.0092 0.9067 1.0401 1.0812
1.2132 1.1319 0.9436 0.9244 1.0361 1.0662 1.0203 1.0678 1.0112 0.9037 0.9613 0.9844 0.9492 0.7670 0.7537 0.8754
1.0076 0.9630 1.0454 0.8948 1.0083 1.0461 0.9802 0.9915 1.0000 0.9044 0.9404 1.0655 1.0000 1.0197 1.0401 1.1875
0.9567 0.9518 0.9467 1.0000 0.9754 0.9235 1.0207 1.0524 0.9911 1.0237 1.0406 0.9978 1.0461 1.0693 1.2646 1.2846
1.4823 1.3844 1.0220 1.2608 0.9553 0.9729 1.1167 0.9813 0.9019 1.0000 1.0000 0.9044 1.0000 0.8402 0.9290 0.9282
1.4396 1.0387 1.1883 0.9423 0.8039 1.1114 1.0150 0.9774 1.0782 1.0214 0.9155 1.0064 0.8981 0.8908 0.9667 1.1146
1.1532 1.1295 1.1410 1.2027 0.9880 1.0324 0.9571 0.9383 1.0052 1.0505 0.9134 0.8143 0.8239 0.7733 0.5355 0.5176
1.2949 0.9519 1.0000 0.9623 1.1475 1.0701 0.9410 1.0225 0.9794 0.9783 0.9398 1.0542 0.8935 1.0534 0.9947 1.0328
0.6479 0.7156 0.9725 0.9818 1.0809 1.0086 1.0154 0.9671 0.9202 1.0846 0.9588 1.0090 1.0408 0.9732 0.9827 1.2161
1.0452 0.8564 0.9047 0.9411 0.8422 0.9132 0.8775 0.9310 1.0000 1.1444 0.9477 0.9392 1.1460 1.2886 1.2837 1.5058
1.0388 1.0417 0.8582 1.0399 0.8706 0.9738 0.9308 0.9772 1.1169 0.9265 1.0274 1.0527 0.9708 1.0328 0.5458 1.0830
1.2652 1.0585 0.9875 1.0517 1.0599 1.0253 1.0926 1.0139 1.0412 0.8677 1.0206 0.9139 1.0138 0.8945 0.8983 0.9702
