0.7816 0.8128 0.8920 0.9122 1.0226 1.0801 1.0264 1.1513 1.1539 1.1678 1.0262 0.9779 1.0574 1.0458 0.8897 0.8956
0.8667 0.8827 0.9908 1.0617 1.1049 1.2202 1.1913 0.9440 0.9918 0.9314 1.0740 1.0109 0.9520 0.8582 1.0062 0.7910
0.6647 0.7300 0.9179 0.9330 0.9566 1.0850 1.1166 1.0599 1.0716 1.2278 1.0056 0.9814 0.9321 0.9390 0.9377 0.7431
0.6723 0.7328 0.8503 0.9468 0.9609 1.0737 1.0883 1.0162 0.9640 1.1613 1.1314 0.9972 1.0780 0.9291 0.9867 0.7685
0.7728 0.8100 0.8328 0.9054 1.0000 1.0410 1.0868 1.0636 1.1376 1.2042 1.0003 1.0411 0.9749 1.0493 0.9682 0.8941
0.8615 0.8812 0.8988 0.9692 1.1375 1.0797 1.1594 1.0737 1.1526 1.0973 1.0320 1.0069 0.9863 0.9336 0.8704 0.8535
0.7578 0.8368 0.8798 0.9556 1.0244 1.0241 1.1409 1.1353 1.0904 1.0664 1.0820 1.0435 0.9860 0.9120 0.8468 0.9769
0.8923 0.8185 0.8749 0.9475 1.0000 1.0883 1.1960 1.0968 1.0956 1.0391 1.1400 1.0844 1.0398 0.9292 0.8568 0.9071
0.8290 0.8821 0.8737 0.8825 1.0217 1.0217 1.1384 1.0352 1.0872 1.1138 1.0353 1.0919 0.9900 1.0273 0.8973 0.8571
0.7106 0.7927 0.8998 1.0169 1.0130 1.0537 1.0834 1.1326 0.9969 1.0355 1.1494 0.9351 0.9080 0.9474 0.9755 0.9821
0.7491 0.6959 0.7827 0.8509 0.9700 1.0723 1.1576 1.0555 1.0403 1.0767 1.0147 0.9810 1.0439 0.9945 0.8835 0.9518
0.7357 0.8516 0.9134 1.0099 1.1744 1.1386 1.1217 0.8480 1.0028 1.1986 1.0640 0.9832 0.9436 1.0000 1.0000 0.6740
0.9431 0.9037 0.9422 1.0121 1.1491 1.1088 1.1154 1.0059 1.0901 0.9829 1.0452 0.9985 0.9878 0.8236 0.8212 0.9596
0.9196 0.9150 0.9644 1.0282 0.9872 1.1067 1.1427 1.1165 1.0789 1.0346 1.1322 0.9205 0.9413 1.0000 0.8259 0.7961
0.6971 0.7759 0.8939 0.9427 1.0244 1.1811 1.0978 1.0709 1.0616 1.0491 1.1142 1.1169 0.9974 0.8265 0.8737 0.8262
0.7158 0.8444 0.9415 1.0120 0.9740 1.0349 1.0673 1.0417 1.0552 0.9921 1.0154 1.0852 1.0004 0.9790 0.9358 0.8651
0.8603 0.7865 0.8855 0.8922 1.0369 1.1658 0.9579 1.1262 1.1180 1.1616 1.0364 1.0381 1.1202 0.9390 0.9057 0.9363
0.7044 0.7883 0.8174 0.8426 1.0045 1.0008 1.1038 1.0051 1.0027 1.1006 1.0942 1.0480 1.0148 1.0120 0.9455 0.9536
0.6922 1.0000 0.9059 0.9058 0.9712 1.1336 1.1353 1.0445 1.0581 1.1513 1.0802 0.9125 0.9767 0.8981 0.9029 0.9235
0.8477 0.8396 0.9626 0.8952 1.0592 1.1625 1.0081 1.0861 1.0689 1.1689 1.0127 1.0961 1.0000 0.9527 0.9271 0.9001
0.8795 0.8837 0.9158 0.9716 0.9477 1.0747 1.0514 1.0350 1.0312 0.9482 1.0460 1.1292 1.0459 1.0152 1.0347 0.9387
0.6161 0.7637 0.9172 0.9842 1.0000 1.0431 1.0300 1.0342 1.0050 1.0777 1.0122 1.0754 0.9915 0.9265 1.0000 0.8129
0.8707 0.8140 0.9864 0.9448 1.0796 1.1278 1.1495 0.9475 1.0536 1.1143 1.1396 1.0337 1.0639 0.9376 0.9068 0.8460
0.7754 0.7847 0.8812 0.9377 1.2046 1.0000 1.0631 1.1780 1.0839 1.0350 1.2204 0.9394 0.9519 0.9507 1.0019 0.9913
0.8438 0.9420 0.9055 0.9853 1.1087 1.1243 1.1914 1.1720 1.1462 1.1369 1.0607 0.9694 0.9389 0.8742 0.7418 0.7372
