1.2764 1.1572 1.1610 1.2198 1.0601 0.9819 1.0851 0.8771 1.1658 1.0897 0.8860 0.8281 0.9255 0.7413 0.7751 0.7555
1.0000 1.0041 1.0044 1.2158 1.1367 1.0110 0.9809 0.9696 0.9107 1.0365 0.9776 0.9543 0.9475 1.0295 0.8363 1.0000
1.2635 1.1296 0.9974 1.6278 1.0410 1.0521 1.0000 0.9146 1.0280 1.0433 0.9967 0.8808 1.0015 0.9320 0.9044 0.9014
1.1111 0.9713 1.0453 1.1693 1.0370 1.0427 1.0844 0.9803 1.0525 0.9906 0.9567 0.9344 0.9101 0.8887 0.8717 0.9797
1.4758 1.1131 1.0272 1.0768 0.9464 0.9763 1.0200 0.9730 0.8066 0.8972 0.9976 1.1107 0.9338 0.9697 1.0165 1.1964
0.9920 1.0804 0.8833 0.9772 0.9001 1.0366 1.1056 0.9991 0.7788 1.1591 0.8739 1.0406 1.0007 1.0002 1.0062 1.1551
1.3768 1.1277 1.1339 1.0510 1.0295 0.8978 0.9716 0.8777 0.9162 1.0039 0.9524 0.8864 0.9603 1.0969 1.0000 1.0065
1.0948 1.2231 0.9273 1.0571 1.0457 1.0729 1.0999 1.0460 1.1398 0.9444 0.9887 0.9339 0.8409 0.7765 0.8498 0.9631
0.7515 0.7800 0.9841 0.8403 0.8713 0.9614 0.8802 1.1109 1.1176 0.9838 1.1037 1.0373 1.1639 0.7874 1.2618 1.0329
0.9009 0.8503 0.8644 1.0615 0.9929 1.0091 1.0358 0.9450 0.9423 1.0184 0.9519 0.9968 1.1166 1.0425 1.1286 1.3349
0.6198 0.7938 0.8715 0.8675 0.8730 1.0180 1.0250 1.1289 1.0835 1.0092 0.9141 1.0091 1.0510 1.1341 0.9816 1.0571
1.1112 1.0146 1.0870 1.1091 1.0271 1.0984 1.1408 0.9789 1.0194 0.9289 0.9109 0.9569 0.9425 0.9166 0.9436 0.7956
0.9910 1.0742 1.0610 1.1503 1.0582 0.9106 0.8365 1.2289 0.9054 1.0129 1.1016 0.7955 0.8573 1.0600 0.9240 1.1542
0.9710 0.8793 0.9654 0.7621 0.8969 0.9266 0.8758 1.1159 1.0081 1.0250 1.0747 1.0235 1.1071 1.0289 1.1586 1.1272
1.3678 1.1243 0.9972 1.0446 1.0892 1.1216 1.1336 1.0870 1.0185 0.7928 0.9568 0.9164 0.8900 0.6530 0.6564 0.6952
0.8635 0.9227 1.0477 0.8857 0.8767 1.0096 1.0320 1.0394 1.0000 0.9105 1.0205 0.9527 1.0000 1.1360 1.1839 1.3194
1.0398 0.9211 1.0270 1.0000 0.9340 0.9920 1.0691 0.8815 1.0179 1.0828 1.0488 1.0200 0.9879 0.9707 1.0390 1.1421
1.2473 1.2500 0.8821 1.2400 0.9378 0.9838 1.1465 0.9207 0.8826 1.0000 1.0000 1.0154 1.0000 0.8765 0.9711 1.0245
1.3919 1.0279 1.3647 1.0590 0.8867 1.1846 1.0848 1.0309 1.1244 0.9309 0.8980 0.9493 0.8581 0.8087 0.7828 0.9573
1.0431 1.0671 1.1610 1.1450 0.9862 1.0517 0.9657 0.9979 1.0466 1.2955 0.9486 0.8365 0.8269 0.7611 0.5615 0.5194
1.4316 1.0703 1.0000 1.0432 1.2012 1.1472 0.9545 0.9902 0.9858 0.7955 0.9227 1.1022 0.9168 1.0471 0.9685 0.8762
0.5531 0.6046 0.9366 0.8976 0.8852 1.0089 1.0112 1.0428 1.0321 0.9690 1.0540 1.1575 1.1383 0.9293 0.9765 1.2968
1.1143 0.9168 0.9699 0.8200 0.9116 0.9515 0.9562 1.0083 1.0000 1.2392 1.0133 0.9474 1.0598 1.1114 1.0037 0.9412
0.9273 0.8641 0.7864 0.9521 0.8654 1.0236 0.8681 0.9136 1.1519 1.0209 1.0924 1.1266 1.1305 1.0282 0.5458 1.1971
1.4885 1.2919 1.1316 1.2372 1.1747 1.1622 1.2115 1.0005 0.9562 0.7970 0.9328 0.8519 0.9088 0.8003 0.7074 0.8135
