1.3108 1.1819 1.0864 1.1043 1.0351 0.9657 1.0860 0.8916 1.1298 1.1087 0.8664 0.8263 0.9400 0.7956 0.8067 0.8587
1.0000 1.0819 1.1683 1.2470 1.1677 0.9948 1.0573 0.9791 0.8844 0.9655 0.9024 0.8920 0.9012 0.9353 0.8305 1.0000
1.1486 0.9762 0.9220 1.3838 0.9205 1.0233 1.0000 0.9423 0.9844 1.0608 0.9845 0.9146 0.9941 0.9847 1.0436 1.0688
1.2816 1.1473 1.1303 1.1431 0.9939 1.0561 1.0982 0.9183 0.9843 0.9241 0.9195 0.9523 0.8518 0.9199 0.8307 0.9593
1.3634 1.0549 0.9643 1.0289 0.9573 0.9396 0.9862 0.9320 0.8710 0.9472 0.9461 1.1112 0.9166 1.1015 1.0835 1.3319
1.0966 1.0665 0.9593 1.0411 0.9330 1.0867 1.0981 0.9851 0.8794 1.1212 0.9501 0.9187 0.9408 0.9110 1.0023 1.0153
1.2504 1.0971 1.0837 1.0221 0.9616 0.9338 1.0224 0.9500 0.8873 1.0807 0.9754 0.8202 0.9622 1.0242 1.0000 1.0180
1.2476 1.2138 1.0537 1.1013 1.1169 1.0603 1.0690 1.0130 1.1172 0.9227 0.9544 0.8428 0.8320 0.7750 0.8045 0.8725
0.7049 0.7491 0.9244 0.7783 0.9328 0.9746 0.8483 1.0583 1.0743 0.9160 1.0758 0.9928 1.2064 0.9343 1.2678 1.1124
1.0267 0.9342 0.8666 1.0692 0.9495 0.9625 0.9574 1.0597 0.8719 0.9271 0.9507 0.9610 1.1058 1.0423 1.1579 1.2396
0.6333 0.7290 0.8814 0.8278 0.9090 0.9965 0.9321 1.0955 1.0067 0.9690 1.0486 0.9597 1.1947 1.1211 0.9748 1.1445
1.2071 1.0944 1.1374 1.1767 1.0533 1.0961 1.1475 0.9861 1.0119 0.8843 0.8611 0.9028 0.8987 0.8378 0.8910 0.8059
0.9922 0.9240 0.9074 1.0173 0.9635 0.8779 0.7652 1.0967 0.9587 0.9699 1.1472 0.9150 1.0591 1.1945 1.1066 1.4410
1.0995 1.0119 1.0620 0.8395 0.8575 0.9573 0.9759 1.0617 0.9796 0.9611 0.9904 0.9395 1.0458 0.9670 1.0793 1.1198
1.3457 1.1606 1.0095 0.9614 1.0482 1.0873 1.0368 1.0976 0.9898 0.8570 0.9613 0.9346 0.9224 0.7483 0.7388 0.7921
0.9829 0.9714 1.0300 0.9031 0.9471 1.0259 1.0289 1.0007 1.0000 0.9085 0.9682 0.9517 1.0000 1.0429 1.0940 1.2839
0.9687 0.9487 0.9643 1.0000 0.9680 0.9463 1.0165 0.9882 0.9988 1.0339 1.0441 1.0288 1.0471 1.0465 1.1951 1.3003
1.4068 1.3843 1.0268 1.2484 0.9535 1.0031 1.1001 0.9353 0.8684 1.0000 1.0000 0.9563 1.0000 0.8479 0.9313 0.9548
1.4273 1.0359 1.2877 0.9601 0.8523 1.1401 1.0292 1.0037 1.0676 0.9766 0.9050 0.9883 0.8788 0.8613 0.9002 1.0863
1.1082 1.0981 1.1887 1.1885 0.9904 1.0426 0.9519 0.9305 1.0159 1.1135 0.9172 0.8357 0.8704 0.7488 0.5437 0.5111
1.3621 0.9873 1.0000 0.9916 1.1611 1.0926 0.9253 1.0351 1.0027 0.9038 0.9210 1.0651 0.9280 1.0395 0.9892 0.9434
0.5554 0.7308 0.9819 0.9991 1.0224 1.0416 1.0042 0.9842 0.9800 1.0413 0.9813 1.0451 1.0356 0.9447 0.9500 1.2484
1.0386 0.8839 0.9288 0.9302 0.8739 0.9214 0.8792 0.9463 1.0000 1.1662 0.9430 0.9306 1.1287 1.2716 1.2269 1.2772
0.9869 1.0203 0.8423 1.0072 0.8770 0.9927 0.9141 0.9432 1.1240 0.9565 1.0605 1.0886 1.0045 1.0387 0.5458 1.0975
1.3652 1.1082 1.0642 1.1476 1.1031 1.1005 1.1263 1.0095 1.0023 0.8593 1.0016 0.8768 0.9539 0.8432 0.8189 0.8929
