0.7610 0.8079 0.8880 0.8780 1.0203 1.0987 1.0611 1.1620 1.1755 1.1905 1.0406 1.0170 1.0158 0.9774 0.8552 0.8506
0.8630 0.8661 0.9801 1.0462 1.0831 1.2262 1.2239 0.9584 1.0527 0.9373 1.0995 0.9782 0.9291 0.8644 0.9523 0.7546
0.6636 0.6940 0.8949 0.9043 0.9497 1.0788 1.1281 1.0826 1.0799 1.2384 1.0368 0.9922 0.8990 0.9108 0.8947 0.7315
0.6937 0.7641 0.8690 0.9437 0.9722 1.0724 1.1101 1.0335 1.0194 1.1627 1.1440 0.9733 1.0137 0.8882 0.9031 0.7219
0.7523 0.8053 0.8464 0.8990 1.0000 1.0400 1.1009 1.0674 1.1825 1.1583 1.0418 1.0537 0.9405 1.0166 0.9227 0.7936
0.8183 0.8428 0.8739 0.9719 1.1200 1.0593 1.1811 1.1406 1.1868 1.1296 1.0773 1.0143 0.9644 0.9195 0.8506 0.8430
0.7703 0.8033 0.8587 0.9399 1.0307 1.0681 1.1626 1.1708 1.0941 1.1191 1.1067 1.0543 0.9656 0.9073 0.8221 0.9109
0.8691 0.8056 0.8574 0.9545 1.0000 1.0918 1.2096 1.1467 1.0009 1.0661 1.1881 1.1183 1.0169 0.9295 0.8291 0.9089
0.8514 0.8745 0.8672 0.9009 1.0224 1.0071 1.1298 1.0670 1.0989 1.1291 1.0739 1.0914 0.9630 1.0276 0.8738 0.8321
0.6619 0.7921 0.8700 0.9948 0.9841 1.0316 1.0884 1.1098 1.0510 1.0753 1.1825 0.9952 0.8927 0.9699 0.9672 0.9119
0.7425 0.6525 0.7459 0.8042 0.9176 1.0195 1.1346 1.0543 1.0657 1.0702 1.0385 0.9548 1.0000 0.9646 0.8437 1.0093
0.7401 0.8181 0.9173 0.9990 1.1362 1.1173 1.1476 0.8758 1.0572 1.2005 1.0974 0.9689 0.9283 1.0000 1.0000 0.6985
0.9234 0.9003 0.9378 1.0175 1.1411 1.1498 1.1495 1.0514 1.1245 1.0521 1.0822 0.9960 0.9714 0.8411 0.8102 0.9052
0.9075 0.9136 0.9517 1.0268 1.0084 1.1035 1.1740 1.1478 1.1129 1.0615 1.1571 0.9561 0.9125 1.0000 0.7895 0.7839
0.7104 0.7333 0.8887 0.9103 1.0059 1.1722 1.0551 1.0268 1.0288 1.0686 1.1627 1.1667 1.0382 0.8407 0.8101 0.7566
0.7147 0.8268 0.9506 1.0334 0.9688 1.0553 1.0797 1.0515 1.0845 0.9939 1.0224 1.0546 0.9931 0.9605 0.9055 0.8529
0.8455 0.8000 0.8728 0.8976 1.0302 1.1605 1.0148 1.1411 1.1421 1.1921 1.0896 1.0355 1.0928 0.9195 0.8786 0.8812
0.7087 0.7689 0.7897 0.7968 0.9985 0.9952 1.1262 1.0120 1.0114 1.1107 1.0913 1.0434 1.0041 1.0138 0.8580 0.8516
0.6955 1.0000 0.8798 0.9257 0.9691 1.1541 1.1469 1.0920 1.0797 1.1797 1.1263 0.9256 0.9784 0.8875 0.8344 0.8484
0.8735 0.8570 0.9214 0.8536 1.0466 1.1245 0.9652 1.0718 1.0941 1.1746 1.0912 1.1366 1.0000 0.9768 0.9276 0.9002
0.8770 0.8592 0.8826 0.9773 0.9566 1.0998 1.0875 1.0581 1.0470 1.0088 1.0848 1.1402 1.0210 0.9790 0.9647 0.8753
0.6202 0.7566 0.9104 0.9804 1.0000 1.0785 1.0474 1.0729 1.0537 1.1072 1.0382 1.0356 1.0047 0.8870 1.0000 0.7879
0.8699 0.8054 0.9447 0.9565 1.0704 1.1849 1.1875 0.9728 1.0876 1.1511 1.1838 1.0174 1.0149 0.9275 0.8534 0.7954
0.7534 0.7849 0.8701 0.9257 1.2257 1.0000 1.1094 1.1862 1.1127 1.0777 1.2418 0.9816 0.9455 0.9290 0.9209 0.9078
0.8968 0.9514 0.8941 1.0030 1.1076 1.1003 1.1741 1.1479 1.2144 1.1709 1.0838 0.9594 0.9407 0.8931 0.7398 0.7283
