1.2968 1.1786 1.0739 1.1381 1.0177 0.9683 1.0812 0.8982 1.1337 1.1493 0.8622 0.8359 0.9236 0.7959 0.7872 0.8508
1.0000 1.0781 1.1726 1.2816 1.1241 0.9835 1.0258 0.9680 0.8668 0.9821 0.8990 0.8745 0.9258 0.9683 0.8383 1.0000
1.1210 0.9993 0.9364 1.3603 0.8933 0.9964 1.0000 0.9335 0.9710 1.0670 1.0353 0.9507 1.0504 0.9975 1.0480 1.0652
1.2764 1.1189 1.1098 1.1678 1.0175 1.0489 1.1143 0.9203 0.9821 0.9160 0.9270 0.9537 0.8544 0.9226 0.8254 0.9376
1.3757 1.0584 0.9688 1.0368 0.9367 0.9456 1.0065 0.9228 0.8358 0.9316 0.9879 1.1504 0.9177 1.1060 1.0834 1.3224
1.1312 1.0800 0.9571 1.0563 0.9297 1.0519 1.0998 0.9856 0.8398 1.0866 0.9250 0.9434 0.9261 0.9015 1.0304 1.0675
1.2778 1.1112 1.0708 1.0455 0.9744 0.9422 1.0101 0.9247 0.8824 1.0470 0.9732 0.8206 0.9926 1.0343 1.0000 0.9984
1.2245 1.2519 1.0680 1.0945 1.1163 1.0859 1.0547 1.0165 1.0858 0.9145 0.9289 0.8423 0.8327 0.7804 0.8118 0.8823
0.6965 0.7317 0.9146 0.7741 0.9169 0.9493 0.8468 1.0438 1.0647 0.9397 1.1044 1.0103 1.2222 0.9451 1.2443 1.1415
1.0106 0.9825 0.8988 1.0833 0.9778 0.9635 0.9494 1.0439 0.8888 0.9277 0.9268 0.9461 1.1055 1.0434 1.1405 1.2305
0.6352 0.7633 0.8834 0.8373 0.9166 0.9809 0.9410 1.0954 1.0303 0.9606 1.0006 0.9642 1.1647 1.1462 0.9825 1.1536
1.2290 1.0948 1.1372 1.1393 1.0482 1.1074 1.1224 0.9670 1.0195 0.8850 0.8601 0.8972 0.8935 0.8679 0.9312 0.7975
0.9986 0.9592 0.9033 1.0282 0.9641 0.8751 0.7974 1.1082 0.9226 1.0009 1.1149 0.8944 1.0480 1.1698 1.0943 1.4128
1.0810 0.9988 1.0621 0.8563 0.8947 0.9957 0.9437 1.0751 0.9731 0.9290 0.9896 0.9453 1.0460 0.9530 1.0821 1.1207
1.3561 1.1571 0.9882 0.9788 1.0462 1.0904 1.0301 1.0746 0.9625 0.8131 0.9508 0.9245 0.9503 0.7562 0.7421 0.8254
0.9575 0.9705 1.0480 0.9249 0.9445 1.0407 0.9980 0.9781 1.0000 0.8963 0.9809 0.9760 1.0000 1.0623 1.1034 1.2821
0.9541 0.9309 0.9763 1.0000 0.9672 0.9670 1.0353 0.9765 1.0150 1.0495 1.0580 1.0144 1.0350 1.0075 1.1712 1.2930
1.3312 1.3789 0.9978 1.2366 0.9443 0.9921 1.1299 0.9496 0.8984 1.0000 1.0000 0.9315 1.0000 0.8445 0.9578 0.9616
1.3882 1.0327 1.2575 0.9876 0.8257 1.1403 1.0214 1.0082 1.0754 1.0079 0.9126 0.9588 0.8818 0.8622 0.9246 1.0682
1.1247 1.0826 1.1646 1.1727 0.9906 1.0581 0.9483 0.9662 1.0384 1.1001 0.8980 0.8430 0.7702 0.7538 0.5569 0.5203
1.3810 0.9853 1.0000 1.0023 1.1466 1.0839 0.9263 1.0210 0.9936 0.9338 0.9208 1.0625 0.9346 1.0753 0.9888 0.9679
0.5822 0.7083 0.9806 1.0114 0.9953 0.9929 1.0053 0.9679 0.9744 1.0275 0.9735 1.0676 1.0654 0.9557 0.9925 1.2578
1.0294 0.8549 0.8994 0.8766 0.8671 0.9138 0.8848 0.9697 1.0000 1.1993 0.9949 0.9783 1.1116 1.2655 1.2065 1.2179
1.0019 0.9966 0.8444 1.0233 0.8849 0.9819 0.9228 0.9265 1.1308 0.9715 1.0263 1.0982 0.9922 1.0191 0.5458 1.1033
1.3753 1.1017 1.0338 1.0915 1.0802 1.0851 1.1232 1.0486 0.9994 0.8548 1.0303 0.8772 0.9846 0.8438 0.8084 0.9256
