1.3373 1.1887 1.0520 1.0830 0.9897 0.9502 1.0739 0.8887 1.1126 1.1250 0.8665 0.8393 0.9514 0.8322 0.7975 0.9047
1.0000 1.0650 1.2872 1.2891 1.1226 1.0050 1.0640 0.9814 0.8931 0.9372 0.8862 0.8697 0.8779 0.9138 0.8181 1.0000
1.0426 0.8994 0.9013 1.2145 0.8704 0.9714 1.0000 0.9589 0.9823 1.0254 0.9567 0.9523 1.0368 1.1541 1.0820 1.2234
1.3000 1.1965 1.1626 1.1328 1.0158 1.0725 1.1078 0.8972 0.9779 0.8903 0.9016 0.9425 0.8139 0.9228 0.7930 0.9634
1.2967 0.9892 0.9208 1.0184 0.9479 1.0008 0.9795 0.9021 0.9678 1.0493 0.9622 1.0900 0.8959 1.0977 1.0484 1.3058
1.1837 1.0886 0.9944 1.1157 0.9707 1.0705 1.0742 0.9616 0.9181 1.0378 0.9910 0.8800 0.8930 0.8678 0.9910 0.9673
1.2007 1.0975 1.0558 0.9877 0.9425 0.9330 1.0301 0.9573 0.8859 1.0550 0.9689 0.8495 0.9737 1.0957 1.0000 1.0497
1.3950 1.2019 1.1509 1.1024 1.1103 1.0880 1.0515 0.9844 1.0939 0.8940 0.8841 0.8373 0.8226 0.7745 0.7765 0.8248
0.6665 0.7214 0.8833 0.7553 0.9365 0.9439 0.8317 1.0585 1.0361 0.9241 1.0541 0.9943 1.2281 1.0066 1.2397 1.2094
1.1342 0.9878 0.9679 1.0942 0.9947 0.9595 0.9417 1.1523 0.8797 0.8889 0.9194 0.9032 1.0224 0.9897 1.1176 1.0946
0.6714 0.7242 0.8858 0.8063 0.9571 0.9664 0.8972 1.0186 0.9638 0.9668 1.0663 0.9085 1.2554 1.1306 0.9788 1.2691
1.2651 1.1222 1.1581 1.1842 1.0629 1.1021 1.1240 0.9757 1.0001 0.8867 0.8511 0.9026 0.8712 0.8159 0.8535 0.8183
1.0401 0.8897 0.8472 0.9368 0.8855 0.8897 0.7862 1.0183 0.9299 1.0984 1.1044 0.9659 1.1109 1.2071 1.1606 1.5516
1.1879 1.0724 1.0530 0.9743 0.8571 0.9847 1.0292 1.0432 0.9487 0.8960 0.9604 0.8959 0.9994 0.8913 1.0425 1.1146
1.2326 1.1854 0.9577 0.9275 1.0552 1.0453 0.9764 1.0656 0.9857 0.9055 0.9365 0.9676 0.9405 0.7764 0.7749 0.9327
1.0023 0.9585 1.0606 0.8999 0.9877 1.0485 0.9680 0.9727 1.0000 0.9197 0.9282 1.0733 1.0000 1.0143 1.0322 1.1769
0.9526 0.9468 0.9401 1.0000 0.9721 0.9123 1.0235 1.0800 1.0003 1.0008 1.0330 0.9943 1.0436 1.1042 1.2816 1.2743
1.4593 1.3500 1.0572 1.2482 0.9818 1.0045 1.1151 0.9814 0.9046 1.0000 1.0000 0.8854 1.0000 0.8455 0.9058 0.9077
1.4503 1.0195 1.2367 0.9199 0.7902 1.0892 1.0159 0.9772 1.0792 1.0242 0.9192 0.9948 0.8847 0.8864 0.9619 1.1504
1.1786 1.1121 1.1712 1.1995 0.9976 1.0488 0.9622 0.9402 1.0006 1.0564 0.8949 0.7923 0.8103 0.7458 0.5227 0.5101
1.2242 0.9341 1.0000 0.9077 1.0997 1.0752 0.9053 1.0308 0.9882 1.0213 0.9393 1.1108 0.9014 1.0844 0.9877 1.0278
0.6466 0.7458 0.9891 0.9975 1.0908 1.0172 0.9766 0.9569 0.9384 1.0854 0.9670 0.9851 1.0467 0.9701 0.9950 1.2070
1.0146 0.8620 0.9101 0.9520 0.8455 0.9261 0.8703 0.9103 1.0000 1.1117 0.9476 0.9434 1.1583 1.2670 1.3227 1.6118
1.0450 1.0541 0.8793 1.0252 0.8819 0.9789 0.9665 1.0064 1.1119 0.9218 0.9997 1.0332 0.9376 1.0381 0.5458 1.0698
1.2436 1.0806 0.9807 1.0168 1.0412 1.0173 1.0857 1.0060 0.9962 0.8918 1.0448 0.9128 1.0268 0.9303 0.9351 1.0402
