0.7393 0.7964 0.8661 0.8869 1.0269 1.0781 1.0428 1.1740 1.1484 1.1716 1.0173 1.0002 1.0456 1.0232 0.8656 0.8755
0.8506 0.8495 0.9731 1.0359 1.0952 1.2268 1.2144 0.9640 1.0166 0.9412 1.1024 0.9981 0.9271 0.8516 0.9849 0.7673
0.6544 0.7077 0.9196 0.9265 0.9633 1.0863 1.1207 1.0724 1.0710 1.2237 0.9980 0.9704 0.9037 0.9109 0.9155 0.7219
0.6621 0.7421 0.8517 0.9707 0.9794 1.0938 1.1033 1.0211 0.9789 1.1639 1.1315 0.9681 1.0329 0.8958 0.9380 0.7539
0.7200 0.7663 0.8086 0.8984 1.0000 1.0351 1.0976 1.0617 1.1803 1.2109 1.0268 1.0420 0.9612 1.0443 0.9515 0.8541
0.8365 0.8612 0.8602 0.9425 1.1435 1.0870 1.1860 1.0977 1.1621 1.1057 1.0482 1.0306 0.9826 0.9313 0.8604 0.8654
0.7545 0.8038 0.8652 0.9388 1.0379 1.0330 1.1521 1.1601 1.1024 1.0759 1.0828 1.0512 0.9921 0.9184 0.8421 0.9458
0.8968 0.8118 0.8698 0.9451 1.0000 1.0941 1.1858 1.1032 1.0892 1.0691 1.1487 1.0845 1.0205 0.9164 0.8533 0.9156
0.8126 0.8639 0.8652 0.8728 1.0192 1.0177 1.1346 1.0531 1.0773 1.1146 1.0429 1.0959 0.9855 1.0234 0.9099 0.8406
0.6891 0.7615 0.8660 0.9691 1.0165 1.0252 1.0589 1.1267 0.9935 1.0310 1.1745 0.9457 0.9089 0.9503 0.9990 1.0054
0.7245 0.6621 0.7501 0.7942 0.9565 1.0506 1.1456 1.0308 1.0094 1.0592 1.0158 0.9604 1.0185 0.9811 0.8557 0.9697
0.7548 0.8454 0.9146 0.9822 1.1552 1.1490 1.1465 0.8787 1.0253 1.2345 1.0747 0.9574 0.9427 1.0000 1.0000 0.6925
0.9298 0.8938 0.9043 1.0103 1.1395 1.1149 1.1656 1.0153 1.1182 1.0332 1.0661 1.0261 0.9948 0.8545 0.8364 0.9756
0.9096 0.8982 0.9712 1.0236 0.9909 1.1008 1.1623 1.1282 1.0916 1.0407 1.1483 0.9453 0.9488 1.0000 0.8460 0.7977
0.6792 0.7473 0.8643 0.9035 1.0026 1.1937 1.0884 1.0508 1.0463 1.0545 1.0997 1.1223 0.9901 0.8595 0.8980 0.8253
0.6941 0.7995 0.9087 0.9968 0.9802 1.0393 1.0873 1.0510 1.0891 1.0039 1.0030 1.0706 1.0042 0.9732 0.9265 0.8686
0.8744 0.7648 0.8718 0.8855 1.0300 1.1719 0.9860 1.1743 1.1382 1.1762 1.0569 1.0338 1.1059 0.9287 0.8843 0.9187
0.6914 0.7768 0.7971 0.8251 0.9981 0.9929 1.1254 1.0065 0.9927 1.1179 1.0953 1.0633 1.0142 1.0193 0.8917 0.9087
0.6805 1.0000 0.8944 0.9189 0.9832 1.1331 1.1208 1.0468 1.0612 1.1774 1.0853 0.9200 0.9900 0.8882 0.8787 0.9017
0.8300 0.8204 0.9158 0.8471 1.0316 1.1401 1.0272 1.0624 1.0613 1.1684 1.0475 1.1276 1.0000 0.9797 0.9694 0.9240
0.8811 0.8920 0.8937 0.9511 0.9415 1.0993 1.0539 1.0459 1.0473 0.9627 1.0557 1.1148 1.0039 0.9911 1.0175 0.9504
0.6332 0.7742 0.9150 0.9818 1.0000 1.0674 1.0562 1.0608 1.0273 1.1028 1.0079 1.0594 0.9817 0.9198 1.0000 0.8171
0.8425 0.7851 0.9650 0.9400 1.0591 1.1639 1.1695 0.9421 1.0757 1.1385 1.1497 1.0321 1.0445 0.9343 0.8801 0.8393
0.7666 0.7843 0.8662 0.9482 1.2210 1.0000 1.0826 1.1800 1.1000 1.0547 1.2323 0.9358 0.9460 0.9462 0.9698 0.9601
0.8356 0.9178 0.8858 0.9673 1.0917 1.1020 1.1790 1.1794 1.1761 1.1675 1.0948 0.9719 0.9637 0.9064 0.7822 0.7861
