1.3629 1.1871 1.0566 1.0898 0.9842 0.9518 1.0637 0.8949 1.1033 1.1474 0.8564 0.8392 0.9238 0.8273 0.7993 0.9301
1.0000 1.0897 1.3205 1.2744 1.1324 1.0072 1.1012 0.9682 0.8873 0.9282 0.8711 0.8665 0.8670 0.8774 0.8221 1.0000
1.0638 0.9125 0.9530 1.2134 0.8455 0.9693 1.0000 0.9502 0.9520 1.0427 0.9467 0.9172 1.0234 1.1532 1.0575 1.2710
1.3366 1.2067 1.1680 1.1495 1.0033 1.0659 1.0912 0.8995 0.9450 0.8587 0.8948 0.9406 0.8055 0.9453 0.8056 0.9902
1.2518 0.9617 0.9172 1.0283 0.9839 1.0049 0.9934 0.8919 0.9927 1.0650 0.9627 1.0943 0.8823 1.0825 1.0393 1.2877
1.2072 1.0940 0.9985 1.1159 0.9896 1.0742 1.0686 0.9707 0.9121 1.0190 0.9911 0.8675 0.8922 0.8511 1.0051 0.9540
1.1795 1.0676 1.0375 0.9919 0.9364 0.9531 1.0385 0.9890 0.9074 1.0527 0.9899 0.8468 0.9748 1.0413 1.0000 1.0550
1.3329 1.2253 1.1431 1.0728 1.1244 1.0723 1.0611 1.0073 1.0980 0.9117 0.9227 0.8307 0.8151 0.7895 0.7623 0.8269
0.6472 0.7054 0.8713 0.7496 0.9343 0.9729 0.8417 1.0320 1.0231 0.9116 1.0572 1.0022 1.2162 1.0164 1.2166 1.2450
1.1662 1.0087 0.9949 1.1233 1.0150 0.9807 0.9619 1.1604 0.8886 0.8918 0.9161 0.8849 0.9924 0.9385 1.0555 1.0514
0.6729 0.7383 0.8839 0.8119 0.9522 0.9713 0.8978 1.0727 1.0133 0.9451 1.0664 0.9171 1.2220 1.0938 0.9507 1.3131
1.2541 1.1224 1.1670 1.1882 1.0801 1.0943 1.1472 0.9720 0.9985 0.9129 0.8471 0.8944 0.8652 0.8055 0.8492 0.7947
1.0027 0.8299 0.8089 0.9056 0.8683 0.9072 0.8156 1.0266 0.9488 1.1421 1.2045 1.0283 1.1077 1.1739 1.1456 1.5387
1.1948 1.0788 1.1133 1.0368 0.8571 0.9983 1.0253 1.0390 0.9612 0.9051 0.9453 0.8982 0.9777 0.8754 1.0028 1.0662
1.1942 1.1799 0.9366 0.9210 1.0399 1.0379 0.9787 1.0669 1.0001 0.9237 0.9573 0.9668 0.9512 0.8068 0.7771 0.9264
1.0443 0.9469 1.0627 0.8930 0.9825 1.0612 0.9583 0.9853 1.0000 0.8950 0.9361 1.1103 1.0000 1.0112 0.9928 1.1664
0.9611 0.9297 0.9255 1.0000 0.9775 0.9407 1.0315 1.0898 1.0126 1.0179 1.0397 1.0079 1.0234 1.0573 1.2221 1.2499
1.4729 1.3383 1.0411 1.2633 0.9807 0.9918 1.1364 0.9764 0.9063 1.0000 1.0000 0.8932 1.0000 0.8160 0.8869 0.8976
1.5033 0.9978 1.1811 0.8909 0.7887 1.1141 1.0197 0.9770 1.0928 1.0298 0.9313 1.0066 0.8993 0.8838 0.9927 1.1441
1.1799 1.1140 1.1536 1.2140 0.9859 1.0210 0.9532 0.9296 1.0065 1.0189 0.9119 0.8065 0.8125 0.7647 0.5285 0.5263
1.2540 0.9157 1.0000 0.9577 1.1255 1.0677 0.9445 1.0407 0.9815 1.0372 0.9414 1.0559 0.9076 1.0470 0.9896 1.0646
0.7665 0.7782 1.0099 1.0159 1.1225 1.0304 0.9732 0.9488 0.9201 1.0596 0.9527 0.9556 1.0176 0.9881 0.9875 1.1865
1.0660 0.8908 0.9302 0.9793 0.8620 0.9518 0.8654 0.9226 1.0000 1.1174 0.9174 0.9227 1.1391 1.2266 1.3337 1.6211
1.0244 1.0897 0.9041 1.0481 0.8990 0.9934 0.9468 0.9920 1.1019 0.8919 1.0137 1.0284 0.9386 1.0246 0.5458 1.0597
1.1542 0.9596 0.9174 0.9470 0.9544 0.9782 1.0654 0.9908 0.9817 0.8740 1.0362 0.9642 1.0839 0.9720 1.0368 1.1702
