0.7391 0.7945 0.8555 0.8897 1.0304 1.0895 1.0517 1.1713 1.1444 1.1767 1.0273 1.0008 1.0397 1.0329 0.8477 0.8570
0.8357 0.8447 0.9597 1.0404 1.0931 1.2232 1.1947 0.9694 1.0156 0.9535 1.1082 0.9939 0.9413 0.8573 0.9954 0.7641
0.6532 0.6967 0.9068 0.9266 0.9417 1.0811 1.1260 1.0754 1.0686 1.2361 0.9991 0.9715 0.8993 0.9257 0.9133 0.7258
0.6534 0.7380 0.8537 0.9620 0.9845 1.0742 1.1066 1.0457 0.9798 1.1559 1.1217 0.9601 1.0445 0.8885 0.9419 0.7495
0.7132 0.7748 0.8064 0.8999 1.0000 1.0168 1.0663 1.0509 1.1903 1.2334 1.0313 1.0410 0.9557 1.0323 0.9616 0.8751
0.8345 0.8563 0.8593 0.9483 1.1501 1.0817 1.1728 1.1160 1.1762 1.1270 1.0677 1.0153 0.9723 0.9272 0.8540 0.8512
0.7484 0.8147 0.8532 0.9326 1.0419 1.0399 1.1540 1.1575 1.1087 1.0878 1.0986 1.0517 0.9811 0.9151 0.8298 0.9326
0.8892 0.8083 0.8693 0.9318 1.0000 1.0904 1.1904 1.1034 1.0970 1.0622 1.1500 1.0892 1.0278 0.9310 0.8496 0.9151
0.8199 0.8667 0.8735 0.8554 1.0200 1.0113 1.1365 1.0539 1.0840 1.1043 1.0467 1.0922 0.9793 1.0389 0.9118 0.8429
0.6867 0.7520 0.8508 0.9703 0.9972 1.0192 1.0620 1.1166 0.9777 1.0219 1.1758 0.9700 0.9124 0.9770 1.0059 1.0094
0.7197 0.6407 0.7366 0.7999 0.9513 1.0323 1.1344 1.0373 1.0313 1.0685 1.0184 0.9652 1.0274 0.9790 0.8627 0.9630
0.7452 0.8407 0.9204 0.9865 1.1659 1.1397 1.1259 0.8857 1.0339 1.2344 1.0798 0.9714 0.9336 1.0000 1.0000 0.6929
0.9300 0.8832 0.9020 1.0037 1.1453 1.1076 1.1727 1.0247 1.1323 1.0514 1.0559 1.0326 1.0008 0.8451 0.8396 0.9626
0.9013 0.9105 0.9534 1.0150 0.9911 1.0983 1.1636 1.1243 1.0894 1.0546 1.1574 0.9372 0.9500 1.0000 0.8429 0.8185
0.6622 0.7331 0.8552 0.8946 0.9818 1.1826 1.0773 1.0720 1.0546 1.0684 1.0972 1.1335 1.0107 0.8612 0.8911 0.8152
0.6752 0.7976 0.9178 1.0009 0.9787 1.0418 1.0961 1.0396 1.0768 1.0132 0.9999 1.0579 1.0014 0.9809 0.9229 0.8706
0.8759 0.7772 0.8577 0.8857 1.0413 1.1616 0.9790 1.1704 1.1347 1.1698 1.0497 1.0442 1.1100 0.9397 0.8858 0.9183
0.7014 0.7805 0.7963 0.8258 1.0133 0.9935 1.1175 1.0050 1.0093 1.1101 1.0729 1.0513 1.0158 1.0226 0.8938 0.9132
0.6902 1.0000 0.8913 0.9288 0.9741 1.1151 1.1279 1.0391 1.0803 1.1510 1.0891 0.9024 1.0013 0.9078 0.8886 0.9029
0.8383 0.8094 0.9098 0.8435 1.0356 1.1441 0.9993 1.0841 1.0705 1.1752 1.0526 1.1377 1.0000 0.9635 0.9677 0.9242
0.8803 0.8902 0.8903 0.9536 0.9413 1.0915 1.0707 1.0432 1.0532 0.9588 1.0518 1.1189 1.0130 0.9931 1.0036 0.9504
0.6219 0.7760 0.9158 0.9826 1.0000 1.0612 1.0583 1.0628 1.0316 1.1001 1.0105 1.0654 0.9882 0.9057 1.0000 0.8176
0.8540 0.7888 0.9459 0.9352 1.0681 1.1476 1.1680 0.9431 1.0746 1.1351 1.1616 1.0340 1.0442 0.9362 0.8832 0.8429
0.7598 0.7940 0.8753 0.9489 1.2083 1.0000 1.0790 1.1838 1.0969 1.0518 1.2343 0.9439 0.9285 0.9488 0.9791 0.9745
0.8429 0.9171 0.8777 0.9509 1.0923 1.0962 1.1902 1.1811 1.1864 1.1659 1.1036 0.9724 0.9708 0.8978 0.7766 0.7797
