0.7549 0.8036 0.8921 0.9158 1.0257 1.0955 1.0386 1.1548 1.1361 1.1611 1.0141 0.9611 1.0528 1.0282 0.8803 0.8773
0.8563 0.8705 0.9821 1.0574 1.1030 1.2491 1.1921 0.9394 0.9852 0.9153 1.0881 0.9999 0.9488 0.8530 1.0112 0.7814
0.6544 0.7223 0.8971 0.9197 0.9603 1.0864 1.1027 1.0637 1.0539 1.2207 1.0056 0.9753 0.9198 0.9434 0.9478 0.7467
0.6656 0.7351 0.8664 0.9628 0.9747 1.0756 1.0910 1.0244 0.9686 1.1365 1.1196 0.9858 1.0544 0.9121 0.9604 0.7588
0.7651 0.8099 0.8369 0.9085 1.0000 1.0473 1.0893 1.0545 1.1233 1.2042 1.0014 1.0280 0.9582 1.0504 0.9803 0.8771
0.8557 0.8853 0.8892 0.9527 1.1458 1.0942 1.1663 1.0788 1.1376 1.0854 1.0453 1.0046 0.9883 0.9311 0.8703 0.8708
0.7341 0.8268 0.8859 0.9527 1.0339 1.0356 1.1418 1.1442 1.0948 1.0588 1.0787 1.0430 0.9829 0.9046 0.8424 0.9682
0.9023 0.8220 0.8788 0.9460 1.0000 1.0877 1.2109 1.0911 1.0871 1.0333 1.1334 1.0671 1.0248 0.9315 0.8554 0.9231
0.8200 0.8799 0.8753 0.8938 1.0318 1.0227 1.1466 1.0370 1.0817 1.1024 1.0457 1.0617 0.9888 1.0255 0.8933 0.8412
0.6800 0.7725 0.8732 0.9997 1.0238 1.0406 1.0614 1.1186 0.9646 1.0193 1.1368 0.9372 0.9077 0.9681 0.9958 1.0178
0.7343 0.6806 0.7716 0.8268 0.9580 1.0452 1.1370 1.0321 1.0094 1.0470 0.9983 0.9658 1.0374 1.0022 0.8912 0.9784
0.7424 0.8502 0.9069 1.0016 1.1777 1.1339 1.1337 0.8604 1.0209 1.2088 1.0799 0.9786 0.9518 1.0000 1.0000 0.6979
0.9451 0.8994 0.9387 0.9961 1.1554 1.1114 1.1462 1.0001 1.1076 1.0023 1.0775 1.0142 0.9949 0.8366 0.8311 0.9758
0.9174 0.9121 0.9768 1.0246 0.9904 1.1102 1.1597 1.1243 1.0761 1.0348 1.1278 0.9316 0.9526 1.0000 0.8321 0.8014
0.6639 0.7493 0.8603 0.9125 1.0043 1.1897 1.0935 1.0733 1.0382 1.0324 1.0832 1.1069 0.9927 0.8619 0.8991 0.8621
0.7118 0.8123 0.9184 0.9820 0.9772 1.0353 1.0750 1.0436 1.0623 0.9967 1.0113 1.0760 1.0067 0.9804 0.9473 0.8817
0.8617 0.7634 0.8763 0.8895 1.0384 1.1901 0.9673 1.1429 1.1190 1.1580 1.0472 1.0431 1.1115 0.9433 0.8962 0.9426
0.6815 0.7820 0.8048 0.8357 0.9973 0.9989 1.1042 1.0069 0.9995 1.1093 1.0899 1.0418 1.0009 1.0124 0.9400 0.9367
0.6936 1.0000 0.8934 0.9261 0.9878 1.1251 1.1299 1.0318 1.0657 1.1434 1.0823 0.9105 0.9860 0.8982 0.8980 0.9226
0.8275 0.8205 0.9506 0.8713 1.0592 1.1428 1.0021 1.0617 1.0704 1.1503 1.0148 1.1089 1.0000 0.9636 0.9823 0.9359
0.8813 0.9043 0.9154 0.9593 0.9434 1.0726 1.0432 1.0402 1.0158 0.9280 1.0381 1.1342 1.0221 1.0220 1.0296 0.9667
0.6358 0.7783 0.9147 0.9902 1.0000 1.0363 1.0402 1.0344 1.0160 1.0836 1.0142 1.0775 1.0089 0.9283 1.0000 0.8330
0.8635 0.7994 0.9769 0.9520 1.0652 1.1317 1.1454 0.9445 1.0577 1.1183 1.1476 1.0343 1.0498 0.9372 0.8981 0.8452
0.7751 0.7939 0.8889 0.9527 1.2018 1.0000 1.0693 1.1772 1.0742 1.0410 1.2272 0.9280 0.9413 0.9368 1.0090 0.9853
0.8401 0.9349 0.8871 0.9794 1.1132 1.1187 1.1868 1.1718 1.1533 1.1384 1.0619 0.9529 0.9568 0.9024 0.7795 0.7949
