1.3379 1.1940 1.0306 1.0775 0.9881 0.9347 1.0805 0.8918 1.1131 1.1325 0.8592 0.8556 0.9471 0.8351 0.8066 0.9208
1.0000 1.0675 1.3130 1.2669 1.1550 1.0100 1.0988 0.9719 0.8867 0.9073 0.8727 0.8554 0.8614 0.9069 0.8293 1.0000
1.0075 0.9033 0.9223 1.1637 0.8329 0.9498 1.0000 0.9624 0.9915 1.0415 0.9693 0.9668 1.0611 1.1670 1.0697 1.2728
1.3329 1.1880 1.1641 1.1514 1.0136 1.0609 1.0981 0.8893 0.9624 0.8791 0.9013 0.9497 0.8100 0.9223 0.8040 0.9789
1.2779 0.9703 0.8955 1.0243 0.9251 0.9790 0.9656 0.8737 0.9662 1.0636 0.9648 1.1133 0.9035 1.1350 1.0661 1.3364
1.2177 1.0961 1.0068 1.1223 0.9634 1.0609 1.0709 0.9519 0.9249 1.0063 0.9890 0.8732 0.8720 0.8447 1.0249 0.9693
1.2133 1.1227 1.0380 0.9998 0.9708 0.9488 1.0203 0.9687 0.8812 1.0399 0.9522 0.8330 0.9605 1.0901 1.0000 1.0406
1.3687 1.2419 1.1442 1.0941 1.0997 1.1089 1.0532 1.0032 1.0652 0.8863 0.8933 0.8239 0.8128 0.8087 0.7639 0.8269
0.6620 0.7139 0.8850 0.7486 0.9353 0.9661 0.8366 1.0360 1.0469 0.9344 1.0691 0.9795 1.2025 1.0225 1.2103 1.2475
1.1360 1.0028 0.9666 1.0811 0.9758 0.9626 0.9487 1.1548 0.8660 0.8816 0.9487 0.9014 1.0306 1.0020 1.0896 1.0762
0.6715 0.7271 0.8814 0.8014 0.9523 0.9552 0.8933 1.0604 0.9984 0.9434 1.0598 0.9078 1.2598 1.1035 0.9678 1.3142
1.2713 1.1558 1.1831 1.1972 1.0726 1.1009 1.1318 0.9724 0.9928 0.8719 0.8484 0.8734 0.8468 0.7998 0.8580 0.8196
1.0027 0.8338 0.8088 0.9065 0.8603 0.9120 0.8080 1.0004 0.9542 1.1186 1.1911 1.0155 1.0893 1.1852 1.1616 1.5659
1.2344 1.0964 1.1289 1.0450 0.8515 0.9988 1.0106 1.0361 0.9511 0.8802 0.9291 0.8699 0.9603 0.8835 0.9964 1.0884
1.2013 1.1662 0.9467 0.9318 1.0491 1.0440 0.9719 1.0502 0.9922 0.9237 0.9648 0.9707 0.9594 0.7927 0.7940 0.9362
1.0221 0.9646 1.0351 0.9204 0.9905 1.0480 0.9680 0.9813 1.0000 0.9110 0.9472 1.1023 1.0000 1.0142 1.0073 1.1514
0.9379 0.9274 0.9044 1.0000 0.9690 0.9237 1.0288 1.1029 1.0021 1.0190 1.0441 1.0109 1.0436 1.0837 1.2612 1.2683
1.4646 1.3551 1.0468 1.2663 0.9828 0.9812 1.1185 0.9773 0.8995 1.0000 1.0000 0.9066 1.0000 0.8572 0.9082 0.9091
1.4773 1.0069 1.2059 0.9107 0.8086 1.1119 0.9997 0.9856 1.0679 1.0302 0.9184 1.0058 0.8829 0.8804 0.9978 1.1517
1.1889 1.1536 1.1464 1.1971 0.9862 1.0431 0.9572 0.9213 0.9954 1.0221 0.8904 0.7957 0.8019 0.7555 0.5243 0.5220
1.2598 0.9400 1.0000 0.9256 1.1124 1.0445 0.9499 1.0182 0.9802 1.0310 0.9257 1.0615 0.8946 1.0484 0.9958 1.0824
0.7068 0.7312 0.9836 0.9945 1.0680 1.0094 0.9833 0.9357 0.9390 1.0803 0.9683 0.9863 1.0355 0.9998 1.0147 1.2252
1.0260 0.8716 0.9076 0.9459 0.8454 0.9215 0.8816 0.9189 1.0000 1.1273 0.9217 0.9541 1.1348 1.2746 1.3302 1.6571
1.0266 1.0873 0.9034 1.0604 0.8916 0.9773 0.9376 0.9854 1.1020 0.9005 1.0022 1.0313 0.9416 1.0471 0.5458 1.0841
1.1845 0.9933 0.9276 0.9628 0.9758 1.0143 1.0801 1.0136 1.0046 0.8951 1.0292 0.9611 1.0618 0.9383 0.9994 1.0890
