1.2836 1.1733 1.0866 1.1359 1.0192 0.9698 1.0812 0.9044 1.1421 1.1552 0.8757 0.8331 0.9269 0.7821 0.7818 0.8398
1.0000 1.0712 1.1805 1.2936 1.1232 0.9839 1.0257 0.9823 0.8745 0.9808 0.9077 0.8771 0.9184 0.9571 0.8270 1.0000
1.1451 1.0022 0.9585 1.3927 0.9005 1.0012 1.0000 0.9399 0.9863 1.0612 1.0180 0.9351 1.0355 0.9820 1.0327 1.0512
1.2817 1.1031 1.1079 1.1523 1.0266 1.0461 1.0968 0.9273 0.9960 0.9261 0.9322 0.9566 0.8659 0.9248 0.8150 0.9327
1.3828 1.0832 0.9771 1.0713 0.9351 0.9486 0.9883 0.9082 0.8208 0.9249 1.0117 1.1368 0.9296 1.1051 1.0843 1.3245
1.1402 1.1085 0.9701 1.0905 0.9379 1.0523 1.1067 0.9926 0.8316 1.0649 0.9102 0.9439 0.9105 0.8933 1.0123 1.0584
1.2614 1.1034 1.0743 1.0411 0.9729 0.9443 1.0127 0.9283 0.8855 1.0416 0.9839 0.8189 0.9869 1.0338 1.0000 1.0086
1.2362 1.2294 1.0639 1.0851 1.1013 1.0857 1.0639 1.0184 1.0925 0.9085 0.9314 0.8480 0.8235 0.7835 0.8005 0.8876
0.7061 0.7403 0.9288 0.7782 0.9195 0.9703 0.8495 1.0444 1.0612 0.9467 1.0965 1.0097 1.2206 0.9433 1.2436 1.1119
1.0219 0.9889 0.9086 1.0886 0.9902 0.9775 0.9562 1.0413 0.9037 0.9362 0.9220 0.9443 1.0827 1.0191 1.1064 1.2250
0.6245 0.7554 0.8708 0.8354 0.9205 0.9806 0.9375 1.0969 1.0343 0.9610 0.9960 0.9556 1.1690 1.1460 0.9832 1.1428
1.2340 1.1084 1.1349 1.1495 1.0530 1.1012 1.1208 0.9764 1.0081 0.8849 0.8603 0.9043 0.8833 0.8710 0.9176 0.7936
0.9819 0.9584 0.9074 1.0308 0.9783 0.8775 0.7931 1.1164 0.9347 1.0097 1.1116 0.8824 1.0458 1.1554 1.1038 1.4042
1.0803 0.9983 1.0638 0.8522 0.8925 0.9960 0.9283 1.0812 0.9678 0.9366 0.9915 0.9404 1.0609 0.9647 1.0842 1.1295
1.3089 1.1700 1.0003 0.9842 1.0589 1.0857 1.0492 1.0776 0.9646 0.7989 0.9458 0.9367 0.9206 0.7352 0.7363 0.8024
0.9456 0.9630 1.0568 0.9181 0.9469 1.0426 1.0099 0.9702 1.0000 0.8925 0.9939 0.9773 1.0000 1.0605 1.1015 1.2708
0.9579 0.9252 0.9798 1.0000 0.9559 0.9620 1.0416 0.9771 1.0034 1.0447 1.0637 1.0176 1.0337 1.0214 1.1695 1.2988
1.3722 1.3674 1.0034 1.2217 0.9490 0.9933 1.1311 0.9461 0.8981 1.0000 1.0000 0.9431 1.0000 0.8417 0.9575 0.9558
1.4080 1.0264 1.2663 0.9988 0.8352 1.1384 1.0163 1.0083 1.0634 1.0041 0.9302 0.9673 0.8735 0.8644 0.9021 1.0684
1.1231 1.0894 1.1620 1.1602 0.9873 1.0449 0.9547 0.9788 1.0522 1.0709 0.9034 0.8466 0.8409 0.7560 0.5489 0.5217
1.3688 0.9690 1.0000 0.9666 1.1386 1.0850 0.9313 1.0128 0.9837 0.9451 0.9314 1.0650 0.9460 1.0854 1.0062 0.9723
0.5961 0.7161 0.9863 0.9980 0.9954 0.9961 0.9969 0.9654 0.9878 1.0278 0.9845 1.0787 1.0698 0.9523 0.9685 1.2487
1.0579 0.8874 0.9287 0.8779 0.8651 0.9179 0.8789 0.9560 1.0000 1.1947 0.9684 0.9605 1.0993 1.2447 1.1910 1.2139
1.0194 0.9942 0.8337 1.0229 0.8890 0.9852 0.9211 0.9267 1.1183 0.9754 1.0193 1.0895 0.9987 1.0182 0.5458 1.1077
1.4220 1.1411 1.0644 1.1312 1.0943 1.0606 1.1251 1.0185 0.9668 0.8401 1.0096 0.8674 0.9779 0.8458 0.8213 0.9333
