0.8422 0.9057 0.9335 0.9408 1.0163 1.1190 1.0315 1.1788 1.1562 1.1372 1.0183 0.8853 1.0712 1.0254 0.8495 0.8943
0.9511 0.9403 1.0677 1.0973 1.1681 1.2570 1.2304 0.8647 0.9246 0.8663 1.0780 0.9638 0.9301 0.8252 0.9593 0.7386
0.6920 0.8032 0.9439 0.9884 1.0181 1.1375 1.1001 1.0888 1.0636 1.2258 0.9853 0.9352 0.9214 0.9128 0.8962 0.6641
0.7024 0.7952 0.9037 1.0018 1.0063 1.0955 1.1197 1.0184 0.9788 1.1352 1.1433 0.9619 1.0117 0.8988 0.8904 0.6919
0.7923 0.8900 0.8975 0.9124 1.0000 1.0963 1.1771 1.0573 1.0947 1.2506 1.0104 0.9975 0.9538 1.0349 0.9324 0.8282
0.8808 0.9392 0.9487 0.9892 1.1530 1.1290 1.1638 0.9899 1.2035 1.1016 1.0582 0.9554 0.9642 0.9076 0.8161 0.8012
0.7706 0.8958 0.9313 0.9551 1.0451 1.0379 1.1374 1.1322 1.1244 1.0627 1.0911 1.0489 0.9454 0.8483 0.8063 0.9317
0.9755 0.8390 0.9094 0.9689 1.0000 1.1087 1.1672 1.0483 1.1125 1.0732 1.1226 1.0487 1.0451 0.9171 0.7921 0.8469
0.8374 0.9356 0.8862 0.9516 1.0485 0.9974 1.1645 1.0143 1.1433 1.1214 1.0496 1.0277 0.9600 1.0260 0.8505 0.7652
0.7490 0.8263 0.9531 1.0667 1.0504 1.1026 1.0800 1.1749 0.9339 1.0420 1.1353 0.8519 0.8502 0.9833 0.9563 0.9272
0.8181 0.7546 0.8632 0.8765 1.0465 1.1119 1.2059 1.0782 1.0484 1.1164 1.0253 1.0124 1.0390 0.9594 0.8480 0.8864
0.7866 0.8785 0.9074 1.0310 1.1337 1.1066 1.1345 0.9139 1.0003 1.2135 1.0275 0.9462 0.9173 1.0000 1.0000 0.5949
0.9494 0.8870 0.9393 1.0072 1.1687 1.0756 1.0961 0.9162 1.0939 1.0168 1.0494 0.9326 1.0122 0.7839 0.7517 0.9219
0.9311 0.9816 0.9829 0.9856 0.9801 1.1448 1.1587 1.0476 1.0613 1.0005 1.0976 0.9111 0.9138 1.0000 0.8016 0.7661
0.6866 0.7988 0.8765 0.9288 1.0463 1.2119 1.0833 1.0620 1.0400 1.0553 1.1386 1.1182 1.0129 0.8169 0.8810 0.7902
0.7850 0.9275 0.9595 1.0702 1.0188 1.0519 1.1057 1.0299 1.0645 0.9843 1.0147 1.0402 0.9563 0.9089 0.8695 0.8023
0.9334 0.7563 0.8698 0.8565 1.1347 1.2664 0.9903 1.1783 1.0629 1.1727 1.0034 1.0172 1.1286 0.8929 0.8358 0.8768
0.7167 0.8963 0.8330 0.8299 1.0676 0.9984 1.1618 1.0858 1.0347 1.1451 1.1161 1.0130 0.9901 0.9673 0.9197 0.8920
0.7534 1.0000 0.9461 0.9187 0.9762 1.1780 1.1551 1.0422 1.0415 1.1422 1.1103 0.9086 0.9504 0.8931 0.8812 0.8489
0.8989 0.8908 1.0162 0.9150 1.0919 1.2198 0.9680 1.0958 1.0960 1.1437 0.9639 1.0944 1.0000 0.8967 0.9019 0.7931
0.9410 0.9618 0.9384 0.9931 0.9272 1.1266 1.0773 1.0737 1.0471 0.9593 1.0401 1.1153 0.9860 0.9753 0.9517 0.8190
0.6615 0.8132 0.9562 1.0039 1.0000 1.0260 1.0376 1.0315 1.0216 1.0777 0.9716 1.0355 0.9692 0.8656 1.0000 0.7568
0.8096 0.8050 1.0156 1.0385 1.0614 1.1627 1.1551 0.9169 1.1011 1.1691 1.1533 1.0271 1.0685 0.8952 0.8310 0.8029
0.8604 0.8269 0.8883 0.9817 1.2496 1.0000 1.1045 1.1887 1.0857 1.0253 1.1482 0.9299 0.9415 0.8747 0.9497 0.9422
0.8414 0.9921 0.8638 1.0198 1.1189 1.0933 1.1735 1.1669 1.1445 1.1436 1.0296 0.9541 0.9287 0.8355 0.7126 0.6790
