0.7550 0.7989 0.8742 0.8879 1.0355 1.0982 1.0517 1.1558 1.1744 1.1841 1.0453 1.0065 1.0236 0.9902 0.8555 0.8587
0.8748 0.8707 0.9732 1.0551 1.0981 1.2217 1.2249 0.9602 1.0413 0.9353 1.0985 0.9862 0.9168 0.8535 0.9649 0.7466
0.6638 0.7135 0.8925 0.9175 0.9569 1.0871 1.1420 1.0856 1.0705 1.2280 1.0111 0.9820 0.9021 0.9095 0.8900 0.7269
0.6939 0.7581 0.8701 0.9546 0.9790 1.0857 1.0995 1.0263 0.9897 1.1575 1.1476 0.9726 1.0215 0.8773 0.9200 0.7275
0.7541 0.7947 0.8250 0.9188 1.0000 1.0331 1.1293 1.0620 1.1811 1.1656 1.0344 1.0255 0.9155 1.0239 0.9135 0.7886
0.8318 0.8571 0.8862 0.9658 1.1401 1.0555 1.1868 1.1352 1.1768 1.1289 1.0592 1.0152 0.9662 0.9185 0.8499 0.8386
0.7647 0.8085 0.8606 0.9497 1.0366 1.0668 1.1622 1.1725 1.0902 1.1018 1.0957 1.0440 0.9607 0.8987 0.8258 0.9338
0.8740 0.8117 0.8570 0.9522 1.0000 1.1063 1.2076 1.1371 0.9998 1.0656 1.1809 1.1117 1.0042 0.9291 0.8262 0.9013
0.8389 0.8739 0.8551 0.8985 1.0191 1.0126 1.1319 1.0542 1.1055 1.1301 1.0653 1.0959 0.9630 1.0242 0.8727 0.8293
0.6835 0.8019 0.8807 1.0252 1.0064 1.0333 1.0737 1.0975 1.0269 1.0603 1.1583 1.0037 0.8870 0.9550 0.9388 0.9302
0.7435 0.6589 0.7552 0.8120 0.9334 1.0339 1.1482 1.0392 1.0521 1.0674 1.0264 0.9545 0.9924 0.9695 0.8462 1.0072
0.7360 0.8293 0.9223 0.9992 1.1506 1.1225 1.1356 0.8729 1.0392 1.1959 1.0972 0.9697 0.9185 1.0000 1.0000 0.6907
0.9399 0.9088 0.9482 1.0340 1.1603 1.1425 1.1556 1.0627 1.1176 1.0479 1.0683 0.9935 0.9644 0.8412 0.8032 0.9022
0.9233 0.9158 0.9585 1.0231 1.0146 1.1032 1.1733 1.1406 1.1054 1.0542 1.1571 0.9388 0.9156 1.0000 0.7755 0.7787
0.7094 0.7496 0.8863 0.8976 1.0107 1.1752 1.0592 1.0416 1.0249 1.0730 1.1526 1.1421 1.0261 0.8456 0.8220 0.7443
0.7226 0.8394 0.9595 1.0424 0.9888 1.0437 1.0777 1.0455 1.0837 0.9930 1.0247 1.0492 0.9886 0.9617 0.8957 0.8511
0.8541 0.7996 0.8779 0.9022 1.0431 1.1635 1.0185 1.1493 1.1444 1.1850 1.0801 1.0376 1.0911 0.9082 0.8708 0.8694
0.6984 0.7783 0.7946 0.8048 1.0122 1.0093 1.1205 1.0007 1.0112 1.1138 1.0871 1.0365 1.0096 0.9899 0.8587 0.8645
0.6921 1.0000 0.8803 0.9289 0.9913 1.1685 1.1438 1.0864 1.0757 1.1692 1.1169 0.9162 0.9616 0.8870 0.8374 0.8489
0.8784 0.8576 0.9498 0.8601 1.0594 1.1206 0.9763 1.0718 1.0739 1.1592 1.0559 1.1142 1.0000 0.9419 0.9174 0.8908
0.8673 0.8861 0.8944 0.9844 0.9707 1.1238 1.0851 1.0472 1.0330 0.9988 1.0923 1.1297 1.0126 0.9813 0.9557 0.8709
0.6380 0.7668 0.9221 0.9887 1.0000 1.0816 1.0483 1.0701 1.0417 1.1132 1.0409 1.0328 0.9978 0.8812 1.0000 0.7755
0.8521 0.8203 0.9492 0.9522 1.0816 1.1972 1.1697 0.9666 1.0845 1.1418 1.1719 1.0201 1.0073 0.9293 0.8565 0.7997
0.7614 0.7862 0.8701 0.9433 1.2283 1.0000 1.1002 1.1825 1.1122 1.0692 1.2371 0.9749 0.9411 0.9279 0.9139 0.9128
0.8930 0.9509 0.9204 0.9941 1.0975 1.1128 1.1749 1.1439 1.1970 1.1635 1.0909 0.9587 0.9260 0.9041 0.7460 0.7157
