1.3970 1.2166 1.0497 1.0907 0.9758 0.9341 1.0715 0.8897 1.0990 1.1132 0.8267 0.8288 0.9285 0.8481 0.7926 0.9355
1.0000 1.1060 1.3765 1.2827 1.1292 1.0198 1.1088 0.9660 0.8802 0.9082 0.8590 0.8335 0.8438 0.8885 0.8207 1.0000
1.0151 0.9194 0.8244 1.1837 0.8209 0.9452 1.0000 0.9492 0.9822 1.0457 0.9475 0.9566 1.0649 1.2039 1.0965 1.2860
1.3602 1.2152 1.1900 1.1445 1.0785 1.0551 1.0873 0.9153 0.9460 0.8648 0.8693 0.9415 0.8184 0.9326 0.7955 1.0115
1.2166 0.9631 0.8936 1.0194 0.9545 1.0154 1.0036 0.8971 1.0395 1.1174 0.9321 1.0759 0.8836 1.0651 1.0308 1.2710
1.2530 1.0841 1.0250 1.1540 0.9858 1.0710 1.0548 0.9634 0.9456 0.9938 1.0098 0.8477 0.8647 0.8259 0.9910 0.9225
1.1964 1.1054 1.0421 0.9964 0.9496 0.9546 1.0283 0.9733 0.8865 1.0463 0.9602 0.8292 0.9658 1.0721 1.0000 1.0727
1.3606 1.2184 1.1698 1.1137 1.1421 1.1205 1.0730 1.0202 1.0704 0.9029 0.8863 0.8181 0.7920 0.7847 0.7471 0.7908
0.6462 0.6893 0.8824 0.7268 0.9206 0.9355 0.8137 1.0153 0.9958 0.8816 1.0297 0.9511 1.1820 1.0126 1.1827 1.2873
1.1949 1.0448 1.0194 1.0939 0.9977 0.9586 0.9389 1.2082 0.8617 0.8517 0.9349 0.8761 0.9989 0.9839 1.0793 1.0183
0.7186 0.7467 0.9015 0.8064 0.9792 0.9672 0.9032 1.0142 0.9852 0.9598 1.1164 0.9107 1.2638 1.0977 0.9564 1.3568
1.2973 1.1607 1.1966 1.2337 1.1014 1.1221 1.1365 0.9734 1.0026 0.8708 0.8234 0.8709 0.8510 0.7930 0.8185 0.7811
0.9907 0.8084 0.7959 0.8924 0.8531 0.9268 0.8542 1.0794 0.9543 1.1292 1.2192 0.9878 1.1072 1.2092 1.1781 1.4891
1.2621 1.0917 1.1567 1.0695 0.8597 1.0212 1.0514 1.0266 0.9402 0.8585 0.9214 0.8597 0.9752 0.8538 0.9947 1.0556
1.1298 1.1547 0.9225 0.9061 1.0381 1.0518 0.9841 1.0511 1.0116 0.9643 0.9606 0.9925 0.9815 0.8108 0.7852 0.9920
1.0635 0.9083 1.1237 0.9194 1.0355 1.0473 0.9807 0.9904 1.0000 0.8934 0.9212 1.0995 1.0000 0.9749 0.9693 1.0989
0.9338 0.9187 0.9243 1.0000 1.0175 0.9357 1.0444 1.1458 0.9892 0.9922 1.0240 0.9716 1.0347 1.0515 1.2404 1.2505
1.5455 1.4153 1.0995 1.2995 0.9875 1.0098 1.1306 0.9808 0.9102 1.0000 1.0000 0.8809 1.0000 0.8282 0.8874 0.8796
1.5400 1.0145 1.1945 0.9116 0.8044 1.1040 1.0015 0.9838 1.0854 1.0474 0.9045 1.0115 0.8966 0.8764 0.9950 1.1745
1.1637 1.1226 1.1570 1.2092 0.9839 1.0533 0.9515 0.9081 0.9879 1.0287 0.9158 0.8100 0.8446 0.7983 0.5360 0.5448
1.3019 1.0141 1.0000 0.9531 1.2055 1.1526 0.9330 1.0244 0.9755 1.0552 0.8955 1.0032 0.8922 1.0177 0.9213 1.0710
0.7563 0.7649 0.9983 1.0150 1.1133 1.0176 0.9985 0.9834 0.9445 1.0920 0.9789 0.9766 0.9935 0.9632 0.9517 1.1553
1.0420 0.8835 0.9682 1.0038 0.8694 0.9306 0.8705 0.9080 1.0000 1.1231 0.9265 0.9539 1.1692 1.3285 1.3712 1.7639
1.0480 1.1199 0.9094 1.0564 0.9059 1.0014 0.9674 1.0342 1.1121 0.8940 0.9723 1.0211 0.9108 1.0328 0.5458 1.0411
1.0333 0.8581 0.8648 0.8946 0.9231 0.9621 1.0799 1.0019 0.9611 0.8906 1.0058 1.0094 1.1361 1.0004 1.0946 1.2315
