0.7332 0.7852 0.8594 0.8840 1.0247 1.0833 1.0534 1.1850 1.1532 1.1836 1.0237 1.0043 1.0292 1.0183 0.8593 0.8659
0.8327 0.8400 0.9562 1.0385 1.0876 1.2341 1.2105 0.9679 1.0143 0.9579 1.1130 1.0017 0.9434 0.8552 0.9818 0.7647
0.6530 0.6964 0.9041 0.9099 0.9484 1.0864 1.1252 1.0768 1.0851 1.2428 0.9938 0.9768 0.9080 0.9144 0.9124 0.7251
0.6510 0.7329 0.8498 0.9560 0.9850 1.0725 1.1119 1.0461 0.9866 1.1599 1.1299 0.9699 1.0348 0.8931 0.9276 0.7641
0.7161 0.7491 0.7968 0.8990 1.0000 0.9966 1.0900 1.0658 1.1862 1.2426 1.0471 1.0388 0.9664 1.0427 0.9505 0.8557
0.8225 0.8431 0.8536 0.9385 1.1380 1.0821 1.1722 1.1064 1.1790 1.1290 1.0664 1.0225 0.9866 0.9325 0.8621 0.8642
0.7390 0.8130 0.8574 0.9219 1.0289 1.0283 1.1665 1.1498 1.1072 1.0706 1.0931 1.0473 0.9903 0.9292 0.8380 0.9583
0.8698 0.7983 0.8613 0.9380 1.0000 1.0844 1.1973 1.1083 1.0991 1.0737 1.1401 1.0967 1.0309 0.9282 0.8518 0.9186
0.8079 0.8730 0.8613 0.8570 1.0227 1.0130 1.1347 1.0393 1.1031 1.1216 1.0482 1.0933 0.9842 1.0278 0.9045 0.8314
0.6888 0.7607 0.8495 0.9543 0.9951 1.0062 1.0578 1.1102 0.9859 1.0392 1.1731 0.9743 0.9080 0.9764 1.0030 1.0178
0.7193 0.6555 0.7344 0.7977 0.9363 1.0337 1.1325 1.0245 1.0234 1.0787 1.0239 0.9687 1.0153 0.9857 0.8642 0.9632
0.7455 0.8396 0.9181 0.9794 1.1613 1.1285 1.1278 0.8766 1.0363 1.2361 1.0756 0.9815 0.9510 1.0000 1.0000 0.7099
0.9221 0.8781 0.8939 1.0054 1.1423 1.0838 1.1662 1.0238 1.1247 1.0483 1.0751 1.0371 1.0072 0.8534 0.8440 0.9619
0.8928 0.8983 0.9539 1.0018 0.9967 1.1069 1.1746 1.1328 1.0960 1.0582 1.1685 0.9360 0.9456 1.0000 0.8413 0.8063
0.6629 0.7308 0.8438 0.9000 0.9966 1.1575 1.0794 1.0463 1.0597 1.0807 1.1022 1.1178 0.9936 0.8823 0.9055 0.8330
0.6738 0.7899 0.9214 0.9867 0.9866 1.0348 1.0938 1.0327 1.0929 1.0094 1.0069 1.0656 1.0048 0.9726 0.9168 0.8721
0.8773 0.7623 0.8756 0.8837 1.0192 1.1512 0.9899 1.1873 1.1494 1.1891 1.0527 1.0314 1.1051 0.9387 0.8836 0.9038
0.6903 0.7631 0.7833 0.8153 1.0086 1.0024 1.1289 0.9936 0.9981 1.0923 1.0899 1.0616 1.0175 1.0372 0.8935 0.9124
0.6939 1.0000 0.8823 0.9157 0.9736 1.1341 1.1147 1.0531 1.0849 1.1608 1.0771 0.9132 0.9973 0.9084 0.8858 0.9013
0.8238 0.8100 0.9137 0.8413 1.0359 1.1400 1.0123 1.0667 1.0723 1.1834 1.0540 1.1231 1.0000 0.9736 0.9626 0.9314
0.8657 0.8755 0.8762 0.9527 0.9465 1.0889 1.0690 1.0588 1.0458 0.9673 1.0625 1.1194 1.0082 0.9851 1.0129 0.9551
0.6131 0.7693 0.9076 0.9693 1.0000 1.0662 1.0654 1.0707 1.0402 1.0929 1.0251 1.0648 0.9898 0.9096 1.0000 0.8074
0.8547 0.7895 0.9520 0.9505 1.0617 1.1628 1.1761 0.9570 1.0864 1.1315 1.1556 1.0189 1.0269 0.9282 0.8809 0.8242
0.7614 0.7862 0.8677 0.9456 1.2228 1.0000 1.0821 1.1906 1.1107 1.0693 1.2343 0.9428 0.9362 0.9274 0.9619 0.9622
0.8238 0.9228 0.8766 0.9529 1.0765 1.0926 1.1679 1.1961 1.1910 1.1744 1.1022 0.9895 0.9804 0.8964 0.7899 0.7606
