0.7493 0.8027 0.8770 0.8808 1.0213 1.1045 1.0745 1.1647 1.1711 1.1921 1.0492 1.0124 1.0088 0.9984 0.8553 0.8472
0.8591 0.8652 0.9829 1.0500 1.0936 1.2276 1.2186 0.9598 1.0517 0.9546 1.1106 0.9790 0.9244 0.8559 0.9456 0.7405
0.6691 0.6887 0.9117 0.9041 0.9517 1.0753 1.1431 1.0702 1.0850 1.2407 1.0415 0.9849 0.8899 0.9117 0.8787 0.7319
0.6833 0.7669 0.8566 0.9530 0.9692 1.0721 1.1202 1.0444 1.0151 1.1804 1.1464 0.9645 1.0158 0.8899 0.8908 0.7397
0.7281 0.7758 0.8418 0.8931 1.0000 1.0132 1.0865 1.0699 1.1604 1.2188 1.0633 1.0643 0.9681 1.0153 0.9352 0.7870
0.8135 0.8466 0.8683 0.9561 1.1251 1.0650 1.1910 1.1539 1.1821 1.1337 1.0805 1.0146 0.9545 0.9223 0.8393 0.8433
0.7729 0.8048 0.8540 0.9328 1.0220 1.0746 1.1700 1.1844 1.0984 1.1120 1.1060 1.0538 0.9636 0.9124 0.8142 0.9126
0.8649 0.8015 0.8544 0.9456 1.0000 1.1128 1.2160 1.1568 1.0164 1.0586 1.1836 1.1104 1.0140 0.9199 0.8227 0.9030
0.8298 0.8641 0.8619 0.8991 1.0193 1.0115 1.1257 1.0643 1.0967 1.1271 1.0734 1.1068 0.9571 1.0187 0.8634 0.8384
0.6761 0.7827 0.8662 0.9804 0.9908 1.0521 1.1027 1.0953 1.0313 1.0676 1.1927 0.9998 0.9034 0.9789 0.9392 0.8962
0.7334 0.6516 0.7412 0.7822 0.9279 1.0144 1.1333 1.0513 1.0577 1.0715 1.0479 0.9628 0.9959 0.9607 0.8286 1.0221
0.7349 0.8180 0.9101 0.9903 1.1479 1.1174 1.1416 0.8911 1.0702 1.1979 1.0883 0.9679 0.9317 1.0000 1.0000 0.6986
0.9333 0.8981 0.9300 1.0197 1.1414 1.1599 1.1726 1.0420 1.1328 1.0424 1.0779 1.0117 0.9569 0.8323 0.8053 0.8953
0.8998 0.9180 0.9660 1.0150 1.0070 1.1011 1.1776 1.1433 1.1113 1.0614 1.1439 0.9477 0.9081 1.0000 0.8005 0.7750
0.7173 0.7388 0.8797 0.9221 1.0143 1.1653 1.0642 1.0318 1.0386 1.0747 1.1777 1.1707 1.0400 0.8478 0.8214 0.7480
0.7045 0.8238 0.9472 1.0288 0.9788 1.0644 1.0792 1.0547 1.0835 0.9970 1.0260 1.0595 0.9890 0.9597 0.8999 0.8421
0.8479 0.7982 0.8666 0.8938 1.0298 1.1591 1.0221 1.1497 1.1392 1.2007 1.0894 1.0426 1.0808 0.9188 0.8732 0.8796
0.7176 0.7660 0.7932 0.8057 1.0031 0.9916 1.1207 1.0119 1.0084 1.1126 1.0856 1.0386 0.9993 1.0149 0.8572 0.8562
0.6928 1.0000 0.8789 0.9279 0.9780 1.1523 1.1522 1.1064 1.0714 1.1776 1.1190 0.9188 0.9615 0.8972 0.8339 0.8448
0.8525 0.8454 0.9058 0.8529 1.0420 1.1275 0.9846 1.0843 1.0895 1.1880 1.0872 1.1348 1.0000 1.0047 0.9121 0.9107
0.8761 0.8658 0.8857 0.9793 0.9645 1.1052 1.0840 1.0540 1.0621 1.0150 1.0779 1.1292 1.0195 0.9867 0.9582 0.8785
0.6136 0.7621 0.9038 0.9796 1.0000 1.0691 1.0525 1.0715 1.0696 1.1149 1.0176 1.0485 1.0037 0.8995 1.0000 0.7937
0.8921 0.8101 0.9360 0.9559 1.0705 1.1969 1.1932 0.9799 1.0902 1.1503 1.1794 1.0109 1.0149 0.9214 0.8408 0.7975
0.7602 0.7886 0.8659 0.9332 1.2171 1.0000 1.1010 1.1960 1.1176 1.0854 1.2365 0.9810 0.9483 0.9281 0.9295 0.9079
0.8737 0.9252 0.8958 0.9612 1.1007 1.0922 1.1713 1.1577 1.1998 1.1662 1.0831 0.9743 0.9748 0.9110 0.7541 0.7447
