0.7353 0.7908 0.8597 0.8886 1.0333 1.0785 1.0604 1.1713 1.1900 1.1658 1.0443 1.0103 1.0343 1.0084 0.8624 0.8610
0.8515 0.8366 0.9462 1.0313 1.0919 1.2187 1.2048 0.9871 1.0612 0.9816 1.1144 0.9987 0.9247 0.8469 0.9679 0.7438
0.6628 0.7019 0.9104 0.9092 0.9634 1.0787 1.1530 1.0777 1.0956 1.2350 1.0110 0.9669 0.9052 0.9178 0.8648 0.7226
0.6843 0.7497 0.8633 0.9573 0.9745 1.0884 1.1234 1.0462 0.9957 1.1658 1.1351 0.9643 1.0216 0.8793 0.9066 0.7461
0.7044 0.7899 0.8135 0.8814 1.0000 1.0259 1.0887 1.0849 1.1699 1.2255 1.0831 1.0270 0.9722 1.0246 0.9181 0.8163
0.8377 0.8498 0.8779 0.9507 1.1283 1.0905 1.1525 1.1402 1.1619 1.1157 1.0705 1.0202 0.9496 0.9468 0.8520 0.8425
0.7691 0.7995 0.8629 0.9457 1.0193 1.0553 1.1694 1.1647 1.1005 1.0894 1.1067 1.0672 0.9741 0.9105 0.8228 0.9133
0.8724 0.8029 0.8545 0.9529 1.0000 1.1214 1.2285 1.1104 1.0574 1.0742 1.1538 1.1075 1.0072 0.9116 0.8263 0.9017
0.8313 0.8647 0.8533 0.8832 1.0138 1.0256 1.1352 1.0349 1.0878 1.1421 1.0593 1.1061 0.9718 1.0261 0.8780 0.8325
0.6876 0.7489 0.8537 0.9638 0.9955 1.0452 1.0770 1.1139 1.0127 1.0308 1.1666 0.9928 0.9158 0.9787 0.9447 0.9458
0.7343 0.6555 0.7585 0.7972 0.9594 1.0342 1.1130 1.0444 1.0421 1.0620 1.0299 0.9726 1.0068 0.9786 0.8596 0.9440
0.7420 0.8296 0.9146 0.9798 1.1461 1.1061 1.1089 0.9112 1.0649 1.2127 1.1036 0.9592 0.9281 1.0000 1.0000 0.6823
0.9450 0.8832 0.8975 1.0215 1.1141 1.1214 1.1850 1.0538 1.1292 1.0486 1.0604 1.0135 0.9827 0.8453 0.8259 0.9222
0.9130 0.9059 0.9601 1.0080 1.0055 1.1016 1.1340 1.1421 1.1240 1.0582 1.1679 0.9564 0.9211 1.0000 0.8141 0.7856
0.7106 0.7493 0.8588 0.8986 1.0073 1.1650 1.0682 1.0733 1.0590 1.0687 1.1519 1.1387 0.9824 0.8486 0.8635 0.7709
0.6971 0.8091 0.9219 0.9897 0.9941 1.0467 1.1041 1.0520 1.0888 1.0269 1.0254 1.0687 0.9825 0.9667 0.8985 0.8373
0.8609 0.8117 0.8798 0.9111 1.0532 1.1653 1.0087 1.1764 1.1537 1.1702 1.0644 1.0304 1.0685 0.9187 0.8676 0.8533
0.7152 0.7597 0.7899 0.8031 1.0088 1.0198 1.1119 1.0121 1.0103 1.1033 1.0646 1.0488 1.0028 1.0276 0.8609 0.8828
0.7273 1.0000 0.9012 0.9225 0.9836 1.1559 1.1349 1.0975 1.0834 1.1521 1.0718 0.9185 0.9574 0.9166 0.8428 0.8608
0.8508 0.8386 0.9405 0.8758 1.0221 1.1533 1.0044 1.0828 1.0788 1.1757 1.0749 1.1090 1.0000 0.9882 0.9272 0.8915
0.8686 0.8794 0.8819 0.9764 0.9861 1.1229 1.0820 1.0649 1.0328 1.0200 1.0793 1.1341 0.9908 0.9808 0.9752 0.8630
0.6321 0.7637 0.8958 0.9567 1.0000 1.0781 1.0718 1.0780 1.0654 1.1019 1.0262 1.0229 0.9735 0.9083 1.0000 0.8113
0.8869 0.8071 0.9242 0.9297 1.0783 1.1733 1.1929 0.9852 1.1046 1.1671 1.1605 1.0135 1.0160 0.9202 0.8475 0.8003
0.7487 0.7900 0.8755 0.9292 1.2148 1.0000 1.0840 1.1940 1.1078 1.0835 1.2453 0.9605 0.9327 0.9351 0.9493 0.9340
0.8733 0.9130 0.8983 0.9611 1.0775 1.1052 1.1407 1.1789 1.1680 1.1687 1.1009 1.0027 0.9623 0.9086 0.7909 0.7747
