0.7469 0.8003 0.8890 0.9119 1.0277 1.0975 1.0447 1.1550 1.1392 1.1604 1.0099 0.9521 1.0521 1.0245 0.8808 0.8746
0.8549 0.8626 0.9778 1.0578 1.1079 1.2578 1.1961 0.9382 0.9798 0.9087 1.0887 0.9944 0.9474 0.8503 1.0129 0.7798
0.6526 0.7249 0.8967 0.9182 0.9658 1.0880 1.0996 1.0632 1.0506 1.2172 1.0082 0.9739 0.9116 0.9401 0.9464 0.7456
0.6639 0.7388 0.8695 0.9717 0.9818 1.0807 1.0949 1.0267 0.9708 1.1324 1.1163 0.9831 1.0402 0.9021 0.9517 0.7498
0.7632 0.8045 0.8327 0.9102 1.0000 1.0535 1.0898 1.0549 1.1185 1.2085 1.0060 1.0237 0.9532 1.0544 0.9718 0.8702
0.8558 0.8906 0.8897 0.9526 1.1470 1.0967 1.1718 1.0781 1.1340 1.0826 1.0484 1.0028 0.9893 0.9250 0.8666 0.8697
0.7319 0.8279 0.8866 0.9508 1.0397 1.0421 1.1366 1.1414 1.0934 1.0549 1.0815 1.0464 0.9791 0.9049 0.8417 0.9723
0.9035 0.8253 0.8787 0.9489 1.0000 1.0868 1.2120 1.0891 1.0850 1.0325 1.1276 1.0675 1.0211 0.9355 0.8570 0.9305
0.8136 0.8793 0.8731 0.8968 1.0343 1.0243 1.1500 1.0353 1.0802 1.1011 1.0469 1.0544 0.9872 1.0260 0.8934 0.8439
0.6743 0.7667 0.8731 0.9926 1.0219 1.0351 1.0612 1.1120 0.9578 1.0093 1.1356 0.9362 0.9073 0.9759 1.0042 1.0316
0.7280 0.6751 0.7637 0.8174 0.9514 1.0355 1.1298 1.0238 0.9971 1.0401 0.9953 0.9585 1.0363 1.0008 0.8926 0.9968
0.7427 0.8476 0.9008 0.9955 1.1763 1.1331 1.1341 0.8646 1.0271 1.2107 1.0910 0.9833 0.9556 1.0000 1.0000 0.7078
0.9477 0.8986 0.9428 0.9964 1.1643 1.1097 1.1484 0.9992 1.1075 1.0114 1.0870 1.0174 1.0002 0.8365 0.8361 0.9837
0.9180 0.9152 0.9790 1.0197 0.9946 1.1166 1.1660 1.1243 1.0732 1.0360 1.1305 0.9368 0.9529 1.0000 0.8310 0.8051
0.6559 0.7449 0.8575 0.9044 1.0066 1.1944 1.0945 1.0751 1.0296 1.0283 1.0770 1.1027 0.9885 0.8681 0.9064 0.8644
0.7103 0.8064 0.9144 0.9804 0.9725 1.0379 1.0793 1.0459 1.0652 0.9940 1.0089 1.0749 1.0068 0.9797 0.9477 0.8894
0.8651 0.7588 0.8709 0.8882 1.0399 1.1966 0.9723 1.1505 1.1175 1.1551 1.0462 1.0442 1.1083 0.9419 0.8948 0.9447
0.6748 0.7823 0.7975 0.8336 0.9961 0.9978 1.1102 1.0036 0.9947 1.1083 1.0884 1.0442 1.0030 1.0134 0.9319 0.9298
0.6952 1.0000 0.8942 0.9321 0.9896 1.1240 1.1273 1.0334 1.0672 1.1451 1.0835 0.9067 0.9870 0.8974 0.8960 0.9194
0.8225 0.8119 0.9454 0.8635 1.0455 1.1337 0.9979 1.0569 1.0687 1.1477 1.0149 1.1158 1.0000 0.9677 1.0015 0.9507
0.8817 0.9083 0.9111 0.9605 0.9402 1.0736 1.0399 1.0399 1.0119 0.9252 1.0321 1.1383 1.0159 1.0228 1.0283 0.9781
0.6361 0.7781 0.9169 0.9931 1.0000 1.0351 1.0431 1.0364 1.0164 1.0843 1.0121 1.0770 1.0136 0.9300 1.0000 0.8448
0.8583 0.7945 0.9788 0.9550 1.0634 1.1382 1.1457 0.9419 1.0579 1.1212 1.1478 1.0379 1.0458 0.9312 0.8943 0.8458
0.7743 0.7922 0.8928 0.9549 1.2072 1.0000 1.0705 1.1801 1.0744 1.0391 1.2234 0.9292 0.9347 0.9340 1.0080 0.9870
0.8323 0.9314 0.8875 0.9759 1.1064 1.1205 1.1829 1.1720 1.1539 1.1333 1.0679 0.9574 0.9634 0.9109 0.7928 0.8114
