1.3965 1.2094 1.0434 1.0900 0.9708 0.9311 1.0580 0.8919 1.0989 1.1151 0.8266 0.8352 0.9316 0.8503 0.7994 0.9393
1.0000 1.1131 1.3903 1.2920 1.1377 1.0210 1.0962 0.9582 0.8727 0.9048 0.8527 0.8302 0.8526 0.8867 0.8258 1.0000
1.0081 0.8946 0.8141 1.1632 0.8174 0.9290 1.0000 0.9485 1.0025 1.0604 0.9621 0.9838 1.0515 1.2132 1.0902 1.2777
1.3801 1.2353 1.1935 1.1423 1.0715 1.0566 1.0894 0.9096 0.9452 0.8598 0.8625 0.9356 0.8163 0.9370 0.7919 1.0115
1.2478 0.9903 0.9072 1.0295 0.9551 1.0336 1.0109 0.9062 1.0387 1.1097 0.9475 1.0669 0.8634 1.0644 1.0118 1.2542
1.2599 1.0962 1.0248 1.1442 0.9896 1.0658 1.0506 0.9686 0.9429 0.9799 1.0047 0.8370 0.8591 0.8209 1.0040 0.9272
1.1939 1.1046 1.0398 0.9866 0.9434 0.9458 1.0227 0.9877 0.8811 1.0477 0.9506 0.8217 0.9661 1.0620 1.0000 1.0622
1.3719 1.2217 1.1893 1.1101 1.1428 1.1269 1.0840 0.9971 1.0653 0.8929 0.8787 0.8170 0.7887 0.7774 0.7392 0.7929
0.6477 0.6984 0.9035 0.7389 0.9272 0.9415 0.8139 1.0130 1.0029 0.8749 1.0113 0.9470 1.1836 1.0117 1.1800 1.2722
1.1753 1.0168 1.0125 1.0627 0.9912 0.9637 0.9407 1.2144 0.8777 0.8531 0.9519 0.8860 1.0028 1.0013 1.0686 1.0401
0.7133 0.7337 0.8971 0.8080 0.9701 0.9629 0.9082 1.0205 0.9763 0.9547 1.1036 0.9102 1.2676 1.1006 0.9646 1.3319
1.3025 1.1558 1.1781 1.2308 1.0949 1.1163 1.1332 0.9676 0.9922 0.8743 0.8295 0.8760 0.8468 0.7934 0.8163 0.7877
0.9990 0.8264 0.7958 0.8921 0.8459 0.9277 0.8346 1.0772 0.9564 1.1323 1.1886 1.0058 1.1100 1.2116 1.1923 1.5277
1.2737 1.1028 1.1540 1.0708 0.8542 1.0254 1.0350 1.0287 0.9400 0.8520 0.9277 0.8579 0.9706 0.8492 1.0050 1.0690
1.1281 1.1529 0.9318 0.9051 1.0343 1.0391 0.9801 1.0653 1.0012 0.9668 0.9577 0.9906 0.9866 0.8213 0.7630 0.9929
1.0707 0.9080 1.1323 0.9201 1.0593 1.0463 0.9581 0.9767 1.0000 0.8963 0.9212 1.1130 1.0000 0.9728 0.9711 1.1200
0.9344 0.9376 0.9249 1.0000 1.0202 0.9375 1.0392 1.1259 1.0466 0.9896 1.0190 0.9790 1.0408 1.0550 1.2584 1.2373
1.4883 1.3669 1.0750 1.2836 0.9766 0.9969 1.1096 0.9766 0.9212 1.0000 1.0000 0.8888 1.0000 0.8413 0.9205 0.9285
1.5516 1.0233 1.1962 0.9149 0.8054 1.1140 0.9978 0.9875 1.0873 1.0451 0.9054 1.0138 0.8922 0.8764 0.9892 1.1730
1.1612 1.1312 1.1546 1.2155 0.9759 1.0446 0.9470 0.9040 0.9929 1.0287 0.9089 0.8109 0.8525 0.7881 0.5327 0.5366
1.2786 1.0183 1.0000 0.9559 1.1621 1.1035 0.9263 1.0149 0.9758 1.0709 0.8773 1.0245 0.8557 1.0722 1.0337 1.1350
0.7775 0.7613 1.0008 1.0330 1.1361 1.0400 0.9884 0.9633 0.9251 1.0630 0.9709 0.9631 0.9783 0.9684 0.9511 1.1617
1.0436 0.8834 1.0145 1.0124 0.8732 0.9345 0.8784 0.9354 1.0000 1.1364 0.9169 0.9527 1.1689 1.3271 1.3790 1.7984
1.0494 1.1279 0.9168 1.0658 0.9068 1.0038 0.9703 1.0277 1.1132 0.8970 0.9747 1.0164 0.9172 1.0386 0.5458 1.0352
1.0384 0.8414 0.8598 0.8942 0.9148 0.9539 1.1713 1.0139 0.9625 0.8920 1.0058 1.0182 1.1403 1.0017 1.0836 1.2483
