0.7192 0.7903 0.8343 0.8756 1.0104 1.0856 1.0545 1.1821 1.1647 1.1752 1.0470 1.0295 1.0586 1.0125 0.8565 0.8585
0.8258 0.8618 0.9344 1.0311 1.0906 1.2342 1.2214 0.9737 1.0569 0.9784 1.1074 1.0069 0.9268 0.8540 0.9661 0.7434
0.6556 0.7080 0.9199 0.9160 0.9559 1.0682 1.1529 1.0926 1.0784 1.2478 1.0264 0.9518 0.8921 0.8997 0.8794 0.7154
0.6616 0.7552 0.8349 0.9482 0.9769 1.0895 1.0953 1.0421 1.0040 1.1853 1.1451 0.9547 1.0361 0.8745 0.9168 0.7640
0.7143 0.7754 0.7932 0.9067 1.0000 1.0316 1.0870 1.0777 1.1456 1.2065 1.0720 1.0296 1.0090 1.0301 0.9248 0.8261
0.8258 0.8504 0.8673 0.9402 1.1319 1.0717 1.1726 1.1399 1.1744 1.1141 1.0582 1.0334 0.9710 0.9353 0.8556 0.8443
0.7794 0.8044 0.8615 0.9443 1.0253 1.0327 1.1745 1.1668 1.1211 1.1127 1.0950 1.0505 0.9616 0.9106 0.8270 0.9149
0.8724 0.8022 0.8585 0.9412 1.0000 1.1244 1.2115 1.1312 1.0809 1.0763 1.1602 1.0810 1.0081 0.9109 0.8414 0.9010
0.8134 0.8667 0.8293 0.8904 0.9934 1.0055 1.1258 1.0284 1.1137 1.1346 1.0494 1.1241 0.9852 1.0178 0.8921 0.8433
0.6937 0.7678 0.8576 0.9549 0.9822 1.0298 1.0321 1.0891 1.0156 1.0531 1.2127 1.0037 0.9284 0.9856 0.9879 0.9792
0.7129 0.6424 0.7414 0.7879 0.9541 1.0447 1.1179 1.0626 1.0275 1.0766 1.0488 0.9514 1.0090 0.9618 0.8401 0.9717
0.7389 0.8244 0.9103 0.9550 1.1577 1.1270 1.1248 0.8925 1.0448 1.2250 1.0815 0.9606 0.9544 1.0000 1.0000 0.6993
0.9168 0.8886 0.9120 1.0195 1.1350 1.1215 1.1960 1.0479 1.1478 1.0730 1.0618 1.0346 0.9663 0.8580 0.8091 0.9133
0.8822 0.8825 0.9380 1.0044 0.9902 1.0965 1.1632 1.1539 1.1094 1.0682 1.1792 0.9555 0.9351 1.0000 0.8263 0.7979
0.7051 0.7457 0.8846 0.9148 0.9931 1.1649 1.0692 1.0662 1.0541 1.0832 1.0978 1.1302 0.9722 0.8796 0.8763 0.8150
0.6519 0.7766 0.8981 0.9515 0.9928 1.0532 1.1021 1.0617 1.0854 1.0346 1.0257 1.0461 0.9808 0.9864 0.9378 0.8518
0.8555 0.7911 0.8804 0.9001 1.0315 1.1559 1.0111 1.1827 1.1692 1.1748 1.0572 1.0343 1.0749 0.9207 0.8760 0.8829
0.7094 0.7498 0.7899 0.8089 0.9910 1.0146 1.1224 1.0040 1.0154 1.0992 1.0636 1.0493 1.0031 1.0100 0.8654 0.8854
0.6871 1.0000 0.8824 0.8954 0.9631 1.1240 1.1339 1.0971 1.0961 1.1807 1.1088 0.9312 0.9608 0.9000 0.8605 0.8606
0.8032 0.8219 0.9001 0.8366 1.0165 1.1418 1.0220 1.0775 1.0902 1.1926 1.0762 1.1387 1.0000 0.9740 0.9477 0.9437
0.8461 0.8823 0.8728 0.9799 0.9802 1.1163 1.0751 1.0633 1.0456 0.9801 1.0700 1.1230 0.9947 0.9895 0.9870 0.9101
0.6080 0.7581 0.9061 0.9688 1.0000 1.0829 1.0559 1.0806 1.0624 1.1146 1.0372 1.0265 0.9799 0.8986 1.0000 0.8026
0.8682 0.8029 0.9385 0.9510 1.0688 1.1648 1.1993 0.9846 1.0955 1.1248 1.1562 1.0190 1.0211 0.9322 0.8732 0.8078
0.7485 0.7975 0.8676 0.9381 1.2236 1.0000 1.0982 1.2034 1.1254 1.0722 1.2299 0.9497 0.9202 0.9162 0.9523 0.9475
0.8529 0.9043 0.8782 0.9476 1.0883 1.1306 1.1811 1.1950 1.2153 1.1606 1.1028 0.9644 0.9677 0.8941 0.7745 0.7334
