0.7382 0.7930 0.8540 0.8893 1.0311 1.0899 1.0537 1.1722 1.1440 1.1787 1.0268 0.9995 1.0380 1.0319 0.8487 0.8581
0.8336 0.8448 0.9598 1.0417 1.0921 1.2245 1.1965 0.9693 1.0134 0.9549 1.1075 0.9937 0.9434 0.8574 0.9936 0.7636
0.6536 0.6966 0.9063 0.9252 0.9409 1.0804 1.1246 1.0756 1.0701 1.2387 0.9991 0.9727 0.9002 0.9243 0.9129 0.7257
0.6523 0.7378 0.8538 0.9615 0.9853 1.0732 1.1073 1.0464 0.9795 1.1554 1.1224 0.9612 1.0433 0.8890 0.9401 0.7509
0.7132 0.7724 0.8056 0.9007 1.0000 1.0142 1.0676 1.0515 1.1895 1.2357 1.0347 1.0408 0.9576 1.0338 0.9620 0.8734
0.8334 0.8556 0.8592 0.9479 1.1487 1.0806 1.1714 1.1151 1.1777 1.1271 1.0673 1.0152 0.9740 0.9289 0.8553 0.8524
0.7470 0.8141 0.8529 0.9310 1.0404 1.0393 1.1553 1.1544 1.1090 1.0863 1.0987 1.0523 0.9821 0.9163 0.8310 0.9361
0.8882 0.8065 0.8698 0.9331 1.0000 1.0894 1.1912 1.1027 1.0967 1.0617 1.1483 1.0907 1.0287 0.9308 0.8503 0.9150
0.8180 0.8674 0.8709 0.8545 1.0205 1.0112 1.1357 1.0536 1.0859 1.1059 1.0477 1.0925 0.9784 1.0390 0.9127 0.8423
0.6857 0.7527 0.8494 0.9681 0.9975 1.0169 1.0633 1.1141 0.9755 1.0246 1.1741 0.9706 0.9129 0.9774 1.0067 1.0108
0.7194 0.6422 0.7361 0.8020 0.9492 1.0324 1.1333 1.0346 1.0316 1.0693 1.0186 0.9652 1.0265 0.9803 0.8631 0.9627
0.7448 0.8413 0.9197 0.9878 1.1658 1.1386 1.1268 0.8858 1.0330 1.2347 1.0775 0.9709 0.9353 1.0000 1.0000 0.6963
0.9291 0.8840 0.9015 1.0040 1.1455 1.1046 1.1711 1.0237 1.1326 1.0525 1.0573 1.0324 1.0027 0.8454 0.8404 0.9614
0.9007 0.9107 0.9527 1.0132 0.9916 1.0982 1.1643 1.1247 1.0888 1.0553 1.1595 0.9364 0.9513 1.0000 0.8424 0.8175
0.6625 0.7328 0.8534 0.8945 0.9826 1.1800 1.0790 1.0708 1.0543 1.0715 1.0967 1.1331 1.0088 0.8614 0.8923 0.8163
0.6746 0.7971 0.9189 0.9996 0.9789 1.0420 1.0964 1.0398 1.0779 1.0137 0.9999 1.0571 1.0010 0.9815 0.9213 0.8701
0.8751 0.7762 0.8597 0.8851 1.0396 1.1605 0.9802 1.1729 1.1353 1.1713 1.0501 1.0431 1.1106 0.9389 0.8857 0.9156
0.7001 0.7793 0.7949 0.8238 1.0127 0.9948 1.1185 1.0034 1.0085 1.1089 1.0735 1.0529 1.0170 1.0239 0.8926 0.9127
0.6900 1.0000 0.8908 0.9274 0.9735 1.1157 1.1283 1.0399 1.0817 1.1497 1.0885 0.9024 1.0021 0.9082 0.8890 0.9017
0.8369 0.8089 0.9095 0.8434 1.0359 1.1458 0.9988 1.0834 1.0716 1.1770 1.0519 1.1362 1.0000 0.9637 0.9669 0.9246
0.8802 0.8892 0.8892 0.9519 0.9414 1.0913 1.0719 1.0453 1.0509 0.9604 1.0515 1.1187 1.0139 0.9930 1.0032 0.9519
0.6194 0.7754 0.9158 0.9808 1.0000 1.0590 1.0596 1.0632 1.0327 1.0988 1.0117 1.0658 0.9899 0.9057 1.0000 0.8175
0.8539 0.7894 0.9461 0.9359 1.0668 1.1490 1.1693 0.9436 1.0754 1.1358 1.1619 1.0327 1.0416 0.9356 0.8837 0.8422
0.7597 0.7934 0.8757 0.9487 1.2112 1.0000 1.0779 1.1833 1.0985 1.0532 1.2345 0.9448 0.9278 0.9467 0.9776 0.9733
0.8424 0.9175 0.8777 0.9485 1.0907 1.0962 1.1892 1.1830 1.1862 1.1656 1.1042 0.9738 0.9707 0.8972 0.7781 0.7788
