1.3393 1.1843 1.0470 1.0754 0.9838 0.9539 1.0858 0.9092 1.0995 1.1488 0.8726 0.8323 0.9427 0.8139 0.7959 0.9052
1.0000 1.0755 1.2752 1.2603 1.1541 1.0236 1.0917 0.9682 0.8786 0.9319 0.8788 0.8760 0.8581 0.9187 0.8202 1.0000
1.0500 0.9206 0.9037 1.1855 0.8662 0.9510 1.0000 0.9390 0.9799 1.0445 0.9599 0.9399 1.0492 1.1160 1.0956 1.2019
1.2613 1.1819 1.1389 1.1571 1.0233 1.0862 1.1100 0.8847 0.9735 0.8944 0.9108 0.9734 0.8199 0.9187 0.7845 0.9627
1.2853 0.9823 0.9302 1.0311 0.9437 0.9856 0.9929 0.9152 0.9420 1.0315 0.9944 1.0942 0.8752 1.0929 1.0493 1.3032
1.1750 1.0965 0.9802 1.1408 0.9836 1.0882 1.0665 0.9638 0.8972 1.0332 0.9649 0.8761 0.8795 0.8529 1.0086 0.9860
1.1654 1.0902 1.0554 0.9807 0.9423 0.9346 1.0386 0.9598 0.8942 1.0697 0.9668 0.8325 0.9795 1.0855 1.0000 1.0365
1.3515 1.2275 1.1519 1.0835 1.1148 1.1020 1.0802 1.0006 1.0778 0.8938 0.9244 0.8264 0.8073 0.7638 0.7878 0.8137
0.6677 0.7089 0.9101 0.7451 0.9329 0.9598 0.8312 1.0301 1.0472 0.9106 1.0567 1.0033 1.2169 1.0041 1.2516 1.1809
1.1212 0.9795 0.9573 1.0874 1.0164 0.9669 0.9451 1.1555 0.8681 0.8927 0.9392 0.8933 1.0214 0.9995 1.1087 1.1015
0.6642 0.7141 0.8938 0.8125 0.9497 0.9900 0.9155 1.0217 0.9764 0.9561 1.0642 0.9272 1.2482 1.1073 0.9741 1.2330
1.2515 1.1186 1.1445 1.1884 1.0662 1.0997 1.1426 0.9626 1.0036 0.8945 0.8478 0.9165 0.8677 0.8056 0.8688 0.8233
1.0086 0.8794 0.8441 0.9328 0.9050 0.9222 0.7885 0.9594 0.9563 1.0044 1.1616 1.0046 1.1248 1.2139 1.1708 1.5580
1.1716 1.0887 1.0252 0.9676 0.8513 0.9908 1.0301 1.0447 0.9641 0.9048 0.9611 0.8930 1.0083 0.9052 1.0497 1.1015
1.1952 1.1590 0.9413 0.9320 1.0503 1.0466 1.0057 1.0615 1.0021 0.9121 0.9437 0.9690 0.9667 0.7716 0.7637 0.9074
1.0074 0.9533 1.0524 0.8803 0.9744 1.0657 0.9991 1.0088 1.0000 0.9294 0.9420 1.0287 1.0000 1.0114 1.0356 1.1641
0.9456 0.9185 0.8961 1.0000 0.9635 0.9148 1.0442 1.0588 0.9866 1.0258 1.0645 1.0047 1.0785 1.1092 1.2701 1.3021
1.4161 1.3410 1.0146 1.2711 0.9711 0.9945 1.1271 0.9838 0.9140 1.0000 1.0000 0.8899 1.0000 0.8423 0.9049 0.9105
1.4775 1.0166 1.1999 0.9246 0.7983 1.1124 1.0009 0.9906 1.0984 1.0220 0.9230 1.0102 0.8864 0.8811 0.9569 1.1364
1.1783 1.1247 1.1634 1.2041 1.0034 1.0495 0.9457 0.9195 0.9923 1.0215 0.9028 0.8038 0.8128 0.7532 0.5274 0.5133
1.2845 0.9464 1.0000 0.9352 1.1656 1.0844 0.9167 1.0268 0.9883 0.9919 0.9064 1.0720 0.8711 1.0552 1.0087 1.0394
0.6022 0.7336 0.9721 1.0119 1.1000 1.0186 0.9930 0.9594 0.9198 1.0738 0.9514 0.9959 1.0311 0.9618 1.0121 1.2283
1.0452 0.8539 0.9079 0.9813 0.8571 0.9504 0.8689 0.9194 1.0000 1.0935 0.9356 0.9206 1.1317 1.2536 1.3185 1.5402
1.0388 1.0611 0.8736 1.0328 0.8862 0.9830 0.9444 0.9787 1.1257 0.9204 1.0136 1.0391 0.9484 1.0294 0.5458 1.0806
1.2810 1.0969 1.0093 1.0601 1.0639 1.0462 1.0889 1.0222 1.0328 0.8875 1.0280 0.8829 0.9992 0.8820 0.8963 0.9884
