1.3674 1.2118 1.0521 1.0944 0.9890 0.9384 1.0769 0.8918 1.0988 1.1370 0.8467 0.8422 0.9289 0.8309 0.7805 0.9182
1.0000 1.0956 1.3272 1.2724 1.1396 1.0050 1.1084 0.9754 0.8698 0.9017 0.8731 0.8591 0.8609 0.8788 0.8299 1.0000
1.0044 0.8606 0.9472 1.1401 0.8388 0.9579 1.0000 0.9723 0.9816 1.0579 0.9614 0.9481 1.0445 1.1683 1.0862 1.2678
1.3272 1.2077 1.1729 1.1350 1.0122 1.0617 1.0938 0.8999 0.9650 0.8708 0.8935 0.9471 0.8117 0.9300 0.7809 0.9728
1.2148 0.9545 0.9044 1.0353 0.9547 1.0028 0.9811 0.9342 1.0234 1.0947 0.9919 1.0843 0.8877 1.0724 1.0263 1.2917
1.2167 1.0767 1.0109 1.1272 0.9661 1.0645 1.0461 0.9723 0.9339 1.0108 1.0140 0.8787 0.8817 0.8341 1.0064 0.9448
1.1866 1.0980 1.0379 0.9753 0.9378 0.9515 1.0294 0.9736 0.8890 1.0507 0.9817 0.8478 0.9878 1.0248 1.0000 1.0694
1.3742 1.2404 1.1671 1.1172 1.1513 1.1300 1.0849 1.0058 1.0684 0.9010 0.8813 0.8139 0.7872 0.7596 0.7368 0.7920
0.6459 0.7087 0.8738 0.7344 0.9341 0.9603 0.8334 1.0385 1.0288 0.9003 1.0398 0.9796 1.1951 0.9981 1.2036 1.2193
1.1582 0.9899 0.9919 1.1033 1.0098 0.9765 0.9454 1.1870 0.8943 0.8829 0.9372 0.8993 0.9811 0.9764 1.0682 1.0486
0.7051 0.7535 0.9085 0.8305 0.9835 0.9861 0.9121 1.0216 0.9671 0.9656 1.1130 0.9257 1.1747 1.1057 0.9554 1.2853
1.2642 1.1344 1.1908 1.2219 1.0785 1.1051 1.1457 0.9722 1.0037 0.8924 0.8398 0.8820 0.8470 0.7978 0.8192 0.7834
1.0004 0.8222 0.8002 0.8971 0.8525 0.9111 0.8262 1.0521 0.9670 1.1202 1.2043 1.0256 1.1229 1.1987 1.1558 1.5092
1.2299 1.0751 1.1327 1.0379 0.8456 0.9965 1.0386 1.0206 0.9459 0.8801 0.9610 0.8827 0.9799 0.8645 1.0052 1.0623
1.1686 1.1704 0.9275 0.9037 1.0461 1.0515 0.9838 1.0683 0.9956 0.9407 0.9667 0.9838 0.9610 0.8103 0.7755 0.9622
1.0499 0.9250 1.0560 0.9052 1.0020 1.0587 0.9703 0.9947 1.0000 0.9140 0.9480 1.1234 1.0000 0.9973 0.9789 1.1242
0.9258 0.9194 0.9184 1.0000 0.9812 0.9184 0.9958 1.0779 0.9909 1.0176 1.0530 1.0111 1.0670 1.1117 1.2731 1.2505
1.4816 1.3617 1.0481 1.2802 0.9826 0.9860 1.1138 0.9851 0.9129 1.0000 1.0000 0.8786 1.0000 0.8319 0.8915 0.8926
1.5311 1.0309 1.1483 0.9153 0.7953 1.1171 1.0153 0.9938 1.0669 1.0381 0.8947 1.0196 0.8972 0.8873 0.9975 1.1631
1.1553 1.1115 1.1743 1.1966 0.9858 1.0322 0.9487 0.9201 1.0015 1.0729 0.9106 0.8221 0.8137 0.7814 0.5289 0.5246
1.2219 0.9472 1.0000 0.9669 1.1479 1.0322 0.9612 1.0375 0.9760 1.0337 0.9515 1.0340 0.9396 1.0445 1.0149 1.0571
0.7412 0.7431 0.9858 1.0109 1.1009 1.0095 0.9906 0.9527 0.9209 1.0808 0.9830 0.9741 1.0128 0.9801 1.0007 1.1587
1.0083 0.8686 0.9119 0.9724 0.8587 0.9190 0.8697 0.9180 1.0000 1.1493 0.9559 0.9618 1.1825 1.2786 1.3647 1.7508
1.0255 1.0772 0.8939 1.0366 0.8989 0.9824 0.9587 1.0130 1.1076 0.8953 1.0159 1.0312 0.9459 1.0315 0.5458 1.0397
1.0929 0.9532 0.8731 0.9420 0.9399 0.9689 1.0320 0.9928 0.9861 0.8855 1.0351 0.9835 1.0982 0.9783 1.0555 1.1847
