0.8459 0.9151 0.9368 0.9419 1.0197 1.1205 1.0328 1.1802 1.1548 1.1379 1.0146 0.8842 1.0681 1.0230 0.8436 0.8886
0.9485 0.9422 1.0697 1.0988 1.1712 1.2580 1.2331 0.8642 0.9226 0.8649 1.0815 0.9655 0.9295 0.8214 0.9559 0.7362
0.6943 0.8041 0.9442 0.9902 1.0223 1.1451 1.0995 1.0895 1.0620 1.2254 0.9844 0.9316 0.9175 0.9074 0.8975 0.6617
0.7028 0.7985 0.9041 1.0019 1.0075 1.0971 1.1241 1.0189 0.9775 1.1333 1.1495 0.9587 1.0093 0.8972 0.8864 0.6875
0.7897 0.8845 0.9013 0.9131 1.0000 1.0952 1.1766 1.0601 1.0973 1.2423 1.0069 0.9951 0.9484 1.0316 0.9229 0.8413
0.8794 0.9422 0.9492 0.9951 1.1549 1.1303 1.1617 0.9882 1.2089 1.1018 1.0577 0.9557 0.9610 0.9040 0.8115 0.7967
0.7703 0.8996 0.9358 0.9546 1.0489 1.0397 1.1419 1.1327 1.1254 1.0589 1.0901 1.0457 0.9449 0.8474 0.8066 0.9232
0.9744 0.8414 0.9125 0.9723 1.0000 1.1098 1.1714 1.0494 1.1174 1.0767 1.1240 1.0478 1.0432 0.9140 0.7862 0.8415
0.8372 0.9377 0.8877 0.9528 1.0513 0.9991 1.1696 1.0147 1.1455 1.1222 1.0480 1.0237 0.9570 1.0263 0.8470 0.7601
0.7481 0.8251 0.9497 1.0637 1.0544 1.1064 1.0789 1.1771 0.9308 1.0405 1.1355 0.8518 0.8492 0.9821 0.9588 0.9291
0.8177 0.7506 0.8642 0.8743 1.0513 1.1147 1.2082 1.0772 1.0454 1.1165 1.0254 1.0150 1.0400 0.9559 0.8490 0.8824
0.7826 0.8793 0.9044 1.0313 1.1357 1.1118 1.1398 0.9157 1.0010 1.2100 1.0243 0.9474 0.9131 1.0000 1.0000 0.5920
0.9498 0.8913 0.9394 1.0104 1.1701 1.0708 1.0984 0.9142 1.0966 1.0152 1.0471 0.9347 1.0119 0.7843 0.7486 0.9175
0.9309 0.9825 0.9862 0.9876 0.9808 1.1503 1.1600 1.0479 1.0595 0.9981 1.0978 0.9084 0.9143 1.0000 0.7947 0.7572
0.6862 0.7983 0.8736 0.9241 1.0473 1.2170 1.0815 1.0616 1.0358 1.0552 1.1415 1.1234 1.0111 0.8219 0.8801 0.7881
0.7826 0.9237 0.9605 1.0764 1.0215 1.0491 1.1076 1.0270 1.0693 0.9826 1.0114 1.0406 0.9563 0.9051 0.8676 0.7992
0.9337 0.7557 0.8716 0.8550 1.1359 1.2702 0.9898 1.1853 1.0635 1.1683 1.0028 1.0133 1.1287 0.8911 0.8326 0.8754
0.7159 0.8989 0.8324 0.8276 1.0679 0.9975 1.1644 1.0919 1.0338 1.1436 1.1165 1.0143 0.9871 0.9675 0.9159 0.8866
0.7537 1.0000 0.9480 0.9192 0.9751 1.1766 1.1560 1.0397 1.0457 1.1466 1.1098 0.9060 0.9545 0.8921 0.8807 0.8504
0.8982 0.8908 1.0161 0.9136 1.0887 1.2241 0.9679 1.0968 1.0927 1.1460 0.9638 1.0953 1.0000 0.8974 0.9007 0.7926
0.9422 0.9641 0.9399 0.9945 0.9267 1.1277 1.0811 1.0723 1.0460 0.9596 1.0410 1.1180 0.9867 0.9725 0.9471 0.8127
0.6643 0.8146 0.9579 1.0084 1.0000 1.0238 1.0410 1.0351 1.0213 1.0765 0.9673 1.0357 0.9667 0.8642 1.0000 0.7499
0.8091 0.8056 1.0186 1.0414 1.0592 1.1683 1.1580 0.9187 1.1044 1.1695 1.1522 1.0269 1.0638 0.8923 0.8280 0.7973
0.8588 0.8281 0.8896 0.9832 1.2509 1.0000 1.1042 1.1909 1.0869 1.0232 1.1533 0.9271 0.9385 0.8724 0.9541 0.9371
0.8394 0.9944 0.8608 1.0178 1.1186 1.0941 1.1779 1.1680 1.1401 1.1457 1.0352 0.9518 0.9322 0.8343 0.7093 0.6752
