1.3437 1.1757 1.0374 1.0772 0.9597 0.9246 1.0513 0.8809 1.0990 1.1261 0.8456 0.8400 0.9296 0.8527 0.8036 0.9400
1.0000 1.0705 1.2977 1.2407 1.1078 0.9932 1.0872 0.9608 0.8704 0.9013 0.8646 0.8566 0.8687 0.8951 0.8312 1.0000
1.0620 0.9248 0.8223 1.1724 0.8510 0.9444 1.0000 0.9473 0.9699 1.0679 0.9714 0.9679 1.0706 1.2137 1.1134 1.2693
1.3747 1.2037 1.1850 1.1158 1.0091 1.0697 1.0649 0.9039 0.9500 0.8595 0.8838 0.9302 0.8011 0.9234 0.7634 0.9714
1.2501 0.9941 0.9147 1.0423 0.9738 1.0301 0.9860 0.9067 1.0365 1.1012 0.9996 1.0814 0.8674 1.0743 1.0226 1.2463
1.2346 1.0729 1.0024 1.1369 0.9716 1.0483 1.0475 0.9477 0.9256 0.9779 1.0107 0.8516 0.8632 0.8132 1.0075 0.9257
1.2028 1.0942 1.0439 0.9992 0.9384 0.9548 1.0193 0.9702 0.8831 1.0462 0.9678 0.8471 0.9854 1.0699 1.0000 1.0597
1.2947 1.1649 1.1252 1.0580 1.1090 1.0807 1.0457 1.0114 1.0679 0.8917 0.8980 0.8279 0.8245 0.7967 0.7817 0.8110
0.6463 0.7124 0.9028 0.7524 0.9661 0.9585 0.8446 1.0275 1.0166 0.8832 1.0329 0.9685 1.1964 1.0126 1.1716 1.2873
1.1429 0.9951 1.0081 1.0940 1.0015 0.9674 0.9442 1.1792 0.8870 0.8770 0.9388 0.8908 0.9853 0.9866 1.0576 1.0194
0.7401 0.7709 0.9083 0.8303 0.9905 0.9853 0.9144 1.0204 0.9661 0.9595 1.1144 0.9266 1.2417 1.1123 0.9568 1.3192
1.2271 1.1169 1.1505 1.2153 1.0736 1.1039 1.1426 0.9554 0.9939 0.8826 0.8336 0.8759 0.8572 0.7817 0.8214 0.7900
1.0239 0.8576 0.8276 0.9029 0.8699 0.9112 0.8452 1.0906 0.9699 1.1247 1.2032 1.0207 1.1106 1.2155 1.1733 1.5117
1.2285 1.0635 1.1319 1.0382 0.8553 0.9945 1.0380 1.0160 0.9382 0.8648 0.9248 0.8719 0.9884 0.8641 1.0162 1.0615
1.1400 1.1644 0.9320 0.9105 1.0469 1.0245 0.9858 1.0622 1.0058 0.9439 0.9645 0.9841 0.9702 0.8145 0.7824 0.9865
1.0582 0.8846 1.0598 0.9097 1.0075 1.0584 0.9746 0.9909 1.0000 0.9018 0.9212 1.1046 1.0000 0.9728 0.9754 1.1257
0.9443 0.9363 0.9343 1.0000 1.0148 0.9350 1.0223 1.1174 1.0147 0.9998 1.0489 0.9674 1.0417 1.0582 1.2416 1.2388
1.4434 1.3031 1.0392 1.2575 0.9755 1.0030 1.1232 0.9743 0.9116 1.0000 1.0000 0.8977 1.0000 0.8412 0.8951 0.9020
1.5095 1.0038 1.1518 0.9237 0.7985 1.1091 1.0245 0.9891 1.0855 1.0498 0.9090 1.0064 0.9095 0.8843 0.9918 1.1640
1.1344 1.1036 1.1257 1.2113 0.9783 1.0314 0.9427 0.9101 0.9970 1.0287 0.9135 0.8074 0.8432 0.7874 0.5414 0.5338
1.1608 0.9101 1.0000 0.9047 1.1056 1.0261 0.9227 1.0146 0.9736 1.0429 0.9447 1.0641 0.9336 1.1022 1.0181 1.1376
0.7247 0.7549 0.9734 0.9965 1.0952 1.0112 0.9844 0.9571 0.9250 1.0780 0.9710 0.9781 1.0216 0.9966 1.0027 1.1702
1.0702 0.9069 0.9359 1.0103 0.8662 0.9542 0.8854 0.9474 1.0000 1.1568 0.9300 0.9424 1.1572 1.2809 1.3705 1.7473
1.0421 1.0811 0.9008 1.0611 0.9051 0.9786 0.9775 1.0328 1.0970 0.8914 0.9744 1.0272 0.9256 1.0297 0.5458 1.0292
1.0785 0.9454 0.8916 0.9329 0.9414 0.9521 1.0746 0.9971 0.9651 0.9054 1.0243 1.0141 1.1176 0.9814 1.0829 1.2077
