1.3352 1.1873 1.0497 1.0924 0.9812 0.9552 1.0803 0.8877 1.0942 1.1347 0.8496 0.8462 0.9432 0.8380 0.8043 0.9214
1.0000 1.0834 1.3030 1.2592 1.1288 0.9983 1.0836 0.9619 0.8948 0.9068 0.8936 0.8754 0.8762 0.9114 0.8431 1.0000
1.0320 0.8991 0.8952 1.1657 0.8227 0.9380 1.0000 0.9541 0.9789 1.0426 0.9770 0.9471 1.0538 1.1577 1.0753 1.3115
1.3028 1.1920 1.1595 1.1303 1.0286 1.0519 1.1054 0.9029 0.9734 0.9002 0.8978 0.9492 0.8156 0.9197 0.7904 0.9714
1.2867 0.9738 0.8926 1.0147 0.9280 0.9738 0.9626 0.8930 0.9602 1.0577 0.9682 1.0831 0.9031 1.1291 1.0885 1.3520
1.2080 1.0889 1.0075 1.1292 0.9912 1.0700 1.0709 0.9638 0.9317 1.0147 0.9753 0.8653 0.8817 0.8352 1.0026 0.9576
1.1845 1.0712 1.0253 0.9893 0.9544 0.9426 1.0395 0.9839 0.9040 1.0501 0.9708 0.8389 0.9754 1.1067 1.0000 1.0288
1.3474 1.2396 1.1414 1.1096 1.1148 1.0998 1.0387 1.0256 1.0930 0.8914 0.9099 0.8319 0.7994 0.7860 0.7558 0.8083
0.6596 0.7241 0.9064 0.7396 0.9455 0.9532 0.8351 1.0297 1.0304 0.9186 1.0744 0.9832 1.2123 1.0130 1.2023 1.2385
1.1495 1.0185 0.9950 1.0933 0.9931 0.9690 0.9494 1.1359 0.8688 0.8739 0.9398 0.9023 0.9992 0.9988 1.0837 1.0682
0.6746 0.7225 0.8826 0.8010 0.9506 0.9648 0.8790 1.0652 1.0061 0.9389 1.0574 0.9142 1.2774 1.1024 0.9543 1.2773
1.2664 1.1412 1.1936 1.1964 1.0779 1.1069 1.1127 0.9810 0.9789 0.8734 0.8416 0.8863 0.8504 0.8126 0.8726 0.8066
1.0325 0.8438 0.8235 0.9220 0.8781 0.9185 0.8170 1.0299 0.9317 1.0847 1.1786 0.9996 1.1040 1.1819 1.1292 1.5298
1.2171 1.0830 1.1289 1.0257 0.8581 1.0045 1.0226 1.0251 0.9373 0.8778 0.9449 0.8737 0.9808 0.8873 1.0199 1.0839
1.2066 1.1899 0.9414 0.9172 1.0599 1.0541 1.0001 1.0557 0.9845 0.9314 0.9471 0.9425 0.9449 0.7913 0.7650 0.9276
1.0255 0.9456 1.0404 0.9032 0.9926 1.0582 0.9608 0.9847 1.0000 0.9009 0.9511 1.1031 1.0000 0.9994 1.0238 1.1576
0.9490 0.9364 0.8996 1.0000 0.9925 0.9149 1.0301 1.0982 0.9883 1.0113 1.0479 0.9983 1.0343 1.0931 1.2658 1.2925
1.4586 1.3648 1.0354 1.2566 0.9759 1.0038 1.1390 0.9789 0.9062 1.0000 1.0000 0.8868 1.0000 0.8325 0.9115 0.9104
1.4725 0.9983 1.2456 0.9107 0.7958 1.0967 1.0053 0.9651 1.0760 1.0263 0.9075 1.0013 0.8838 0.8875 0.9959 1.1779
1.1716 1.1498 1.1596 1.2132 0.9753 1.0461 0.9515 0.9293 0.9992 1.0244 0.8957 0.7927 0.8023 0.7636 0.5293 0.5141
1.2964 0.9676 1.0000 0.9418 1.1437 1.0771 0.9314 1.0183 0.9644 1.0233 0.8967 1.0465 0.8783 1.0957 0.9725 1.0733
0.7085 0.7367 0.9845 1.0008 1.1121 1.0087 0.9956 0.9508 0.9191 1.0750 0.9615 0.9790 1.0367 0.9824 1.0031 1.2034
1.0301 0.8588 0.9011 0.9451 0.8482 0.9149 0.8581 0.9229 1.0000 1.1039 0.9530 0.9399 1.1534 1.2488 1.3315 1.6235
1.0175 1.0551 0.8756 1.0598 0.8772 0.9671 0.9429 0.9925 1.1292 0.9035 1.0107 1.0535 0.9310 1.0563 0.5458 1.0645
1.2179 1.0400 0.9684 0.9849 1.0075 1.0303 1.0679 1.0024 1.0085 0.8870 1.0391 0.9234 1.0191 0.9431 0.9593 1.0617
