1.2625 1.1433 1.0752 1.1460 1.0097 1.0033 1.0722 0.8972 1.1206 1.1425 0.8925 0.8394 0.9586 0.7967 0.8009 0.8484
1.0000 1.0361 1.1015 1.2577 1.1133 0.9901 1.0180 0.9919 0.9012 1.0005 0.9541 0.9044 0.9488 0.9585 0.8424 1.0000
1.1597 1.0177 0.9976 1.4680 0.9590 1.0364 1.0000 0.9475 0.9962 1.0658 1.0031 0.9053 0.9877 0.9569 0.9711 0.9563
1.2152 1.0805 1.0954 1.1188 1.0063 1.0639 1.1274 0.9400 1.0094 0.9422 0.9329 0.9602 0.8575 0.9079 0.8530 0.9646
1.4029 1.0931 1.0026 1.0593 0.9405 0.9475 0.9950 0.9600 0.8128 0.9004 1.0159 1.1156 0.9262 1.0615 1.0878 1.3409
1.0457 1.0905 0.9291 1.0230 0.9527 1.0460 1.1071 0.9989 0.8204 1.1199 0.8942 0.9838 0.9395 0.9373 0.9976 1.0931
1.2400 1.1198 1.0734 1.0567 0.9915 0.9176 0.9573 0.8987 0.8946 1.0671 0.9767 0.8552 0.9738 1.0439 1.0000 1.0427
1.2009 1.1828 0.9993 1.0928 1.0639 1.0769 1.0742 1.0291 1.1243 0.9128 0.9512 0.8973 0.8620 0.7811 0.8553 0.8949
0.7066 0.7567 0.9629 0.8055 0.9138 0.9393 0.8662 1.0778 1.0837 0.9420 1.0843 1.0166 1.1938 0.8674 1.2635 1.0690
0.9668 0.9020 0.8709 1.0799 1.0050 1.0106 0.9935 1.0059 0.8923 0.9590 0.9093 0.9699 1.0632 1.0521 1.1284 1.2748
0.6327 0.7580 0.8732 0.8624 0.9175 1.0093 0.9756 1.1169 1.0414 1.0008 0.9617 0.9871 1.1050 1.1323 0.9626 1.0921
1.1986 1.0492 1.1058 1.1584 1.0467 1.1035 1.1171 0.9837 1.0180 0.9049 0.8882 0.9127 0.9021 0.8734 0.9362 0.8136
0.9819 0.9901 0.9784 1.0530 0.9997 0.8658 0.8171 1.1591 0.9169 0.9948 1.0971 0.8683 1.0021 1.1603 1.0459 1.3227
1.0394 0.9809 1.0113 0.8263 0.8821 0.9546 0.9403 1.0694 0.9774 0.9948 1.0246 0.9509 1.0870 0.9776 1.1192 1.1252
1.3206 1.1136 0.9814 0.9619 1.0502 1.0840 1.0595 1.0843 0.9973 0.8184 0.9603 0.9673 0.9677 0.7577 0.7194 0.7969
0.9422 0.9404 1.0804 0.8884 0.9021 1.0346 0.9858 0.9963 1.0000 0.9064 0.9966 0.9619 1.0000 1.0845 1.1469 1.3080
1.0000 0.9550 0.9923 1.0000 0.9478 0.9738 1.0465 0.9207 0.9924 1.0655 1.0731 1.0092 1.0086 1.0189 1.1370 1.2699
1.3469 1.2781 0.9378 1.2353 0.9412 0.9908 1.1300 0.9433 0.8791 1.0000 1.0000 0.9704 1.0000 0.8779 0.9607 0.9808
1.3991 1.0421 1.3519 1.0149 0.8766 1.1547 1.0125 1.0073 1.0497 0.9769 0.8937 0.9720 0.8588 0.8395 0.8875 1.0260
1.0963 1.0640 1.1568 1.1923 0.9925 1.0235 0.9490 0.9600 1.0460 1.1339 0.9402 0.8793 0.8315 0.7787 0.5638 0.5223
1.4554 1.0125 1.0000 0.9619 1.1902 1.1064 0.9639 1.0144 1.0034 0.8666 0.9441 1.1021 0.9393 1.0731 0.9981 0.8941
0.5319 0.6753 0.9466 0.9244 0.9235 1.0183 1.0357 0.9996 0.9919 1.0387 0.9924 1.1082 1.1301 0.9227 0.9837 1.2876
1.0275 0.8550 0.9213 0.8835 0.8742 0.9321 0.9524 0.9931 1.0000 1.1451 0.9849 0.9415 1.1236 1.1970 1.1737 1.1492
0.9933 0.9788 0.8204 0.9868 0.8764 0.9804 0.9114 0.9158 1.1407 0.9936 1.0528 1.0873 1.0285 1.0226 0.5458 1.1576
1.3786 1.1477 1.0495 1.1427 1.0757 1.0950 1.1750 0.9972 1.0082 0.8588 0.9950 0.8828 0.9472 0.8643 0.7787 0.8719
