0.8672 0.9804 0.9574 0.9578 1.0586 1.1304 1.0526 1.1990 1.1406 1.1588 1.0055 0.8977 1.0263 0.9936 0.7764 0.8000
0.9367 0.9728 1.0750 1.1244 1.1869 1.2839 1.2350 0.8693 0.9351 0.8663 1.0894 0.9501 0.9073 0.7851 0.9262 0.7123
0.6971 0.8261 0.9525 0.9888 1.0590 1.2045 1.0758 1.1191 1.0397 1.2286 0.9710 0.8837 0.8938 0.8796 0.9287 0.6103
0.7112 0.8212 0.9168 1.0492 1.0473 1.1091 1.1457 1.0681 0.9669 1.1219 1.1590 0.9362 0.9647 0.8561 0.8440 0.6293
0.8055 0.9013 0.9036 0.9170 1.0000 1.0953 1.1336 1.0761 1.1530 1.2171 0.9948 0.9559 0.9366 1.0439 0.9510 0.8419
0.8623 0.9669 0.9581 1.0203 1.2018 1.1805 1.1924 0.9898 1.2217 1.1137 1.0689 0.9557 0.9187 0.8585 0.7491 0.7426
0.7750 0.9144 0.9769 0.9932 1.1186 1.0421 1.1838 1.1558 1.1301 1.0582 1.0627 1.0290 0.9443 0.8073 0.7621 0.8301
0.9886 0.8675 0.9376 1.0103 1.0000 1.1651 1.2047 1.0619 1.0904 1.0998 1.0979 1.0449 1.0084 0.8762 0.7458 0.8084
0.8446 0.9561 0.9246 0.9657 1.0829 1.0515 1.1851 1.0373 1.1244 1.1146 1.0273 0.9771 0.9470 0.9892 0.7953 0.7113
0.7721 0.8300 0.9619 1.1080 1.0851 1.1480 1.0971 1.1806 0.9281 1.0310 1.1384 0.8012 0.8037 0.9696 0.9824 0.9495
0.8369 0.7773 0.8909 0.8748 1.1077 1.1836 1.2583 1.0894 1.0444 1.1158 1.0113 0.9964 1.0045 0.9214 0.8112 0.7801
0.8040 0.8876 0.8937 1.0342 1.1646 1.1694 1.1871 0.9259 0.9871 1.1998 0.9784 0.9064 0.8624 1.0000 1.0000 0.5626
0.9436 0.9166 0.9362 1.0366 1.1725 1.0674 1.1442 0.9033 1.1090 0.9887 1.0140 0.9415 0.9807 0.7626 0.7105 0.8681
0.9456 0.9847 0.9976 1.0252 0.9944 1.1471 1.1755 1.0588 1.0525 0.9907 1.0759 0.9042 0.8717 1.0000 0.7819 0.6932
0.7078 0.8192 0.8856 0.9210 1.0869 1.2844 1.1099 1.0944 1.0286 1.0628 1.1109 1.1453 0.9936 0.8256 0.8382 0.7535
0.7641 0.9275 0.9679 1.1046 1.0413 1.0377 1.1080 1.0089 1.1165 0.9572 0.9898 1.0096 0.9911 0.9021 0.8293 0.7514
0.9404 0.7240 0.8801 0.8749 1.1412 1.2681 1.0028 1.2086 1.0845 1.1211 0.9932 1.0129 1.1250 0.8727 0.7922 0.8969
0.7215 0.9548 0.8523 0.8561 1.0777 1.0068 1.2233 1.1467 1.0266 1.1621 1.1052 0.9809 0.9345 0.9035 0.8682 0.8466
0.7757 1.0000 0.9647 0.9302 1.0118 1.1662 1.1627 1.0291 1.0887 1.1815 1.1141 0.8710 0.9761 0.8584 0.8469 0.7983
0.9045 0.8949 1.0239 0.9321 1.1003 1.2407 1.0028 1.1232 1.0719 1.1441 0.9743 1.1122 1.0000 0.8641 0.8890 0.7335
0.9511 0.9729 0.9209 0.9697 0.9070 1.1311 1.0737 1.0861 1.0479 0.9758 1.0393 1.1800 0.9690 0.9753 0.9346 0.7786
0.6576 0.8322 0.9652 1.0297 1.0000 1.0366 1.0484 1.0437 1.0196 1.0563 0.9430 1.0396 0.9572 0.8598 1.0000 0.7291
0.8084 0.8190 1.0341 1.0488 1.0559 1.1710 1.1753 0.9089 1.1099 1.1739 1.1518 1.0200 1.0633 0.8906 0.8097 0.7837
0.8782 0.8638 0.9297 1.0129 1.2714 1.0000 1.1105 1.1901 1.1029 1.0241 1.2163 0.8879 0.8960 0.8466 0.9222 0.8562
0.8385 0.9658 0.8570 1.0381 1.1358 1.1165 1.2308 1.1656 1.1259 1.1855 1.0624 0.9200 0.9132 0.8142 0.6650 0.6343
