1.3955 1.2069 1.0402 1.0912 0.9689 0.9307 1.0556 0.8920 1.0979 1.1177 0.8282 0.8391 0.9316 0.8521 0.8028 0.9398
1.0000 1.1119 1.3869 1.2888 1.1361 1.0134 1.0972 0.9568 0.8735 0.9054 0.8535 0.8331 0.8568 0.8869 0.8285 1.0000
1.0109 0.8906 0.8140 1.1679 0.8212 0.9327 1.0000 0.9504 1.0065 1.0560 0.9619 0.9862 1.0505 1.2068 1.0868 1.2725
1.3827 1.2395 1.1924 1.1421 1.0626 1.0559 1.0905 0.9106 0.9462 0.8601 0.8695 0.9382 0.8155 0.9372 0.7910 1.0081
1.2536 0.9973 0.9100 1.0309 0.9628 1.0358 1.0086 0.9074 1.0377 1.1084 0.9459 1.0635 0.8628 1.0685 1.0097 1.2525
1.2583 1.0959 1.0205 1.1431 0.9896 1.0678 1.0506 0.9662 0.9426 0.9782 1.0060 0.8391 0.8608 0.8248 1.0110 0.9342
1.1973 1.1034 1.0421 0.9850 0.9445 0.9451 1.0220 0.9876 0.8808 1.0474 0.9488 0.8189 0.9648 1.0579 1.0000 1.0567
1.3751 1.2229 1.1917 1.1072 1.1432 1.1227 1.0831 0.9925 1.0661 0.8896 0.8812 0.8182 0.7890 0.7751 0.7378 0.7944
0.6466 0.7003 0.8984 0.7384 0.9304 0.9434 0.8128 1.0139 1.0045 0.8728 1.0056 0.9504 1.1861 1.0127 1.1793 1.2647
1.1704 1.0105 1.0116 1.0596 0.9911 0.9663 0.9420 1.2135 0.8787 0.8509 0.9484 0.8845 0.9987 0.9994 1.0616 1.0345
0.7088 0.7285 0.8969 0.8079 0.9723 0.9632 0.9079 1.0160 0.9730 0.9533 1.1026 0.9101 1.2675 1.1023 0.9642 1.3236
1.3018 1.1524 1.1761 1.2302 1.0912 1.1137 1.1331 0.9660 0.9899 0.8759 0.8327 0.8778 0.8443 0.7902 0.8166 0.7895
1.0014 0.8261 0.7954 0.8885 0.8441 0.9259 0.8315 1.0749 0.9569 1.1328 1.1844 1.0161 1.1135 1.2130 1.2001 1.5403
1.2751 1.1034 1.1510 1.0690 0.8512 1.0232 1.0327 1.0280 0.9393 0.8519 0.9306 0.8592 0.9704 0.8496 1.0092 1.0762
1.1292 1.1561 0.9344 0.9059 1.0355 1.0361 0.9796 1.0672 1.0018 0.9673 0.9585 0.9841 0.9807 0.8159 0.7731 0.9825
1.0718 0.9047 1.1314 0.9187 1.0538 1.0452 0.9533 0.9773 1.0000 0.8980 0.9212 1.1156 1.0000 0.9776 0.9743 1.1258
0.9339 0.9403 0.9237 1.0000 1.0170 0.9368 1.0377 1.1188 1.0617 0.9911 1.0234 0.9833 1.0440 1.0583 1.2645 1.2339
1.4798 1.3491 1.0670 1.2778 0.9754 0.9936 1.1094 0.9779 0.9277 1.0000 1.0000 0.8941 1.0000 0.8416 0.9135 0.9240
1.5521 1.0230 1.1926 0.9110 0.8030 1.1160 0.9968 0.9857 1.0852 1.0447 0.9085 1.0172 0.8926 0.8799 0.9904 1.1725
1.1628 1.1316 1.1561 1.2172 0.9745 1.0412 0.9445 0.9048 0.9927 1.0287 0.9083 0.8107 0.8503 0.7857 0.5327 0.5352
1.2569 1.0064 1.0000 0.9489 1.1467 1.0846 0.9213 1.0063 0.9692 1.0665 0.8789 1.0380 0.8545 1.0810 1.0406 1.1420
0.7767 0.7583 0.9973 1.0282 1.1360 1.0389 0.9896 0.9585 0.9196 1.0615 0.9669 0.9672 0.9854 0.9765 0.9631 1.1667
1.0433 0.8896 1.0110 1.0123 0.8711 0.9359 0.8787 0.9334 1.0000 1.1284 0.9163 0.9487 1.1671 1.3167 1.3809 1.7983
1.0491 1.1273 0.9185 1.0679 0.9059 1.0016 0.9713 1.0285 1.1096 0.8963 0.9777 1.0149 0.9189 1.0383 0.5458 1.0359
1.0399 0.8466 0.8579 0.8929 0.9141 0.9508 1.1727 1.0118 0.9610 0.8957 1.0067 1.0234 1.1405 1.0061 1.0816 1.2522
