0.7094 0.7698 0.8437 0.8755 1.0315 1.0974 1.0540 1.1815 1.1609 1.1675 1.0180 1.0361 1.0521 1.0178 0.8596 0.8736
0.8310 0.8328 0.9535 1.0390 1.0925 1.2557 1.2083 0.9782 1.0376 0.9713 1.1019 1.0073 0.9236 0.8707 0.9872 0.7613
0.6458 0.6959 0.9069 0.9046 0.9655 1.1002 1.1398 1.0923 1.0738 1.2387 1.0149 0.9663 0.9007 0.8990 0.8771 0.7157
0.6546 0.7495 0.8402 0.9624 0.9895 1.0834 1.1173 1.0540 1.0075 1.1591 1.1025 0.9615 1.0355 0.8825 0.9086 0.7414
0.7113 0.7685 0.7822 0.9017 1.0000 1.0323 1.0496 1.0525 1.1714 1.2470 1.0748 1.0456 0.9683 1.0359 0.9870 0.8361
0.8160 0.8410 0.8672 0.9414 1.1377 1.0761 1.1868 1.1524 1.1747 1.1159 1.0560 1.0247 0.9883 0.9123 0.8613 0.8469
0.7598 0.8075 0.8540 0.9415 1.0223 1.0408 1.1986 1.1645 1.0934 1.0871 1.0996 1.0522 0.9753 0.9232 0.8208 0.9216
0.8757 0.7921 0.8523 0.9352 1.0000 1.1070 1.2276 1.1300 1.0817 1.0729 1.1562 1.1018 1.0109 0.9173 0.8357 0.8902
0.8086 0.8695 0.8355 0.8729 1.0183 1.0519 1.1111 1.0298 1.0931 1.1326 1.0275 1.1312 0.9698 1.0344 0.8906 0.8548
0.6930 0.7526 0.8480 0.9389 0.9746 1.0266 1.0680 1.1004 1.0136 1.0439 1.1653 0.9982 0.9063 0.9849 0.9940 0.9877
0.7221 0.6558 0.7377 0.7997 0.9505 1.0397 1.1324 1.0385 1.0391 1.0740 1.0232 0.9853 1.0138 0.9618 0.8510 0.9546
0.7352 0.8093 0.9249 0.9688 1.1469 1.1426 1.1267 0.8998 1.0490 1.2049 1.0926 0.9596 0.9430 1.0000 1.0000 0.7021
0.9281 0.8852 0.9006 1.0032 1.1230 1.1213 1.1729 1.0510 1.1293 1.0613 1.0600 1.0235 0.9690 0.8651 0.8590 0.9452
0.9013 0.8816 0.9624 0.9974 0.9913 1.1061 1.1805 1.1384 1.1062 1.0626 1.1748 0.9457 0.9202 1.0000 0.8239 0.8081
0.6989 0.7277 0.8486 0.9026 1.0091 1.1558 1.0730 1.0653 1.0768 1.1005 1.1279 1.1285 0.9719 0.8734 0.8626 0.8109
0.6702 0.7931 0.8924 0.9655 1.0053 1.0643 1.0900 1.0636 1.0863 1.0045 0.9983 1.0852 0.9887 0.9832 0.9105 0.8602
0.8663 0.7862 0.8608 0.8910 1.0287 1.1602 1.0034 1.1900 1.1724 1.1688 1.0566 1.0231 1.0870 0.9301 0.8880 0.8831
0.6980 0.7512 0.7945 0.8101 0.9956 1.0139 1.0865 0.9963 1.0088 1.1046 1.0630 1.0401 1.0246 1.0384 0.8632 0.8994
0.6984 1.0000 0.8874 0.9127 0.9681 1.1371 1.1421 1.0869 1.0661 1.1533 1.1078 0.9269 0.9761 0.8990 0.8822 0.8564
0.8272 0.8192 0.8929 0.8357 1.0432 1.1408 0.9934 1.0557 1.0903 1.1768 1.0598 1.1239 1.0000 1.0108 0.9772 0.9221
0.8476 0.8864 0.8793 0.9756 0.9617 1.0891 1.0736 1.0641 1.0479 0.9890 1.0457 1.1413 1.0058 0.9823 0.9898 0.9174
0.6421 0.7617 0.8939 0.9623 1.0000 1.0800 1.0801 1.0813 1.0418 1.0816 1.0459 1.0425 0.9915 0.9025 1.0000 0.7969
0.8621 0.7965 0.9214 0.9484 1.0668 1.1514 1.1888 0.9754 1.0988 1.1451 1.1457 1.0299 1.0393 0.9535 0.8859 0.8089
0.7366 0.7922 0.8540 0.9514 1.2139 1.0000 1.1101 1.1917 1.1138 1.0721 1.2281 0.9690 0.9467 0.9162 0.9605 0.9408
0.8292 0.9056 0.8787 0.9747 1.1146 1.1031 1.1666 1.1682 1.2016 1.1950 1.1109 0.9915 0.9610 0.9004 0.7766 0.7444
