1.3175 1.1969 1.0470 1.1075 1.0170 0.9662 1.0796 0.8828 1.1218 1.1298 0.8727 0.8319 0.9366 0.8198 0.7951 0.8839
1.0000 1.0688 1.2728 1.2824 1.1449 1.0285 1.0884 0.9631 0.8695 0.9180 0.8777 0.8747 0.8744 0.9182 0.8325 1.0000
1.0562 0.9338 0.9013 1.2172 0.8718 0.9695 1.0000 0.9498 0.9811 1.0287 0.9491 0.9358 1.0375 1.1228 1.0885 1.1908
1.3081 1.1758 1.1536 1.1556 1.0188 1.0508 1.0693 0.9058 0.9670 0.8973 0.9054 0.9507 0.8282 0.9414 0.8094 0.9663
1.3331 1.0028 0.9394 1.0404 0.9590 0.9682 0.9987 0.9089 0.9465 1.0254 0.9731 1.1010 0.8872 1.0810 1.0394 1.3081
1.1653 1.0895 0.9800 1.1167 0.9459 1.0837 1.0767 0.9789 0.9049 1.0599 0.9719 0.8781 0.8944 0.8622 1.0148 0.9922
1.1924 1.1136 1.0400 1.0010 0.9663 0.9400 1.0376 0.9623 0.8674 1.0541 0.9701 0.8201 0.9794 1.0736 1.0000 1.0195
1.3657 1.2222 1.1109 1.0921 1.1314 1.0714 1.0748 1.0038 1.0949 0.9025 0.8998 0.8362 0.8187 0.7719 0.7587 0.8218
0.6774 0.7168 0.8976 0.7467 0.9399 0.9600 0.8362 1.0281 1.0380 0.9193 1.0876 1.0075 1.2329 0.9743 1.2144 1.1977
1.1274 1.0021 0.9579 1.0788 0.9817 0.9434 0.9274 1.1336 0.8682 0.8906 0.9471 0.9060 1.0327 0.9977 1.1239 1.1402
0.6678 0.7193 0.8862 0.8090 0.9599 0.9784 0.9289 1.0193 0.9787 0.9845 1.0859 0.9304 1.2166 1.0929 0.9646 1.2235
1.2211 1.1345 1.1402 1.1871 1.0743 1.0883 1.1309 0.9975 1.0156 0.8707 0.8429 0.8880 0.8881 0.8090 0.8791 0.8217
1.0088 0.8618 0.8451 0.9319 0.8819 0.8828 0.8016 1.0807 0.9433 1.0606 1.1798 0.9891 1.1025 1.1960 1.1319 1.5030
1.1212 1.0451 1.0968 0.9622 0.8548 0.9917 1.0230 1.0516 0.9694 0.9188 0.9704 0.9022 1.0144 0.9004 1.0552 1.0877
1.2301 1.1570 0.9567 0.9287 1.0402 1.0740 1.0098 1.0625 1.0053 0.9064 0.9474 0.9567 0.9427 0.7583 0.7552 0.8850
1.0149 0.9527 1.0535 0.9002 0.9973 1.0271 0.9803 1.0001 1.0000 0.9180 0.9374 1.0659 1.0000 1.0136 1.0296 1.1853
0.9528 0.9466 0.8889 1.0000 0.9811 0.9245 1.0352 1.0497 0.9866 1.0077 1.0634 1.0167 1.0714 1.0824 1.2721 1.2826
1.4827 1.3873 1.0497 1.2719 0.9447 0.9964 1.1051 0.9521 0.8795 1.0000 1.0000 0.8992 1.0000 0.8426 0.9312 0.9243
1.4927 1.0251 1.2253 0.9204 0.8076 1.1202 1.0208 0.9750 1.0914 1.0401 0.8836 1.0023 0.8931 0.8837 0.9424 1.1170
1.1384 1.1257 1.1571 1.2062 0.9957 1.0316 0.9431 0.9438 0.9937 1.0214 0.9343 0.8090 0.8127 0.7619 0.5238 0.5149
1.2797 0.9442 1.0000 0.9660 1.1322 1.0974 0.9125 1.0066 0.9630 0.9775 0.9333 1.0834 0.9081 1.0569 1.0190 1.0319
0.6669 0.7231 0.9760 0.9873 1.0895 1.0176 0.9839 0.9570 0.9299 1.0985 0.9676 1.0057 1.0302 0.9619 1.0034 1.2500
1.0298 0.8744 0.9192 0.9658 0.8510 0.9290 0.8719 0.9280 1.0000 1.1173 0.9326 0.9298 1.1431 1.2761 1.2859 1.5089
1.0197 1.0586 0.8800 1.0338 0.8869 0.9902 0.9388 0.9767 1.0988 0.9227 1.0111 1.0564 0.9627 1.0302 0.5458 1.0974
1.2978 1.1091 0.9928 1.0418 1.0631 1.0382 1.0874 1.0049 1.0373 0.8795 1.0104 0.9391 1.0138 0.9006 0.8955 0.9729
