0.8164 0.8440 0.9282 0.9353 1.0243 1.0800 1.0199 1.1588 1.1670 1.1611 1.0272 0.9030 1.0981 1.0409 0.8965 0.8936
0.9264 0.9169 1.0237 1.0965 1.1540 1.2216 1.2041 0.8927 0.9588 0.9026 1.0735 0.9795 0.9481 0.8372 0.9719 0.7655
0.6802 0.7822 0.9394 0.9605 0.9713 1.0763 1.1173 1.0697 1.0744 1.2423 1.0185 0.9731 0.9250 0.9382 0.9165 0.7082
0.6996 0.7702 0.8736 0.9572 0.9586 1.0835 1.1055 1.0188 0.9741 1.1630 1.1324 0.9994 1.0564 0.9182 0.9385 0.7312
0.8166 0.8967 0.8742 0.8720 1.0000 1.1106 1.1194 1.0537 1.1431 1.2395 1.0335 1.0436 0.9815 1.0338 0.9254 0.7881
0.8666 0.9171 0.9350 0.9695 1.1142 1.1101 1.1580 1.0406 1.1567 1.1118 1.0632 0.9936 0.9629 0.9227 0.8441 0.8189
0.7756 0.8429 0.9154 0.9644 1.0106 1.0232 1.1115 1.1302 1.1056 1.1002 1.1070 1.0696 0.9703 0.8751 0.8308 0.9437
0.9342 0.8346 0.8861 0.9478 1.0000 1.1105 1.1690 1.0558 1.1420 1.0765 1.1660 1.0491 1.0144 0.9082 0.8234 0.8866
0.8282 0.9070 0.8590 0.9176 1.0147 1.0048 1.1538 1.0341 1.1064 1.1434 1.0670 1.0717 0.9867 1.0215 0.8792 0.8215
0.7210 0.8246 0.9220 1.0551 1.0053 1.0559 1.0682 1.1604 0.9894 1.0517 1.1564 0.9022 0.9027 0.9641 0.9519 0.9225
0.7851 0.7350 0.8404 0.8748 1.0025 1.1128 1.1714 1.0652 1.0658 1.1335 1.0506 1.0087 1.0496 0.9900 0.8826 0.8936
0.7893 0.8619 0.9035 1.0110 1.1681 1.1090 1.1161 0.8712 1.0076 1.2161 1.0482 0.9643 0.9396 1.0000 1.0000 0.6216
0.9282 0.8734 0.9324 0.9945 1.1417 1.0948 1.1031 0.9543 1.1074 1.0134 1.0732 0.9664 0.9847 0.8089 0.7725 0.9150
0.9393 0.9383 0.9335 1.0127 0.9704 1.0905 1.1473 1.0962 1.0858 1.0282 1.0989 0.9268 0.9332 1.0000 0.8089 0.7623
0.6943 0.8100 0.8838 0.9479 1.0111 1.1695 1.0935 1.0879 1.0711 1.0634 1.1199 1.1237 1.0060 0.8153 0.8720 0.7655
0.7962 0.8777 0.9256 1.0029 0.9865 1.0423 1.0848 1.0443 1.0617 1.0170 1.0351 1.0666 0.9779 0.9573 0.9132 0.8366
0.8903 0.7530 0.8894 0.8796 1.0686 1.1871 0.9871 1.1571 1.0901 1.1991 1.0318 1.0623 1.1132 0.9109 0.8631 0.8802
0.7046 0.8551 0.8353 0.8577 1.0277 1.0359 1.1350 1.0173 1.0430 1.1603 1.1070 1.0468 1.0112 0.9874 0.9397 0.9021
0.7320 1.0000 0.9346 0.9075 0.9799 1.1578 1.1212 1.0550 1.0687 1.1534 1.1027 0.9066 0.9746 0.8894 0.8788 0.8722
0.8791 0.9042 1.0088 0.9048 1.0812 1.1947 0.9967 1.0814 1.1056 1.1760 0.9807 1.1041 1.0000 0.9039 0.8905 0.7863
0.9124 0.9107 0.9241 0.9852 0.9296 1.1080 1.0468 1.0750 1.0331 0.9674 1.0422 1.0952 1.0361 1.0135 0.9898 0.8701
0.6396 0.7782 0.9123 0.9773 1.0000 1.0230 1.0046 1.0186 1.0179 1.0870 0.9998 1.0677 0.9782 0.9103 1.0000 0.7641
0.8351 0.8017 1.0090 0.9957 1.0843 1.1372 1.1577 0.9305 1.0812 1.1632 1.1474 1.0344 1.0744 0.8977 0.8585 0.8022
0.8096 0.8011 0.8971 0.9573 1.2031 1.0000 1.0694 1.1893 1.1271 1.0132 1.1998 0.9329 0.9420 0.9123 0.9875 0.9590
0.8627 0.9361 0.8892 0.9908 1.1062 1.0929 1.1563 1.1637 1.1596 1.1397 1.0745 0.9385 0.9349 0.8601 0.7164 0.6933
