1.3065 1.2013 1.0571 1.1121 0.9978 0.9657 1.0794 0.9005 1.1248 1.1326 0.8727 0.8259 0.9297 0.8143 0.7973 0.8718
1.0000 1.0703 1.2384 1.2483 1.1610 0.9976 1.0960 0.9790 0.8879 0.9330 0.8864 0.8761 0.8800 0.9160 0.8319 1.0000
1.0554 0.9138 0.9188 1.2289 0.8412 0.9593 1.0000 0.9560 0.9542 1.0524 0.9669 0.9381 1.0602 1.1348 1.0780 1.1888
1.2728 1.1413 1.1461 1.1231 1.0154 1.0707 1.1030 0.9015 0.9674 0.9150 0.9275 0.9694 0.8360 0.9382 0.7896 0.9678
1.3141 1.0095 0.9379 1.0393 0.9506 0.9639 0.9935 0.9086 0.9190 1.0018 0.9642 1.0884 0.9012 1.1177 1.0864 1.3363
1.1810 1.1041 0.9932 1.1101 0.9811 1.0665 1.0439 0.9835 0.8887 1.0436 0.9437 0.8864 0.9119 0.8624 0.9969 0.9952
1.2075 1.1200 1.0568 1.0057 0.9540 0.9543 1.0160 0.9466 0.8712 1.0328 0.9552 0.8398 0.9859 1.0989 1.0000 1.0335
1.3075 1.1920 1.1111 1.0797 1.1386 1.1160 1.0698 1.0150 1.0811 0.9008 0.9058 0.8373 0.8213 0.7796 0.7989 0.8406
0.6603 0.7219 0.8977 0.7598 0.9467 0.9714 0.8396 1.0593 1.0171 0.9127 1.0817 1.0023 1.2261 0.9841 1.2210 1.1808
1.1061 0.9456 0.9215 1.1065 0.9912 0.9636 0.9555 1.1459 0.8831 0.8981 0.9264 0.9112 1.0353 1.0085 1.1255 1.1493
0.6662 0.7347 0.8967 0.8336 0.9592 0.9829 0.9363 1.0206 0.9712 0.9841 1.0694 0.9128 1.1956 1.1131 0.9692 1.2369
1.2269 1.1109 1.1589 1.2014 1.0813 1.0890 1.1259 0.9695 1.0050 0.8809 0.8498 0.8974 0.8774 0.8208 0.8650 0.8292
0.9859 0.8661 0.8325 0.9460 0.8709 0.8630 0.7966 1.1145 0.9300 1.0726 1.1806 1.0037 1.1012 1.1824 1.1511 1.5076
1.1477 1.0453 1.1108 0.9518 0.8463 0.9665 1.0109 1.0481 0.9535 0.9215 0.9714 0.9017 1.0244 0.9098 1.0514 1.0921
1.2522 1.1698 0.9506 0.9251 1.0450 1.0768 1.0186 1.0736 0.9986 0.8951 0.9465 0.9503 0.9221 0.7667 0.7496 0.8815
0.9821 0.9436 1.0513 0.8810 0.9735 1.0474 0.9836 1.0080 1.0000 0.9282 0.9699 1.0666 1.0000 1.0158 1.0492 1.1985
0.9620 0.9685 0.9516 1.0000 0.9856 0.9313 1.0369 1.0385 0.9765 1.0033 1.0240 0.9828 1.0677 1.0600 1.2713 1.2987
1.4532 1.3505 1.0243 1.2812 0.9646 1.0037 1.1245 0.9742 0.8967 1.0000 1.0000 0.9009 1.0000 0.8351 0.9233 0.9222
1.4619 1.0340 1.1780 0.9478 0.8178 1.1188 1.0481 0.9897 1.1046 1.0212 0.9009 0.9981 0.8659 0.8714 0.9450 1.1392
1.1355 1.1139 1.1496 1.2026 0.9883 1.0373 0.9610 0.9455 1.0190 1.0776 0.9052 0.8121 0.8116 0.7563 0.5384 0.5208
1.2866 0.9480 1.0000 0.9411 1.1646 1.0705 0.9378 1.0250 0.9861 0.9730 0.9547 1.0537 0.8881 1.0593 1.0026 1.0010
0.6378 0.7296 0.9952 0.9799 1.0603 1.0175 1.0076 0.9718 0.9367 1.0968 0.9588 0.9889 1.0452 0.9597 0.9823 1.2283
1.0685 0.8604 0.9080 0.9463 0.8479 0.9264 0.8822 0.9402 1.0000 1.1435 0.9204 0.9367 1.1171 1.2905 1.2791 1.5135
1.0145 1.0466 0.8525 1.0259 0.8885 0.9723 0.9284 0.9920 1.1210 0.9247 1.0132 1.0467 0.9615 1.0450 0.5458 1.1050
1.3075 1.0677 0.9920 1.0402 1.0542 1.0462 1.0966 1.0152 1.0205 0.8734 1.0154 0.9233 1.0095 0.8932 0.8856 0.9573
