0.8190 0.8462 0.9299 0.9339 1.0222 1.0788 1.0242 1.1630 1.1681 1.1593 1.0297 0.9034 1.0966 1.0367 0.8956 0.8904
0.9230 0.9196 1.0256 1.0957 1.1552 1.2243 1.2036 0.8900 0.9595 0.9020 1.0747 0.9788 0.9501 0.8400 0.9695 0.7640
0.6807 0.7819 0.9364 0.9597 0.9697 1.0826 1.1178 1.0674 1.0744 1.2429 1.0196 0.9728 0.9282 0.9385 0.9125 0.7036
0.7004 0.7729 0.8754 0.9589 0.9606 1.0863 1.1074 1.0156 0.9757 1.1601 1.1282 0.9978 1.0534 0.9170 0.9398 0.7272
0.8087 0.8953 0.8747 0.8730 1.0000 1.1018 1.1235 1.0573 1.1430 1.2449 1.0354 1.0406 0.9811 1.0255 0.9258 0.7862
0.8695 0.9189 0.9356 0.9678 1.1172 1.1087 1.1584 1.0388 1.1581 1.1096 1.0591 0.9917 0.9648 0.9262 0.8439 0.8191
0.7748 0.8437 0.9181 0.9652 1.0115 1.0251 1.1100 1.1273 1.1044 1.0977 1.1065 1.0701 0.9671 0.8727 0.8289 0.9446
0.9336 0.8350 0.8839 0.9475 1.0000 1.1061 1.1674 1.0558 1.1441 1.0814 1.1661 1.0484 1.0210 0.9100 0.8258 0.8858
0.8265 0.9084 0.8608 0.9176 1.0144 1.0027 1.1530 1.0319 1.1096 1.1397 1.0692 1.0716 0.9864 1.0209 0.8805 0.8203
0.7211 0.8217 0.9224 1.0580 1.0035 1.0553 1.0651 1.1581 0.9875 1.0554 1.1553 0.9071 0.8988 0.9654 0.9505 0.9200
0.7848 0.7332 0.8380 0.8740 1.0036 1.1125 1.1732 1.0683 1.0659 1.1318 1.0477 1.0096 1.0496 0.9896 0.8786 0.8911
0.7878 0.8584 0.9024 1.0082 1.1697 1.1090 1.1162 0.8745 1.0103 1.2129 1.0477 0.9609 0.9404 1.0000 1.0000 0.6169
0.9269 0.8737 0.9315 0.9935 1.1416 1.0967 1.1005 0.9547 1.1037 1.0130 1.0707 0.9649 0.9883 0.8025 0.7717 0.9164
0.9358 0.9353 0.9358 1.0096 0.9703 1.0898 1.1539 1.0917 1.0840 1.0259 1.1035 0.9272 0.9354 1.0000 0.8077 0.7585
0.6927 0.8099 0.8823 0.9442 1.0064 1.1726 1.0935 1.0875 1.0655 1.0630 1.1201 1.1278 1.0030 0.8161 0.8677 0.7680
0.7977 0.8783 0.9274 1.0040 0.9860 1.0455 1.0799 1.0413 1.0611 1.0185 1.0354 1.0667 0.9729 0.9567 0.9173 0.8350
0.8893 0.7518 0.8887 0.8782 1.0660 1.1921 0.9899 1.1575 1.0911 1.2017 1.0300 1.0628 1.1128 0.9096 0.8604 0.8800
0.7033 0.8558 0.8304 0.8575 1.0306 1.0313 1.1318 1.0193 1.0466 1.1590 1.1077 1.0481 1.0084 0.9861 0.9451 0.9017
0.7287 1.0000 0.9304 0.9054 0.9798 1.1618 1.1233 1.0514 1.0646 1.1524 1.1047 0.9085 0.9714 0.8909 0.8774 0.8702
0.8744 0.9041 1.0069 0.8982 1.0770 1.1934 0.9975 1.0823 1.1060 1.1747 0.9846 1.1060 1.0000 0.9119 0.8899 0.7844
0.9110 0.9128 0.9240 0.9833 0.9270 1.1080 1.0494 1.0741 1.0340 0.9689 1.0452 1.0980 1.0360 1.0109 0.9872 0.8671
0.6397 0.7770 0.9118 0.9800 1.0000 1.0216 1.0089 1.0185 1.0174 1.0841 0.9980 1.0683 0.9773 0.9095 1.0000 0.7627
0.8356 0.8015 1.0090 0.9943 1.0814 1.1411 1.1567 0.9278 1.0872 1.1664 1.1474 1.0357 1.0723 0.8925 0.8568 0.7991
0.8105 0.8002 0.8961 0.9600 1.1996 1.0000 1.0738 1.1873 1.1248 1.0161 1.2005 0.9369 0.9423 0.9110 0.9851 0.9600
0.8560 0.9336 0.8876 0.9882 1.1021 1.0922 1.1525 1.1635 1.1659 1.1486 1.0715 0.9416 0.9353 0.8565 0.7211 0.6913
