1.3018 1.2184 1.2487 1.2836 1.1484 1.0503 1.1122 0.8884 1.0735 1.0675 0.8936 0.7909 0.8911 0.6944 0.7172 0.6436
1.0000 0.8441 0.8930 1.0480 1.0322 0.9496 1.0117 1.0075 0.9342 1.1137 1.0739 0.9924 1.0203 1.1886 0.9279 1.0000
1.4005 1.2371 1.3639 2.0326 1.1553 1.1553 1.0000 0.9188 1.0657 1.0416 0.8980 0.7616 0.8852 0.9088 0.7509 0.7872
0.9609 0.7385 0.9188 1.0315 0.9233 0.9775 1.0602 0.9980 1.1132 1.1136 1.0271 0.9848 1.0277 0.8997 0.9960 1.1752
1.5731 1.2400 1.0948 1.1210 1.0049 0.9599 1.0748 1.0044 0.8607 0.9784 1.1815 1.0175 0.8665 0.8918 0.9861 1.0882
0.8275 0.8863 0.7991 0.8774 0.8955 0.9856 1.1222 1.0006 0.8333 1.2623 0.9529 1.1786 1.0373 1.0978 1.0842 1.2763
1.5446 1.2368 1.1783 1.1847 1.1575 0.9289 0.9796 0.8491 0.8580 0.9595 0.8956 0.8500 0.8748 1.0234 1.0000 0.8480
0.9477 1.1029 0.8720 0.9668 0.9251 1.0489 1.1263 1.1145 1.1171 0.9899 0.9957 1.0131 0.9224 0.8140 0.9233 1.0906
0.8685 0.8144 1.0677 0.9362 0.8922 1.0533 0.9308 1.1519 1.1278 0.9784 1.1461 1.0224 1.0955 0.8245 1.1014 1.0862
0.7690 0.6914 0.8653 0.8893 0.9050 0.9942 0.9667 1.0124 0.9340 1.1514 0.9911 1.1099 1.2196 1.1324 1.2184 1.6924
0.5894 0.9639 0.9841 0.9135 0.9065 1.0829 1.0832 1.1553 1.1271 0.9917 0.8526 0.9570 0.9548 0.9909 0.8580 1.1766
0.9263 0.8531 0.9575 1.0134 0.9224 1.0305 1.1075 0.9167 1.0406 1.0137 1.0008 1.0882 1.0495 1.0956 1.1374 0.8448
1.1250 1.1962 1.2085 1.1870 1.1066 1.0180 0.9775 1.3512 0.8214 1.0799 1.0498 0.7257 0.6920 0.7672 0.7285 0.9447
0.9568 0.8544 1.0242 0.8029 0.8536 0.8773 0.8742 1.0467 1.0015 1.0515 1.0920 0.9994 1.0760 1.0673 1.2613 1.1164
1.4486 1.2390 1.0413 1.1171 1.1623 1.1446 1.1570 1.0949 0.9557 0.7437 0.9180 0.8643 0.7636 0.6225 0.6531 0.6329
0.7403 0.9342 0.9048 0.8577 0.8377 0.8687 1.0246 0.9715 1.0000 0.9574 1.0916 1.0314 1.0000 1.2734 1.3644 1.4820
1.1241 0.8794 1.0538 1.0000 0.8855 1.0486 1.0393 0.8820 0.9896 1.0796 1.0387 1.0318 0.9466 1.0184 1.0640 1.0746
0.9584 0.9804 0.7804 1.0730 0.7839 0.9058 1.1086 0.9375 0.9077 1.0000 1.0000 1.1185 1.0000 1.0551 1.1702 1.1733
1.4300 1.1366 1.6223 1.2310 1.0193 1.2371 1.1087 1.0769 1.1063 0.8458 0.8896 0.8354 0.7454 0.6970 0.7125 0.7422
0.8586 0.8900 1.0120 0.9704 0.9475 1.0045 0.9929 1.0223 1.1173 1.4238 1.0683 1.0214 1.1709 0.9942 0.7201 0.6594
1.4396 1.1651 1.0000 1.0819 1.1970 1.1600 1.0678 0.9812 0.9996 0.8586 0.9356 1.0819 0.8717 0.9486 0.9160 0.8070
0.6463 0.5738 0.8334 0.7339 0.7789 0.9288 0.9864 1.0576 1.0598 0.9689 1.0944 1.3005 1.2172 1.0081 1.0823 1.4418
1.0731 0.9652 1.0683 0.8360 1.0247 1.0279 1.0714 1.1397 1.0000 1.3249 1.0102 0.8843 0.8981 0.8428 0.7242 0.7544
0.7786 0.7450 0.7067 0.8458 0.8058 0.9048 0.8406 0.9364 1.1648 1.1119 1.1268 1.1535 1.2413 1.2082 0.5458 1.4016
1.4448 1.4047 1.1381 1.2409 1.3200 1.1889 1.0896 1.0504 1.0213 0.8699 0.8568 0.9930 0.9955 0.8754 0.8152 1.0727
