1.5046 1.4041 1.2555 1.3324 1.0524 0.9967 1.1508 0.9829 0.9803 1.0138 0.8055 0.7667 0.7986 0.7718 0.5978 0.6849
1.0000 0.7765 1.0239 0.9907 0.8994 0.9337 1.1491 1.0418 1.0244 1.0684 1.0501 0.9066 0.9161 1.1078 1.0891 1.0000
1.2595 1.2583 1.5755 2.0419 0.9472 1.1617 1.0000 0.9029 1.0919 1.0710 0.8389 0.8336 0.9527 1.0255 0.8493 0.9642
1.0641 0.9281 0.8273 0.9598 0.8747 0.9453 0.9716 0.8835 1.0429 0.9670 1.0425 1.0523 0.9749 0.9865 0.9934 1.5756
1.3777 1.2856 0.9773 0.9429 0.8601 1.0216 1.2358 1.1365 1.0145 1.1601 1.3933 0.9081 0.9775 0.9621 0.9513 0.9434
0.7813 0.8346 0.7194 0.9349 0.8912 0.9327 1.1037 0.9870 0.9445 1.0598 1.1044 1.1628 1.0533 1.0465 1.2421 1.3011
1.5082 1.3682 1.2851 1.1554 1.1334 1.0639 1.0380 0.9028 0.8758 0.8016 0.8359 0.7386 0.8195 0.9283 1.0000 0.8425
1.0405 0.8856 1.0202 0.8953 0.8450 1.0367 1.0237 1.1032 1.2203 0.9906 0.9695 0.9923 0.8641 0.9411 0.9949 1.1284
1.0254 0.9476 1.1948 1.0842 1.1135 1.2407 0.9156 1.1474 1.0843 0.9416 1.0402 0.9808 0.9756 1.0520 1.0356 1.1527
1.0738 0.8169 1.1891 0.9036 0.9559 0.9639 0.8743 1.2085 0.9196 1.0110 0.9228 0.9499 1.0791 1.0400 1.0974 1.4078
0.7111 1.0652 1.2190 0.8030 1.1283 1.1719 1.0538 1.0095 0.9967 0.9081 0.9678 0.8460 1.0762 0.9137 0.8066 1.4195
0.8417 0.8405 0.8921 0.9541 0.8833 0.9826 1.0220 0.9139 0.9511 1.1114 1.0729 1.0976 1.1047 1.1741 1.1837 1.0203
1.1147 0.9309 0.8727 1.0470 0.9311 1.1878 1.1414 1.3849 0.8164 1.2327 1.1596 0.8476 0.9489 0.8855 0.8752 1.0187
1.1993 1.0009 1.1917 1.0124 0.7382 0.9739 0.8931 1.0172 1.0365 0.9982 1.0993 0.9742 0.9588 1.0221 1.0793 1.0178
1.4188 1.4751 0.9980 1.1045 1.2206 1.0678 1.1153 1.0998 0.9324 0.8347 0.8441 0.8038 0.7617 0.6674 0.6548 0.7580
0.7879 1.0419 0.8810 0.8223 0.9329 0.9141 0.9610 0.9351 1.0000 0.9300 1.0982 1.2904 1.0000 1.2691 1.4114 1.3632
1.0627 0.9392 1.1955 1.0000 1.0359 0.9747 1.0440 1.0790 0.9655 0.9204 0.9403 0.9280 0.9279 0.9605 1.1787 0.9927
0.8866 0.8409 0.8040 0.9174 0.7614 0.8255 0.9934 0.9913 1.0009 1.0000 1.0000 1.1682 1.0000 1.2215 1.2021 1.2873
1.7603 1.3139 1.6806 1.3170 0.9878 1.1786 1.0637 1.0497 0.9737 0.9427 0.9319 0.7644 0.6820 0.7006 0.8684 0.9025
0.8974 0.9680 1.0596 1.1433 0.9284 0.9552 0.9993 1.0418 1.2272 1.0633 1.0059 0.9810 1.0147 1.0342 0.6227 0.6328
1.4171 1.0887 1.0000 1.0767 1.1712 1.0992 0.9973 1.0204 0.9431 0.9561 0.9160 1.0472 0.8994 0.9608 0.8819 1.0106
0.7500 0.5667 0.8024 0.7144 0.9406 0.9168 0.9494 0.9309 0.9616 1.0916 1.0604 1.1792 1.1799 1.1421 1.1838 1.5006
1.0260 1.0711 1.0992 0.9487 0.9781 1.0338 1.0758 1.1042 1.0000 1.5726 1.0035 0.8653 0.8634 0.7891 0.7824 0.9843
0.7727 0.8356 0.8539 0.9565 0.8210 0.8360 0.8582 1.0670 1.1356 0.9844 1.0737 1.0077 1.0927 1.2741 0.6624 1.3659
1.2888 1.1716 1.0600 1.0878 1.1116 1.3057 1.1811 1.2468 0.9162 0.9071 0.8880 0.9709 0.9417 0.8037 0.7052 0.8816
