1.3100 1.1722 1.0543 1.1104 0.9903 0.9587 1.0759 0.8944 1.1395 1.1461 0.8609 0.8534 0.9224 0.8158 0.8163 0.8827
1.0000 1.0763 1.2389 1.2265 1.1373 1.0074 1.0678 0.9650 0.9100 0.9420 0.9033 0.8976 0.8875 0.9301 0.8243 1.0000
1.0609 0.9155 0.9109 1.2926 0.8778 0.9854 1.0000 0.9607 0.9817 1.0416 0.9729 0.9223 1.0484 1.0831 1.0593 1.1900
1.2694 1.1711 1.1649 1.1270 1.0118 1.0650 1.0847 0.8964 0.9628 0.9051 0.9220 0.9534 0.8250 0.9576 0.8054 0.9738
1.3330 1.0105 0.9348 1.0376 0.9386 0.9657 0.9874 0.9006 0.9180 1.0055 0.9639 1.0923 0.8937 1.1258 1.0799 1.3012
1.1385 1.0678 0.9894 1.0999 0.9717 1.0801 1.0724 0.9840 0.8958 1.0682 0.9700 0.8986 0.9077 0.8673 1.0020 0.9974
1.1829 1.1142 1.0517 1.0121 0.9218 0.9653 1.0205 0.9627 0.8869 1.0529 0.9581 0.8458 0.9749 1.0633 1.0000 1.0458
1.3102 1.1953 1.1121 1.0466 1.1193 1.0595 1.0674 0.9951 1.1113 0.9217 0.9160 0.8586 0.8423 0.7814 0.7962 0.8555
0.6677 0.7179 0.9146 0.7587 0.9187 0.9632 0.8417 1.0736 1.0509 0.9177 1.0701 1.0185 1.2130 0.9718 1.2330 1.1139
1.0684 0.9224 0.8971 1.0592 0.9673 0.9551 0.9626 1.1230 0.9000 0.9231 0.9355 0.9419 1.0727 1.0143 1.1487 1.1799
0.6764 0.7424 0.8930 0.8460 0.9576 0.9718 0.9381 1.0331 0.9919 0.9799 1.0608 0.9172 1.1817 1.1135 0.9722 1.2034
1.2431 1.1030 1.1851 1.2108 1.0656 1.1038 1.1199 0.9770 1.0078 0.8525 0.8348 0.8854 0.8600 0.8344 0.8823 0.8409
0.9886 0.8642 0.8586 0.9456 0.9030 0.8699 0.8137 1.1384 0.9226 1.0536 1.1667 0.9815 1.0736 1.1738 1.1351 1.4873
1.1322 1.0348 1.1086 0.9539 0.8527 0.9804 1.0082 1.0568 0.9573 0.9204 0.9728 0.9002 1.0170 0.9231 1.0624 1.0871
1.2528 1.1553 0.9369 0.9452 1.0470 1.0813 1.0160 1.0843 0.9823 0.8735 0.9317 0.9726 0.9508 0.7703 0.7564 0.8948
0.9896 0.9517 1.0369 0.8834 0.9535 1.0676 1.0019 1.0019 1.0000 0.9028 0.9494 1.0550 1.0000 1.0276 1.0681 1.1970
0.9318 0.9291 0.9300 1.0000 0.9773 0.9358 1.0571 1.0570 1.0013 1.0297 1.0621 0.9955 1.0442 1.0374 1.2495 1.2960
1.4493 1.3456 1.0058 1.2684 0.9515 0.9953 1.1106 0.9872 0.8772 1.0000 1.0000 0.9154 1.0000 0.8526 0.9424 0.9512
1.4599 1.0017 1.1924 0.9277 0.8178 1.1276 1.0256 0.9931 1.0955 1.0324 0.8947 1.0115 0.8801 0.8764 0.9557 1.1336
1.1612 1.0926 1.1523 1.1989 0.9902 1.0304 0.9624 0.9464 1.0261 1.0218 0.9055 0.8111 0.7936 0.7746 0.5373 0.5181
1.3099 0.9661 1.0000 0.9286 1.1248 1.0555 0.9249 1.0032 0.9846 0.9654 0.9237 1.0671 0.9112 1.0892 1.0233 1.0599
0.6660 0.7198 0.9819 0.9706 1.0555 1.0313 1.0102 0.9830 0.9304 1.0932 0.9487 1.0066 1.0572 0.9469 0.9764 1.2568
1.0516 0.8677 0.9231 0.9566 0.8569 0.9232 0.8862 0.9366 1.0000 1.1327 0.9379 0.9277 1.1226 1.2319 1.2805 1.5143
1.0111 1.0271 0.8559 1.0272 0.8912 0.9792 0.9148 0.9907 1.1209 0.9320 1.0310 1.0539 0.9778 1.0388 0.5458 1.0801
1.2826 1.1338 0.9893 1.0619 1.0548 1.0622 1.0756 1.0003 1.0154 0.8538 1.0377 0.8981 1.0050 0.8935 0.8933 0.9874
