0.7328 0.7847 0.8558 0.8837 1.0266 1.0842 1.0557 1.1845 1.1510 1.1853 1.0227 1.0012 1.0288 1.0185 0.8604 0.8688
0.8307 0.8408 0.9576 1.0403 1.0872 1.2327 1.2106 0.9676 1.0116 0.9597 1.1107 1.0011 0.9460 0.8562 0.9814 0.7648
0.6545 0.6963 0.9053 0.9094 0.9471 1.0849 1.1219 1.0768 1.0853 1.2447 0.9950 0.9781 0.9078 0.9135 0.9134 0.7257
0.6496 0.7332 0.8507 0.9560 0.9864 1.0729 1.1126 1.0456 0.9844 1.1584 1.1308 0.9702 1.0339 0.8937 0.9266 0.7634
0.7154 0.7496 0.7971 0.8998 1.0000 0.9975 1.0877 1.0649 1.1851 1.2433 1.0503 1.0386 0.9681 1.0451 0.9510 0.8567
0.8225 0.8439 0.8546 0.9389 1.1383 1.0804 1.1698 1.1056 1.1795 1.1279 1.0650 1.0215 0.9872 0.9350 0.8639 0.8653
0.7386 0.8121 0.8568 0.9221 1.0290 1.0300 1.1661 1.1457 1.1082 1.0704 1.0930 1.0488 0.9908 0.9286 0.8385 0.9597
0.8724 0.7982 0.8634 0.9400 1.0000 1.0835 1.1962 1.1073 1.0981 1.0724 1.1380 1.0971 1.0297 0.9272 0.8534 0.9179
0.8066 0.8733 0.8591 0.8562 1.0230 1.0126 1.1316 1.0411 1.1025 1.1224 1.0488 1.0931 0.9829 1.0300 0.9079 0.8323
0.6857 0.7604 0.8482 0.9545 0.9969 1.0046 1.0602 1.1088 0.9811 1.0397 1.1696 0.9736 0.9093 0.9749 1.0040 1.0190
0.7193 0.6567 0.7354 0.8009 0.9371 1.0349 1.1313 1.0216 1.0247 1.0777 1.0218 0.9674 1.0147 0.9877 0.8642 0.9627
0.7458 0.8410 0.9172 0.9821 1.1604 1.1282 1.1303 0.8769 1.0349 1.2366 1.0733 0.9784 0.9518 1.0000 1.0000 0.7131
0.9221 0.8799 0.8940 1.0061 1.1439 1.0844 1.1638 1.0208 1.1260 1.0505 1.0740 1.0360 1.0090 0.8524 0.8448 0.9606
0.8939 0.8995 0.9533 1.0018 0.9971 1.1058 1.1733 1.1306 1.0937 1.0591 1.1695 0.9353 0.9484 1.0000 0.8408 0.8068
0.6635 0.7309 0.8425 0.8994 0.9968 1.1587 1.0819 1.0481 1.0577 1.0823 1.1006 1.1199 0.9923 0.8785 0.9050 0.8333
0.6733 0.7899 0.9220 0.9863 0.9856 1.0361 1.0940 1.0343 1.0923 1.0119 1.0060 1.0640 1.0029 0.9754 0.9160 0.8707
0.8750 0.7630 0.8767 0.8835 1.0196 1.1518 0.9884 1.1891 1.1472 1.1883 1.0524 1.0316 1.1073 0.9373 0.8842 0.9025
0.6892 0.7641 0.7836 0.8135 1.0070 1.0041 1.1284 0.9936 0.9984 1.0959 1.0892 1.0626 1.0186 1.0351 0.8917 0.9106
0.6924 1.0000 0.8830 0.9155 0.9723 1.1322 1.1177 1.0524 1.0853 1.1581 1.0782 0.9130 0.9988 0.9085 0.8865 0.8986
0.8232 0.8096 0.9133 0.8436 1.0348 1.1426 1.0108 1.0654 1.0739 1.1845 1.0513 1.1226 1.0000 0.9739 0.9620 0.9306
0.8681 0.8777 0.8773 0.9501 0.9469 1.0893 1.0681 1.0583 1.0414 0.9688 1.0601 1.1187 1.0105 0.9871 1.0120 0.9578
0.6112 0.7697 0.9086 0.9681 1.0000 1.0622 1.0669 1.0699 1.0406 1.0918 1.0239 1.0656 0.9914 0.9099 1.0000 0.8095
0.8528 0.7897 0.9522 0.9496 1.0605 1.1626 1.1779 0.9554 1.0855 1.1334 1.1561 1.0194 1.0259 0.9283 0.8825 0.8261
0.7611 0.7862 0.8704 0.9463 1.2251 1.0000 1.0801 1.1884 1.1102 1.0689 1.2348 0.9430 0.9342 0.9283 0.9624 0.9611
0.8252 0.9212 0.8784 0.9492 1.0776 1.0934 1.1702 1.1954 1.1881 1.1725 1.1032 0.9886 0.9780 0.8977 0.7913 0.7649
