1.2755 1.1471 1.1491 1.1786 1.0357 0.9830 1.0855 0.8620 1.1496 1.1357 0.9058 0.8246 0.9382 0.7642 0.7684 0.7846
1.0000 1.0297 0.9955 1.2142 1.1333 1.0122 1.0156 0.9936 0.9103 1.0027 0.9723 0.9355 0.9575 1.0071 0.8318 1.0000
1.1596 1.0322 0.9985 1.4733 1.0072 1.0526 1.0000 0.9427 1.0244 1.0679 1.0742 0.9083 0.9751 0.9470 0.8991 0.9232
1.1802 1.0079 1.0810 1.1666 1.0047 1.0740 1.1410 0.9611 1.0230 0.9382 0.9483 0.9577 0.8811 0.8971 0.8514 0.9481
1.4772 1.1016 1.0042 1.0288 0.9307 0.9391 0.9979 0.9603 0.8049 0.8647 0.9531 1.1183 0.9142 1.0628 1.0837 1.2736
0.9987 1.0619 0.8952 0.9986 0.9314 1.0738 1.1123 0.9995 0.8282 1.1495 0.9083 1.0221 0.9763 0.9576 0.9983 1.1321
1.2936 1.1318 1.1080 1.0512 1.0098 0.9012 0.9767 0.8927 0.8656 1.0228 0.9877 0.8501 0.9809 1.0707 1.0000 1.0280
1.1046 1.2280 0.9603 1.0760 1.0602 1.1089 1.1253 1.0474 1.1218 0.9320 0.9526 0.8875 0.8595 0.7722 0.8471 0.9216
0.7323 0.7676 0.9599 0.8079 0.8596 0.9442 0.8604 1.0932 1.0924 0.9560 1.1185 1.0494 1.1973 0.8287 1.2570 1.0868
0.9277 0.8764 0.8184 1.0727 0.9739 1.0001 0.9944 0.9500 0.9086 0.9896 0.9423 1.0046 1.1268 1.0537 1.1703 1.3475
0.6219 0.7693 0.8963 0.8828 0.9026 1.0234 0.9805 1.1362 1.0741 0.9981 0.9327 0.9818 1.0916 1.1080 0.9643 1.0481
1.1684 1.0327 1.1058 1.1868 1.0138 1.1149 1.1739 0.9794 1.0147 0.9134 0.8810 0.9049 0.9190 0.8550 0.9395 0.7825
0.9757 1.0276 1.0161 1.1159 1.0412 0.8930 0.8187 1.1955 0.9143 1.0006 1.1119 0.8399 0.9606 1.0739 0.9919 1.2233
1.0156 0.9365 0.9805 0.7987 0.8989 0.9427 0.9072 1.0950 1.0079 1.0148 1.0531 0.9961 1.0806 1.0097 1.1356 1.0866
1.2989 1.1286 0.9952 1.0166 1.0789 1.1390 1.0970 1.0879 0.9754 0.8045 0.9332 0.9540 0.9433 0.6993 0.6740 0.7253
0.8972 0.9521 1.0850 0.8852 0.8875 1.0395 1.0262 1.0269 1.0000 0.8996 1.0133 0.9175 1.0000 1.1202 1.1604 1.3278
0.9961 0.9333 1.0035 1.0000 0.9161 0.9708 1.0752 0.9015 1.0252 1.0739 1.0714 1.0276 1.0093 0.9820 1.0904 1.2006
1.3444 1.2982 0.9251 1.2837 0.9380 0.9992 1.1575 0.8913 0.8638 1.0000 1.0000 0.9577 1.0000 0.8706 0.9810 1.0040
1.3498 1.0088 1.3426 1.0176 0.8654 1.1504 1.0697 1.0170 1.1060 0.9739 0.8867 0.9683 0.8787 0.8433 0.8214 1.0381
1.0780 1.0474 1.1335 1.1626 1.0033 1.0186 0.9674 0.9716 1.0558 1.1867 0.9347 0.8671 0.8289 0.7919 0.5765 0.5429
1.4249 1.0249 1.0000 1.0070 1.2021 1.1194 0.9710 1.0017 0.9869 0.8238 0.9203 1.1280 0.8949 1.0803 0.9805 0.8603
0.5329 0.6300 0.9456 0.9207 0.8843 1.0030 1.0062 1.0488 1.0232 0.9893 1.0262 1.1429 1.1473 0.9440 0.9512 1.2786
1.0904 0.9043 0.9777 0.8676 0.8990 0.9466 0.9413 1.0016 1.0000 1.2018 0.9743 0.9551 1.0674 1.1673 1.0768 0.9986
0.9578 0.9184 0.8070 0.9765 0.8534 0.9838 0.8587 0.8825 1.1384 0.9958 1.0744 1.1412 1.0676 1.0562 0.5458 1.2187
1.5109 1.2088 1.1211 1.2118 1.1351 1.1020 1.1387 0.9732 0.9804 0.8198 0.9909 0.8531 0.9300 0.7741 0.7744 0.8662
