0.7952 0.8542 0.9097 0.9392 1.0603 1.1204 1.0579 1.2076 1.0613 1.2040 0.9863 1.0518 1.0665 1.0650 0.8382 0.7731
0.8551 0.9226 1.0292 1.0711 1.1192 1.2053 1.1809 0.9734 0.9673 0.9485 1.0736 0.9915 0.9456 0.8307 0.9719 0.7157
0.7197 0.7806 0.9858 0.9871 0.9849 1.1354 1.0677 1.1040 1.0651 1.2742 1.0146 0.8700 0.9527 0.8858 0.9111 0.5668
0.6554 0.7702 0.8878 0.9795 0.9968 1.1129 1.1539 1.0763 0.9267 1.1186 1.1745 0.9391 0.9947 0.8441 0.9063 0.5461
0.7105 0.8090 0.8413 0.9186 1.0000 1.0473 1.1326 1.0683 1.1863 1.2583 1.0796 1.0438 1.0124 1.0383 0.9526 0.8188
0.8709 0.8814 0.8728 0.9878 1.1640 1.0529 1.1544 0.9832 1.1968 1.1201 1.0598 1.0404 0.9979 0.9253 0.8667 0.8245
0.7214 0.8665 0.9328 0.9583 1.0537 0.9667 1.1658 1.1979 1.0864 0.9764 1.0931 1.0410 0.9872 1.0070 0.8626 0.8112
0.9308 0.8471 0.9301 0.9708 1.0000 1.1419 1.2156 1.0646 1.0916 1.0556 1.0763 1.1328 1.0726 0.8740 0.8517 0.7678
0.8487 0.9075 0.8922 0.8872 1.0452 1.0274 1.1121 1.0176 1.0678 1.1223 1.0345 1.1015 0.9988 1.0615 0.9185 0.7296
0.7027 0.7672 0.8776 0.9939 0.9827 1.0363 1.0903 1.1211 0.9920 1.0456 1.1804 0.8518 0.8690 0.9884 1.0321 1.0161
0.7853 0.7181 0.8032 0.8659 1.0037 1.1194 1.2078 1.0452 1.0446 1.1664 1.0168 1.0148 1.0988 1.0217 0.8530 0.8824
0.7876 0.8977 0.9023 1.0350 1.1930 1.1761 1.1731 0.8974 0.9299 1.2177 0.9817 0.9024 0.9035 1.0000 1.0000 0.6343
0.9521 0.9040 0.9177 1.0456 1.1192 1.0942 1.1102 0.9384 1.0855 0.9576 1.0046 1.0441 0.9913 0.8440 0.8178 0.9622
0.9423 0.9240 0.9591 1.0258 0.9963 1.0767 1.1440 1.0833 1.0359 1.0357 1.1002 0.9080 0.9630 1.0000 0.8084 0.7237
0.6801 0.7671 0.8442 0.8966 0.9944 1.1730 1.0814 1.0830 1.0313 1.0323 1.0979 1.1407 1.0300 0.8502 0.9197 0.8337
0.6945 0.8642 0.9832 1.0115 1.0100 1.0584 1.0832 0.9642 1.0882 0.9254 1.0123 1.0825 1.0403 0.9774 0.9075 0.7554
0.8911 0.7274 0.8758 0.8824 1.0325 1.1727 0.9604 1.1823 1.1273 1.1725 1.0415 1.0692 1.1426 0.9407 0.8530 0.9254
0.7341 0.8698 0.8910 0.8810 1.0838 0.9922 1.2328 1.0859 1.0322 1.1395 1.1142 0.9993 0.9074 0.8617 0.9343 0.9406
0.7148 1.0000 0.9710 0.9249 0.9722 1.1446 1.1226 0.9734 1.0677 1.1633 1.0982 0.9039 1.0073 0.8872 0.8861 0.8849
0.8332 0.8600 0.9681 0.8571 1.0484 1.1869 1.0030 1.0747 1.0379 1.1330 1.0107 1.1467 1.0000 0.9865 0.9705 0.8904
0.9585 0.9557 0.9287 0.9499 0.9058 1.1406 1.0706 1.0824 1.0753 0.9552 1.0726 1.1333 1.0134 1.0054 0.9564 0.6894
0.6409 0.8590 0.9874 1.0314 1.0000 1.1820 1.0919 1.0861 0.9654 1.0066 0.9773 1.0018 0.8577 0.8169 1.0000 0.5888
0.8697 0.8364 0.9903 0.9482 1.1185 1.1191 1.1641 0.9625 1.0465 1.0948 1.1306 1.0560 1.0765 0.9644 0.8739 0.7678
0.7905 0.8212 0.8885 1.0049 1.2802 1.0000 1.0810 1.1809 1.1478 1.0556 1.2480 0.8377 0.9516 0.9439 0.9443 0.8366
0.8078 0.9039 0.8597 0.9627 1.1288 1.0892 1.1655 1.1836 1.1159 1.1482 1.0814 0.9380 0.9856 0.8759 0.7652 0.7640
