0.7130 0.7662 0.8627 0.8686 1.0097 1.0718 1.0734 1.1681 1.1784 1.1937 1.0393 1.0255 1.0238 1.0137 0.8569 0.8561
0.8256 0.8346 0.9316 1.0216 1.0875 1.2231 1.2304 0.9794 1.0533 0.9549 1.1180 0.9963 0.9292 0.8546 0.9967 0.7869
0.6391 0.6995 0.9010 0.8930 0.9653 1.0777 1.1406 1.0737 1.0884 1.2358 1.0103 0.9622 0.9019 0.9211 0.8938 0.7351
0.6496 0.7268 0.8393 0.9523 0.9642 1.0521 1.1046 1.0542 1.0097 1.1812 1.1313 0.9807 1.0396 0.8876 0.9219 0.7654
0.6981 0.7697 0.7872 0.8926 1.0000 1.0173 1.0430 1.0567 1.1962 1.2395 1.0500 1.0324 0.9804 1.0010 0.9183 0.8433
0.8131 0.8372 0.8474 0.9322 1.1388 1.0723 1.1712 1.1328 1.1815 1.1505 1.0666 1.0249 0.9660 0.9318 0.8645 0.8746
0.7555 0.8094 0.8391 0.9149 1.0127 1.0355 1.1625 1.1729 1.1096 1.0905 1.0933 1.0527 0.9873 0.9378 0.8273 0.9565
0.8552 0.7876 0.8464 0.9245 1.0000 1.0853 1.2035 1.1269 1.1190 1.0945 1.1601 1.0941 1.0138 0.9262 0.8255 0.9272
0.8111 0.8639 0.8492 0.8518 0.9978 1.0308 1.1130 1.0288 1.1062 1.1439 1.0523 1.0958 0.9855 1.0424 0.9089 0.8610
0.6661 0.7253 0.8437 0.9245 0.9759 0.9958 1.0446 1.1099 1.0099 1.0546 1.1825 0.9881 0.9339 0.9838 0.9955 1.0256
0.7216 0.6590 0.7292 0.7983 0.9602 1.0427 1.1282 1.0506 1.0311 1.0744 1.0348 0.9639 0.9919 0.9703 0.8626 0.9465
0.7448 0.8354 0.9035 0.9568 1.1464 1.1371 1.1140 0.8738 1.0452 1.2325 1.1041 0.9743 0.9533 1.0000 1.0000 0.7321
0.9341 0.8799 0.9030 1.0145 1.1468 1.1043 1.1647 1.0376 1.1395 1.0624 1.0598 1.0308 0.9929 0.8425 0.8184 0.9491
0.8825 0.8791 0.9502 0.9915 0.9765 1.0873 1.1584 1.1345 1.1219 1.0680 1.1759 0.9537 0.9487 1.0000 0.8361 0.8226
0.6913 0.7303 0.8405 0.8701 0.9610 1.1492 1.0742 1.0574 1.0986 1.0871 1.1341 1.1573 1.0265 0.8624 0.8711 0.8030
0.6765 0.8117 0.9331 0.9946 0.9643 1.0095 1.0804 1.0607 1.0790 1.0066 1.0224 1.0712 1.0066 0.9731 0.9360 0.8497
0.8518 0.7799 0.8741 0.8980 1.0288 1.1563 0.9943 1.1636 1.1529 1.1798 1.0747 1.0373 1.0894 0.9324 0.8744 0.8972
0.6890 0.7561 0.7852 0.8114 0.9851 0.9934 1.1134 0.9991 1.0027 1.1107 1.0983 1.0662 1.0278 1.0244 0.8712 0.8781
0.6782 1.0000 0.8757 0.9005 0.9828 1.1313 1.1096 1.0804 1.0777 1.1683 1.0983 0.9184 0.9837 0.8991 0.8739 0.9081
0.8192 0.7931 0.9137 0.8233 1.0417 1.1349 0.9899 1.0753 1.0754 1.1806 1.0663 1.1315 1.0000 0.9924 0.9693 0.9673
0.8379 0.8687 0.8753 0.9851 0.9516 1.1001 1.0893 1.0554 1.0471 0.9762 1.0617 1.1224 1.0028 0.9745 1.0032 0.9495
0.6106 0.7651 0.8930 0.9561 1.0000 1.0576 1.0614 1.0830 1.0430 1.1070 1.0429 1.0554 0.9968 0.8992 1.0000 0.8084
0.8514 0.7943 0.9431 0.9350 1.0731 1.1560 1.1821 0.9871 1.0854 1.1486 1.1599 1.0321 1.0279 0.9446 0.8751 0.7992
0.7487 0.7832 0.8464 0.9313 1.2017 1.0000 1.0953 1.2005 1.1190 1.0730 1.2414 0.9513 0.9423 0.9303 0.9588 0.9547
0.8357 0.9163 0.8630 0.9432 1.0720 1.1107 1.1778 1.1842 1.1916 1.1835 1.1001 0.9775 0.9553 0.8835 0.7915 0.7825
