0.7503 0.8018 0.8905 0.9138 1.0266 1.0966 1.0420 1.1549 1.1376 1.1610 1.0117 0.9562 1.0522 1.0262 0.8807 0.8758
0.8554 0.8662 0.9796 1.0575 1.1055 1.2539 1.1940 0.9389 0.9826 0.9117 1.0884 0.9971 0.9480 0.8515 1.0124 0.7806
0.6533 0.7235 0.8965 0.9186 0.9632 1.0872 1.1009 1.0635 1.0520 1.2189 1.0070 0.9745 0.9154 0.9419 0.9475 0.7464
0.6646 0.7370 0.8681 0.9675 0.9786 1.0783 1.0931 1.0257 0.9699 1.1340 1.1178 0.9842 1.0467 0.9069 0.9557 0.7537
0.7642 0.8071 0.8346 0.9091 1.0000 1.0507 1.0895 1.0548 1.1206 1.2065 1.0037 1.0256 0.9555 1.0526 0.9760 0.8733
0.8558 0.8881 0.8894 0.9525 1.1464 1.0957 1.1691 1.0786 1.1355 1.0838 1.0471 1.0036 0.9889 0.9280 0.8684 0.8702
0.7328 0.8273 0.8863 0.9516 1.0369 1.0391 1.1393 1.1430 1.0940 1.0567 1.0800 1.0448 0.9810 0.9047 0.8420 0.9704
0.9031 0.8239 0.8789 0.9473 1.0000 1.0873 1.2119 1.0899 1.0860 1.0327 1.1303 1.0670 1.0226 0.9337 0.8561 0.9272
0.8165 0.8796 0.8741 0.8954 1.0331 1.0235 1.1485 1.0361 1.0809 1.1017 1.0467 1.0575 0.9881 1.0257 0.8935 0.8424
0.6769 0.7693 0.8730 0.9958 1.0228 1.0377 1.0613 1.1150 0.9608 1.0142 1.1361 0.9366 0.9075 0.9723 1.0002 1.0252
0.7311 0.6779 0.7674 0.8217 0.9544 1.0399 1.1330 1.0275 1.0030 1.0431 0.9967 0.9619 1.0369 1.0017 0.8921 0.9881
0.7426 0.8487 0.9038 0.9985 1.1770 1.1332 1.1341 0.8626 1.0244 1.2096 1.0860 0.9810 0.9538 1.0000 1.0000 0.7034
0.9463 0.8990 0.9409 0.9960 1.1602 1.1106 1.1476 0.9996 1.1075 1.0070 1.0827 1.0159 0.9978 0.8365 0.8340 0.9804
0.9173 0.9135 0.9778 1.0218 0.9925 1.1137 1.1633 1.1245 1.0747 1.0355 1.1291 0.9345 0.9530 1.0000 0.8317 0.8035
0.6592 0.7468 0.8586 0.9082 1.0052 1.1921 1.0940 1.0742 1.0332 1.0300 1.0800 1.1049 0.9907 0.8654 0.9029 0.8637
0.7111 0.8091 0.9162 0.9809 0.9749 1.0369 1.0771 1.0450 1.0637 0.9954 1.0101 1.0755 1.0066 0.9799 0.9473 0.8857
0.8632 0.7607 0.8735 0.8888 1.0390 1.1940 0.9699 1.1468 1.1182 1.1564 1.0468 1.0438 1.1098 0.9426 0.8956 0.9438
0.6776 0.7820 0.8010 0.8346 0.9966 0.9985 1.1071 1.0054 0.9969 1.1088 1.0891 1.0430 1.0019 1.0129 0.9357 0.9328
0.6945 1.0000 0.8937 0.9295 0.9890 1.1243 1.1285 1.0327 1.0665 1.1442 1.0829 0.9086 0.9864 0.8977 0.8969 0.9209
0.8249 0.8160 0.9479 0.8672 1.0519 1.1378 0.9999 1.0589 1.0697 1.1489 1.0149 1.1125 1.0000 0.9659 0.9926 0.9438
0.8815 0.9067 0.9132 0.9598 0.9418 1.0729 1.0413 1.0401 1.0135 0.9264 1.0350 1.1363 1.0188 1.0226 1.0287 0.9728
0.6363 0.7784 0.9158 0.9917 1.0000 1.0355 1.0418 1.0354 1.0164 1.0840 1.0131 1.0773 1.0115 0.9292 1.0000 0.8394
0.8609 0.7969 0.9779 0.9538 1.0644 1.1350 1.1456 0.9432 1.0578 1.1197 1.1476 1.0362 1.0476 0.9341 0.8960 0.8454
0.7746 0.7930 0.8910 0.9540 1.2043 1.0000 1.0700 1.1787 1.0742 1.0401 1.2254 0.9286 0.9379 0.9352 1.0086 0.9860
0.8363 0.9332 0.8871 0.9775 1.1096 1.1197 1.1844 1.1720 1.1534 1.1356 1.0649 0.9552 0.9603 0.9072 0.7866 0.8041
