0.7122 0.7680 0.8614 0.8666 1.0112 1.0705 1.0693 1.1699 1.1802 1.1927 1.0416 1.0258 1.0242 1.0129 0.8562 0.8544
0.8251 0.8351 0.9312 1.0198 1.0853 1.2207 1.2276 0.9799 1.0522 0.9566 1.1206 0.9960 0.9310 0.8543 0.9970 0.7886
0.6413 0.6990 0.8968 0.8941 0.9608 1.0728 1.1422 1.0770 1.0869 1.2365 1.0073 0.9638 0.9051 0.9217 0.8990 0.7383
0.6488 0.7249 0.8384 0.9471 0.9663 1.0571 1.1043 1.0529 1.0096 1.1836 1.1297 0.9799 1.0400 0.8917 0.9214 0.7694
0.6918 0.7637 0.7818 0.8863 1.0000 1.0006 1.0470 1.0569 1.1883 1.2385 1.0552 1.0370 0.9800 1.0114 0.9246 0.8544
0.8131 0.8377 0.8470 0.9294 1.1389 1.0703 1.1697 1.1326 1.1833 1.1503 1.0713 1.0261 0.9671 0.9359 0.8609 0.8739
0.7530 0.8108 0.8417 0.9138 1.0141 1.0334 1.1619 1.1724 1.1110 1.0898 1.0971 1.0497 0.9886 0.9365 0.8268 0.9562
0.8579 0.7888 0.8447 0.9210 1.0000 1.0884 1.2020 1.1280 1.1195 1.0914 1.1619 1.0930 1.0149 0.9264 0.8253 0.9262
0.8102 0.8622 0.8496 0.8500 0.9967 1.0283 1.1148 1.0315 1.1106 1.1451 1.0521 1.0968 0.9846 1.0376 0.9082 0.8593
0.6679 0.7316 0.8506 0.9273 0.9693 0.9947 1.0463 1.1132 1.0151 1.0587 1.1867 0.9876 0.9294 0.9833 0.9877 1.0219
0.7181 0.6615 0.7226 0.7979 0.9542 1.0415 1.1326 1.0437 1.0340 1.0771 1.0336 0.9642 0.9961 0.9708 0.8666 0.9420
0.7407 0.8348 0.9052 0.9587 1.1459 1.1364 1.1174 0.8773 1.0467 1.2341 1.1039 0.9754 0.9528 1.0000 1.0000 0.7342
0.9243 0.8748 0.9026 1.0097 1.1453 1.1039 1.1636 1.0351 1.1382 1.0647 1.0627 1.0355 0.9943 0.8458 0.8205 0.9584
0.8842 0.8753 0.9465 0.9920 0.9765 1.0871 1.1526 1.1372 1.1212 1.0660 1.1793 0.9558 0.9505 1.0000 0.8379 0.8243
0.6873 0.7270 0.8373 0.8726 0.9558 1.1427 1.0713 1.0586 1.0991 1.0892 1.1453 1.1591 1.0354 0.8598 0.8669 0.8027
0.6781 0.8115 0.9303 0.9993 0.9686 1.0063 1.0768 1.0561 1.0806 1.0065 1.0268 1.0719 1.0060 0.9736 0.9331 0.8547
0.8520 0.7760 0.8740 0.8952 1.0205 1.1523 0.9909 1.1662 1.1534 1.1863 1.0761 1.0390 1.0955 0.9358 0.8754 0.8988
0.6885 0.7556 0.7886 0.8137 0.9874 0.9932 1.1150 1.0017 1.0046 1.1104 1.0979 1.0670 1.0254 1.0286 0.8784 0.8818
0.6798 1.0000 0.8704 0.9027 0.9807 1.1366 1.1025 1.0820 1.0799 1.1759 1.0992 0.9184 0.9811 0.8977 0.8725 0.9044
0.8164 0.7957 0.9082 0.8329 1.0433 1.1290 0.9902 1.0702 1.0810 1.1920 1.0672 1.1302 1.0000 0.9880 0.9658 0.9541
0.8386 0.8672 0.8744 0.9835 0.9498 1.0958 1.0870 1.0538 1.0514 0.9775 1.0632 1.1227 1.0025 0.9738 1.0007 0.9529
0.6114 0.7632 0.8919 0.9552 1.0000 1.0567 1.0622 1.0860 1.0425 1.1087 1.0405 1.0614 0.9925 0.8994 1.0000 0.8083
0.8497 0.7911 0.9414 0.9343 1.0715 1.1551 1.1790 0.9878 1.0849 1.1514 1.1568 1.0349 1.0256 0.9411 0.8778 0.8007
0.7466 0.7815 0.8443 0.9341 1.2003 1.0000 1.0983 1.1985 1.1214 1.0752 1.2386 0.9506 0.9467 0.9287 0.9591 0.9559
0.8300 0.9152 0.8622 0.9460 1.0704 1.1095 1.1698 1.1880 1.1952 1.1862 1.1011 0.9736 0.9561 0.8897 0.7913 0.7860
