1.4782 1.4304 1.2708 1.3258 1.0456 0.9706 1.1559 1.0169 1.0004 1.0149 0.8023 0.7590 0.8027 0.7414 0.6113 0.6833
1.0000 0.8144 1.1050 1.0271 0.9183 0.9215 1.1664 1.0186 1.0235 1.0769 1.0203 0.8802 0.9013 1.0989 1.0956 1.0000
1.2570 1.1977 1.5136 2.0108 0.9441 1.1416 1.0000 0.9027 1.1148 1.0638 0.8339 0.8201 0.9141 1.0788 0.8802 1.0078
1.1125 0.8656 0.8686 0.9469 0.8843 0.9610 0.9561 0.8613 1.0482 0.9737 1.0578 1.0738 1.0333 0.9898 1.0209 1.6017
1.3221 1.2420 0.9548 0.9356 0.9284 1.0400 1.2349 1.1504 1.0710 1.1903 1.3357 1.0024 1.0155 0.9663 0.9295 0.9526
0.8137 0.8191 0.7217 0.9369 0.8957 0.9157 1.1051 0.9867 0.9712 1.0623 1.1498 1.1247 1.0845 0.9977 1.2604 1.3320
1.5430 1.3708 1.2680 1.1436 1.1622 1.0650 1.0226 0.9125 0.8759 0.8070 0.8168 0.7421 0.7952 0.9243 1.0000 0.8182
1.1032 0.9278 1.0864 0.8961 0.8521 1.0508 1.0334 1.1087 1.2235 0.9764 0.9723 0.9798 0.8390 0.9532 0.9698 1.1089
0.9572 0.8848 1.1461 0.9695 1.0674 1.1805 0.9068 1.1384 1.1132 0.9304 0.9964 1.0577 1.0520 1.0186 1.0321 1.3286
1.0366 0.8268 1.1736 0.9162 0.9555 0.9928 0.8629 1.2494 0.8830 1.0047 0.8964 0.9674 1.0847 1.0291 1.0658 1.4459
0.7861 1.1274 1.3224 0.7860 1.1677 1.1642 1.0020 0.9877 0.9920 0.9094 0.9963 0.8364 1.0463 0.8638 0.8024 1.4601
0.8612 0.8380 0.9074 0.9389 0.8770 0.9417 1.0166 0.8910 0.9656 1.0991 1.0880 1.0955 1.1360 1.2053 1.2631 1.0444
1.1486 0.9985 0.9128 1.0637 0.9054 1.2052 1.1320 1.3435 0.8050 1.2742 1.0694 0.8210 0.8623 0.8932 0.9214 0.9776
1.1768 0.9975 1.2218 0.9770 0.7239 0.9487 0.9181 1.0221 1.0504 1.0036 1.0628 0.9624 0.9514 0.9459 1.0571 1.0298
1.3653 1.4752 1.0094 1.0591 1.2495 1.0126 1.0836 1.1488 0.9769 0.8511 0.8427 0.8606 0.7597 0.7085 0.6544 0.7779
0.7831 1.0037 0.7989 0.8028 0.9310 0.8890 0.9542 0.9373 1.0000 0.9830 1.1100 1.3484 1.0000 1.3363 1.3624 1.3892
1.0407 0.9106 1.1580 1.0000 1.0247 0.9574 1.0405 1.1317 0.9743 0.9201 0.9345 0.9597 0.9322 0.9714 1.2209 1.0544
0.9495 0.8170 0.8570 0.9090 0.7764 0.7444 1.0103 1.0159 1.0046 1.0000 1.0000 1.1912 1.0000 1.2026 1.1827 1.3187
1.7647 1.3117 1.6886 1.2807 0.9931 1.1643 1.0361 1.0454 0.9261 0.9447 0.9014 0.7863 0.7039 0.6959 0.9241 0.9190
0.9376 0.9868 1.0544 1.1872 0.9575 0.9637 1.0713 1.0078 1.2540 1.0608 1.0034 0.9211 1.0251 1.0527 0.6380 0.6241
1.3779 1.1276 1.0000 1.1358 1.2004 1.1139 1.0121 1.0321 0.9624 0.9769 0.8892 1.0112 0.8419 0.9004 0.8595 1.0275
0.7659 0.5776 0.8038 0.6857 0.9368 0.9079 0.9122 0.9296 0.9722 1.0823 1.0546 1.1896 1.2220 1.1526 1.2135 1.5276
0.9388 1.0567 1.0583 0.9445 0.9684 1.0307 1.2188 1.1618 1.0000 1.5735 0.9618 0.8452 0.8562 0.8154 0.8337 1.0507
0.7790 0.8223 0.8521 0.9449 0.8265 0.8547 0.8358 1.0167 1.1735 0.9842 1.0518 1.0566 1.1390 1.3271 0.6543 1.3731
1.1879 1.0916 1.0762 1.1361 1.0892 1.2047 1.2665 1.2388 0.9770 0.8726 0.9108 0.9824 0.9425 0.8019 0.7232 0.9388
