0.7152 0.7745 0.8473 0.8745 1.0437 1.0691 1.0685 1.1820 1.1860 1.1726 1.0395 1.0088 1.0417 1.0177 0.8647 0.8467
0.8549 0.8562 0.9346 1.0257 1.0861 1.2122 1.2119 0.9945 1.0515 0.9777 1.1363 1.0122 0.9129 0.8517 0.9762 0.7488
0.6622 0.6982 0.9181 0.9098 0.9577 1.0917 1.1540 1.0911 1.0731 1.2361 1.0228 0.9498 0.8923 0.9190 0.8766 0.7136
0.6634 0.7344 0.8555 0.9477 0.9707 1.0876 1.1157 1.0415 1.0181 1.1878 1.1419 0.9677 1.0212 0.8765 0.8880 0.7254
0.7060 0.8096 0.8158 0.9259 1.0000 1.0362 1.0970 1.0452 1.1447 1.2117 1.0438 1.0236 0.9526 1.0243 0.9281 0.7985
0.8456 0.8545 0.8661 0.9547 1.1171 1.0940 1.1554 1.1564 1.1692 1.1260 1.0618 1.0176 0.9525 0.9245 0.8545 0.8522
0.7713 0.8012 0.8563 0.9449 1.0306 1.0682 1.1624 1.1665 1.1126 1.0982 1.1077 1.0599 0.9649 0.9187 0.8053 0.9021
0.8867 0.8102 0.8609 0.9373 1.0000 1.1147 1.2102 1.1183 1.0744 1.0904 1.1689 1.0902 1.0012 0.8990 0.8313 0.9051
0.8209 0.8649 0.8639 0.8789 1.0164 1.0044 1.1287 1.0462 1.0853 1.1432 1.0443 1.1108 0.9698 1.0270 0.8858 0.8270
0.6884 0.7649 0.8769 0.9946 0.9894 1.0150 1.0434 1.1215 1.0377 1.0462 1.2096 1.0042 0.9098 0.9910 0.9649 0.9650
0.7294 0.6507 0.7594 0.7903 0.9578 1.0507 1.1282 1.0505 1.0469 1.0759 1.0349 0.9707 0.9915 0.9609 0.8593 0.9605
0.7567 0.8234 0.9220 0.9713 1.1477 1.1335 1.1336 0.8951 1.0616 1.2078 1.0705 0.9559 0.9383 1.0000 1.0000 0.6919
0.9354 0.8820 0.9207 1.0152 1.1222 1.1209 1.1914 1.0477 1.1374 1.0672 1.0326 1.0182 0.9774 0.8533 0.8135 0.9284
0.8997 0.8867 0.9648 1.0062 1.0028 1.0840 1.1667 1.1413 1.1096 1.0648 1.1748 0.9511 0.9265 1.0000 0.8208 0.7932
0.6883 0.7212 0.8592 0.9211 1.0027 1.1551 1.0993 1.0770 1.0568 1.0666 1.0964 1.1123 0.9741 0.8761 0.9040 0.8067
0.6725 0.7842 0.8988 0.9649 0.9923 1.0577 1.1005 1.0824 1.0965 1.0120 1.0349 1.0771 1.0019 0.9658 0.8917 0.8360
0.8467 0.7985 0.8997 0.9111 1.0443 1.1500 1.0220 1.1768 1.1523 1.1671 1.0744 1.0412 1.0643 0.9240 0.8671 0.8618
0.7174 0.7517 0.7925 0.8041 0.9950 1.0161 1.1221 0.9989 1.0180 1.0994 1.0640 1.0372 1.0062 1.0184 0.8511 0.8852
0.6971 1.0000 0.8921 0.9240 0.9846 1.1292 1.1475 1.0978 1.0842 1.1505 1.1022 0.9267 0.9626 0.9060 0.8572 0.8514
0.8514 0.8391 0.9140 0.8602 1.0325 1.1333 1.0092 1.0546 1.0713 1.2015 1.0747 1.1435 1.0000 0.9571 0.9322 0.9182
0.8608 0.8876 0.8772 0.9827 0.9770 1.1079 1.0700 1.0392 1.0671 0.9983 1.0668 1.1237 1.0125 0.9930 0.9766 0.8892
0.6135 0.7574 0.9089 0.9688 1.0000 1.0820 1.0742 1.0728 1.0564 1.0907 1.0197 1.0289 0.9907 0.9079 1.0000 0.7949
0.8909 0.8101 0.9404 0.9360 1.0650 1.1794 1.1934 0.9778 1.0884 1.1445 1.1515 1.0270 1.0090 0.9290 0.8546 0.8196
0.7434 0.7841 0.8700 0.9343 1.2192 1.0000 1.0871 1.1962 1.1178 1.0874 1.2272 0.9852 0.9383 0.9315 0.9550 0.9312
0.8364 0.9236 0.8932 0.9579 1.0789 1.1072 1.1881 1.1856 1.1571 1.1770 1.1224 0.9616 0.9653 0.9037 0.7773 0.7627
