1.3778 1.1906 1.0260 1.0899 0.9657 0.9362 1.0488 0.8959 1.0955 1.1364 0.8358 0.8486 0.9318 0.8680 0.8288 0.9447
1.0000 1.0919 1.3406 1.2703 1.1229 0.9820 1.1049 0.9529 0.8781 0.9096 0.8522 0.8453 0.8651 0.8917 0.8473 1.0000
1.0670 0.9208 0.8243 1.2049 0.8660 0.9723 1.0000 0.9604 1.0028 1.0259 0.9354 0.9613 1.0456 1.1879 1.0777 1.2504
1.3632 1.2264 1.1744 1.1453 1.0137 1.0569 1.0948 0.9176 0.9559 0.8650 0.9008 0.9483 0.8120 0.9320 0.7875 1.0036
1.2231 0.9912 0.8953 1.0230 0.9727 1.0251 0.9839 0.9046 1.0438 1.1171 0.9108 1.0633 0.8903 1.0632 1.0330 1.2617
1.2540 1.0623 1.0025 1.1489 0.9837 1.0720 1.0578 0.9554 0.9445 0.9834 1.0145 0.8557 0.8596 0.8352 1.0192 0.9647
1.2185 1.0979 1.0622 0.9918 0.9656 0.9525 1.0230 0.9693 0.8845 1.0305 0.9573 0.8188 0.9718 1.0567 1.0000 1.0736
1.3831 1.2316 1.1801 1.1083 1.1391 1.1155 1.0560 1.0035 1.0609 0.9013 0.8954 0.8177 0.7888 0.7774 0.7456 0.8033
0.6408 0.6879 0.8583 0.7298 0.9432 0.9479 0.8118 1.0117 1.0016 0.8695 1.0053 0.9492 1.1862 1.0198 1.1847 1.2615
1.1717 1.0123 1.0121 1.0938 1.0045 0.9714 0.9463 1.2129 0.8749 0.8532 0.9311 0.8768 0.9896 0.9784 1.0580 1.0161
0.7133 0.7433 0.9080 0.8050 0.9867 0.9839 0.8937 1.0009 0.9620 0.9509 1.1054 0.9053 1.2630 1.0967 0.9434 1.3265
1.2859 1.1344 1.1826 1.2257 1.0787 1.1042 1.1371 0.9606 1.0063 0.8829 0.8418 0.8798 0.8396 0.7966 0.8338 0.8016
1.0063 0.7910 0.7863 0.8663 0.8329 0.9141 0.8381 1.0558 0.9673 1.1131 1.1862 1.0236 1.1281 1.2269 1.2248 1.5476
1.2768 1.0812 1.1238 1.0532 0.8387 1.0046 1.0416 1.0165 0.9441 0.8562 0.9232 0.8633 0.9804 0.8593 1.0261 1.0925
1.1356 1.1778 0.9325 0.9161 1.0562 1.0273 0.9836 1.0631 1.0125 0.9705 0.9491 0.9666 0.9658 0.8012 0.9034 0.9763
1.0713 0.8870 1.1032 0.9054 1.0054 1.0439 0.9594 0.9859 1.0000 0.9035 0.9212 1.1051 1.0000 0.9932 0.9819 1.1264
0.9227 0.9257 0.9212 1.0000 0.9981 0.9250 1.0407 1.1291 1.0621 0.9900 1.0423 0.9838 1.0394 1.0680 1.2627 1.2479
1.5165 1.3768 1.0620 1.2842 0.9662 0.9873 1.1244 0.9840 0.9232 1.0000 1.0000 0.9043 1.0000 0.8523 0.9073 0.8882
1.5228 1.0022 1.1536 0.8996 0.7820 1.1122 0.9975 0.9765 1.0806 1.0458 0.9334 1.0161 0.9134 0.8994 1.0089 1.1836
1.1745 1.1258 1.1678 1.2190 0.9770 1.0455 0.9396 0.9102 0.9957 1.0287 0.9046 0.8056 0.8396 0.7999 0.5338 0.5420
1.1550 0.9393 1.0000 0.9220 1.1053 1.0465 0.9079 0.9950 0.9507 1.0281 0.9032 1.0737 0.8944 1.0761 0.9816 1.1054
0.7793 0.7775 1.0006 1.0009 1.1044 1.0026 0.9964 0.9550 0.9368 1.0765 0.9459 0.9992 1.0124 0.9894 0.9943 1.1706
1.0691 0.9144 0.9264 0.9957 0.8544 0.9275 0.8682 0.8940 1.0000 1.0780 0.9321 0.9652 1.1746 1.3188 1.4268 1.8206
1.0490 1.1144 0.9081 1.0684 0.9016 0.9868 0.9714 1.0345 1.0974 0.8821 0.9782 1.0107 0.9084 1.0343 0.5458 1.0503
1.0471 0.8955 0.8515 0.8845 0.9117 0.9338 1.0133 0.9832 0.9558 0.8969 1.0140 1.0394 1.1437 1.0240 1.0950 1.2551
