1.4417 1.3843 1.3279 1.3084 1.1273 0.9954 1.1138 1.0174 1.0168 0.9743 0.8147 0.8281 0.8265 0.7423 0.6300 0.6332
1.0000 0.7360 0.8673 0.9122 0.9137 0.9054 1.0604 1.0138 1.0214 1.1051 1.1100 0.9626 1.0640 1.2654 1.1306 1.0000
1.3406 1.2755 1.5286 2.0448 1.1141 1.1619 1.0000 0.8835 1.1655 1.0625 0.9105 0.7650 0.9325 1.0127 0.7228 0.8089
0.9794 0.7547 0.8014 1.0107 0.8745 0.9255 0.9386 0.9501 1.1230 1.0518 1.0386 1.0804 1.0692 1.0149 1.0855 1.5155
1.3006 1.1206 1.0285 1.0218 0.9345 1.0077 1.2943 1.1839 0.9510 1.1737 1.1088 0.9933 0.9803 1.0208 0.9694 0.9767
0.7018 0.8466 0.6981 0.7787 0.8381 1.0082 1.1578 1.0106 0.8991 1.2096 1.0010 1.2915 1.1346 1.0959 1.2119 1.4443
1.6644 1.3470 1.3205 1.2133 1.2064 1.0198 0.9948 0.8577 0.8984 0.8212 0.8187 0.7526 0.8068 0.9447 1.0000 0.7755
0.9466 0.8941 0.9393 0.9200 0.8203 0.9754 1.0550 1.1603 1.2375 0.9916 0.9772 1.0380 0.9269 0.9525 1.0422 1.1696
0.9994 0.9643 1.1736 1.0609 1.0084 1.2197 0.9684 1.1715 1.1325 0.9965 1.0496 0.9447 1.0052 0.8916 1.0699 1.1042
0.9721 0.8443 1.0517 0.8525 0.9153 0.9884 0.8845 1.1519 0.9186 1.0243 0.9143 1.0626 1.2155 1.1790 1.1952 1.6670
0.7332 1.1144 1.1367 0.8976 1.0697 1.1671 1.0992 1.1250 1.0841 0.8950 0.8437 0.8931 0.9739 0.8676 0.7640 1.3585
0.8401 0.8256 0.9238 0.9060 0.8244 0.9363 1.0085 0.9160 0.9771 1.1132 1.1220 1.1272 1.1186 1.2567 1.1976 0.9883
1.1018 1.0697 1.0255 1.1316 1.1312 1.1562 1.1450 1.4870 0.7869 1.2337 1.0263 0.7913 0.7877 0.8266 0.8207 0.8902
1.0441 0.8874 1.0574 0.8757 0.7455 0.8669 0.8342 1.0257 1.0451 1.0634 1.1450 1.0185 1.0655 1.0805 1.1921 1.0944
1.5430 1.4301 1.0442 1.1392 1.2921 1.0413 1.1684 1.1019 0.9052 0.7653 0.8243 0.7997 0.6809 0.7017 0.7033 0.6606
0.6692 0.9519 0.8231 0.7527 0.8542 0.8669 0.9525 0.8889 1.0000 0.9951 1.1866 1.1999 1.0000 1.4069 1.4623 1.5117
1.1264 0.9341 1.2121 1.0000 0.9808 1.0478 1.1353 0.9982 0.9427 0.9816 0.9253 0.9293 0.8994 0.9075 1.0488 0.9647
0.7955 0.8192 0.7717 0.9198 0.7726 0.8072 1.0064 0.9440 0.9751 1.0000 1.0000 1.2544 1.0000 1.1610 1.2799 1.2336
1.5650 1.2088 1.7325 1.1480 1.0027 1.1504 1.1113 1.0625 0.9882 0.9009 0.8475 0.8034 0.7385 0.7295 0.8935 0.8470
0.8447 0.9327 1.1958 0.9261 0.9690 1.0294 1.0647 1.0928 1.2719 1.3017 1.2472 1.0645 1.1469 1.0921 0.7756 0.6822
1.4931 1.1984 1.0000 1.1190 1.2520 1.1824 1.0673 0.9979 1.0034 1.0098 0.8984 0.9944 0.8569 0.9757 0.9136 0.9232
0.7349 0.6793 0.7788 0.6157 0.8326 0.8726 0.9710 0.9670 1.0238 1.0181 1.0781 1.3389 1.2390 1.1322 1.1803 1.5225
1.0164 1.0942 1.1302 0.9240 1.0182 1.0441 1.1490 1.1513 1.0000 1.5203 0.9968 0.8477 0.9205 0.6827 0.6120 0.7996
0.7210 0.7417 0.8065 0.8635 0.8103 0.8580 0.8745 0.9823 1.1289 1.0834 1.1089 1.1651 1.2305 1.3295 -6.0236 1.5040
1.4034 1.4313 1.2636 1.4356 1.1342 1.2793 1.3157 1.1528 1.0580 0.8283 0.9285 0.9267 0.8224 0.8855 0.7695 0.8769
