1.3129 1.1651 1.0821 1.1275 1.0236 0.9754 1.0613 0.9028 1.1438 1.1184 0.8638 0.8233 0.9115 0.7968 0.8040 0.8775
1.0000 1.0833 1.1632 1.2798 1.1654 1.0214 1.0773 0.9696 0.8844 0.9425 0.8980 0.8812 0.8988 0.9148 0.8273 1.0000
1.0992 0.9738 0.9167 1.3331 0.9127 1.0122 1.0000 0.9618 0.9849 1.0489 0.9759 0.9354 1.0179 1.0079 1.0454 1.1109
1.2755 1.1563 1.1146 1.1378 1.0179 1.0550 1.0952 0.9080 0.9734 0.9213 0.9089 0.9454 0.8530 0.9464 0.8301 0.9599
1.3719 1.0295 0.9656 1.0501 0.9597 0.9749 0.9643 0.9095 0.8995 0.9500 0.9533 1.1178 0.9023 1.0805 1.0667 1.3255
1.1465 1.0889 0.9766 1.0864 0.9631 1.0726 1.0723 0.9756 0.8757 1.0714 0.9219 0.9122 0.9086 0.8981 0.9975 1.0253
1.2105 1.0957 1.0758 1.0031 0.9552 0.9412 1.0104 0.9388 0.8940 1.0520 0.9748 0.8570 0.9825 1.0320 1.0000 1.0669
1.3103 1.2517 1.0832 1.0839 1.1212 1.0745 1.0616 1.0033 1.0993 0.8804 0.9106 0.8507 0.8172 0.7550 0.8088 0.8680
0.6831 0.7399 0.9228 0.7828 0.9434 0.9465 0.8541 1.0636 1.0531 0.9174 1.0641 1.0005 1.2125 0.9638 1.2497 1.1227
1.0558 0.9361 0.9052 1.0724 0.9736 0.9659 0.9670 1.0820 0.8966 0.9057 0.9545 0.9246 1.0611 1.0349 1.1439 1.1923
0.6454 0.7421 0.8685 0.8238 0.9239 0.9924 0.9457 1.0824 1.0385 0.9775 1.0523 0.9191 1.1602 1.1044 1.0003 1.1655
1.2810 1.0771 1.1215 1.1632 1.0645 1.1010 1.1384 0.9715 0.9955 0.8888 0.8587 0.9277 0.8949 0.8222 0.8932 0.8111
0.9931 0.8907 0.8546 0.9706 0.9179 0.8761 0.7918 1.1518 0.9307 1.0497 1.1559 0.9574 1.0706 1.1906 1.0967 1.4205
1.0871 1.0317 1.0879 0.8806 0.8469 0.9497 1.0158 1.0628 0.9754 0.9331 0.9784 0.9147 1.0518 0.9432 1.1044 1.1005
1.2664 1.1633 0.9854 0.9892 1.0596 1.0873 1.0414 1.0636 0.9709 0.8567 0.9427 0.9268 0.9242 0.7515 0.7556 0.8385
0.9980 0.9462 1.0470 0.8920 0.9220 1.0421 0.9905 0.9873 1.0000 0.8980 0.9549 1.0209 1.0000 1.0590 1.0990 1.2775
0.9669 0.9256 0.9669 1.0000 0.9554 0.9405 1.0483 0.9823 0.9719 1.0447 1.0477 1.0258 1.0618 1.0544 1.2517 1.2959
1.3762 1.3533 1.0220 1.2419 0.9585 0.9685 1.1006 0.9548 0.8827 1.0000 1.0000 0.9349 1.0000 0.8701 0.9636 0.9645
1.4668 1.0341 1.2049 0.9483 0.8306 1.1340 1.0231 0.9871 1.0928 0.9942 0.8906 1.0032 0.8899 0.8776 0.9338 1.1195
1.1189 1.1069 1.1599 1.1990 0.9967 1.0523 0.9565 0.9232 1.0260 1.0918 0.9168 0.8332 0.7919 0.7456 0.5329 0.5215
1.2895 0.9553 1.0000 0.9593 1.1339 1.0701 0.8989 0.9986 0.9859 0.9521 0.9400 1.1197 0.9147 1.1077 1.0007 1.0122
0.6397 0.7095 0.9672 0.9896 1.0264 1.0312 0.9733 0.9920 0.9628 1.0562 0.9721 1.0242 1.0848 0.9299 0.9954 1.2464
1.0358 0.8690 0.9001 0.9507 0.8386 0.9395 0.8880 0.9357 1.0000 1.1658 0.9564 0.9435 1.1381 1.2351 1.2795 1.4056
1.0128 1.0340 0.8692 1.0246 0.8912 1.0031 0.9134 0.9503 1.1352 0.9426 1.0268 1.0597 0.9655 1.0272 0.5458 1.0955
1.3061 1.0978 1.0270 1.0820 1.0684 1.0574 1.1341 1.0161 1.0081 0.8685 1.0100 0.8903 0.9967 0.8727 0.8722 0.9257
