0.8178 0.8192 0.9060 0.9332 1.0161 1.0534 1.0221 1.1332 1.1492 1.1610 1.0263 0.9406 1.1128 1.0681 0.9220 0.9241
0.8922 0.8979 0.9996 1.0631 1.1083 1.2170 1.1962 0.9288 0.9782 0.9220 1.0794 1.0259 0.9661 0.8575 0.9868 0.7845
0.6746 0.7485 0.9221 0.9516 0.9635 1.0715 1.1361 1.0810 1.0739 1.2392 1.0174 1.0011 0.9272 0.9474 0.9111 0.7266
0.6961 0.7513 0.8659 0.9504 0.9369 1.0749 1.0940 1.0227 0.9643 1.1933 1.1280 1.0033 1.0711 0.9257 0.9751 0.7622
0.8039 0.8688 0.8720 0.9177 1.0000 1.0594 1.1254 1.0795 1.1425 1.2024 1.0116 1.0412 1.0103 1.0556 0.9539 0.7904
0.8730 0.8832 0.8979 0.9636 1.1262 1.0816 1.1450 1.0615 1.1579 1.1078 1.0681 1.0103 0.9891 0.9378 0.8663 0.8294
0.7524 0.8345 0.8960 0.9554 1.0062 1.0449 1.1291 1.1236 1.0866 1.1004 1.0926 1.0636 0.9733 0.8965 0.8305 0.9765
0.8926 0.8178 0.8716 0.9272 1.0000 1.0831 1.1920 1.0859 1.0982 1.0637 1.1520 1.0829 1.0451 0.9306 0.8519 0.9134
0.8283 0.8950 0.8607 0.8934 1.0077 1.0264 1.1613 1.0391 1.0688 1.1471 1.0343 1.0932 0.9999 1.0452 0.9002 0.8460
0.7430 0.8309 0.9333 1.0590 0.9996 1.0715 1.0750 1.1487 0.9786 1.0406 1.1486 0.9013 0.8963 0.9520 0.9903 0.9382
0.7696 0.7314 0.8149 0.8564 0.9811 1.0805 1.1627 1.0642 1.0575 1.1064 1.0542 1.0139 1.0766 1.0181 0.8941 0.9568
0.7699 0.8670 0.8956 0.9912 1.1710 1.1071 1.1262 0.8488 1.0108 1.2144 1.0652 0.9873 0.9539 1.0000 1.0000 0.6516
0.9427 0.8651 0.9319 0.9986 1.1187 1.1089 1.1067 0.9672 1.0937 0.9740 1.0673 0.9866 0.9909 0.8046 0.7971 0.9365
0.9056 0.9222 0.9330 1.0201 0.9671 1.0832 1.1351 1.0967 1.0740 1.0429 1.1284 0.9283 0.9398 1.0000 0.8204 0.7861
0.6943 0.7877 0.8700 0.9215 1.0117 1.1815 1.1116 1.0785 1.0668 1.0668 1.1016 1.1457 1.0341 0.8393 0.8810 0.7450
0.7646 0.8666 0.9500 1.0019 0.9747 1.0346 1.0879 1.0301 1.0526 1.0006 1.0188 1.0849 1.0056 0.9677 0.9246 0.8785
0.8976 0.7804 0.9128 0.8946 1.0573 1.1508 0.9689 1.1236 1.1054 1.1877 1.0178 1.0443 1.1136 0.9308 0.8962 0.9045
0.7244 0.8232 0.8394 0.8418 1.0128 1.0176 1.1397 1.0213 1.0239 1.1232 1.1061 1.0506 1.0354 1.0357 0.9521 0.9404
0.7218 1.0000 0.9149 0.9087 0.9599 1.1494 1.1282 1.0583 1.0409 1.1577 1.0911 0.9058 0.9766 0.9020 0.9063 0.8995
0.9125 0.8948 1.0022 0.8987 1.0638 1.1761 1.0136 1.0954 1.0884 1.1929 0.9926 1.1049 1.0000 0.9200 0.8778 0.7818
0.8845 0.8829 0.8950 0.9783 0.9412 1.0781 1.0411 1.0552 1.0510 0.9608 1.0571 1.1225 1.0582 1.0180 1.0298 0.9061
0.6125 0.7577 0.9049 0.9671 1.0000 1.0189 1.0122 1.0025 0.9911 1.0863 1.0130 1.0706 1.0036 0.9227 1.0000 0.7928
0.8551 0.7913 1.0039 0.9606 1.0825 1.1338 1.1493 0.9332 1.0710 1.1335 1.1387 1.0336 1.0720 0.9230 0.8864 0.8349
0.7730 0.7901 0.8838 0.9144 1.1852 1.0000 1.0520 1.1989 1.1116 1.0232 1.2267 0.9564 0.9541 0.9412 1.0195 0.9713
0.8424 0.9331 0.8918 1.0007 1.1041 1.1146 1.1701 1.1866 1.1326 1.1406 1.0553 0.9564 0.9425 0.8504 0.6885 0.6435
