1.3508 1.1934 1.0549 1.0794 0.9876 0.9428 1.0648 0.9101 1.1027 1.1427 0.8532 0.8410 0.9201 0.8257 0.7924 0.9290
1.0000 1.0918 1.3226 1.2757 1.1379 1.0053 1.0966 0.9703 0.8860 0.9224 0.8660 0.8596 0.8702 0.8891 0.8140 1.0000
1.0597 0.9079 0.8841 1.1887 0.8378 0.9590 1.0000 0.9537 0.9642 1.0468 0.9622 0.9507 1.0503 1.1793 1.0640 1.3066
1.3318 1.2011 1.1680 1.1415 1.0062 1.0604 1.0824 0.9059 0.9485 0.8743 0.9087 0.9480 0.8032 0.9420 0.7958 0.9875
1.2540 0.9722 0.9097 1.0197 0.9835 0.9954 0.9796 0.8965 0.9866 1.0663 0.9676 1.0868 0.8935 1.0935 1.0438 1.3002
1.2034 1.0885 1.0077 1.1283 0.9996 1.0838 1.0620 0.9705 0.9172 1.0216 0.9849 0.8652 0.8798 0.8438 0.9876 0.9560
1.1904 1.0987 1.0520 1.0001 0.9409 0.9570 1.0351 0.9697 0.9081 1.0375 0.9686 0.8395 0.9745 1.0341 1.0000 1.0502
1.3469 1.2465 1.1525 1.0886 1.0977 1.0823 1.0709 1.0059 1.0990 0.9094 0.9066 0.8256 0.8128 0.7744 0.7641 0.8156
0.6596 0.7018 0.8656 0.7429 0.9494 0.9628 0.8381 1.0321 1.0276 0.9121 1.0528 1.0032 1.2153 1.0168 1.2118 1.2698
1.1543 1.0157 0.9954 1.1140 1.0152 0.9650 0.9463 1.1555 0.8695 0.8875 0.9152 0.8849 1.0091 0.9566 1.0833 1.0786
0.6631 0.7252 0.8816 0.8013 0.9558 0.9630 0.8963 1.0677 1.0157 0.9418 1.0641 0.9130 1.2219 1.0995 0.9552 1.3368
1.2570 1.1231 1.1816 1.2113 1.0949 1.1114 1.1411 0.9663 0.9992 0.9017 0.8543 0.8944 0.8621 0.7866 0.8242 0.7835
0.9854 0.8274 0.8190 0.9200 0.8770 0.9301 0.8313 1.0510 0.9320 1.1319 1.1959 1.0104 1.0852 1.1745 1.1265 1.5024
1.2105 1.0981 1.1354 1.0355 0.8619 0.9928 1.0273 1.0496 0.9601 0.8841 0.9286 0.8767 0.9799 0.8629 0.9927 1.0558
1.1877 1.1633 0.9329 0.9066 1.0335 1.0509 0.9734 1.0617 1.0090 0.9259 0.9615 0.9803 0.9642 0.8133 0.7836 0.9420
1.0320 0.9390 1.0517 0.8932 0.9873 1.0510 0.9682 0.9885 1.0000 0.9097 0.9399 1.1131 1.0000 1.0020 1.0014 1.1686
0.9716 0.9430 0.9290 1.0000 0.9795 0.9353 1.0348 1.0954 1.0017 1.0069 1.0478 1.0056 1.0041 1.0585 1.2391 1.2611
1.4780 1.3428 1.0076 1.2427 0.9516 0.9867 1.1271 0.9618 0.9112 1.0000 1.0000 0.9012 1.0000 0.8393 0.9035 0.9250
1.5000 1.0179 1.1830 0.9199 0.7912 1.1097 1.0129 0.9778 1.0919 1.0177 0.9345 0.9996 0.8995 0.8808 0.9636 1.1464
1.1756 1.1164 1.1552 1.2115 0.9810 1.0360 0.9509 0.9359 0.9961 1.0416 0.9124 0.8050 0.8194 0.7626 0.5305 0.5201
1.2637 0.9953 1.0000 0.9802 1.1365 1.0754 0.9224 1.0311 0.9642 1.0254 0.8856 1.0118 0.8998 1.0496 0.9834 1.0914
0.7850 0.7587 0.9780 1.0075 1.1091 1.0176 0.9729 0.9672 0.9340 1.0615 0.9513 0.9734 1.0364 0.9895 0.9940 1.1860
1.0372 0.8988 0.9162 0.9785 0.8579 0.9251 0.8546 0.9123 1.0000 1.1280 0.9444 0.9337 1.1710 1.2579 1.3370 1.6866
1.0365 1.0806 0.9065 1.0548 0.8996 0.9983 0.9527 0.9923 1.0917 0.8989 1.0146 1.0314 0.9361 1.0193 0.5458 1.0518
1.1401 0.9456 0.9054 0.9498 0.9647 0.9801 1.0710 1.0014 0.9942 0.8848 1.0300 0.9691 1.0856 0.9700 1.0242 1.1655
