1.3202 1.1682 1.0435 1.0888 0.9964 0.9690 1.0687 0.9050 1.1134 1.1374 0.8575 0.8330 0.9414 0.8215 0.8056 0.9328
1.0000 1.0428 1.3070 1.2759 1.1467 1.0019 1.0855 0.9649 0.8928 0.9163 0.8916 0.8582 0.8681 0.9122 0.8359 1.0000
1.0275 0.9071 0.9340 1.2099 0.8497 0.9526 1.0000 0.9372 0.9623 1.0231 0.9629 0.9347 1.0410 1.1566 1.0679 1.2768
1.2892 1.1881 1.1624 1.1395 1.0108 1.0702 1.1063 0.8956 0.9701 0.8868 0.8988 0.9466 0.8123 0.9476 0.7915 0.9666
1.2402 0.9840 0.9055 1.0173 0.9218 0.9801 0.9876 0.9028 0.9546 1.0665 0.9797 1.0721 0.9088 1.1065 1.0839 1.3377
1.2112 1.1019 1.0025 1.1235 0.9702 1.0727 1.0716 0.9516 0.9000 1.0101 0.9795 0.8790 0.8899 0.8578 1.0152 0.9759
1.2011 1.0938 1.0477 1.0011 0.9410 0.9574 1.0204 0.9859 0.9012 1.0373 0.9699 0.8456 0.9494 1.0954 1.0000 1.0502
1.3775 1.2461 1.1596 1.1224 1.1232 1.1044 1.0595 0.9969 1.0968 0.8913 0.8816 0.8094 0.7802 0.7590 0.7717 0.8110
0.6688 0.7092 0.8855 0.7468 0.9544 0.9541 0.8330 1.0363 1.0426 0.9124 1.0617 0.9896 1.2171 1.0263 1.2162 1.2596
1.1383 0.9697 0.9667 1.0727 0.9925 0.9654 0.9438 1.1645 0.8825 0.8957 0.9327 0.9036 1.0205 1.0046 1.0914 1.0974
0.6666 0.7306 0.8860 0.8172 0.9502 0.9656 0.8885 1.0389 1.0193 0.9705 1.0627 0.9168 1.2650 1.0967 0.9489 1.2562
1.2696 1.1508 1.1635 1.1684 1.0864 1.0928 1.1123 0.9675 0.9928 0.8852 0.8588 0.8999 0.8647 0.8221 0.8616 0.8147
1.0410 0.8537 0.8161 0.9042 0.8582 0.8996 0.8080 1.0679 0.9356 1.1111 1.1668 1.0071 1.0978 1.1792 1.1292 1.4971
1.2093 1.0659 1.1025 1.0001 0.8515 0.9980 1.0159 1.0294 0.9485 0.9013 0.9545 0.8837 0.9962 0.9021 1.0323 1.0727
1.1879 1.1535 0.9377 0.9167 1.0404 1.0553 1.0005 1.0623 1.0024 0.9193 0.9722 0.9625 0.9602 0.7916 0.7777 0.9220
1.0127 0.9671 1.0702 0.9002 0.9741 1.0558 0.9622 0.9715 1.0000 0.9099 0.9293 1.0932 1.0000 1.0212 1.0207 1.1463
0.9556 0.9207 0.9107 1.0000 0.9793 0.9200 1.0262 1.0830 1.0022 1.0135 1.0450 0.9795 1.0553 1.1103 1.2584 1.2809
1.4402 1.3322 1.0402 1.2395 0.9922 1.0057 1.1121 0.9728 0.8969 1.0000 1.0000 0.8972 1.0000 0.8380 0.9150 0.9120
1.4920 0.9927 1.2425 0.9101 0.7805 1.0892 0.9935 0.9778 1.0522 1.0322 0.9055 1.0112 0.9072 0.8994 0.9993 1.1743
1.1869 1.1095 1.1701 1.2350 0.9808 1.0497 0.9528 0.9232 1.0047 1.0767 0.8887 0.7907 0.7962 0.7496 0.5240 0.5180
1.3059 0.9577 1.0000 0.9316 1.1258 1.0772 0.9204 1.0139 0.9910 1.0276 0.9136 1.0347 0.8963 1.0743 1.0070 1.0577
0.7012 0.7323 0.9806 0.9795 1.0945 1.0150 1.0131 0.9449 0.9491 1.0670 0.9514 0.9911 1.0408 0.9659 1.0167 1.2189
1.0220 0.8688 0.9173 0.9683 0.8435 0.9293 0.8752 0.9094 1.0000 1.1437 0.9394 0.9304 1.1436 1.2377 1.3225 1.6436
1.0373 1.0578 0.8978 1.0362 0.8711 0.9942 0.9357 1.0042 1.1016 0.9139 1.0032 1.0435 0.9393 1.0485 0.5458 1.0754
1.2141 1.0232 0.9360 0.9880 1.0017 1.0205 1.0369 1.0075 1.0089 0.8902 1.0520 0.9601 1.0506 0.9404 0.9744 1.0723
