0.8272 0.8848 0.9107 0.9396 1.0475 1.1039 1.0788 1.1855 1.0544 1.1604 0.9796 1.0270 1.0590 1.0685 0.8499 0.8310
0.8605 0.9080 1.0202 1.0874 1.1452 1.2253 1.1958 0.9054 0.9521 0.9014 1.0847 0.9760 0.9791 0.8389 1.0322 0.7826
0.6871 0.7697 0.9762 0.9782 0.9944 1.1473 1.0202 1.1032 1.0224 1.2818 0.9925 0.8438 0.9430 0.9351 1.0269 0.6502
0.6566 0.7974 0.9002 0.9981 1.0123 1.0976 1.1540 1.0847 0.9106 1.0864 1.1583 0.9368 1.0123 0.8769 0.9489 0.6179
0.7353 0.8285 0.8622 0.9134 1.0000 1.0364 1.0877 1.0495 1.1418 1.2161 1.0365 0.9984 1.0004 1.0639 1.0406 0.8940
0.8780 0.8906 0.9014 0.9882 1.1498 1.0836 1.1670 0.9481 1.2042 1.1263 1.0456 1.0392 0.9921 0.9088 0.8531 0.8193
0.7234 0.8843 0.9556 0.9464 1.0738 0.9351 1.2116 1.2287 1.0611 0.9954 1.0682 1.0003 0.9741 0.9548 0.8544 0.8459
0.9380 0.8529 0.9045 0.9794 1.0000 1.0899 1.2097 1.0631 1.1007 1.0844 1.0464 1.1444 1.0466 0.8809 0.8483 0.7986
0.8441 0.9127 0.8818 0.9122 1.0556 1.0358 1.1269 1.0076 1.0860 1.1065 1.0401 1.0444 1.0201 1.0395 0.8962 0.7669
0.7283 0.7924 0.8801 1.0214 0.9982 1.0632 1.0836 1.1296 0.9804 1.0311 1.1811 0.8197 0.8428 1.0184 1.0502 1.0817
0.8073 0.7313 0.8343 0.8533 1.0328 1.1359 1.2062 1.0396 1.0280 1.1391 0.9926 1.0173 1.0680 1.0203 0.8776 0.8745
0.7893 0.8838 0.8915 1.0677 1.1694 1.1906 1.1854 0.9101 0.9437 1.1879 0.9677 0.9127 0.9014 1.0000 1.0000 0.6283
0.9361 0.9163 0.9123 1.0258 1.1357 1.0680 1.0953 0.9067 1.0698 0.9771 1.0152 0.9900 1.0000 0.8379 0.8040 0.9925
0.9212 0.9281 0.9620 1.0096 0.9690 1.0881 1.1393 1.1197 1.0447 0.9833 1.1104 0.9085 0.9573 1.0000 0.8551 0.7371
0.6738 0.7779 0.8377 0.8818 1.0141 1.1868 1.0656 1.1027 1.0235 1.0588 1.1089 1.1545 1.0376 0.8622 0.9628 0.8563
0.6957 0.8710 0.9941 1.0399 1.0270 1.0245 1.0947 0.9626 1.1059 0.9312 0.9977 1.0407 1.0632 0.9559 0.8921 0.7864
0.9037 0.6972 0.8284 0.8326 1.0541 1.1706 0.9796 1.1757 1.1100 1.1452 1.0448 1.0209 1.1664 0.9534 0.8638 0.9979
0.7165 0.8957 0.8467 0.8227 1.0600 0.9782 1.2518 1.0828 1.0262 1.1556 1.1071 0.9972 0.9327 0.8910 0.9594 0.9803
0.7133 1.0000 0.9579 0.8892 0.9633 1.1177 1.1109 0.9643 1.0780 1.1704 1.1099 0.8819 1.0139 0.9002 0.9265 0.9102
0.8452 0.8541 0.9689 0.8528 1.0673 1.1879 1.0034 1.0814 1.0436 1.1317 1.0145 1.1389 1.0000 0.9313 1.0100 0.8551
0.9434 0.9550 0.9325 0.9393 0.8814 1.1299 1.0401 1.0946 1.0597 0.9436 1.0457 1.1723 0.9955 1.0224 0.9759 0.7762
0.6493 0.8693 0.9773 1.0400 1.0000 1.0977 1.0482 1.0726 0.9706 1.0182 0.9455 1.0581 0.9007 0.8682 1.0000 0.6900
0.8320 0.8335 0.9923 0.9685 1.0644 1.1302 1.1854 0.9270 1.0486 1.1014 1.1273 1.0470 1.0566 0.9677 0.8731 0.8506
0.8373 0.8537 0.9049 0.9851 1.2707 1.0000 1.0991 1.1244 1.0994 1.0426 1.2139 0.8344 0.9418 0.9452 0.9417 0.9006
0.8405 0.9235 0.8696 0.9740 1.1107 1.0936 1.1820 1.1589 1.1330 1.1512 1.0697 0.9312 0.9835 0.8593 0.7483 0.7680
