0.7501 0.8075 0.8882 0.9103 1.0510 1.0989 1.0467 1.1733 1.1322 1.1408 1.0028 0.9680 1.0516 1.0193 0.8579 0.8658
0.8687 0.8886 0.9907 1.0835 1.1161 1.2498 1.1986 0.9381 0.9723 0.9156 1.0776 0.9802 0.9234 0.8387 0.9923 0.7681
0.6632 0.7346 0.9206 0.9297 0.9593 1.0950 1.1158 1.0759 1.0498 1.2112 1.0149 0.9748 0.9097 0.9088 0.9139 0.7218
0.6606 0.7421 0.8688 0.9783 0.9761 1.0848 1.0999 1.0247 0.9685 1.1450 1.1293 0.9740 1.0355 0.9006 0.9332 0.7526
0.7592 0.7948 0.8286 0.9225 1.0000 1.0411 1.0876 1.0466 1.1464 1.2168 1.0242 1.0246 0.9524 1.0382 0.9678 0.8691
0.8419 0.8787 0.8835 0.9577 1.1632 1.1118 1.1635 1.0688 1.1501 1.0792 1.0556 1.0097 0.9692 0.9342 0.8664 0.8678
0.7377 0.8355 0.8690 0.9540 1.0422 1.0381 1.1350 1.1381 1.1026 1.0587 1.0761 1.0518 0.9775 0.9110 0.8440 0.9716
0.8966 0.8111 0.8759 0.9562 1.0000 1.0868 1.1826 1.0916 1.0833 1.0472 1.1278 1.0799 1.0343 0.9409 0.8471 0.9400
0.8096 0.8767 0.8850 0.8904 1.0221 1.0275 1.1351 1.0390 1.0796 1.1051 1.0358 1.0833 0.9839 1.0330 0.8878 0.8359
0.6894 0.7804 0.8815 1.0004 1.0098 1.0439 1.0599 1.1333 0.9684 0.9955 1.1584 0.9260 0.9035 0.9760 0.9980 1.0199
0.7386 0.6758 0.7700 0.8233 0.9727 1.0629 1.1618 1.0249 0.9996 1.0539 0.9922 0.9563 1.0239 0.9578 0.8706 0.9748
0.7506 0.8681 0.9099 0.9936 1.1769 1.1595 1.1399 0.8699 1.0100 1.2164 1.0761 0.9543 0.9382 1.0000 1.0000 0.6824
0.9613 0.9093 0.9394 1.0212 1.1568 1.1112 1.1565 1.0052 1.1222 1.0134 1.0492 1.0160 1.0027 0.8309 0.8177 0.9706
0.9395 0.9285 0.9787 1.0461 1.0112 1.0996 1.1385 1.1207 1.0739 1.0407 1.1306 0.9228 0.9355 1.0000 0.8280 0.8067
0.6791 0.7602 0.8742 0.9255 1.0268 1.2191 1.1148 1.0733 1.0471 1.0483 1.0520 1.0710 0.9602 0.8584 0.8941 0.8279
0.7018 0.8123 0.9012 0.9845 0.9911 1.0280 1.0976 1.0471 1.0678 0.9913 1.0045 1.0807 1.0096 0.9668 0.9427 0.8848
0.9012 0.7596 0.8780 0.8887 1.0519 1.1926 0.9568 1.1702 1.1227 1.1582 1.0374 1.0258 1.1143 0.9348 0.8894 0.9194
0.6930 0.8098 0.8084 0.8277 1.0090 0.9760 1.1278 1.0037 0.9903 1.1073 1.0857 1.0561 1.0080 1.0228 0.9084 0.9219
0.6877 1.0000 0.9158 0.9326 0.9687 1.1436 1.1320 1.0504 1.0431 1.1490 1.0752 0.9147 0.9915 0.8900 0.8912 0.8988
0.8422 0.8292 0.9427 0.8805 1.0584 1.1557 0.9934 1.0544 1.0553 1.1527 1.0217 1.1161 1.0000 0.9671 0.9658 0.9223
0.8666 0.8873 0.8987 0.9702 0.9323 1.1027 1.0536 1.0207 1.0097 0.9652 1.0273 1.1414 1.0093 1.0125 1.0259 0.9765
0.6366 0.7773 0.9147 0.9928 1.0000 1.0670 1.0601 1.0610 1.0141 1.0799 1.0087 1.0668 0.9798 0.9136 1.0000 0.8414
0.8535 0.7795 0.9897 0.9565 1.0421 1.1461 1.1445 0.9356 1.0597 1.1267 1.1494 1.0499 1.0554 0.9350 0.8900 0.8392
0.7732 0.7989 0.8972 0.9409 1.2232 1.0000 1.0688 1.1866 1.0916 1.0339 1.2292 0.9379 0.9399 0.9366 0.9820 0.9595
0.8404 0.9381 0.8803 0.9831 1.1113 1.1196 1.2000 1.1749 1.1628 1.1421 1.0707 0.9595 0.9609 0.9030 0.7759 0.7767
