0.7332 0.7799 0.8459 0.8780 1.0431 1.0643 1.0688 1.1920 1.1900 1.1632 1.0420 1.0131 1.0365 1.0099 0.8651 0.8449
0.8455 0.8447 0.9371 1.0216 1.1040 1.2167 1.2091 0.9892 1.0556 0.9869 1.1289 1.0108 0.9152 0.8555 0.9617 0.7512
0.6635 0.7017 0.9247 0.9078 0.9620 1.0761 1.1621 1.0968 1.0952 1.2417 1.0149 0.9703 0.8835 0.9203 0.8669 0.6986
0.6671 0.7444 0.8694 0.9586 0.9703 1.0772 1.1247 1.0527 1.0099 1.1611 1.1211 0.9697 1.0252 0.8785 0.8964 0.7262
0.7244 0.8364 0.8173 0.8966 1.0000 1.0355 1.1063 1.0252 1.1180 1.1973 1.0422 1.0344 0.9571 1.0367 0.9247 0.7955
0.8480 0.8395 0.8643 0.9565 1.1138 1.0945 1.1614 1.1567 1.1760 1.1317 1.0672 1.0227 0.9501 0.9327 0.8513 0.8357
0.7698 0.7999 0.8633 0.9486 1.0405 1.0759 1.1606 1.1643 1.1002 1.0805 1.1091 1.0589 0.9607 0.9182 0.8124 0.8920
0.8899 0.8129 0.8607 0.9447 1.0000 1.1107 1.2330 1.1210 1.0784 1.0724 1.1685 1.0905 0.9939 0.9047 0.8239 0.8903
0.8242 0.8688 0.8637 0.8860 1.0099 1.0228 1.1229 1.0572 1.0788 1.1444 1.0594 1.1037 0.9669 1.0220 0.8711 0.8104
0.6916 0.7636 0.8636 1.0138 0.9868 1.0127 1.0698 1.1223 1.0211 1.0551 1.2076 0.9982 0.8966 0.9806 0.9568 0.9543
0.7350 0.6561 0.7560 0.8040 0.9499 1.0442 1.1452 1.0449 1.0610 1.0633 1.0333 0.9603 0.9946 0.9675 0.8610 0.9624
0.7612 0.8365 0.9265 0.9823 1.1399 1.1208 1.1282 0.8952 1.0522 1.1976 1.0865 0.9689 0.9228 1.0000 1.0000 0.7002
0.9477 0.8840 0.9260 1.0214 1.1185 1.1066 1.1892 1.0404 1.1284 1.0625 1.0533 1.0190 0.9704 0.8520 0.8169 0.9225
0.9053 0.9033 0.9668 1.0050 1.0090 1.1030 1.1601 1.1464 1.0941 1.0548 1.1737 0.9469 0.9238 1.0000 0.8105 0.7885
0.7091 0.7490 0.8657 0.9204 1.0086 1.1535 1.0904 1.0528 1.0784 1.0451 1.1309 1.1244 0.9653 0.8640 0.8920 0.7860
0.6803 0.7961 0.9058 0.9747 0.9916 1.0613 1.1048 1.0780 1.0815 1.0216 1.0405 1.0674 0.9897 0.9615 0.8935 0.8287
0.8590 0.8036 0.8994 0.9055 1.0488 1.1452 1.0177 1.1780 1.1405 1.1645 1.0729 1.0356 1.0687 0.9244 0.8631 0.8677
0.7165 0.7592 0.8000 0.8164 0.9986 1.0167 1.1152 1.0129 1.0346 1.0912 1.0804 1.0418 0.9788 1.0282 0.8497 0.8748
0.7001 1.0000 0.9031 0.9245 0.9947 1.1453 1.1419 1.0998 1.0833 1.1564 1.0780 0.9189 0.9612 0.9005 0.8431 0.8470
0.8776 0.8443 0.9352 0.8852 1.0331 1.1517 1.0254 1.0761 1.0638 1.1868 1.0569 1.1313 1.0000 0.9623 0.9006 0.8772
0.8695 0.8884 0.8807 0.9821 0.9777 1.1147 1.0727 1.0378 1.0423 1.0179 1.0785 1.1312 1.0049 0.9811 0.9619 0.8970
0.6184 0.7570 0.9072 0.9689 1.0000 1.0866 1.0528 1.0781 1.0633 1.0970 1.0217 1.0224 0.9859 0.9138 1.0000 0.8079
0.8837 0.8299 0.9322 0.9335 1.0666 1.1670 1.1993 0.9766 1.0970 1.1435 1.1508 1.0208 1.0196 0.9244 0.8460 0.8183
0.7571 0.7931 0.8795 0.9543 1.2258 1.0000 1.0856 1.1967 1.1041 1.0685 1.2272 0.9665 0.9351 0.9318 0.9422 0.9324
0.8632 0.9377 0.8914 0.9477 1.0636 1.1009 1.1713 1.1786 1.1769 1.1835 1.1076 0.9783 0.9652 0.8937 0.7807 0.7419
