1.3582 1.1876 1.0256 1.0832 0.9812 0.9277 1.0718 0.8975 1.1021 1.1248 0.8384 0.8483 0.9372 0.8347 0.8092 0.9237
1.0000 1.0771 1.3010 1.2598 1.1331 0.9943 1.1036 0.9661 0.8809 0.9179 0.8721 0.8575 0.8652 0.8951 0.8335 1.0000
1.0305 0.9125 0.8733 1.1953 0.8458 0.9451 1.0000 0.9538 0.9710 1.0448 0.9505 0.9586 1.0487 1.1699 1.0566 1.2521
1.3291 1.2076 1.1624 1.1265 1.0179 1.0557 1.0651 0.9070 0.9546 0.8651 0.8954 0.9432 0.8083 0.9365 0.7772 0.9798
1.2184 0.9793 0.8912 1.0263 0.9720 1.0162 0.9751 0.9112 1.0227 1.0901 0.9243 1.0908 0.8861 1.0895 1.0273 1.2813
1.2365 1.0693 1.0093 1.1370 0.9764 1.0724 1.0518 0.9616 0.9399 1.0062 0.9960 0.8646 0.8704 0.8374 1.0049 0.9457
1.2076 1.0926 1.0396 0.9899 0.9490 0.9620 1.0277 0.9803 0.8885 1.0477 0.9585 0.8437 0.9819 1.0515 1.0000 1.0498
1.3292 1.2158 1.1345 1.0770 1.1131 1.0865 1.0574 0.9985 1.0814 0.9124 0.9155 0.8424 0.8051 0.7832 0.7556 0.8006
0.6704 0.7071 0.8776 0.7545 0.9500 0.9435 0.8304 1.0334 1.0151 0.9050 1.0469 0.9808 1.2023 1.0159 1.1867 1.2330
1.1867 1.0100 1.0055 1.1029 0.9983 0.9718 0.9347 1.1904 0.8758 0.8745 0.9363 0.8891 0.9850 0.9665 1.0598 1.0208
0.7205 0.7578 0.9210 0.8224 0.9918 0.9847 0.9137 1.0362 0.9609 0.9475 1.1178 0.9190 1.2076 1.1096 0.9584 1.3170
1.2582 1.1462 1.1857 1.2200 1.0864 1.0895 1.1373 0.9693 0.9971 0.8791 0.8401 0.8826 0.8387 0.8012 0.8292 0.7886
1.0126 0.8492 0.8205 0.9178 0.8603 0.9256 0.8516 1.0628 0.9529 1.1055 1.1930 0.9984 1.1095 1.1930 1.1540 1.5186
1.2648 1.0946 1.1461 1.0579 0.8690 0.9978 1.0225 1.0225 0.9512 0.8773 0.9218 0.8659 0.9766 0.8535 0.9950 1.0523
1.1427 1.1576 0.9346 0.9039 1.0301 1.0432 0.9986 1.0694 1.0191 0.9496 0.9599 0.9743 0.9567 0.8043 0.7812 0.9614
1.0624 0.8671 1.0712 0.9184 1.0189 1.0572 0.9845 1.0076 1.0000 0.9049 0.9210 1.1073 1.0000 0.9797 0.9740 1.1022
0.9393 0.9254 0.9148 1.0000 1.0047 0.9403 1.0185 1.0984 1.0117 1.0175 1.0426 0.9947 1.0424 1.0764 1.2229 1.2335
1.4342 1.3328 1.0418 1.2628 0.9889 0.9957 1.1245 0.9474 0.9177 1.0000 1.0000 0.9176 1.0000 0.8429 0.8893 0.8866
1.4913 0.9869 1.1402 0.8983 0.7831 1.1054 1.0267 0.9977 1.0803 1.0469 0.8882 1.0348 0.9112 0.8969 1.0055 1.1579
1.1720 1.1011 1.1449 1.1993 0.9695 1.0393 0.9532 0.9173 1.0004 1.0287 0.9077 0.8161 0.8495 0.7815 0.5328 0.5289
1.1405 0.9364 1.0000 0.8871 1.0861 1.0511 0.8986 1.0117 0.9727 1.0641 0.9375 1.0570 0.9246 1.0572 0.9794 1.1046
0.7492 0.7696 1.0239 1.0066 1.0965 1.0414 0.9658 0.9674 0.9585 1.0808 0.9637 0.9667 0.9847 0.9737 0.9722 1.1843
1.0340 0.8856 0.9099 0.9721 0.8610 0.9395 0.8718 0.9151 1.0000 1.1614 0.9615 0.9558 1.1742 1.2866 1.3523 1.7360
1.0464 1.0964 0.8979 1.0601 0.9044 0.9943 0.9638 1.0246 1.0855 0.8968 0.9845 1.0340 0.9250 1.0183 0.5458 1.0281
1.0741 0.9432 0.8562 0.8856 0.9285 0.9720 1.0047 0.9943 0.9889 0.8986 1.0371 1.0104 1.1367 0.9938 1.0754 1.2283
