1.3452 1.1882 1.0771 1.1229 1.0155 0.9616 1.0745 0.8927 1.1083 1.1342 0.8524 0.8156 0.9229 0.8150 0.7817 0.8941
1.0000 1.0595 1.2882 1.2470 1.1340 1.0307 1.0884 0.9644 0.8711 0.9262 0.8672 0.8770 0.8860 0.9311 0.8472 1.0000
1.0419 0.9031 0.8910 1.2033 0.8522 0.9477 1.0000 0.9410 0.9896 1.0509 0.9556 0.9429 1.0578 1.1400 1.0847 1.2137
1.2776 1.1866 1.1519 1.1463 1.0205 1.0798 1.1098 0.8975 0.9903 0.8882 0.9198 0.9269 0.8123 0.9366 0.7874 0.9514
1.2933 0.9897 0.9096 1.0150 0.9398 0.9580 0.9783 0.9003 0.9731 1.0584 0.9896 1.0939 0.8858 1.1002 1.0677 1.3409
1.1905 1.0822 0.9893 1.1131 0.9731 1.0960 1.0660 0.9783 0.9055 1.0316 0.9773 0.8763 0.8916 0.8515 1.0016 0.9675
1.1795 1.1055 1.0576 0.9759 0.9469 0.9451 1.0367 0.9649 0.8875 1.0438 0.9621 0.8596 0.9729 1.0903 1.0000 1.0392
1.3652 1.2294 1.1404 1.0765 1.1166 1.0918 1.0636 0.9885 1.0933 0.9039 0.8946 0.8402 0.8142 0.7791 0.7865 0.8258
0.6690 0.7301 0.9127 0.7593 0.9519 0.9639 0.8390 1.0411 1.0449 0.9093 1.0577 0.9665 1.1984 0.9926 1.2486 1.1834
1.1394 0.9831 0.9688 1.0940 0.9981 0.9626 0.9531 1.1304 0.8756 0.8767 0.9315 0.9048 1.0391 0.9916 1.0994 1.0960
0.6659 0.7055 0.8912 0.8156 0.9655 0.9841 0.9113 1.0375 0.9864 0.9745 1.0631 0.9104 1.2378 1.0945 0.9767 1.2191
1.2435 1.1543 1.1697 1.2020 1.0840 1.1067 1.1259 0.9645 1.0082 0.8890 0.8328 0.8837 0.8533 0.8069 0.8627 0.8120
1.0270 0.9007 0.8420 0.9792 0.9025 0.9164 0.7596 0.9149 0.9660 0.9610 1.1344 0.9995 1.1537 1.2332 1.1821 1.5787
1.2037 1.0949 1.0044 0.9534 0.8603 1.0022 1.0276 1.0563 0.9685 0.8944 0.9567 0.8929 0.9904 0.9286 1.0372 1.0918
1.2020 1.1623 0.9283 0.9134 1.0516 1.0546 1.0015 1.0757 1.0155 0.9098 0.9403 0.9670 0.9584 0.7633 0.7634 0.9293
1.0218 0.9771 1.0777 0.9015 0.9920 1.0714 0.9853 0.9884 1.0000 0.9016 0.9401 0.9929 1.0000 1.0104 1.0310 1.1771
0.9325 0.9258 0.9265 1.0000 0.9776 0.9259 1.0227 1.0761 0.9995 1.0311 1.0520 0.9828 1.0607 1.0831 1.2822 1.2932
1.4455 1.3367 1.0279 1.2502 0.9542 0.9877 1.1400 0.9791 0.9110 1.0000 1.0000 0.9085 1.0000 0.8357 0.9164 0.9181
1.4663 1.0176 1.1987 0.9100 0.7967 1.1252 1.0166 0.9863 1.0804 1.0240 0.9133 1.0070 0.8880 0.8802 0.9583 1.1439
1.1779 1.1105 1.1878 1.2034 0.9824 1.0286 0.9469 0.9389 0.9934 1.0385 0.9118 0.7971 0.7850 0.7691 0.5269 0.5180
1.2776 0.9378 1.0000 0.9563 1.1246 1.0476 0.9143 0.9839 0.9663 1.0016 0.9390 1.0775 0.9039 1.0978 0.9892 1.0753
0.5533 0.7476 0.9994 1.0127 1.1070 1.0207 0.9915 0.9459 0.9175 1.0735 0.9537 0.9780 1.0448 0.9781 0.9832 1.2011
1.0473 0.8693 0.9069 0.9632 0.8385 0.9456 0.8692 0.9110 1.0000 1.0981 0.9357 0.9297 1.1290 1.2746 1.2884 1.5855
1.0447 1.0435 0.8761 1.0297 0.8903 0.9843 0.9526 1.0155 1.1262 0.9067 1.0269 1.0146 0.9451 1.0251 0.5458 1.0498
1.2583 1.0512 0.9792 1.0305 1.0267 1.0397 1.0825 0.9915 1.0300 0.8783 1.0368 0.8978 1.0146 0.9123 0.9471 1.0206
