0.7382 0.7989 0.8578 0.8786 1.0190 1.0765 1.0477 1.1708 1.1796 1.1735 1.0498 1.0165 1.0384 1.0174 0.8618 0.8639
0.8491 0.8374 0.9405 1.0312 1.0869 1.2141 1.2013 0.9982 1.0599 0.9794 1.1119 0.9983 0.9265 0.8531 0.9669 0.7481
0.6621 0.7000 0.9075 0.9093 0.9610 1.0785 1.1489 1.0732 1.0919 1.2298 1.0134 0.9784 0.9053 0.9183 0.8665 0.7093
0.6782 0.7455 0.8612 0.9681 0.9821 1.0867 1.1186 1.0363 1.0036 1.1596 1.1428 0.9567 1.0190 0.8818 0.8940 0.7435
0.7165 0.8020 0.8139 0.8872 1.0000 1.0188 1.0777 1.0865 1.1880 1.2512 1.0794 1.0203 0.9918 1.0210 0.9185 0.7766
0.8376 0.8535 0.8788 0.9586 1.1245 1.0885 1.1525 1.1465 1.1697 1.1228 1.0676 1.0193 0.9499 0.9309 0.8536 0.8394
0.7691 0.7987 0.8637 0.9363 1.0173 1.0585 1.1776 1.1732 1.1043 1.1056 1.1066 1.0673 0.9642 0.9090 0.8224 0.9031
0.8690 0.8075 0.8601 0.9522 1.0000 1.1208 1.2193 1.1224 1.0527 1.0727 1.1553 1.1109 1.0091 0.9173 0.8289 0.9020
0.8249 0.8638 0.8553 0.8799 1.0140 1.0207 1.1315 1.0444 1.0807 1.1328 1.0675 1.1050 0.9737 1.0281 0.8852 0.8292
0.6808 0.7372 0.8638 0.9485 1.0050 1.0387 1.0598 1.1050 1.0161 1.0577 1.1732 0.9872 0.9196 0.9701 0.9649 0.9574
0.7359 0.6526 0.7591 0.7954 0.9540 1.0370 1.1099 1.0488 1.0486 1.0633 1.0286 0.9701 1.0029 0.9766 0.8524 0.9636
0.7426 0.8186 0.9164 0.9739 1.1508 1.1076 1.1163 0.9013 1.0719 1.2112 1.0976 0.9583 0.9279 1.0000 1.0000 0.6807
0.9418 0.8778 0.9052 1.0164 1.1226 1.1227 1.1773 1.0571 1.1353 1.0492 1.0641 1.0293 0.9762 0.8417 0.8231 0.9208
0.9212 0.9016 0.9622 0.9990 1.0041 1.1051 1.1431 1.1445 1.1216 1.0724 1.1677 0.9335 0.9267 1.0000 0.8108 0.7758
0.7043 0.7561 0.8665 0.9210 1.0127 1.1638 1.0483 1.0724 1.0518 1.0633 1.1596 1.1353 0.9992 0.8531 0.8639 0.7662
0.6962 0.8139 0.9297 0.9918 0.9907 1.0539 1.1006 1.0559 1.0922 1.0279 1.0229 1.0560 0.9834 0.9664 0.8926 0.8338
0.8577 0.8152 0.8791 0.9108 1.0509 1.1719 1.0065 1.1756 1.1475 1.1814 1.0671 1.0264 1.0731 0.9154 0.8635 0.8589
0.7228 0.7552 0.7958 0.8083 1.0045 1.0095 1.1154 1.0213 1.0067 1.1061 1.0718 1.0407 1.0164 1.0291 0.8567 0.8718
0.7307 1.0000 0.8917 0.9240 0.9890 1.1546 1.1314 1.0941 1.0897 1.1552 1.0762 0.9158 0.9606 0.9113 0.8434 0.8711
0.8499 0.8311 0.9239 0.8776 1.0301 1.1382 1.0118 1.1095 1.0821 1.1812 1.0732 1.1073 1.0000 0.9794 0.9250 0.8963
0.8646 0.8632 0.8875 0.9821 0.9666 1.1183 1.0845 1.0612 1.0408 1.0261 1.0756 1.1355 0.9942 0.9836 0.9804 0.8623
0.6262 0.7666 0.8855 0.9580 1.0000 1.0763 1.0672 1.0874 1.0591 1.0961 1.0341 1.0278 0.9816 0.9079 1.0000 0.8118
0.8738 0.7988 0.9243 0.9297 1.0900 1.1792 1.1899 0.9884 1.1023 1.1628 1.1604 1.0152 1.0252 0.9268 0.8488 0.8081
0.7586 0.7945 0.8733 0.9234 1.2067 1.0000 1.0867 1.1952 1.1118 1.0861 1.2414 0.9623 0.9401 0.9314 0.9496 0.9315
0.8774 0.9151 0.8969 0.9826 1.0738 1.1089 1.1338 1.1748 1.1701 1.1735 1.1125 0.9938 0.9520 0.9068 0.7857 0.7652
