1.2970 1.1957 1.2064 1.2667 1.0696 1.0270 1.1063 0.8982 1.0898 1.0647 0.8929 0.8023 0.9003 0.7333 0.7864 0.6737
1.0000 0.9618 0.9537 1.1175 1.1189 0.9926 0.9772 0.9842 0.8817 1.0945 1.0086 0.9714 1.0056 1.0650 0.8713 1.0000
1.3445 1.2062 1.1887 1.7773 1.0516 1.0635 1.0000 0.9140 0.9960 1.0438 0.9592 0.8346 0.9270 0.9408 0.8337 0.8213
1.0485 0.8662 0.9740 1.0943 0.9898 1.0140 1.1229 0.9785 1.0831 1.0560 0.9843 0.9559 0.9516 0.8838 0.9452 1.0344
1.6015 1.1542 1.1046 1.1182 0.9591 0.9783 1.0182 1.0321 0.7909 0.8535 0.9685 1.0339 0.9060 0.9220 0.9729 1.1586
0.9094 1.0201 0.8329 0.9610 0.8883 1.0127 1.1464 0.9842 0.8660 1.1975 0.9262 1.1074 0.9575 0.9787 1.0056 1.1857
1.4081 1.1626 1.1838 1.0983 1.0837 0.8871 0.9601 0.8390 0.8840 0.9978 0.9504 0.8604 0.9432 1.0657 1.0000 0.9487
1.0279 1.1645 0.8425 0.9980 0.9876 1.0522 1.1042 1.1125 1.1395 0.9612 0.9836 0.9949 0.8869 0.8040 0.8964 1.0115
0.7977 0.8180 1.0437 0.8679 0.8696 0.9899 0.8972 1.1094 1.1418 0.9677 1.1181 1.0022 1.1272 0.7822 1.2202 1.0154
0.8190 0.7216 0.8252 0.9743 0.9462 0.9916 0.9616 0.9433 0.9044 1.1169 0.9395 1.0566 1.1859 1.0836 1.2176 1.5320
0.5954 0.8079 0.8853 0.8940 0.8559 0.9964 1.0505 1.1736 1.1229 1.0234 0.8576 1.0044 1.0298 1.0979 0.9513 1.0386
1.0689 0.9674 1.0211 1.0798 0.9813 1.0843 1.1323 0.9646 1.0055 0.9529 0.9248 1.0138 0.9721 0.9685 1.0415 0.8138
0.9852 1.1254 1.1033 1.1681 1.1138 0.9026 0.9015 1.2918 0.8676 1.0329 1.0667 0.8109 0.7944 0.9276 0.8833 1.0363
0.9659 0.8385 0.9893 0.7411 0.8991 0.8920 0.8628 1.1243 0.9905 1.0501 1.1006 1.0230 1.1016 1.0573 1.2049 1.1132
1.4385 1.1703 1.0124 1.0530 1.0950 1.1440 1.0816 1.0916 0.9934 0.7590 0.9426 0.8938 0.8411 0.6581 0.6579 0.6800
0.8296 0.9159 0.9899 0.8741 0.8432 0.9989 1.0279 1.0167 1.0000 0.9378 1.0458 0.9465 1.0000 1.1710 1.2583 1.3678
1.0954 0.8843 1.0504 1.0000 0.9266 1.0534 1.0624 0.8846 1.0077 1.0939 1.0461 1.0316 0.9413 0.9162 0.9933 1.0682
1.1527 1.1667 0.8485 1.2019 0.8885 0.9789 1.1236 0.8939 0.8574 1.0000 1.0000 1.0744 1.0000 0.9557 1.0244 1.0909
1.3248 1.0356 1.4009 1.1227 0.9396 1.1950 1.1024 1.0666 1.1208 0.8950 0.8791 0.9563 0.8638 0.7748 0.7525 0.8887
0.9464 1.0003 1.1484 1.1271 0.9947 1.0397 0.9560 1.0351 1.0938 1.1398 1.0040 0.8872 0.9145 0.8139 0.6050 0.5649
1.4056 1.0702 1.0000 1.0522 1.2389 1.1352 1.0430 1.0164 1.0035 0.8163 0.9368 1.0980 0.8673 1.0063 0.9168 0.8350
0.5785 0.5630 0.8732 0.8444 0.8690 0.9588 1.0218 1.0843 1.0337 0.9471 1.0512 1.2379 1.1626 0.9492 0.9891 1.3174
1.1320 0.9537 1.0441 0.8384 0.9738 0.9911 1.0181 1.0725 1.0000 1.2756 0.9806 0.9130 0.9360 0.9809 0.8875 0.8237
0.9033 0.8300 0.7384 0.9021 0.8251 0.9762 0.8515 0.9101 1.1543 1.0285 1.0687 1.1564 1.2209 1.0953 0.5458 1.2615
1.5403 1.2968 1.1039 1.2720 1.1471 1.1322 1.1914 0.9819 0.9684 0.8237 0.9056 0.9219 0.9417 0.9136 0.7923 0.8966
