0.7619 0.8113 0.8889 0.9079 1.0355 1.0956 1.0440 1.1586 1.1328 1.1446 1.0176 0.9666 1.0598 1.0240 0.8620 0.8739
0.8731 0.8731 0.9918 1.0724 1.1162 1.2532 1.2069 0.9300 0.9673 0.9123 1.0829 0.9824 0.9390 0.8464 0.9893 0.7736
0.6613 0.7436 0.9142 0.9334 0.9608 1.0962 1.1020 1.0619 1.0517 1.2157 1.0083 0.9766 0.9156 0.9288 0.9204 0.7204
0.6656 0.7429 0.8707 0.9746 0.9754 1.0826 1.0933 1.0209 0.9672 1.1371 1.1144 0.9896 1.0480 0.8972 0.9510 0.7725
0.7472 0.8007 0.8375 0.9271 1.0000 1.0336 1.0965 1.0482 1.1337 1.2084 1.0150 1.0276 0.9522 1.0422 0.9675 0.8707
0.8405 0.8817 0.8947 0.9569 1.1516 1.0986 1.1772 1.0630 1.1472 1.0874 1.0431 1.0078 0.9849 0.9243 0.8657 0.8804
0.7333 0.8309 0.8901 0.9562 1.0442 1.0368 1.1289 1.1266 1.0928 1.0622 1.0859 1.0411 0.9723 0.9094 0.8441 0.9754
0.8918 0.8108 0.8767 0.9633 1.0000 1.0887 1.1852 1.0977 1.0794 1.0419 1.1247 1.0828 1.0323 0.9347 0.8675 0.9232
0.8139 0.8820 0.8737 0.8986 1.0308 1.0307 1.1486 1.0310 1.0752 1.0964 1.0299 1.0736 0.9839 1.0281 0.8922 0.8518
0.6767 0.7642 0.8725 0.9933 1.0228 1.0252 1.0519 1.1245 0.9598 1.0001 1.1344 0.9310 0.9037 0.9776 1.0171 1.0339
0.7240 0.6646 0.7628 0.8252 0.9643 1.0442 1.1426 1.0278 0.9885 1.0465 0.9895 0.9615 1.0340 0.9910 0.8805 0.9932
0.7477 0.8565 0.8968 0.9842 1.1783 1.1547 1.1248 0.8694 1.0082 1.2284 1.0738 0.9828 0.9551 1.0000 1.0000 0.6972
0.9595 0.8926 0.9286 1.0133 1.1433 1.1012 1.1587 1.0053 1.1176 1.0265 1.0797 1.0103 1.0027 0.8474 0.8195 0.9587
0.9388 0.9309 0.9937 1.0331 0.9951 1.1072 1.1580 1.1210 1.0743 1.0328 1.1339 0.9200 0.9398 1.0000 0.8262 0.7925
0.6790 0.7532 0.8637 0.9076 1.0191 1.2043 1.1050 1.0746 1.0556 1.0498 1.0504 1.0836 0.9717 0.8597 0.9116 0.8495
0.6961 0.8009 0.9057 0.9802 0.9666 1.0251 1.0907 1.0333 1.0741 0.9905 1.0027 1.0731 1.0128 0.9909 0.9572 0.8989
0.8944 0.7652 0.8666 0.8804 1.0446 1.1751 0.9696 1.1705 1.1282 1.1577 1.0382 1.0373 1.1061 0.9434 0.8843 0.9381
0.6998 0.7993 0.7901 0.8290 1.0008 0.9856 1.1226 0.9934 0.9988 1.1053 1.0884 1.0473 1.0034 1.0205 0.9268 0.9466
0.6918 1.0000 0.9024 0.9149 0.9780 1.1286 1.1396 1.0232 1.0649 1.1480 1.0822 0.9035 0.9987 0.9048 0.8902 0.9179
0.8197 0.8043 0.9465 0.8621 1.0604 1.1483 1.0028 1.0699 1.0497 1.1530 1.0199 1.1295 1.0000 0.9642 0.9827 0.9456
0.8734 0.8956 0.9123 0.9625 0.9271 1.0861 1.0521 1.0246 1.0282 0.9358 1.0345 1.1374 1.0115 1.0092 1.0406 0.9779
0.6137 0.7735 0.9213 0.9958 1.0000 1.0550 1.0410 1.0362 1.0046 1.0860 1.0149 1.0759 1.0052 0.9200 1.0000 0.8355
0.8465 0.7912 0.9802 0.9518 1.0460 1.1411 1.1388 0.9432 1.0646 1.1288 1.1549 1.0425 1.0521 0.9281 0.8972 0.8496
0.7770 0.7977 0.8906 0.9596 1.2252 1.0000 1.0676 1.1768 1.0733 1.0296 1.2136 0.9313 0.9378 0.9357 0.9985 0.9896
0.8197 0.9260 0.8906 0.9819 1.1082 1.1098 1.2055 1.1639 1.1650 1.1448 1.0826 0.9610 0.9658 0.8987 0.7824 0.7843
