0.7824 0.8122 0.9046 0.9170 1.0134 1.0616 1.0252 1.1422 1.1337 1.1616 1.0301 0.9744 1.1071 1.0743 0.9304 0.9264
0.8721 0.8965 0.9997 1.0540 1.1130 1.2230 1.1942 0.9438 0.9846 0.9214 1.0765 1.0301 0.9523 0.8603 1.0041 0.7974
0.6672 0.7428 0.9253 0.9425 0.9585 1.0954 1.1350 1.0605 1.0679 1.2285 1.0082 0.9911 0.9393 0.9453 0.9429 0.7519
0.6782 0.7290 0.8488 0.9372 0.9471 1.0626 1.0840 1.0236 0.9652 1.1792 1.1348 1.0090 1.0783 0.9407 0.9939 0.7654
0.8064 0.8622 0.8451 0.9080 1.0000 1.0546 1.0855 1.0596 1.1314 1.1955 1.0392 1.0625 0.9633 1.0388 0.9671 0.8512
0.8859 0.8993 0.8917 0.9612 1.1298 1.0622 1.1527 1.0708 1.1574 1.0868 1.0494 1.0050 0.9810 0.9540 0.8846 0.8347
0.7679 0.8360 0.8946 0.9506 1.0191 1.0384 1.1396 1.1251 1.0844 1.0719 1.0865 1.0610 0.9835 0.9068 0.8352 0.9566
0.8998 0.8239 0.8739 0.9396 1.0000 1.0937 1.1919 1.0844 1.1022 1.0587 1.1547 1.0741 1.0384 0.9368 0.8415 0.8886
0.8269 0.8922 0.8551 0.8764 1.0011 1.0201 1.1405 1.0271 1.0749 1.1191 1.0537 1.1271 1.0026 1.0508 0.9061 0.8663
0.7090 0.7824 0.8951 1.0043 1.0079 1.0408 1.0489 1.1450 1.0124 1.0544 1.1519 0.9740 0.9263 0.9533 0.9767 0.9757
0.7713 0.7216 0.8022 0.8598 0.9822 1.0944 1.1647 1.0715 1.0583 1.1144 1.0543 1.0052 1.0825 1.0220 0.8950 0.9297
0.7478 0.8657 0.9360 1.0111 1.1648 1.1182 1.1034 0.8528 1.0039 1.2035 1.0716 0.9838 0.9515 1.0000 1.0000 0.6734
0.9488 0.8897 0.9417 0.9996 1.1318 1.1112 1.1021 0.9906 1.0782 0.9580 1.0430 0.9955 0.9811 0.8164 0.7997 0.9405
0.9086 0.9158 0.9498 1.0241 0.9933 1.0783 1.1250 1.1060 1.0721 1.0451 1.1215 0.9197 0.9429 1.0000 0.8161 0.8050
0.7147 0.7952 0.8786 0.9370 0.9862 1.1703 1.0910 1.0623 1.0542 1.0525 1.1343 1.1526 1.0357 0.8285 0.9077 0.7615
0.7285 0.8535 0.9668 1.0088 0.9705 1.0416 1.0540 1.0408 1.0527 1.0048 1.0256 1.1078 0.9973 0.9619 0.9182 0.8593
0.8664 0.8096 0.9046 0.8957 1.0356 1.1541 0.9508 1.1097 1.1135 1.1694 1.0240 1.0423 1.1221 0.9412 0.9184 0.9225
0.7260 0.8096 0.8486 0.8600 1.0184 1.0181 1.1244 1.0214 1.0152 1.1113 1.1058 1.0599 1.0260 1.0179 0.9693 0.9608
0.7063 1.0000 0.9113 0.8981 0.9489 1.1212 1.1319 1.0610 1.0461 1.1592 1.0807 0.9167 0.9878 0.9072 0.9228 0.9165
0.8980 0.8597 0.9961 0.9095 1.0901 1.1592 1.0087 1.0814 1.0748 1.1800 1.0118 1.0905 1.0000 0.9362 0.9076 0.8187
0.8875 0.8850 0.9190 0.9745 0.9628 1.0793 1.0670 1.0423 1.0336 0.9637 1.0583 1.1287 1.0530 1.0085 1.0083 0.8965
0.6086 0.7647 0.9144 0.9833 1.0000 1.0285 1.0278 1.0254 0.9892 1.0696 1.0050 1.0646 0.9790 0.9210 1.0000 0.7686
0.8882 0.8138 0.9942 0.9567 1.0887 1.1136 1.1535 0.9393 1.0532 1.1064 1.1332 1.0265 1.0790 0.9364 0.8969 0.8347
0.7586 0.7911 0.8735 0.9239 1.1831 1.0000 1.0586 1.1947 1.0857 1.0283 1.2123 0.9559 0.9644 0.9441 1.0153 1.0173
0.8483 0.9483 0.8910 0.9859 1.0852 1.1187 1.1651 1.1984 1.1358 1.1754 1.0597 0.9670 0.9270 0.8491 0.7016 0.6506
