0.7488 0.8071 0.8888 0.9091 1.0505 1.0997 1.0478 1.1719 1.1305 1.1406 1.0044 0.9691 1.0501 1.0200 0.8584 0.8661
0.8700 0.8891 0.9886 1.0841 1.1141 1.2474 1.1974 0.9385 0.9744 0.9159 1.0772 0.9829 0.9224 0.8392 0.9929 0.7696
0.6637 0.7334 0.9206 0.9284 0.9586 1.0939 1.1165 1.0754 1.0496 1.2111 1.0162 0.9746 0.9094 0.9101 0.9146 0.7231
0.6606 0.7416 0.8703 0.9780 0.9767 1.0848 1.1001 1.0234 0.9687 1.1445 1.1302 0.9727 1.0352 0.9012 0.9324 0.7520
0.7603 0.7950 0.8284 0.9221 1.0000 1.0395 1.0879 1.0460 1.1473 1.2154 1.0252 1.0250 0.9522 1.0386 0.9670 0.8690
0.8426 0.8784 0.8826 0.9574 1.1649 1.1112 1.1624 1.0719 1.1517 1.0771 1.0562 1.0073 0.9704 0.9337 0.8662 0.8672
0.7375 0.8361 0.8689 0.9552 1.0408 1.0398 1.1355 1.1396 1.1028 1.0586 1.0755 1.0510 0.9765 0.9115 0.8432 0.9702
0.8991 0.8100 0.8772 0.9541 1.0000 1.0853 1.1846 1.0906 1.0856 1.0457 1.1296 1.0795 1.0337 0.9414 0.8457 0.9391
0.8105 0.8771 0.8854 0.8916 1.0213 1.0271 1.1372 1.0379 1.0804 1.1053 1.0352 1.0843 0.9844 1.0322 0.8859 0.8348
0.6907 0.7817 0.8821 1.0006 1.0102 1.0457 1.0606 1.1334 0.9685 0.9960 1.1584 0.9241 0.9041 0.9747 0.9976 1.0191
0.7397 0.6767 0.7691 0.8235 0.9715 1.0640 1.1616 1.0235 0.9998 1.0542 0.9925 0.9550 1.0239 0.9592 0.8712 0.9732
0.7522 0.8684 0.9109 0.9924 1.1759 1.1572 1.1376 0.8703 1.0101 1.2174 1.0770 0.9542 0.9396 1.0000 1.0000 0.6837
0.9629 0.9095 0.9360 1.0236 1.1553 1.1117 1.1579 1.0062 1.1211 1.0127 1.0477 1.0147 1.0036 0.8315 0.8190 0.9718
0.9390 0.9286 0.9789 1.0466 1.0096 1.0989 1.1389 1.1188 1.0729 1.0411 1.1323 0.9224 0.9365 1.0000 0.8286 0.8091
0.6781 0.7594 0.8737 0.9261 1.0262 1.2178 1.1140 1.0714 1.0470 1.0478 1.0549 1.0726 0.9629 0.8578 0.8927 0.8281
0.7039 0.8132 0.9027 0.9866 0.9932 1.0285 1.0953 1.0472 1.0664 0.9899 1.0054 1.0803 1.0081 0.9672 0.9420 0.8850
0.9010 0.7585 0.8779 0.8881 1.0520 1.1923 0.9554 1.1690 1.1229 1.1582 1.0372 1.0272 1.1134 0.9354 0.8900 0.9216
0.6931 0.8104 0.8098 0.8289 1.0113 0.9754 1.1265 1.0035 0.9918 1.1069 1.0854 1.0565 1.0070 1.0230 0.9068 0.9213
0.6891 1.0000 0.9166 0.9328 0.9701 1.1433 1.1331 1.0506 1.0416 1.1464 1.0752 0.9151 0.9907 0.8920 0.8915 0.8967
0.8444 0.8297 0.9419 0.8804 1.0570 1.1554 0.9921 1.0537 1.0546 1.1519 1.0236 1.1166 1.0000 0.9685 0.9660 0.9217
0.8684 0.8870 0.8988 0.9699 0.9312 1.1016 1.0551 1.0196 1.0094 0.9675 1.0278 1.1393 1.0092 1.0124 1.0252 0.9776
0.6375 0.7776 0.9157 0.9924 1.0000 1.0689 1.0596 1.0620 1.0136 1.0808 1.0083 1.0671 0.9794 0.9120 1.0000 0.8410
0.8536 0.7796 0.9901 0.9571 1.0402 1.1456 1.1444 0.9362 1.0603 1.1274 1.1480 1.0497 1.0565 0.9356 0.8899 0.8398
0.7738 0.7993 0.8954 0.9417 1.2205 1.0000 1.0672 1.1870 1.0920 1.0321 1.2293 0.9394 0.9406 0.9380 0.9831 0.9604
0.8425 0.9389 0.8805 0.9831 1.1125 1.1201 1.1979 1.1721 1.1652 1.1403 1.0708 0.9598 0.9588 0.9035 0.7760 0.7781
