1.3861 1.2188 1.0524 1.0934 0.9780 0.9354 1.0777 0.8855 1.0947 1.1219 0.8331 0.8359 0.9293 0.8503 0.7894 0.9245
1.0000 1.0907 1.3241 1.2644 1.1201 0.9965 1.1136 0.9713 0.8833 0.9115 0.8699 0.8517 0.8659 0.9045 0.8303 1.0000
1.0040 0.9102 0.9130 1.1957 0.8255 0.9531 1.0000 0.9563 0.9783 1.0623 0.9611 0.9663 1.0702 1.1953 1.0992 1.2675
1.3670 1.2198 1.1887 1.1416 1.0344 1.0584 1.0856 0.9222 0.9472 0.8681 0.8912 0.9495 0.8176 0.9266 0.7946 0.9901
1.2322 0.9726 0.8974 1.0171 0.9616 1.0105 0.9964 0.8933 1.0432 1.1213 0.9017 1.0820 0.8861 1.0919 1.0367 1.2861
1.2290 1.0873 1.0024 1.1607 0.9795 1.0765 1.0548 0.9533 0.9437 0.9998 1.0095 0.8590 0.8721 0.8354 1.0182 0.9488
1.2041 1.0987 1.0503 0.9930 0.9381 0.9574 1.0313 0.9735 0.8910 1.0472 0.9688 0.8343 0.9655 1.0594 1.0000 1.0559
1.3598 1.2178 1.1720 1.0969 1.1400 1.0990 1.0699 1.0142 1.0729 0.8833 0.8963 0.8234 0.8001 0.7878 0.7579 0.7954
0.6435 0.6978 0.8484 0.7159 0.9265 0.9337 0.8139 1.0214 0.9963 0.8836 1.0327 0.9642 1.1937 1.0186 1.1748 1.2879
1.1967 1.0490 1.0322 1.0992 1.0029 0.9696 0.9442 1.1975 0.8682 0.8542 0.9231 0.8658 0.9767 0.9607 1.0509 0.9849
0.7114 0.7297 0.8995 0.8196 0.9877 0.9708 0.9033 1.0063 0.9822 0.9554 1.1204 0.9157 1.2549 1.1060 0.9424 1.3377
1.2910 1.1448 1.1974 1.2311 1.0838 1.1171 1.1415 0.9838 0.9951 0.8786 0.8312 0.8714 0.8488 0.7803 0.8170 0.7792
0.9980 0.8111 0.7983 0.8840 0.8598 0.9197 0.8466 1.0828 0.9454 1.1246 1.2178 1.0349 1.1100 1.2069 1.1819 1.5201
1.2481 1.0831 1.1454 1.0512 0.8559 1.0116 1.0560 1.0207 0.9357 0.8645 0.9238 0.8631 0.9792 0.8649 1.0007 1.0706
1.1426 1.1598 0.9278 0.9050 1.0488 1.0593 0.9871 1.0571 1.0085 0.9610 0.9704 0.9899 0.9691 0.8016 0.8002 0.9482
1.0556 0.9123 1.0942 0.9114 0.9955 1.0519 0.9769 1.0029 1.0000 0.8950 0.9212 1.1018 1.0000 0.9831 0.9778 1.1191
0.9333 0.9201 0.9126 1.0000 1.0062 0.9384 1.0453 1.1277 0.9913 1.0031 1.0371 0.9851 1.0462 1.0645 1.2405 1.2352
1.5134 1.3669 1.0665 1.2925 0.9977 1.0130 1.1413 0.9945 0.9204 1.0000 1.0000 0.8947 1.0000 0.8294 0.8759 0.8740
1.5466 1.0061 1.1813 0.8982 0.8032 1.1103 1.0080 0.9783 1.0800 1.0468 0.9247 1.0117 0.9016 0.8887 0.9942 1.1637
1.1687 1.1151 1.1485 1.2140 0.9827 1.0392 0.9485 0.9120 0.9906 1.0287 0.9265 0.8127 0.8370 0.7955 0.5409 0.5421
1.1828 0.9099 1.0000 0.8815 1.1145 1.0529 0.9245 1.0068 0.9755 1.0588 0.9355 1.0506 0.9483 1.0219 0.9193 1.0509
0.7253 0.7262 0.9720 0.9904 1.0814 1.0025 0.9889 0.9701 0.9275 1.1005 0.9764 0.9971 1.0180 1.0032 0.9791 1.1695
1.0331 0.8905 0.9192 0.9872 0.8488 0.9309 0.8678 0.9062 1.0000 1.1240 0.9453 0.9451 1.1728 1.3098 1.3928 1.7723
1.0435 1.0973 0.9198 1.0609 0.9028 0.9977 0.9679 1.0289 1.0989 0.8892 0.9841 1.0222 0.9132 1.0174 0.5458 1.0433
1.0301 0.8969 0.8481 0.8844 0.9224 0.9537 1.0279 0.9857 0.9587 0.8952 1.0135 1.0202 1.1283 1.0145 1.0760 1.2377
