1.3296 1.1944 1.0544 1.1151 1.0166 0.9510 1.0714 0.8827 1.1131 1.1448 0.8671 0.8341 0.9356 0.8133 0.7907 0.8864
1.0000 1.0570 1.2771 1.2840 1.1499 1.0225 1.0865 0.9537 0.8880 0.9147 0.8812 0.8846 0.8771 0.9144 0.8203 1.0000
1.0535 0.9269 0.9183 1.1978 0.8662 0.9638 1.0000 0.9418 0.9817 1.0346 0.9505 0.9398 1.0467 1.1088 1.0923 1.2086
1.2957 1.1841 1.1418 1.1491 1.0322 1.0655 1.0909 0.9015 0.9688 0.9048 0.9007 0.9525 0.8209 0.9309 0.7999 0.9473
1.2816 0.9799 0.9298 1.0245 0.9563 0.9587 1.0107 0.9286 0.9564 1.0411 0.9382 1.0917 0.8986 1.0936 1.0577 1.2947
1.1633 1.0828 0.9718 1.1202 0.9511 1.0801 1.0611 0.9820 0.9021 1.0584 0.9749 0.8950 0.9093 0.8729 1.0060 0.9761
1.1997 1.1142 1.0445 0.9856 0.9421 0.9471 1.0393 0.9757 0.8791 1.0591 0.9883 0.8414 0.9846 1.0894 1.0000 0.9898
1.3532 1.2173 1.1143 1.0911 1.1279 1.0717 1.0865 0.9978 1.0913 0.9157 0.8953 0.8394 0.8129 0.7830 0.7778 0.8261
0.6801 0.7186 0.8907 0.7443 0.9464 0.9615 0.8459 1.0483 1.0441 0.9229 1.0676 0.9990 1.2338 0.9740 1.2115 1.1824
1.1286 1.0127 0.9627 1.0930 1.0155 0.9556 0.9512 1.1471 0.8538 0.8914 0.9200 0.8975 1.0097 0.9793 1.1160 1.1180
0.6792 0.7287 0.8768 0.8178 0.9520 0.9802 0.9342 1.0239 0.9915 0.9831 1.0675 0.9257 1.2241 1.1110 0.9536 1.2471
1.2733 1.1217 1.1528 1.1818 1.0601 1.0907 1.1244 0.9796 1.0059 0.8813 0.8448 0.8828 0.8809 0.8294 0.8790 0.8196
0.9933 0.8708 0.8351 0.9273 0.8791 0.8926 0.8113 1.1035 0.9402 1.0471 1.1554 1.0027 1.1056 1.1933 1.1392 1.5177
1.1150 1.0380 1.0970 0.9699 0.8504 0.9841 1.0110 1.0484 0.9691 0.9144 0.9553 0.8976 1.0148 0.9082 1.0585 1.1238
1.2214 1.1274 0.9409 0.9321 1.0388 1.0792 1.0008 1.0768 1.0060 0.9097 0.9582 0.9715 0.9635 0.7780 0.7453 0.8821
1.0239 0.9612 1.0547 0.8912 0.9879 1.0256 0.9885 1.0095 1.0000 0.9016 0.9365 1.0562 1.0000 1.0249 1.0329 1.1882
0.9411 0.9504 0.8887 1.0000 0.9836 0.9392 1.0310 1.0375 0.9984 0.9923 1.0630 1.0087 1.0787 1.0886 1.2794 1.3241
1.4621 1.3787 1.0412 1.2639 0.9594 0.9868 1.1208 0.9780 0.8917 1.0000 1.0000 0.8953 1.0000 0.8312 0.9460 0.9222
1.4745 1.0179 1.2241 0.9200 0.7982 1.1253 1.0239 0.9851 1.0961 1.0498 0.9246 1.0188 0.8701 0.8696 0.9559 1.0994
1.1802 1.1190 1.1539 1.2178 0.9932 1.0333 0.9344 0.9398 0.9953 0.9678 0.9127 0.8039 0.8144 0.7567 0.5328 0.5153
1.3018 0.9464 1.0000 0.9774 1.1451 1.0588 0.9413 1.0048 0.9726 0.9852 0.9543 1.0931 0.9029 1.0568 0.9840 1.0139
0.6661 0.7204 0.9763 0.9898 1.0806 1.0076 0.9856 0.9698 0.9211 1.0981 0.9836 1.0212 1.0464 0.9482 0.9896 1.2326
1.0385 0.8548 0.9137 0.9682 0.8594 0.9221 0.8757 0.9276 1.0000 1.1059 0.9300 0.9452 1.1391 1.2584 1.2912 1.5131
1.0193 1.0489 0.8868 1.0402 0.8954 0.9956 0.9387 0.9858 1.1091 0.9221 1.0057 1.0499 0.9617 1.0152 0.5458 1.0897
1.2822 1.0858 0.9760 1.0505 1.0599 1.0301 1.0902 1.0082 1.0172 0.8910 1.0080 0.9353 1.0053 0.9079 0.9270 0.9713
