1.3411 1.1739 1.0523 1.0766 0.9913 0.9494 1.0640 0.8885 1.1121 1.1412 0.8509 0.8478 0.9389 0.8323 0.8002 0.9438
1.0000 1.0818 1.2890 1.2747 1.1460 1.0181 1.1024 0.9723 0.8965 0.9149 0.8744 0.8595 0.8523 0.8917 0.8167 1.0000
0.9865 0.8725 1.0034 1.1219 0.8239 0.9382 1.0000 0.9512 0.9629 1.0408 0.9598 0.9536 1.0403 1.1846 1.0557 1.2638
1.3172 1.2027 1.1708 1.1423 1.0151 1.0698 1.0744 0.8886 0.9632 0.8642 0.8966 0.9518 0.8121 0.9383 0.7917 0.9872
1.2354 0.9599 0.9138 1.0381 0.9738 1.0097 0.9755 0.8941 1.0098 1.0691 0.9565 1.1009 0.8858 1.1146 1.0600 1.3085
1.2194 1.0848 1.0257 1.1591 0.9835 1.0760 1.0511 0.9611 0.9188 1.0073 1.0060 0.8537 0.8685 0.8374 1.0035 0.9451
1.1750 1.1051 1.0633 1.0065 0.9396 0.9423 1.0304 0.9679 0.8916 1.0561 0.9592 0.8501 0.9690 1.0384 1.0000 1.0496
1.3285 1.2279 1.1353 1.0914 1.1097 1.0793 1.0446 1.0079 1.1049 0.8968 0.9194 0.8414 0.8225 0.7925 0.7654 0.8305
0.6558 0.7048 0.8669 0.7351 0.9349 0.9526 0.8194 1.0342 1.0254 0.8926 1.0443 0.9745 1.2057 1.0230 1.1861 1.2285
1.1273 0.9975 0.9852 1.1178 1.0100 0.9716 0.9462 1.1826 0.8971 0.8859 0.9539 0.8907 0.9911 0.9818 1.0629 1.0495
0.6890 0.7439 0.8896 0.8108 0.9655 0.9789 0.8972 1.0319 0.9830 0.9616 1.1011 0.9277 1.2173 1.1126 0.9577 1.3204
1.2788 1.1467 1.1928 1.2004 1.0952 1.1147 1.1306 0.9521 1.0011 0.8929 0.8473 0.8873 0.8608 0.7807 0.8316 0.7774
1.0045 0.8324 0.8150 0.9209 0.8649 0.8969 0.8223 1.0290 0.9552 1.1309 1.2057 1.0306 1.1070 1.2054 1.1398 1.5431
1.2457 1.1058 1.1258 1.0607 0.8611 0.9884 1.0352 1.0333 0.9487 0.8752 0.9365 0.8597 0.9786 0.8694 0.9928 1.0678
1.1858 1.1586 0.9340 0.9124 1.0392 1.0335 0.9669 1.0621 1.0016 0.9473 0.9743 0.9740 0.9674 0.8089 0.7829 0.9642
1.0389 0.9540 1.0477 0.8941 0.9955 1.0547 0.9715 1.0012 1.0000 0.9056 0.9492 1.1061 1.0000 1.0018 0.9930 1.1420
0.9432 0.9326 0.9270 1.0000 0.9783 0.9331 1.0141 1.0828 1.0059 1.0143 1.0614 0.9953 1.0292 1.0715 1.2537 1.2717
1.4493 1.3651 1.0466 1.2675 0.9872 0.9839 1.1227 0.9536 0.9115 1.0000 1.0000 0.8893 1.0000 0.8261 0.8899 0.9000
1.4819 1.0256 1.1718 0.9089 0.7810 1.1090 1.0176 0.9733 1.0861 1.0265 0.9319 1.0070 0.8955 0.8874 0.9643 1.1787
1.1499 1.1189 1.1391 1.2208 0.9890 1.0404 0.9446 0.9157 1.0082 0.9888 0.9091 0.8158 0.8100 0.7749 0.5252 0.5151
1.2039 0.8711 1.0000 0.9201 1.0808 1.0475 0.8996 0.9985 0.9571 1.0424 0.9204 1.0685 0.9084 1.1024 1.0152 1.1799
0.7310 0.7485 0.9851 0.9765 1.1312 1.0230 0.9970 0.9765 0.9354 1.0805 0.9624 0.9872 1.0036 0.9802 0.9719 1.1843
1.0216 0.8708 0.9073 0.9739 0.8523 0.9137 0.8685 0.9171 1.0000 1.1210 0.9515 0.9652 1.1820 1.3019 1.3497 1.6988
1.0409 1.0887 0.8830 1.0635 0.8956 0.9861 0.9461 1.0180 1.1073 0.8973 0.9912 1.0368 0.9297 1.0349 0.5458 1.0347
1.1115 0.9557 0.8872 0.9300 0.9621 0.9748 1.0496 0.9919 0.9976 0.8981 1.0353 0.9824 1.0891 0.9688 1.0454 1.1732
