1.3454 1.1885 1.0427 1.1065 1.0013 0.9505 1.0737 0.9058 1.1082 1.1304 0.8602 0.8088 0.9322 0.8330 0.8000 0.9177
1.0000 1.0725 1.2792 1.2651 1.1274 1.0060 1.0949 0.9643 0.8910 0.9182 0.8747 0.8738 0.8786 0.9246 0.8345 1.0000
1.0567 0.9181 0.9145 1.2312 0.8557 0.9551 1.0000 0.9512 0.9622 1.0223 0.9476 0.9472 1.0497 1.1475 1.0648 1.2544
1.2939 1.1731 1.1393 1.1510 1.0054 1.0885 1.1018 0.8996 0.9832 0.8970 0.9053 0.9459 0.8136 0.9315 0.7922 0.9680
1.2608 0.9850 0.9016 1.0140 0.9420 0.9739 0.9836 0.9071 0.9589 1.0406 0.9905 1.0895 0.8989 1.1234 1.0747 1.3240
1.2052 1.0721 0.9928 1.1189 0.9701 1.0869 1.0550 0.9561 0.9158 1.0312 1.0054 0.8803 0.8899 0.8487 1.0185 0.9716
1.1929 1.1007 1.0857 0.9748 0.9343 0.9521 1.0168 0.9829 0.8967 1.0237 0.9646 0.8533 0.9665 1.0938 1.0000 1.0425
1.3610 1.2288 1.1726 1.0705 1.0893 1.0886 1.0451 1.0019 1.1123 0.9094 0.8993 0.8358 0.8081 0.7798 0.7779 0.8152
0.6790 0.7223 0.8856 0.7505 0.9438 0.9652 0.8304 1.0496 1.0209 0.8971 1.0674 0.9949 1.2136 1.0051 1.2227 1.2135
1.1295 0.9688 0.9671 1.0685 1.0052 0.9615 0.9520 1.1433 0.8803 0.8992 0.9295 0.9009 1.0391 0.9952 1.1099 1.0938
0.6806 0.7342 0.9035 0.8137 0.9649 0.9738 0.8958 1.0522 1.0048 0.9664 1.0654 0.9199 1.2389 1.0782 0.9547 1.2306
1.2553 1.1549 1.1779 1.1796 1.1017 1.1143 1.1207 0.9628 1.0113 0.8798 0.8404 0.8723 0.8509 0.8229 0.8551 0.8078
1.0139 0.8586 0.8269 0.9281 0.8876 0.8917 0.7948 1.0547 0.9136 1.1149 1.1634 1.0038 1.1083 1.1846 1.1273 1.5415
1.1745 1.0648 1.0775 1.0013 0.8672 1.0106 1.0302 1.0523 0.9628 0.8951 0.9426 0.8892 0.9916 0.8902 1.0276 1.0854
1.1704 1.1725 0.9436 0.9151 1.0404 1.0623 0.9934 1.0706 0.9946 0.9180 0.9705 0.9546 0.9632 0.7935 0.7750 0.9304
1.0116 0.9593 1.0589 0.9069 0.9897 1.0473 0.9566 0.9812 1.0000 0.9117 0.9299 1.0873 1.0000 1.0123 1.0200 1.1669
0.9409 0.9442 0.9272 1.0000 0.9788 0.9245 1.0282 1.0699 0.9826 1.0049 1.0316 0.9925 1.0646 1.1039 1.2707 1.2950
1.4729 1.3536 1.0232 1.2297 0.9785 0.9854 1.1190 0.9560 0.9146 1.0000 1.0000 0.9089 1.0000 0.8521 0.9204 0.9277
1.4511 1.0189 1.2177 0.9231 0.7940 1.0920 0.9873 0.9627 1.0752 1.0271 0.9141 1.0192 0.8845 0.8973 0.9941 1.1527
1.1669 1.1274 1.1557 1.2109 0.9875 1.0408 0.9555 0.9338 1.0009 1.0062 0.8926 0.7991 0.8060 0.7587 0.5259 0.5089
1.2814 0.9317 1.0000 0.9408 1.1196 1.0272 0.9256 1.0080 0.9747 1.0124 0.9461 1.0869 0.8966 1.0880 0.9992 1.0589
0.6560 0.7340 0.9798 0.9758 1.0823 1.0097 0.9943 0.9629 0.9320 1.0713 0.9641 0.9916 1.0388 0.9888 1.0050 1.2294
1.0338 0.8599 0.8948 0.9516 0.8300 0.9178 0.8538 0.9097 1.0000 1.1365 0.9539 0.9456 1.1521 1.2728 1.3386 1.6664
1.0299 1.0566 0.8728 1.0404 0.8940 0.9729 0.9459 0.9924 1.1307 0.9075 1.0118 1.0257 0.9406 1.0580 0.5458 1.0786
1.2324 1.0516 0.9526 1.0173 1.0273 1.0206 1.0666 1.0181 1.0147 0.8852 1.0431 0.9342 1.0237 0.9337 0.9616 1.0338
