0.7268 0.7771 0.8450 0.8753 1.0437 1.0641 1.0694 1.1902 1.1889 1.1661 1.0411 1.0116 1.0390 1.0133 0.8654 0.8445
0.8485 0.8494 0.9354 1.0222 1.0986 1.2140 1.2104 0.9918 1.0537 0.9845 1.1328 1.0123 0.9136 0.8548 0.9662 0.7512
0.6632 0.7004 0.9239 0.9083 0.9608 1.0818 1.1600 1.0959 1.0870 1.2401 1.0178 0.9635 0.8844 0.9206 0.8704 0.7014
0.6641 0.7403 0.8653 0.9555 0.9704 1.0799 1.1216 1.0489 1.0138 1.1692 1.1276 0.9694 1.0241 0.8779 0.8921 0.7235
0.7199 0.8315 0.8177 0.9086 1.0000 1.0360 1.1038 1.0273 1.1227 1.2007 1.0400 1.0315 0.9544 1.0333 0.9264 0.7923
0.8485 0.8442 0.8636 0.9569 1.1139 1.0954 1.1597 1.1582 1.1754 1.1314 1.0650 1.0205 0.9506 0.9280 0.8520 0.8407
0.7698 0.8005 0.8611 0.9471 1.0392 1.0754 1.1606 1.1652 1.1046 1.0865 1.1087 1.0589 0.9605 0.9189 0.8088 0.8928
0.8903 0.8134 0.8617 0.9416 1.0000 1.1116 1.2248 1.1208 1.0786 1.0785 1.1700 1.0891 0.9951 0.9019 0.8262 0.8947
0.8225 0.8677 0.8653 0.8839 1.0118 1.0157 1.1238 1.0556 1.0796 1.1444 1.0544 1.1057 0.9675 1.0239 0.8754 0.8142
0.6904 0.7652 0.8699 1.0111 0.9877 1.0106 1.0594 1.1227 1.0282 1.0550 1.2124 1.0010 0.8992 0.9841 0.9608 0.9592
0.7333 0.6541 0.7576 0.7992 0.9518 1.0475 1.1419 1.0467 1.0579 1.0680 1.0341 0.9633 0.9924 0.9643 0.8604 0.9638
0.7612 0.8323 0.9262 0.9787 1.1423 1.1265 1.1318 0.8933 1.0547 1.2003 1.0789 0.9648 0.9279 1.0000 1.0000 0.6988
0.9436 0.8831 0.9271 1.0188 1.1198 1.1099 1.1904 1.0422 1.1313 1.0654 1.0451 1.0200 0.9716 0.8529 0.8148 0.9252
0.9030 0.8973 0.9669 1.0048 1.0071 1.0963 1.1642 1.1453 1.0965 1.0586 1.1749 0.9473 0.9251 1.0000 0.8135 0.7901
0.7011 0.7393 0.8644 0.9236 1.0065 1.1527 1.0948 1.0598 1.0718 1.0509 1.1174 1.1192 0.9677 0.8696 0.8991 0.7938
0.6765 0.7912 0.9026 0.9704 0.9915 1.0611 1.1036 1.0822 1.0863 1.0178 1.0399 1.0702 0.9946 0.9622 0.8921 0.8302
0.8545 0.8015 0.9014 0.9070 1.0473 1.1451 1.0200 1.1776 1.1430 1.1652 1.0742 1.0378 1.0670 0.9248 0.8640 0.8670
0.7173 0.7562 0.7985 0.8134 0.9964 1.0162 1.1178 1.0081 1.0306 1.0929 1.0764 1.0392 0.9872 1.0251 0.8487 0.8773
0.6971 1.0000 0.8997 0.9245 0.9924 1.1387 1.1443 1.0991 1.0840 1.1548 1.0868 0.9216 0.9621 0.9012 0.8478 0.8477
0.8711 0.8431 0.9270 0.8776 1.0333 1.1444 1.0216 1.0692 1.0652 1.1937 1.0621 1.1371 1.0000 0.9573 0.9094 0.8901
0.8668 0.8888 0.8797 0.9828 0.9758 1.1116 1.0708 1.0355 1.0522 1.0115 1.0743 1.1282 1.0088 0.9853 0.9658 0.8969
0.6154 0.7568 0.9086 0.9698 1.0000 1.0860 1.0585 1.0770 1.0604 1.0940 1.0208 1.0247 0.9888 0.9120 1.0000 0.8031
0.8856 0.8249 0.9360 0.9344 1.0654 1.1716 1.1974 0.9760 1.0934 1.1419 1.1500 1.0241 1.0160 0.9262 0.8486 0.8205
0.7534 0.7902 0.8765 0.9492 1.2242 1.0000 1.0860 1.1964 1.1087 1.0742 1.2253 0.9739 0.9366 0.9314 0.9463 0.9318
0.8536 0.9350 0.8915 0.9511 1.0671 1.1025 1.1799 1.1814 1.1701 1.1827 1.1141 0.9698 0.9652 0.8958 0.7788 0.7459
