1.2801 1.1286 1.1513 1.2056 1.0822 1.0194 1.1167 0.9241 1.1199 1.1049 0.9101 0.8383 0.9220 0.7267 0.7752 0.7233
1.0000 0.9674 0.9843 1.1461 1.1658 0.9706 0.9799 0.9978 0.8945 1.0591 1.0024 0.9498 0.9769 1.0680 0.8510 1.0000
1.2636 1.1357 1.0016 1.5899 1.0386 1.0603 1.0000 0.8876 1.0190 1.0386 1.0389 0.8711 0.9609 0.9343 0.8926 0.8942
1.1066 0.9235 1.0087 1.1219 1.0082 1.0277 1.1308 0.9778 1.0628 1.0107 0.9772 0.9402 0.9240 0.8993 0.9161 0.9925
1.4723 1.1299 1.0411 1.0596 0.9592 0.9288 1.0251 0.9728 0.7829 0.8787 0.9276 1.1227 0.9594 1.0204 1.0425 1.2523
0.9841 1.0477 0.8884 0.9787 0.8763 1.0349 1.1311 1.0036 0.8027 1.1700 0.8960 1.0343 0.9706 0.9768 0.9902 1.1623
1.3342 1.1410 1.1655 1.0565 1.0380 0.8921 0.9858 0.8398 0.8913 1.0154 0.9772 0.8457 0.9565 1.0602 1.0000 0.9847
1.0711 1.1975 0.9273 1.0556 0.9984 1.0761 1.0949 1.0886 1.1263 0.9445 0.9394 0.9662 0.8613 0.8112 0.8761 0.9541
0.7661 0.7892 1.0338 0.8623 0.8891 0.9830 0.8867 1.1091 1.0755 0.9415 1.1117 1.0244 1.1538 0.7708 1.2550 1.0163
0.8965 0.8026 0.8415 1.0170 0.9767 0.9685 1.0202 0.9303 0.9040 1.0426 0.9263 1.0320 1.1727 1.0622 1.1978 1.4504
0.5949 0.7760 0.8632 0.8720 0.8918 1.0280 1.0139 1.1443 1.0922 1.0373 0.8925 0.9810 1.0557 1.1111 0.9739 1.0506
1.1091 0.9934 1.0494 1.1232 1.0241 1.0617 1.1580 0.9926 1.0458 0.9358 0.9291 0.9936 0.9359 0.9150 0.9647 0.7736
0.9954 1.1018 1.0913 1.1476 1.0709 0.9022 0.8793 1.2561 0.8777 1.0104 1.1024 0.7908 0.8634 1.0026 0.8880 1.1195
0.9769 0.8661 0.9316 0.7449 0.8819 0.9064 0.8781 1.1038 0.9955 1.0423 1.0539 1.0587 1.1467 1.0408 1.1780 1.1502
1.3236 1.1254 0.9860 1.0209 1.0814 1.0942 1.0856 1.1029 0.9999 0.7909 0.9590 0.9528 0.9189 0.6936 0.6736 0.6942
0.8382 0.9279 1.0580 0.8825 0.8672 1.0304 1.0629 1.0049 1.0000 0.9282 1.0264 0.9237 1.0000 1.1333 1.1888 1.3540
1.0531 0.9245 1.0078 1.0000 0.9126 0.9896 1.0648 0.8942 1.0114 1.0876 1.0585 1.0419 0.9839 0.9696 1.0240 1.1247
1.2154 1.2004 0.8941 1.2177 0.8982 0.9656 1.1342 0.8901 0.8787 1.0000 1.0000 1.0524 1.0000 0.9446 1.0348 1.0483
1.3866 1.0326 1.3789 1.0755 0.8924 1.1662 1.0655 1.0296 1.1184 0.9406 0.9241 0.9600 0.8806 0.8018 0.8420 0.9592
1.0355 1.0606 1.1241 1.1398 0.9920 1.0076 0.9777 0.9926 1.0685 1.1545 0.9523 0.8756 0.8739 0.7804 0.5890 0.5192
1.3971 1.0801 1.0000 1.0740 1.2105 1.1106 0.9950 1.0554 1.0067 0.7954 0.9529 1.0936 0.8980 1.0038 0.9504 0.8069
0.5500 0.5983 0.9173 0.8682 0.8774 1.0130 1.0167 1.0361 0.9987 0.9722 1.0245 1.2046 1.1495 0.9425 0.9912 1.3167
1.1338 0.9191 0.9802 0.8428 0.9561 0.9662 0.9699 1.0469 1.0000 1.2050 0.9855 0.9452 1.0054 1.1040 0.9739 0.8681
0.9335 0.8696 0.7716 0.9192 0.8222 0.9641 0.8588 0.8907 1.1244 1.0556 1.0811 1.1701 1.1531 1.0872 0.5458 1.2273
1.4595 1.2561 1.1075 1.2236 1.1927 1.1092 1.2054 1.0103 0.9933 0.8118 0.9701 0.8440 0.8841 0.7945 0.7801 0.8443
