1.2596 1.1631 1.1192 1.1202 1.0457 0.9716 1.0905 0.9056 1.1347 1.1108 0.8920 0.8362 0.9485 0.7934 0.7791 0.8250
1.0000 1.0040 1.0724 1.2370 1.1380 0.9836 1.0134 0.9842 0.9218 0.9953 0.9576 0.9097 0.9470 1.0136 0.8539 1.0000
1.1847 1.0504 1.0638 1.4611 0.9768 1.0360 1.0000 0.9395 1.0125 1.0573 1.0050 0.8936 0.9906 0.9348 0.9263 0.9176
1.1659 1.0348 1.0718 1.1359 1.0362 1.0654 1.1175 0.9331 1.0245 0.9794 0.9334 0.9562 0.8816 0.8908 0.8536 0.9531
1.4444 1.0879 1.0203 1.0431 0.9375 0.9385 0.9679 0.9490 0.8078 0.9209 0.9801 1.1269 0.9169 1.1012 1.1141 1.2952
1.0369 1.0677 0.9303 1.0080 0.9295 1.0793 1.0916 0.9862 0.8196 1.1028 0.8950 1.0105 0.9688 0.9441 0.9937 1.1337
1.2749 1.1243 1.1003 1.0561 0.9981 0.9229 0.9946 0.8784 0.8816 1.0357 0.9784 0.8755 0.9630 1.0454 1.0000 1.0347
1.1654 1.2219 0.9868 1.0917 1.0514 1.0966 1.1044 1.0272 1.1203 0.9411 0.9280 0.9005 0.8599 0.7473 0.8358 0.9155
0.7242 0.7533 0.9281 0.8015 0.8866 0.9484 0.8552 1.0706 1.0672 0.9607 1.1128 1.0479 1.2252 0.8373 1.2600 1.1323
0.9645 0.8687 0.8569 1.0450 0.9653 0.9925 0.9881 0.9727 0.9139 0.9965 0.9293 1.0082 1.1246 1.0622 1.1606 1.2898
0.6332 0.7759 0.8753 0.8475 0.8993 0.9949 0.9534 1.1255 1.0747 0.9737 0.9635 0.9981 1.1054 1.1391 0.9779 1.0898
1.2423 1.0665 1.1325 1.1312 1.0500 1.0923 1.1274 0.9980 1.0202 0.8909 0.8545 0.9121 0.8922 0.8645 0.9283 0.7945
0.9598 1.0062 0.9904 1.0822 0.9963 0.8815 0.8330 1.2023 0.8941 1.0108 1.0912 0.8486 0.9682 1.1275 1.0054 1.2805
1.0140 0.9288 0.9869 0.7891 0.8993 0.9551 0.9312 1.0855 1.0011 0.9909 1.0293 0.9815 1.0876 1.0121 1.1331 1.1073
1.3195 1.1297 0.9866 0.9443 1.0569 1.1012 1.0637 1.0835 1.0040 0.8118 0.9535 0.9877 0.9464 0.7413 0.7001 0.7673
0.9298 0.9468 1.0720 0.8992 0.9109 1.0469 0.9873 1.0057 1.0000 0.9328 0.9838 0.9046 1.0000 1.0872 1.1538 1.3023
1.0022 0.9199 1.0099 1.0000 0.9399 1.0056 1.0671 0.9177 0.9889 1.0856 1.0792 0.9747 1.0036 0.9877 1.1219 1.2487
1.3507 1.3105 0.9343 1.2584 0.9493 1.0018 1.1540 0.9353 0.8536 1.0000 1.0000 0.9578 1.0000 0.8620 0.9446 0.9789
1.3811 1.0263 1.3555 0.9964 0.8630 1.1317 1.0442 0.9874 1.0973 0.9373 0.9030 0.9633 0.8810 0.8524 0.8939 1.0547
1.0999 1.0844 1.1564 1.2136 1.0052 1.0491 0.9401 0.9710 1.0221 1.1044 0.9204 0.8146 0.7864 0.7537 0.5635 0.5236
1.3620 0.9881 1.0000 0.9583 1.1478 1.0703 0.9684 0.9873 0.9953 0.8468 0.9563 1.1372 0.9345 1.1064 1.0003 0.9072
0.5357 0.6540 0.9568 0.9288 0.9261 1.0258 1.0199 1.0466 0.9966 1.0209 1.0045 1.1083 1.1002 0.9318 0.9490 1.2578
1.0850 0.8809 0.9313 0.8495 0.9068 0.9315 0.9383 0.9988 1.0000 1.1956 0.9692 0.9393 1.0943 1.2045 1.1215 1.0585
0.9666 0.9119 0.7963 0.9820 0.8692 0.9876 0.8933 0.8970 1.1457 0.9973 1.0999 1.0982 1.0601 1.0553 0.5458 1.1792
1.4580 1.2058 1.0877 1.1983 1.1400 1.0948 1.1854 0.9644 0.9854 0.8026 0.9984 0.8518 0.9395 0.8421 0.7630 0.8861
