0.7211 0.7681 0.8542 0.8863 1.0117 1.1015 1.0484 1.1660 1.1661 1.1822 1.0207 1.0213 1.0254 1.0260 0.8573 0.8837
0.8253 0.8339 0.9482 1.0395 1.0913 1.2474 1.2221 0.9716 1.0289 0.9638 1.0978 0.9930 0.9251 0.8572 0.9881 0.7702
0.6472 0.7046 0.8999 0.9113 0.9542 1.0849 1.1232 1.0782 1.0825 1.2452 1.0167 0.9685 0.9068 0.9083 0.8932 0.7264
0.6463 0.7273 0.8368 0.9565 0.9739 1.0610 1.1104 1.0480 0.9995 1.1662 1.1337 0.9796 1.0392 0.8890 0.9260 0.7670
0.6992 0.7658 0.7873 0.8822 1.0000 1.0072 1.0680 1.0492 1.1844 1.2402 1.0518 1.0352 0.9730 1.0418 0.9463 0.8653
0.8081 0.8327 0.8633 0.9472 1.1270 1.0923 1.1819 1.1189 1.1859 1.1113 1.0578 1.0340 0.9728 0.9331 0.8675 0.8706
0.7327 0.7926 0.8471 0.9234 1.0272 1.0311 1.1822 1.1523 1.1091 1.0936 1.0987 1.0541 0.9870 0.9231 0.8303 0.9448
0.8655 0.7963 0.8561 0.9324 1.0000 1.0922 1.2021 1.1236 1.1161 1.0803 1.1440 1.0798 1.0244 0.9247 0.8535 0.9158
0.8020 0.8641 0.8477 0.8674 1.0035 1.0240 1.1236 1.0368 1.1055 1.1321 1.0519 1.1102 0.9796 1.0343 0.9056 0.8516
0.6883 0.7348 0.8296 0.9523 0.9868 1.0280 1.0488 1.1137 1.0009 1.0398 1.1739 0.9725 0.9141 0.9899 0.9994 0.9998
0.7179 0.6548 0.7424 0.8047 0.9586 1.0392 1.1247 1.0364 1.0401 1.0734 1.0262 0.9634 1.0152 0.9793 0.8642 0.9364
0.7343 0.8266 0.9171 0.9810 1.1594 1.1292 1.1236 0.8901 1.0532 1.2312 1.0925 0.9749 0.9556 1.0000 1.0000 0.7246
0.9118 0.8712 0.8924 1.0146 1.1375 1.1157 1.1810 1.0280 1.1359 1.0669 1.0759 1.0228 0.9956 0.8325 0.8399 0.9467
0.8945 0.8929 0.9511 0.9964 0.9988 1.0960 1.1720 1.1385 1.1109 1.0715 1.1670 0.9453 0.9409 1.0000 0.8269 0.7997
0.6814 0.7234 0.8190 0.8848 0.9753 1.1593 1.0949 1.0707 1.0690 1.0950 1.1163 1.1455 1.0065 0.8705 0.8834 0.7976
0.6804 0.8115 0.9231 0.9982 0.9712 1.0353 1.0785 1.0539 1.0894 1.0126 1.0033 1.0698 0.9940 0.9671 0.9298 0.8683
0.8683 0.7796 0.8603 0.8845 1.0377 1.1614 0.9824 1.1740 1.1539 1.1855 1.0635 1.0220 1.1012 0.9273 0.8928 0.9057
0.6928 0.7610 0.7815 0.8075 1.0106 1.0179 1.1046 0.9976 0.9999 1.1130 1.0940 1.0745 1.0287 1.0266 0.8830 0.8946
0.6806 1.0000 0.8919 0.9219 0.9604 1.1248 1.1340 1.0663 1.0700 1.1605 1.0883 0.9147 0.9933 0.9020 0.8775 0.8968
0.8369 0.8126 0.9103 0.8318 1.0236 1.1443 1.0043 1.0776 1.0881 1.1997 1.0604 1.1103 1.0000 0.9728 0.9534 0.9240
0.8590 0.8738 0.8836 0.9664 0.9471 1.0903 1.0876 1.0585 1.0499 0.9757 1.0604 1.1130 1.0156 0.9678 0.9964 0.9446
0.6372 0.7739 0.8952 0.9584 1.0000 1.0653 1.0630 1.0808 1.0453 1.0940 1.0395 1.0557 0.9991 0.9012 1.0000 0.7967
0.8632 0.7895 0.9379 0.9400 1.0714 1.1580 1.1834 0.9758 1.0766 1.1290 1.1643 1.0082 1.0182 0.9332 0.8920 0.8252
0.7542 0.7857 0.8689 0.9354 1.2038 1.0000 1.0930 1.2006 1.1136 1.0808 1.2379 0.9464 0.9418 0.9255 0.9536 0.9557
0.8290 0.9204 0.8845 0.9604 1.0753 1.1002 1.1814 1.1758 1.2016 1.1913 1.1083 0.9931 0.9485 0.8951 0.7654 0.7541
