0.8267 0.9072 0.9172 0.9408 1.0455 1.1077 1.0838 1.1774 1.0470 1.1630 0.9816 1.0160 1.0573 1.0690 0.8260 0.8246
0.8673 0.9145 1.0201 1.0960 1.1553 1.2554 1.2043 0.8922 0.9326 0.8791 1.0932 0.9707 0.9732 0.8401 1.0364 0.7916
0.6860 0.7773 0.9805 0.9768 1.0057 1.1616 1.0275 1.0961 1.0230 1.2864 0.9791 0.8467 0.9395 0.9284 1.0280 0.6494
0.6624 0.8024 0.9027 1.0028 1.0337 1.1017 1.1769 1.0940 0.9118 1.0802 1.1502 0.9356 1.0030 0.8644 0.9468 0.6395
0.7526 0.8263 0.8611 0.9073 1.0000 1.0539 1.1002 1.0473 1.1330 1.2056 1.0211 0.9830 0.9914 1.0950 1.0517 0.9133
0.8719 0.9093 0.9106 1.0043 1.1524 1.1072 1.1775 0.9471 1.1830 1.1206 1.0366 1.0259 0.9798 0.9065 0.8346 0.8227
0.7229 0.8756 0.9582 0.9499 1.0843 0.9341 1.2208 1.2177 1.0641 0.9925 1.0587 0.9964 0.9857 0.9471 0.8554 0.8515
0.9402 0.8519 0.8984 0.9825 1.0000 1.0961 1.2083 1.0532 1.0913 1.0822 1.0413 1.1452 1.0525 0.8893 0.8429 0.8151
0.8476 0.9276 0.8751 0.9095 1.0570 1.0433 1.1312 1.0065 1.0892 1.0974 1.0346 1.0295 1.0504 1.0288 0.8856 0.7689
0.7522 0.8042 0.8948 1.0279 1.0176 1.0732 1.0701 1.1263 0.9750 1.0153 1.1652 0.8119 0.8351 1.0263 1.0728 1.0848
0.8135 0.7298 0.8405 0.8479 1.0377 1.1646 1.2114 1.0500 1.0203 1.1268 0.9912 1.0107 1.0644 1.0194 0.8855 0.8536
0.8048 0.8702 0.8897 1.0726 1.1746 1.2011 1.1824 0.9190 0.9383 1.1822 0.9656 0.9057 0.8907 1.0000 1.0000 0.6266
0.9435 0.9121 0.9199 1.0180 1.1398 1.0735 1.1028 0.8952 1.0649 0.9702 1.0097 0.9860 1.0102 0.8255 0.7823 0.9830
0.9309 0.9349 0.9734 1.0021 0.9511 1.0957 1.1598 1.1153 1.0486 0.9734 1.0965 0.9176 0.9499 1.0000 0.8550 0.7353
0.6735 0.7880 0.8340 0.8726 1.0291 1.2163 1.0577 1.1167 1.0040 1.0548 1.1208 1.1759 1.0209 0.8550 0.9706 0.8515
0.7083 0.8856 0.9876 1.0545 1.0312 1.0231 1.0877 0.9617 1.1145 0.9297 0.9753 1.0336 1.0695 0.9648 0.8886 0.7943
0.9066 0.6861 0.8253 0.8290 1.0536 1.1731 0.9906 1.1702 1.0935 1.1378 1.0338 1.0220 1.1807 0.9617 0.8649 1.0206
0.7121 0.9051 0.8374 0.8224 1.0563 0.9876 1.2459 1.0905 1.0217 1.1575 1.1057 0.9960 0.9283 0.9002 0.9675 0.9635
0.7199 1.0000 0.9501 0.8939 0.9847 1.1317 1.1194 0.9585 1.0795 1.1656 1.1138 0.8704 1.0106 0.8997 0.9269 0.8953
0.8513 0.8442 0.9605 0.8541 1.0816 1.2011 1.0020 1.0893 1.0360 1.1313 1.0159 1.1508 1.0000 0.9386 1.0209 0.8488
0.9404 0.9578 0.9316 0.9435 0.8824 1.1200 1.0447 1.0973 1.0530 0.9450 1.0332 1.1813 0.9919 1.0335 0.9730 0.7974
0.6546 0.8720 0.9736 1.0440 1.0000 1.0807 1.0563 1.0642 0.9733 1.0149 0.9402 1.0660 0.9148 0.8802 1.0000 0.7163
0.8164 0.8320 0.9900 0.9727 1.0535 1.1403 1.1876 0.9201 1.0527 1.1033 1.1294 1.0491 1.0589 0.9634 0.8698 0.8651
0.8458 0.8512 0.9202 0.9792 1.2607 1.0000 1.1008 1.1140 1.0956 1.0340 1.2213 0.8510 0.9391 0.9468 0.9380 0.9071
0.8453 0.9238 0.8574 0.9658 1.1299 1.0991 1.1917 1.1582 1.1428 1.1547 1.0814 0.9293 0.9817 0.8569 0.7388 0.7529
