1.3031 1.1857 1.1293 1.1732 1.0491 0.9758 1.0837 0.9130 1.1124 1.0887 0.8535 0.8147 0.9212 0.7741 0.7769 0.8213
1.0000 1.0456 1.0640 1.2795 1.1239 0.9974 0.9918 0.9916 0.9037 1.0093 0.9420 0.9126 0.9333 0.9843 0.8303 1.0000
1.1889 1.0550 0.9645 1.4538 0.9343 1.0302 1.0000 0.9356 1.0016 1.0669 1.0102 0.9206 1.0052 0.9714 0.9769 0.9521
1.2277 1.0680 1.0910 1.1479 1.0184 1.0379 1.1043 0.9542 1.0503 0.9693 0.9291 0.9237 0.8876 0.8729 0.8475 0.9504
1.4404 1.0849 1.0179 1.0424 0.9140 0.9665 1.0199 0.9814 0.8052 0.8920 1.0381 1.1053 0.9122 1.0395 1.0846 1.2543
1.0448 1.0736 0.9312 1.0064 0.9450 1.0395 1.1180 1.0102 0.8307 1.1252 0.9142 0.9809 0.9655 0.9243 0.9590 1.1255
1.2656 1.1043 1.0752 1.0623 1.0041 0.9362 0.9683 0.8978 0.8917 1.0296 0.9660 0.8926 0.9669 1.0675 1.0000 1.0416
1.1813 1.2271 0.9858 1.0905 1.0570 1.0974 1.0984 1.0464 1.1366 0.9159 0.9192 0.8905 0.8504 0.7616 0.8309 0.9246
0.7159 0.7580 0.9448 0.8022 0.8865 0.9727 0.8719 1.0865 1.0678 0.9634 1.1015 1.0514 1.2008 0.8444 1.2583 1.0434
0.9886 0.8947 0.8553 1.0810 1.0092 1.0061 0.9656 0.9492 0.8998 0.9726 0.9165 0.9929 1.0963 1.0564 1.1531 1.3033
0.6416 0.7820 0.8785 0.8549 0.9141 0.9967 0.9714 1.1326 1.0550 0.9946 0.9427 0.9943 1.0750 1.1351 0.9729 1.0872
1.2125 1.0574 1.1127 1.1665 1.0804 1.0705 1.1063 1.0016 1.0254 0.9069 0.8879 0.9135 0.8996 0.8595 0.9099 0.7813
1.0125 1.0250 1.0061 1.1031 1.0142 0.8747 0.8252 1.1849 0.8848 0.9843 1.1226 0.8750 0.9588 1.1142 0.9948 1.2425
1.0439 0.9827 1.0031 0.8126 0.9380 0.9620 0.9202 1.0737 0.9898 0.9919 1.0237 0.9731 1.0698 0.9785 1.1062 1.1002
1.3569 1.1707 1.0130 1.0126 1.1392 1.0869 1.0768 1.0645 0.9843 0.7798 0.9316 0.9280 0.8928 0.6768 0.6569 0.7267
0.9163 0.9382 1.0721 0.9079 0.9203 1.0240 1.0085 0.9897 1.0000 0.9201 1.0123 0.9280 1.0000 1.0881 1.1385 1.3181
1.0266 0.9387 1.0119 1.0000 0.9488 0.9810 1.0709 0.8980 0.9951 1.0696 1.0574 1.0006 0.9968 0.9795 1.0710 1.2409
1.2778 1.2620 0.8935 1.2223 0.9420 0.9983 1.1325 0.9407 0.8725 1.0000 1.0000 0.9688 1.0000 0.9017 0.9741 1.0107
1.3748 1.0191 1.3446 1.0284 0.8919 1.1372 1.0249 1.0147 1.1078 0.9443 0.9233 0.9382 0.8641 0.8361 0.8573 1.0375
1.0934 1.0436 1.1288 1.1805 0.9767 1.0420 0.9422 0.9873 1.0419 1.1803 0.9444 0.8576 0.8415 0.7613 0.5578 0.5249
1.4496 1.0432 1.0000 0.9954 1.1350 1.1270 0.9577 0.9933 0.9938 0.8000 0.9379 1.0868 0.9153 1.0780 1.0059 0.9262
0.5378 0.6596 0.9860 0.9588 0.9221 1.0306 1.0348 1.0208 0.9917 0.9857 0.9868 1.1226 1.1011 0.9115 0.9639 1.2918
1.1047 0.8795 0.9301 0.8540 0.8906 0.9174 0.9677 0.9930 1.0000 1.2121 0.9764 0.9609 1.0878 1.1891 1.0977 1.0214
0.9995 0.9459 0.8055 0.9484 0.8525 0.9837 0.8839 0.9145 1.1524 0.9919 1.0851 1.0948 1.0588 1.0320 0.5458 1.1660
1.5459 1.2749 1.1585 1.2017 1.1157 1.0928 1.1436 1.0034 0.9552 0.8051 0.9593 0.8529 0.9450 0.8035 0.7342 0.8430
