0.8243 0.8493 0.9330 0.9402 1.0370 1.0843 1.0398 1.1513 1.1491 1.1613 1.0202 0.9085 1.0988 1.0271 0.8841 0.8918
0.9247 0.9171 1.0250 1.1046 1.1612 1.2329 1.2106 0.9051 0.9633 0.8880 1.0559 0.9906 0.9411 0.8396 0.9607 0.7539
0.6930 0.7804 0.9392 0.9748 0.9989 1.1008 1.1347 1.0740 1.0786 1.2289 1.0118 0.9506 0.9147 0.9215 0.8958 0.7117
0.7123 0.7908 0.8968 0.9753 0.9733 1.0989 1.1056 1.0187 0.9516 1.1500 1.1192 0.9818 1.0462 0.9122 0.9315 0.7269
0.8466 0.9208 0.9143 0.9221 1.0000 1.1140 1.1335 1.0587 1.1310 1.2035 1.0010 1.0264 0.9510 1.0067 0.9013 0.7556
0.8841 0.9296 0.9472 0.9787 1.1505 1.1228 1.1573 1.0470 1.1304 1.0975 1.0383 0.9833 0.9384 0.9283 0.8400 0.8211
0.7782 0.8608 0.9199 0.9859 1.0342 1.0556 1.1329 1.1045 1.0986 1.0977 1.0837 1.0583 0.9578 0.8651 0.8234 0.9200
0.9439 0.8434 0.9106 0.9670 1.0000 1.1126 1.1730 1.0559 1.1162 1.0639 1.1511 1.0340 1.0059 0.9022 0.8247 0.8779
0.8437 0.9220 0.8815 0.9172 1.0362 1.0339 1.1792 1.0379 1.0818 1.1188 1.0400 1.0651 0.9763 1.0045 0.8710 0.8183
0.7559 0.8578 0.9449 1.0843 1.0709 1.0984 1.0850 1.1416 0.9748 1.0257 1.1328 0.8973 0.8625 0.9283 0.9191 0.9043
0.8050 0.7462 0.8423 0.8905 1.0086 1.1233 1.1841 1.0671 1.0527 1.1147 1.0332 0.9896 1.0464 0.9877 0.8753 0.9064
0.7999 0.8763 0.9109 1.0162 1.1845 1.1245 1.1350 0.8596 0.9856 1.1882 1.0418 0.9490 0.9247 1.0000 1.0000 0.6289
0.9469 0.8733 0.9477 1.0181 1.1432 1.0957 1.1195 0.9634 1.0896 0.9889 1.0525 0.9576 0.9716 0.8059 0.7538 0.9014
0.9366 0.9488 0.9522 1.0393 0.9923 1.0895 1.1333 1.0829 1.0699 1.0195 1.0782 0.9181 0.9177 1.0000 0.8102 0.7562
0.7074 0.8162 0.9125 0.9658 1.0677 1.2205 1.1347 1.0853 1.0563 1.0231 1.0662 1.1073 0.9755 0.7991 0.8521 0.7408
0.8030 0.8821 0.9589 1.0183 0.9812 1.0510 1.1046 1.0280 1.0419 1.0148 1.0146 1.0673 0.9791 0.9518 0.9021 0.8348
0.9172 0.7842 0.9131 0.8978 1.0811 1.2051 0.9865 1.1460 1.0757 1.1752 1.0048 1.0554 1.0945 0.8971 0.8627 0.8695
0.7137 0.8499 0.8474 0.8703 1.0417 1.0455 1.1422 1.0212 1.0296 1.1375 1.0910 1.0464 1.0083 0.9850 0.9400 0.8994
0.7377 1.0000 0.9410 0.9234 1.0037 1.1643 1.1405 1.0567 1.0533 1.1370 1.0783 0.9083 0.9669 0.8754 0.8745 0.8642
0.9062 0.9197 1.0359 0.9134 1.1087 1.2256 1.0008 1.0652 1.0745 1.1570 0.9589 1.0756 1.0000 0.8846 0.8583 0.7735
0.9167 0.9119 0.9232 0.9988 0.9480 1.1290 1.0648 1.0613 1.0188 0.9399 1.0385 1.0886 1.0297 1.0012 0.9996 0.8661
0.6278 0.7798 0.9172 0.9897 1.0000 1.0351 1.0129 1.0110 0.9917 1.0860 1.0042 1.0653 0.9766 0.9106 1.0000 0.7663
0.8435 0.8004 1.0057 0.9927 1.1125 1.1613 1.1583 0.9247 1.0701 1.1603 1.1386 1.0184 1.0702 0.8914 0.8595 0.7956
0.8143 0.8072 0.9196 0.9627 1.2072 1.0000 1.0560 1.1814 1.1039 1.0025 1.2043 0.9250 0.9454 0.9203 0.9944 0.9492
0.8793 0.9526 0.9006 1.0091 1.1281 1.1420 1.1837 1.1477 1.1209 1.1103 1.0603 0.9255 0.9278 0.8371 0.7017 0.6714
