0.8236 0.8503 0.9323 0.9337 1.0216 1.0775 1.0296 1.1666 1.1676 1.1576 1.0315 0.9032 1.0950 1.0333 0.8930 0.8874
0.9207 0.9250 1.0290 1.0964 1.1585 1.2288 1.2041 0.8873 0.9595 0.8999 1.0741 0.9769 0.9509 0.8418 0.9674 0.7617
0.6821 0.7835 0.9352 0.9612 0.9702 1.0906 1.1203 1.0647 1.0738 1.2418 1.0190 0.9702 0.9315 0.9372 0.9083 0.7000
0.7029 0.7775 0.8790 0.9636 0.9640 1.0895 1.1091 1.0118 0.9766 1.1550 1.1241 0.9951 1.0499 0.9164 0.9403 0.7241
0.8058 0.8997 0.8831 0.8871 1.0000 1.0943 1.1291 1.0617 1.1405 1.2480 1.0337 1.0337 0.9786 1.0180 0.9256 0.7811
0.8751 0.9232 0.9385 0.9675 1.1235 1.1089 1.1586 1.0365 1.1570 1.1059 1.0528 0.9883 0.9659 0.9290 0.8431 0.8193
0.7743 0.8469 0.9253 0.9675 1.0147 1.0287 1.1103 1.1221 1.1022 1.0945 1.1046 1.0691 0.9633 0.8696 0.8272 0.9448
0.9355 0.8371 0.8839 0.9498 1.0000 1.1014 1.1660 1.0552 1.1437 1.0844 1.1647 1.0467 1.0265 0.9112 0.8279 0.8845
0.8277 0.9126 0.8654 0.9187 1.0170 1.0020 1.1530 1.0294 1.1110 1.1342 1.0696 1.0707 0.9849 1.0212 0.8808 0.8196
0.7262 0.8275 0.9310 1.0667 1.0077 1.0587 1.0624 1.1541 0.9833 1.0565 1.1533 0.9090 0.8936 0.9642 0.9477 0.9181
0.7871 0.7330 0.8366 0.8749 1.0060 1.1134 1.1764 1.0713 1.0648 1.1290 1.0429 1.0087 1.0492 0.9882 0.8747 0.8895
0.7882 0.8560 0.9027 1.0068 1.1725 1.1103 1.1169 0.8777 1.0115 1.2073 1.0462 0.9549 0.9410 1.0000 1.0000 0.6129
0.9288 0.8751 0.9334 0.9938 1.1436 1.0985 1.0985 0.9554 1.0985 1.0106 1.0662 0.9618 0.9915 0.7976 0.7703 0.9180
0.9333 0.9344 0.9421 1.0082 0.9714 1.0893 1.1597 1.0853 1.0810 1.0223 1.1055 0.9271 0.9358 1.0000 0.8067 0.7544
0.6965 0.8102 0.8882 0.9425 1.0100 1.1802 1.0970 1.0855 1.0584 1.0593 1.1157 1.1306 0.9990 0.8158 0.8640 0.7705
0.8024 0.8819 0.9331 1.0075 0.9858 1.0496 1.0753 1.0370 1.0591 1.0190 1.0343 1.0668 0.9677 0.9553 0.9201 0.8333
0.8912 0.7554 0.8894 0.8776 1.0660 1.1991 0.9933 1.1573 1.0900 1.2024 1.0261 1.0621 1.1123 0.9073 0.8583 0.8798
0.7034 0.8579 0.8278 0.8578 1.0356 1.0275 1.1291 1.0213 1.0491 1.1555 1.1076 1.0484 1.0049 0.9843 0.9506 0.9007
0.7272 1.0000 0.9280 0.9055 0.9826 1.1678 1.1269 1.0479 1.0587 1.1497 1.1052 0.9102 0.9683 0.8912 0.8767 0.8685
0.8741 0.9116 1.0081 0.8924 1.0797 1.1947 0.9969 1.0818 1.1037 1.1705 0.9866 1.1048 1.0000 0.9176 0.8894 0.7833
0.9122 0.9167 0.9247 0.9848 0.9261 1.1106 1.0532 1.0716 1.0341 0.9676 1.0479 1.1001 1.0349 1.0085 0.9853 0.8642
0.6401 0.7778 0.9131 0.9836 1.0000 1.0217 1.0135 1.0177 1.0147 1.0809 0.9965 1.0690 0.9781 0.9079 1.0000 0.7618
0.8381 0.8034 1.0103 0.9952 1.0807 1.1466 1.1557 0.9241 1.0924 1.1689 1.1472 1.0359 1.0696 0.8883 0.8551 0.7966
0.8133 0.8004 0.8967 0.9635 1.1987 1.0000 1.0781 1.1838 1.1200 1.0187 1.2002 0.9402 0.9424 0.9087 0.9813 0.9611
0.8520 0.9348 0.8877 0.9883 1.1034 1.0946 1.1497 1.1618 1.1691 1.1538 1.0661 0.9438 0.9351 0.8523 0.7236 0.6880
