1.3510 1.1925 1.0394 1.1067 0.9976 0.9469 1.0529 0.8971 1.0967 1.1230 0.8661 0.8582 0.9318 0.8267 0.7902 0.9256
1.0000 1.0748 1.3221 1.2568 1.1537 0.9949 1.0940 0.9743 0.8929 0.8969 0.8759 0.8689 0.8586 0.9062 0.8311 1.0000
1.0263 0.8983 0.9448 1.1106 0.8108 0.9314 1.0000 0.9523 0.9491 1.0204 0.9481 0.9645 1.0417 1.1557 1.0754 1.2900
1.3165 1.1867 1.1803 1.1554 1.0066 1.0723 1.1010 0.8990 0.9673 0.8753 0.8873 0.9335 0.8059 0.9318 0.8100 0.9735
1.2556 0.9598 0.8901 1.0150 0.9252 0.9753 0.9619 0.9119 0.9875 1.0778 0.9975 1.1061 0.8979 1.1288 1.0531 1.3218
1.2175 1.0941 1.0056 1.1321 0.9827 1.0760 1.0578 0.9546 0.9131 1.0152 0.9860 0.8755 0.8695 0.8368 1.0062 0.9709
1.1902 1.1104 1.0470 1.0041 0.9584 0.9331 1.0323 0.9651 0.8863 1.0531 0.9735 0.8278 0.9583 1.0869 1.0000 1.0287
1.3662 1.2348 1.1231 1.0998 1.0963 1.0772 1.0515 1.0067 1.0857 0.8930 0.9059 0.8273 0.8109 0.8063 0.7856 0.8297
0.6572 0.7165 0.8908 0.7257 0.9268 0.9507 0.8259 1.0329 1.0428 0.9136 1.0774 0.9859 1.2195 1.0263 1.2269 1.2393
1.1580 0.9951 0.9834 1.0913 0.9946 0.9768 0.9463 1.1532 0.8689 0.8775 0.9285 0.8993 1.0221 0.9851 1.0925 1.0651
0.6718 0.7236 0.8744 0.8032 0.9491 0.9620 0.8789 1.0592 1.0187 0.9644 1.0621 0.9000 1.2647 1.0988 0.9588 1.3042
1.2487 1.1432 1.1824 1.2088 1.0849 1.0976 1.1324 0.9775 0.9994 0.8778 0.8378 0.8697 0.8522 0.8018 0.8602 0.8276
1.0404 0.8566 0.8305 0.9148 0.8967 0.9182 0.8151 0.9978 0.9432 1.0719 1.1648 0.9973 1.0963 1.1802 1.1557 1.5539
1.2022 1.0766 1.1003 1.0128 0.8557 1.0025 1.0376 1.0287 0.9482 0.8710 0.9514 0.8732 0.9826 0.8914 1.0253 1.0933
1.2260 1.1682 0.9430 0.9279 1.0624 1.0411 0.9938 1.0818 0.9767 0.9148 0.9582 0.9420 0.9493 0.7965 0.7691 0.9443
1.0197 0.9332 1.0412 0.9061 1.0020 1.0650 0.9763 0.9731 1.0000 0.9140 0.9618 1.0835 1.0000 1.0049 1.0200 1.1792
0.9432 0.9183 0.8888 1.0000 0.9865 0.9422 1.0266 1.0916 0.9942 1.0164 1.0377 1.0009 1.0492 1.0919 1.2622 1.2988
1.4577 1.3533 1.0237 1.2492 0.9837 1.0040 1.1130 0.9724 0.9041 1.0000 1.0000 0.8942 1.0000 0.8470 0.9261 0.9208
1.4740 1.0116 1.2340 0.9020 0.7843 1.0912 1.0136 0.9835 1.0749 1.0294 0.9149 1.0101 0.8961 0.8839 0.9898 1.1440
1.1685 1.1225 1.1553 1.1969 0.9628 1.0403 0.9644 0.9216 1.0029 1.0452 0.9219 0.8015 0.8030 0.7745 0.5313 0.5243
1.3046 0.9448 1.0000 0.9019 1.1256 1.0281 0.9285 1.0068 0.9524 1.0192 0.9294 1.0628 0.9179 1.0847 1.0339 1.0994
0.6993 0.7587 0.9705 1.0063 1.1188 1.0203 0.9980 0.9425 0.9194 1.0708 0.9652 0.9690 1.0219 0.9969 0.9974 1.2280
1.0460 0.8535 0.8927 0.9469 0.8396 0.9375 0.8698 0.9202 1.0000 1.0929 0.9173 0.9372 1.1600 1.2900 1.3423 1.6405
1.0225 1.0806 0.8750 1.0452 0.8877 0.9719 0.9548 1.0074 1.1150 0.8907 1.0031 1.0393 0.9381 1.0529 0.5458 1.0686
1.2210 1.0296 0.9307 0.9955 1.0028 1.0117 1.0558 1.0084 0.9941 0.8889 1.0325 0.9313 1.0499 0.9272 0.9909 1.0889
