1.3390 1.1802 1.0674 1.1151 1.0138 0.9638 1.0788 0.8878 1.1246 1.1428 0.8567 0.8248 0.9219 0.8161 0.7758 0.8854
1.0000 1.0471 1.2894 1.2551 1.1342 1.0385 1.0924 0.9682 0.8750 0.9302 0.8645 0.8810 0.8810 0.9164 0.8414 1.0000
1.0607 0.9179 0.8946 1.2130 0.8605 0.9547 1.0000 0.9473 0.9716 1.0357 0.9541 0.9350 1.0432 1.1384 1.0755 1.2153
1.2900 1.1962 1.1472 1.1431 1.0259 1.0756 1.1116 0.8930 0.9865 0.8866 0.9264 0.9241 0.8171 0.9336 0.7810 0.9430
1.2938 1.0014 0.9150 1.0214 0.9396 0.9630 0.9795 0.8954 0.9577 1.0545 0.9673 1.0991 0.8818 1.1102 1.0726 1.3392
1.1880 1.0788 0.9833 1.1162 0.9732 1.0911 1.0670 0.9778 0.9044 1.0287 0.9732 0.8824 0.8997 0.8568 1.0068 0.9735
1.1846 1.1059 1.0601 0.9870 0.9561 0.9455 1.0478 0.9579 0.8869 1.0547 0.9585 0.8552 0.9592 1.0778 1.0000 1.0312
1.3756 1.2211 1.1425 1.0788 1.1146 1.0926 1.0744 0.9926 1.0896 0.8888 0.8924 0.8437 0.8105 0.7734 0.7763 0.8225
0.6637 0.7309 0.8998 0.7601 0.9465 0.9605 0.8420 1.0504 1.0489 0.9128 1.0610 0.9763 1.1953 0.9848 1.2380 1.1841
1.1348 0.9825 0.9655 1.0948 0.9977 0.9647 0.9526 1.1369 0.8795 0.8844 0.9322 0.9028 1.0315 0.9918 1.0932 1.0909
0.6624 0.7065 0.8953 0.8113 0.9667 0.9853 0.9181 1.0446 0.9856 0.9726 1.0584 0.9073 1.2340 1.0977 0.9746 1.2189
1.2430 1.1479 1.1665 1.1990 1.0822 1.1106 1.1294 0.9705 1.0135 0.8887 0.8320 0.8860 0.8504 0.8090 0.8638 0.8054
1.0385 0.8970 0.8360 0.9756 0.8987 0.9113 0.7535 0.9142 0.9701 0.9609 1.1276 0.9953 1.1578 1.2463 1.1886 1.5918
1.1970 1.0922 0.9997 0.9467 0.8644 1.0050 1.0342 1.0672 0.9697 0.8952 0.9544 0.8937 0.9833 0.9272 1.0357 1.0937
1.1880 1.1589 0.9294 0.9247 1.0512 1.0514 0.9990 1.0806 1.0198 0.9053 0.9423 0.9612 0.9576 0.7665 0.7601 0.9240
1.0226 0.9703 1.0623 0.9068 1.0016 1.0701 0.9938 0.9911 1.0000 0.8993 0.9332 1.0027 1.0000 1.0106 1.0270 1.1689
0.9231 0.9193 0.9253 1.0000 0.9735 0.9233 1.0147 1.0789 1.0068 1.0371 1.0575 0.9929 1.0542 1.0888 1.2825 1.2830
1.4402 1.3489 1.0339 1.2499 0.9538 0.9891 1.1249 0.9715 0.9116 1.0000 1.0000 0.9116 1.0000 0.8423 0.9165 0.9273
1.4596 1.0158 1.1960 0.9065 0.7959 1.1267 1.0089 0.9955 1.0830 1.0209 0.9149 1.0096 0.8938 0.8765 0.9611 1.1450
1.1792 1.1147 1.1842 1.2107 0.9842 1.0360 0.9439 0.9444 0.9930 1.0270 0.9083 0.7892 0.7894 0.7578 0.5205 0.5122
1.2983 0.9792 1.0000 0.9514 1.1518 1.0622 0.9083 0.9760 0.9607 1.0005 0.9291 1.0716 0.8824 1.0819 0.9904 1.0724
0.5474 0.7308 0.9956 1.0103 1.1030 1.0190 0.9894 0.9447 0.9228 1.0793 0.9570 0.9793 1.0529 0.9765 0.9812 1.2057
1.0453 0.8745 0.9144 0.9558 0.8454 0.9470 0.8779 0.9223 1.0000 1.0993 0.9348 0.9258 1.1157 1.2661 1.2882 1.5667
1.0374 1.0488 0.8701 1.0235 0.8882 0.9780 0.9542 1.0209 1.1206 0.9141 1.0325 1.0194 0.9523 1.0275 0.5458 1.0568
1.2658 1.0879 0.9771 1.0339 1.0334 1.0451 1.0727 0.9997 1.0173 0.8761 1.0403 0.9060 1.0105 0.9080 0.9244 1.0176
