0.8596 0.9568 0.9352 0.9425 1.0577 1.1168 1.0674 1.1937 1.0933 1.1545 0.9878 0.9353 1.0339 1.0419 0.7976 0.8267
0.9167 0.9364 1.0535 1.1208 1.1763 1.2843 1.2256 0.8736 0.9202 0.8667 1.0971 0.9591 0.9470 0.8103 0.9891 0.7576
0.6970 0.8190 0.9676 0.9723 1.0349 1.1706 1.0549 1.1045 1.0411 1.2468 0.9635 0.8730 0.9061 0.9160 0.9862 0.6257
0.6847 0.8164 0.9060 1.0454 1.0534 1.1113 1.1600 1.0885 0.9496 1.0991 1.1497 0.9232 0.9770 0.8501 0.8689 0.6355
0.8179 0.8576 0.8986 0.9236 1.0000 1.0677 1.1279 1.0460 1.1451 1.2298 1.0047 0.9541 0.9483 1.0510 0.9908 0.9028
0.8583 0.9504 0.9379 1.0068 1.1901 1.1285 1.2068 0.9655 1.1991 1.1178 1.0759 0.9814 0.9357 0.8790 0.7802 0.7855
0.7639 0.8899 0.9752 0.9642 1.1122 0.9836 1.1959 1.1890 1.1045 1.0352 1.0622 1.0220 0.9747 0.8527 0.8095 0.8334
0.9936 0.8615 0.9164 0.9958 1.0000 1.1345 1.1833 1.0335 1.0946 1.0951 1.0795 1.0806 1.0340 0.8878 0.7936 0.8232
0.8350 0.9466 0.8955 0.9316 1.0720 1.0462 1.1729 1.0294 1.1200 1.1020 1.0276 0.9923 1.0053 1.0042 0.8198 0.7519
0.7689 0.8181 0.9254 1.0661 1.0526 1.1279 1.0827 1.1455 0.9459 1.0146 1.1381 0.8056 0.8314 1.0092 1.0328 0.9973
0.8356 0.7632 0.8728 0.8614 1.0555 1.1568 1.2293 1.0616 1.0342 1.1076 1.0016 1.0056 1.0391 0.9761 0.8593 0.8350
0.7981 0.8862 0.8786 1.0462 1.1563 1.1685 1.1796 0.9298 0.9657 1.2171 0.9800 0.9124 0.8842 1.0000 1.0000 0.5983
0.9477 0.9094 0.9129 1.0005 1.1516 1.0769 1.1098 0.9052 1.0883 1.0164 1.0294 0.9694 0.9947 0.7945 0.7379 0.9248
0.9660 0.9462 0.9772 1.0029 0.9601 1.1073 1.1577 1.0926 1.0687 0.9831 1.0754 0.9298 0.8949 1.0000 0.8378 0.7126
0.6845 0.7966 0.8452 0.8814 1.0529 1.2498 1.0637 1.1325 1.0040 1.0484 1.1293 1.1819 1.0204 0.8507 0.9106 0.8103
0.7460 0.9135 0.9374 1.0729 1.0320 1.0136 1.0847 0.9817 1.1196 0.9596 0.9865 1.0308 1.0444 0.9422 0.8749 0.7713
0.9155 0.7017 0.8498 0.8453 1.0924 1.2149 1.0131 1.1837 1.0922 1.1235 1.0287 1.0262 1.1590 0.9188 0.8234 0.9714
0.7079 0.9466 0.8299 0.8295 1.0453 0.9939 1.2113 1.1377 1.0349 1.1721 1.0961 1.0026 0.9228 0.9136 0.9276 0.8804
0.7584 1.0000 0.9495 0.9159 0.9970 1.1246 1.1114 0.9913 1.0858 1.1853 1.1303 0.8715 1.0155 0.8916 0.8895 0.8391
0.8855 0.8751 1.0044 0.8955 1.0897 1.1990 1.0000 1.0899 1.0769 1.1438 0.9691 1.1351 1.0000 0.9007 0.9614 0.7856
0.9309 0.9597 0.9290 0.9529 0.8852 1.1053 1.0518 1.0875 1.0605 0.9706 1.0507 1.2008 0.9766 1.0127 0.9489 0.8022
0.6511 0.8487 0.9728 1.0279 1.0000 1.0469 1.0522 1.0502 1.0042 1.0402 0.9335 1.0454 0.9560 0.8765 1.0000 0.7389
0.7874 0.8082 1.0019 1.0250 1.0371 1.1577 1.1741 0.9149 1.0848 1.1615 1.1498 1.0325 1.0773 0.9253 0.8464 0.8371
0.8644 0.8480 0.9271 0.9985 1.2366 1.0000 1.1243 1.1727 1.1002 1.0303 1.2374 0.8566 0.8983 0.8845 0.9427 0.8854
0.8371 0.9361 0.8391 1.0046 1.1406 1.0949 1.2110 1.1667 1.1294 1.1825 1.0976 0.9030 0.9426 0.8385 0.7222 0.7115
