1.3466 1.1873 1.0184 1.0839 0.9822 0.9355 1.0712 0.8971 1.1071 1.1306 0.8430 0.8360 0.9303 0.8360 0.8001 0.9223
1.0000 1.0965 1.2990 1.2702 1.1405 0.9997 1.1033 0.9608 0.8811 0.9123 0.8553 0.8561 0.8579 0.8838 0.8204 1.0000
1.0164 0.9124 0.8727 1.1818 0.8424 0.9469 1.0000 0.9656 0.9621 1.0304 0.9588 0.9605 1.0503 1.1803 1.0836 1.2420
1.3315 1.2003 1.1710 1.1305 1.0229 1.0621 1.0680 0.9070 0.9474 0.8613 0.8978 0.9382 0.7950 0.9254 0.7599 0.9734
1.2402 0.9903 0.9137 1.0319 0.9846 1.0273 0.9804 0.9263 1.0255 1.0861 0.9313 1.0857 0.8773 1.0713 1.0201 1.2453
1.2408 1.0963 1.0183 1.1467 0.9809 1.0742 1.0587 0.9651 0.9328 0.9963 1.0046 0.8477 0.8564 0.8028 0.9798 0.9128
1.2066 1.0996 1.0406 0.9876 0.9408 0.9633 1.0289 0.9831 0.8768 1.0428 0.9663 0.8418 0.9834 1.0413 1.0000 1.0467
1.3135 1.1964 1.1213 1.0650 1.1158 1.1007 1.0802 1.0072 1.0864 0.9122 0.9112 0.8384 0.8122 0.7823 0.7492 0.7855
0.6604 0.7054 0.8781 0.7446 0.9416 0.9360 0.8358 1.0128 1.0104 0.8945 1.0399 0.9800 1.2019 1.0120 1.1863 1.2768
1.1693 1.0001 0.9893 1.1006 0.9990 0.9568 0.9427 1.2005 0.8775 0.8744 0.9270 0.8876 0.9824 0.9793 1.0536 1.0223
0.7154 0.7561 0.9201 0.8167 0.9896 0.9799 0.9091 1.0275 0.9626 0.9542 1.1145 0.9199 1.2149 1.1060 0.9650 1.3265
1.2602 1.1416 1.1898 1.2279 1.0961 1.1088 1.1396 0.9641 0.9948 0.8848 0.8321 0.8714 0.8380 0.7857 0.8226 0.7853
1.0015 0.8507 0.8157 0.9221 0.8615 0.9359 0.8453 1.0586 0.9662 1.1111 1.1964 0.9972 1.1216 1.2034 1.1587 1.5240
1.2475 1.0744 1.1373 1.0489 0.8621 0.9957 1.0146 1.0204 0.9437 0.8643 0.9224 0.8689 0.9822 0.8646 1.0097 1.0743
1.1590 1.1698 0.9403 0.9208 1.0450 1.0377 0.9905 1.0694 1.0039 0.9346 0.9612 0.9683 0.9518 0.7990 0.7745 0.9600
1.0696 0.9008 1.0736 0.9151 1.0156 1.0584 0.9751 1.0024 1.0000 0.9031 0.9181 1.1080 1.0000 0.9790 0.9614 1.1095
0.9399 0.9365 0.9225 1.0000 1.0056 0.9443 1.0221 1.1017 1.0083 1.0107 1.0346 0.9779 1.0545 1.0975 1.2480 1.2441
1.4547 1.3565 1.0543 1.2593 0.9738 0.9987 1.1239 0.9555 0.9025 1.0000 1.0000 0.9052 1.0000 0.8189 0.8758 0.8732
1.4973 1.0025 1.1459 0.9139 0.7928 1.1118 1.0278 1.0138 1.0846 1.0478 0.8944 1.0172 0.9000 0.8935 0.9717 1.1420
1.1601 1.0925 1.1395 1.2040 0.9644 1.0343 0.9540 0.9162 0.9966 1.0287 0.9099 0.8097 0.8347 0.7795 0.5362 0.5365
1.2335 0.9779 1.0000 0.9397 1.1290 1.0605 0.9291 1.0309 0.9740 1.0422 0.9291 1.0484 0.9019 1.0504 0.9564 1.0385
0.7488 0.7678 1.0075 1.0209 1.1141 1.0155 0.9739 0.9515 0.9469 1.0857 0.9687 0.9738 0.9926 0.9715 0.9679 1.1787
1.0378 0.8870 0.9125 0.9805 0.8828 0.9454 0.8816 0.9266 1.0000 1.1713 0.9481 0.9264 1.1759 1.2725 1.3500 1.7251
1.0510 1.0971 0.9026 1.0577 0.9008 0.9853 0.9702 1.0293 1.0848 0.8929 0.9840 1.0308 0.9289 1.0145 0.5458 1.0307
1.0781 0.9422 0.8730 0.9084 0.9358 0.9923 1.0499 0.9939 0.9912 0.8962 1.0333 1.0167 1.1132 0.9853 1.0654 1.1881
