1.3304 1.1861 1.0310 1.0904 0.9893 0.9590 1.0547 0.8990 1.0992 1.1393 0.8662 0.8408 0.9439 0.8389 0.8066 0.9275
1.0000 1.0642 1.2921 1.2570 1.1472 1.0043 1.1068 0.9577 0.8936 0.9181 0.8834 0.8699 0.8786 0.9092 0.8334 1.0000
1.0269 0.9119 0.8988 1.1754 0.8535 0.9595 1.0000 0.9628 0.9704 1.0321 0.9815 0.9447 1.0546 1.1585 1.0362 1.2604
1.3047 1.1882 1.1550 1.1555 1.0226 1.0723 1.1028 0.8976 0.9702 0.8845 0.8780 0.9475 0.8104 0.9361 0.7867 0.9756
1.2407 0.9724 0.8947 1.0212 0.9444 0.9916 0.9762 0.9273 0.9799 1.0767 0.9845 1.0937 0.8933 1.0853 1.0462 1.3335
1.2152 1.0828 1.0013 1.1096 0.9652 1.0710 1.0722 0.9675 0.9204 1.0170 0.9758 0.8780 0.8909 0.8525 1.0087 0.9878
1.1709 1.1020 1.0382 0.9961 0.9576 0.9668 1.0180 0.9827 0.8952 1.0518 0.9524 0.8538 0.9625 1.0999 1.0000 1.0171
1.3538 1.2213 1.1331 1.0883 1.1111 1.1071 1.0354 1.0206 1.0829 0.9024 0.9029 0.8371 0.8147 0.7908 0.7719 0.8319
0.6511 0.6953 0.8777 0.7426 0.9414 0.9523 0.8402 1.0530 1.0448 0.9351 1.0678 0.9804 1.2106 1.0180 1.2099 1.2294
1.1534 0.9870 0.9872 1.0907 0.9822 0.9645 0.9395 1.1511 0.8595 0.8834 0.9246 0.9063 1.0098 1.0028 1.0979 1.0765
0.6892 0.7234 0.8660 0.8053 0.9399 0.9626 0.8826 1.0645 0.9994 0.9328 1.0677 0.9084 1.2901 1.0994 0.9679 1.3197
1.2556 1.1308 1.1742 1.2323 1.0864 1.1006 1.1257 0.9873 0.9888 0.8700 0.8424 0.8805 0.8445 0.8127 0.8624 0.8078
1.0162 0.8555 0.8208 0.9207 0.8624 0.9081 0.8168 1.0117 0.9329 1.1021 1.1684 1.0152 1.0846 1.2005 1.1677 1.5565
1.2085 1.0743 1.1299 1.0298 0.8589 1.0038 1.0280 1.0375 0.9502 0.8701 0.9246 0.8748 0.9715 0.8854 1.0228 1.0968
1.1899 1.1883 0.9379 0.9129 1.0298 1.0284 0.9880 1.0325 0.9848 0.9269 0.9748 0.9725 0.9636 0.8121 0.7871 0.9589
1.0284 0.9472 1.0368 0.9070 0.9969 1.0533 0.9774 0.9845 1.0000 0.9068 0.9387 1.0839 1.0000 1.0214 1.0289 1.1582
0.9624 0.9305 0.8927 1.0000 0.9768 0.9337 1.0280 1.0982 0.9990 1.0160 1.0502 0.9904 1.0443 1.0814 1.2649 1.2695
1.4951 1.3487 1.0217 1.2535 0.9685 0.9967 1.1277 0.9758 0.9015 1.0000 1.0000 0.8974 1.0000 0.8440 0.9058 0.9167
1.4764 1.0008 1.2348 0.9119 0.8131 1.1036 1.0059 0.9819 1.0796 1.0417 0.9112 0.9953 0.8633 0.8767 0.9681 1.1650
1.1812 1.1366 1.1508 1.2168 0.9816 1.0452 0.9354 0.9275 0.9903 1.0637 0.8999 0.7934 0.8184 0.7689 0.5321 0.5158
1.2470 0.9394 1.0000 0.8971 1.1166 1.0395 0.9105 0.9926 0.9806 1.0360 0.9384 1.0751 0.9135 1.0776 1.0151 1.0942
0.7021 0.7397 0.9851 0.9993 1.0897 0.9979 0.9867 0.9631 0.9147 1.0849 0.9630 0.9765 1.0443 0.9862 1.0096 1.2425
1.0484 0.8498 0.8966 0.9287 0.8404 0.8933 0.8687 0.9065 1.0000 1.1050 0.9422 0.9481 1.1887 1.2860 1.3373 1.6619
1.0159 1.0815 0.8872 1.0464 0.8904 0.9635 0.9399 0.9859 1.0984 0.9072 1.0256 1.0307 0.9455 1.0609 0.5458 1.0801
1.1599 0.9766 0.9220 0.9715 0.9905 1.0321 1.0692 1.0086 1.0096 0.8893 1.0419 0.9605 1.0577 0.9516 0.9866 1.0673
