0.8371 0.8844 0.9234 0.9371 1.0084 1.0879 1.0354 1.1669 1.1545 1.1518 1.0154 0.8788 1.0912 1.0351 0.8730 0.9166
0.9404 0.9315 1.0712 1.0906 1.1731 1.2471 1.2293 0.8785 0.9251 0.8763 1.0634 0.9573 0.9326 0.8258 0.9764 0.7558
0.6866 0.8021 0.9380 0.9852 0.9939 1.1213 1.1145 1.0900 1.0760 1.2274 0.9935 0.9395 0.9133 0.9245 0.8969 0.6846
0.7109 0.7904 0.8962 0.9932 0.9885 1.0925 1.1206 1.0291 0.9825 1.1400 1.1218 0.9669 1.0187 0.9084 0.9058 0.7092
0.8154 0.9055 0.9060 0.9165 1.0000 1.1012 1.1512 1.0765 1.1222 1.2258 0.9988 0.9771 0.9417 1.0343 0.9324 0.8203
0.8838 0.9326 0.9506 0.9847 1.1394 1.1304 1.1631 1.0122 1.1844 1.1011 1.0467 0.9566 0.9603 0.9130 0.8309 0.8170
0.7685 0.8864 0.9304 0.9598 1.0306 1.0350 1.1307 1.1203 1.1157 1.0814 1.0991 1.0554 0.9409 0.8532 0.8126 0.9484
0.9687 0.8392 0.9025 0.9738 1.0000 1.0994 1.1717 1.0536 1.0928 1.0700 1.1244 1.0468 1.0345 0.9064 0.8030 0.8548
0.8320 0.9292 0.8745 0.9450 1.0370 1.0027 1.1442 1.0264 1.1353 1.1328 1.0699 1.0368 0.9579 1.0377 0.8559 0.7949
0.7457 0.8310 0.9531 1.0822 1.0380 1.0918 1.0641 1.1452 0.9615 1.0418 1.1310 0.8617 0.8586 0.9810 0.9643 0.9469
0.8162 0.7577 0.8602 0.8822 1.0270 1.1113 1.1982 1.0702 1.0519 1.1249 1.0320 0.9979 1.0448 0.9731 0.8631 0.8726
0.7942 0.8657 0.9145 1.0291 1.1393 1.1096 1.1155 0.8932 1.0083 1.2111 1.0444 0.9474 0.9304 1.0000 1.0000 0.6284
0.9431 0.8846 0.9473 0.9950 1.1608 1.0718 1.0976 0.9183 1.0983 1.0310 1.0560 0.9356 1.0088 0.7787 0.7575 0.9323
0.9248 0.9788 0.9687 0.9857 0.9733 1.1321 1.1574 1.0492 1.0681 1.0119 1.0895 0.9177 0.9183 1.0000 0.8139 0.7699
0.7000 0.8097 0.8895 0.9312 1.0308 1.1936 1.1019 1.0579 1.0488 1.0663 1.1221 1.1022 1.0211 0.8060 0.8808 0.7998
0.7973 0.9285 0.9576 1.0538 1.0098 1.0567 1.0835 1.0398 1.0611 0.9909 1.0339 1.0370 0.9472 0.9235 0.8780 0.8098
0.9218 0.7603 0.8741 0.8622 1.1281 1.2335 1.0099 1.1436 1.0607 1.1808 1.0137 1.0311 1.1186 0.8960 0.8551 0.8833
0.7180 0.9003 0.8377 0.8492 1.0585 1.0064 1.1550 1.0529 1.0413 1.1555 1.1059 1.0108 0.9864 0.9792 0.9359 0.8934
0.7432 1.0000 0.9329 0.9114 0.9787 1.1772 1.1610 1.0525 1.0320 1.1316 1.1125 0.9111 0.9556 0.8977 0.8902 0.8678
0.9056 0.9057 1.0053 0.9112 1.0953 1.2159 0.9769 1.0932 1.1071 1.1524 0.9539 1.0734 1.0000 0.9101 0.9093 0.7985
0.9331 0.9529 0.9358 0.9916 0.9223 1.1168 1.0646 1.0730 1.0358 0.9679 1.0436 1.0999 0.9923 0.9942 0.9722 0.8450
0.6462 0.8074 0.9368 0.9758 1.0000 1.0185 1.0266 1.0376 1.0206 1.0732 0.9980 1.0463 0.9922 0.8791 1.0000 0.7776
0.8201 0.8048 1.0203 1.0240 1.0719 1.1525 1.1542 0.9155 1.0879 1.1649 1.1582 1.0278 1.0645 0.8987 0.8438 0.8089
0.8497 0.8199 0.8913 0.9802 1.2483 1.0000 1.1025 1.1823 1.0905 1.0229 1.1509 0.9354 0.9387 0.8744 0.9502 0.9618
0.8533 1.0006 0.8816 1.0110 1.1179 1.0950 1.1571 1.1651 1.1458 1.1459 1.0309 0.9566 0.9257 0.8354 0.6990 0.6762
