0.7155 0.7711 0.8582 0.8667 1.0146 1.0739 1.0605 1.1745 1.1813 1.1917 1.0426 1.0237 1.0268 1.0139 0.8554 0.8531
0.8250 0.8372 0.9337 1.0193 1.0834 1.2221 1.2218 0.9793 1.0488 0.9613 1.1204 0.9962 0.9336 0.8553 0.9964 0.7846
0.6433 0.6988 0.8937 0.8986 0.9561 1.0696 1.1417 1.0820 1.0837 1.2367 1.0046 0.9657 0.9079 0.9209 0.9049 0.7411
0.6477 0.7256 0.8380 0.9410 0.9705 1.0659 1.1051 1.0504 1.0072 1.1834 1.1264 0.9770 1.0411 0.8962 0.9198 0.7745
0.6871 0.7578 0.7779 0.8807 1.0000 0.9768 1.0555 1.0585 1.1800 1.2408 1.0658 1.0446 0.9781 1.0310 0.9343 0.8633
0.8139 0.8402 0.8498 0.9285 1.1371 1.0703 1.1695 1.1335 1.1854 1.1451 1.0758 1.0267 0.9699 0.9381 0.8547 0.8694
0.7516 0.8113 0.8468 0.9141 1.0155 1.0318 1.1627 1.1694 1.1104 1.0890 1.1012 1.0463 0.9892 0.9338 0.8280 0.9567
0.8617 0.7906 0.8461 0.9193 1.0000 1.0915 1.2025 1.1296 1.1189 1.0851 1.1624 1.0903 1.0176 0.9278 0.8255 0.9226
0.8092 0.8614 0.8524 0.8489 0.9989 1.0238 1.1154 1.0344 1.1132 1.1422 1.0493 1.1006 0.9819 1.0353 0.9049 0.8606
0.6746 0.7444 0.8579 0.9355 0.9651 0.9964 1.0482 1.1131 1.0180 1.0652 1.1910 0.9850 0.9190 0.9827 0.9826 1.0185
0.7145 0.6636 0.7173 0.7964 0.9483 1.0412 1.1377 1.0354 1.0374 1.0796 1.0316 0.9651 1.0033 0.9700 0.8690 0.9384
0.7347 0.8325 0.9071 0.9619 1.1463 1.1377 1.1229 0.8803 1.0469 1.2361 1.1031 0.9757 0.9505 1.0000 1.0000 0.7304
0.9154 0.8710 0.9020 1.0072 1.1421 1.1048 1.1630 1.0311 1.1337 1.0697 1.0644 1.0385 0.9956 0.8533 0.8269 0.9664
0.8895 0.8740 0.9444 0.9939 0.9795 1.0883 1.1476 1.1419 1.1160 1.0649 1.1828 0.9572 0.9500 1.0000 0.8369 0.8214
0.6831 0.7232 0.8338 0.8818 0.9529 1.1365 1.0670 1.0617 1.0925 1.0908 1.1597 1.1566 1.0423 0.8568 0.8629 0.8036
0.6813 0.8113 0.9263 1.0035 0.9777 1.0080 1.0737 1.0477 1.0829 1.0055 1.0307 1.0708 1.0016 0.9750 0.9294 0.8629
0.8547 0.7737 0.8740 0.8913 1.0135 1.1484 0.9866 1.1710 1.1547 1.1921 1.0749 1.0397 1.1004 0.9377 0.8778 0.9016
0.6903 0.7528 0.7928 0.8156 0.9925 0.9948 1.1161 1.0019 1.0027 1.1101 1.0933 1.0641 1.0212 1.0356 0.8889 0.8910
0.6830 1.0000 0.8672 0.9068 0.9767 1.1396 1.0972 1.0811 1.0817 1.1848 1.0974 0.9188 0.9789 0.8970 0.8724 0.8989
0.8128 0.7996 0.9002 0.8441 1.0420 1.1262 0.9961 1.0644 1.0874 1.2076 1.0697 1.1281 1.0000 0.9821 0.9602 0.9348
0.8428 0.8694 0.8746 0.9786 0.9500 1.0917 1.0844 1.0524 1.0595 0.9774 1.0631 1.1230 1.0016 0.9728 0.9958 0.9534
0.6134 0.7609 0.8918 0.9571 1.0000 1.0605 1.0635 1.0893 1.0428 1.1089 1.0374 1.0659 0.9862 0.8984 1.0000 0.8037
0.8503 0.7884 0.9404 0.9345 1.0689 1.1539 1.1749 0.9882 1.0861 1.1512 1.1544 1.0366 1.0240 0.9346 0.8822 0.8027
0.7462 0.7806 0.8440 0.9411 1.2006 1.0000 1.1025 1.1953 1.1197 1.0760 1.2353 0.9503 0.9518 0.9274 0.9590 0.9553
0.8244 0.9158 0.8657 0.9511 1.0724 1.1040 1.1619 1.1915 1.1966 1.1903 1.1028 0.9673 0.9589 0.9002 0.7894 0.7867
