1.3537 1.1835 1.0424 1.0876 1.0008 0.9545 1.0624 0.8919 1.0909 1.1186 0.8474 0.8415 0.9333 0.8462 0.8045 0.9406
1.0000 1.0851 1.3214 1.2688 1.1347 1.0100 1.0868 0.9630 0.8693 0.9096 0.8682 0.8624 0.8838 0.9111 0.8384 1.0000
1.0507 0.9288 0.9390 1.1986 0.8646 0.9585 1.0000 0.9588 0.9660 1.0310 0.9161 0.9264 1.0265 1.1626 1.0469 1.2633
1.3390 1.2198 1.1678 1.1405 1.0086 1.0480 1.0945 0.9076 0.9693 0.8759 0.8872 0.9382 0.8050 0.9237 0.7905 0.9881
1.2617 0.9735 0.9175 1.0357 0.9611 1.0046 0.9865 0.8955 0.9808 1.0649 0.9939 1.0880 0.8729 1.0882 1.0471 1.3083
1.2297 1.0861 1.0126 1.1222 0.9889 1.0709 1.0780 0.9557 0.9135 1.0264 0.9786 0.8543 0.8690 0.8484 1.0039 0.9715
1.1900 1.0815 1.0389 1.0111 0.9289 0.9512 1.0215 0.9890 0.9056 1.0657 0.9757 0.8383 0.9783 1.0511 1.0000 1.0344
1.3835 1.2366 1.1462 1.0902 1.0947 1.0693 1.0639 1.0073 1.0939 0.8970 0.9007 0.8356 0.8053 0.7758 0.7741 0.8304
0.6775 0.7182 0.8855 0.7606 0.9374 0.9633 0.8321 1.0276 1.0315 0.9124 1.0672 0.9812 1.2008 1.0201 1.2150 1.2289
1.1505 0.9974 1.0043 1.0955 0.9950 0.9756 0.9537 1.1605 0.8820 0.8933 0.9261 0.8875 1.0005 0.9568 1.0813 1.0840
0.6786 0.7287 0.8805 0.8080 0.9524 0.9715 0.8969 1.0764 1.0211 0.9460 1.0793 0.9068 1.2369 1.0889 0.9483 1.2831
1.2638 1.1341 1.1897 1.2079 1.0898 1.1046 1.1193 0.9723 0.9945 0.8881 0.8488 0.9047 0.8581 0.8004 0.8402 0.7927
0.9966 0.8335 0.8160 0.9329 0.8922 0.9380 0.8233 1.0174 0.9404 1.1072 1.1746 1.0160 1.0962 1.1736 1.1404 1.5109
1.2118 1.0766 1.1078 1.0357 0.8674 1.0018 1.0232 1.0368 0.9518 0.8778 0.9362 0.8817 0.9781 0.8836 1.0038 1.0914
1.1953 1.1655 0.9477 0.9243 1.0426 1.0386 0.9947 1.0530 1.0007 0.9369 0.9525 0.9543 0.9429 0.7973 0.7811 0.9384
1.0531 0.9587 1.0628 0.9021 1.0034 1.0575 0.9623 0.9940 1.0000 0.8967 0.9171 1.0886 1.0000 0.9957 0.9956 1.1686
0.9666 0.9480 0.9405 1.0000 0.9839 0.9253 1.0260 1.0708 0.9893 1.0120 1.0391 1.0012 1.0405 1.0635 1.2477 1.2411
1.4667 1.3383 1.0455 1.2522 0.9799 0.9995 1.1081 0.9550 0.8972 1.0000 1.0000 0.9011 1.0000 0.8516 0.9119 0.9014
1.5078 1.0182 1.2044 0.9243 0.7907 1.1137 1.0047 0.9737 1.0685 1.0198 0.9180 1.0059 0.8968 0.8977 0.9849 1.1366
1.1671 1.1282 1.1632 1.2111 0.9777 1.0585 0.9505 0.9212 0.9922 1.0303 0.9048 0.8133 0.7955 0.7585 0.5273 0.5120
1.2765 0.9885 1.0000 0.9667 1.0966 1.0630 0.9197 1.0160 0.9836 1.0301 0.9288 1.0315 0.8873 1.0763 0.9778 1.0577
0.7549 0.7551 0.9942 1.0044 1.1050 1.0257 0.9686 0.9654 0.9312 1.0790 0.9741 0.9754 1.0294 0.9805 0.9834 1.2033
1.0528 0.8915 0.9081 0.9651 0.8587 0.9212 0.8664 0.9128 1.0000 1.1130 0.9428 0.9268 1.1442 1.2368 1.3204 1.6614
1.0535 1.0934 0.9234 1.0642 0.8969 1.0001 0.9431 0.9759 1.0906 0.8940 0.9872 1.0275 0.9341 1.0331 0.5458 1.0484
1.1626 0.9553 0.9245 0.9634 1.0015 0.9970 1.0654 0.9969 0.9964 0.8824 1.0394 0.9584 1.0453 0.9603 1.0079 1.1269
