0.7394 0.7961 0.8683 0.8885 1.0301 1.0792 1.0453 1.1724 1.1464 1.1723 1.0179 0.9986 1.0449 1.0237 0.8650 0.8705
0.8513 0.8537 0.9757 1.0386 1.0958 1.2347 1.2191 0.9641 1.0115 0.9356 1.1001 0.9944 0.9259 0.8476 0.9818 0.7641
0.6541 0.7113 0.9184 0.9320 0.9627 1.0845 1.1228 1.0725 1.0690 1.2243 0.9972 0.9700 0.9049 0.9100 0.9098 0.7192
0.6650 0.7455 0.8525 0.9741 0.9783 1.0929 1.1005 1.0202 0.9786 1.1637 1.1292 0.9695 1.0333 0.8954 0.9398 0.7558
0.7253 0.7692 0.8126 0.9032 1.0000 1.0357 1.1073 1.0602 1.1787 1.2105 1.0248 1.0421 0.9613 1.0396 0.9564 0.8456
0.8398 0.8664 0.8615 0.9452 1.1408 1.0887 1.1887 1.0966 1.1641 1.1015 1.0454 1.0309 0.9826 0.9317 0.8583 0.8627
0.7559 0.8029 0.8655 0.9366 1.0371 1.0289 1.1520 1.1609 1.1000 1.0757 1.0843 1.0524 0.9933 0.9181 0.8450 0.9499
0.8976 0.8084 0.8719 0.9469 1.0000 1.0963 1.1898 1.0978 1.0856 1.0621 1.1506 1.0867 1.0271 0.9166 0.8515 0.9157
0.8127 0.8627 0.8623 0.8736 1.0191 1.0198 1.1416 1.0553 1.0749 1.1114 1.0435 1.0979 0.9825 1.0202 0.9101 0.8414
0.6916 0.7621 0.8649 0.9672 1.0185 1.0269 1.0604 1.1201 0.9925 1.0344 1.1749 0.9427 0.9110 0.9535 1.0028 1.0049
0.7237 0.6616 0.7483 0.7983 0.9509 1.0514 1.1489 1.0301 1.0064 1.0566 1.0198 0.9610 1.0214 0.9791 0.8543 0.9716
0.7526 0.8472 0.9151 0.9876 1.1605 1.1530 1.1466 0.8819 1.0204 1.2330 1.0686 0.9540 0.9409 1.0000 1.0000 0.6912
0.9308 0.9008 0.9080 1.0106 1.1365 1.1120 1.1650 1.0170 1.1177 1.0296 1.0674 1.0241 0.9940 0.8548 0.8353 0.9766
0.9105 0.9027 0.9720 1.0226 0.9883 1.0969 1.1629 1.1338 1.0898 1.0364 1.1472 0.9457 0.9513 1.0000 0.8467 0.7928
0.6839 0.7496 0.8688 0.9049 1.0024 1.1959 1.0930 1.0514 1.0442 1.0561 1.0985 1.1198 0.9887 0.8561 0.8987 0.8210
0.6995 0.8044 0.9116 0.9994 0.9804 1.0404 1.0866 1.0541 1.0887 1.0001 1.0016 1.0697 1.0051 0.9720 0.9238 0.8675
0.8772 0.7626 0.8720 0.8838 1.0310 1.1730 0.9921 1.1728 1.1384 1.1750 1.0591 1.0324 1.1053 0.9262 0.8834 0.9173
0.6925 0.7788 0.7973 0.8264 0.9999 0.9893 1.1269 1.0047 0.9906 1.1123 1.0931 1.0660 1.0182 1.0225 0.8911 0.9114
0.6806 1.0000 0.8970 0.9182 0.9865 1.1352 1.1214 1.0453 1.0604 1.1761 1.0854 0.9159 0.9904 0.8847 0.8789 0.9039
0.8301 0.8208 0.9162 0.8399 1.0372 1.1459 1.0265 1.0700 1.0582 1.1685 1.0490 1.1269 1.0000 0.9749 0.9713 0.9255
0.8837 0.8905 0.8929 0.9479 0.9373 1.1009 1.0621 1.0505 1.0503 0.9621 1.0550 1.1145 1.0028 0.9898 1.0157 0.9485
0.6329 0.7729 0.9171 0.9849 1.0000 1.0647 1.0542 1.0604 1.0249 1.1036 1.0078 1.0570 0.9849 0.9194 1.0000 0.8179
0.8448 0.7863 0.9674 0.9381 1.0563 1.1654 1.1653 0.9394 1.0751 1.1402 1.1524 1.0324 1.0446 0.9359 0.8790 0.8423
0.7688 0.7841 0.8637 0.9473 1.2254 1.0000 1.0805 1.1782 1.1028 1.0532 1.2291 0.9397 0.9471 0.9445 0.9690 0.9624
0.8402 0.9234 0.8829 0.9671 1.0902 1.1036 1.1796 1.1833 1.1783 1.1654 1.0923 0.9706 0.9631 0.9002 0.7785 0.7807
