0.7135 0.7695 0.8599 0.8664 1.0128 1.0717 1.0652 1.1721 1.1809 1.1922 1.0423 1.0250 1.0253 1.0132 0.8558 0.8536
0.8251 0.8360 0.9322 1.0193 1.0843 1.2210 1.2249 0.9797 1.0507 0.9587 1.1208 0.9961 0.9323 0.8547 0.9968 0.7870
0.6424 0.6989 0.8951 0.8960 0.9585 1.0710 1.1422 1.0794 1.0854 1.2366 1.0058 0.9648 0.9066 0.9214 0.9020 0.7398
0.6483 0.7250 0.8381 0.9440 0.9683 1.0613 1.1046 1.0517 1.0086 1.1838 1.1281 0.9786 1.0405 0.8939 0.9207 0.7719
0.6893 0.7606 0.7797 0.8834 1.0000 0.9890 1.0509 1.0576 1.1841 1.2393 1.0602 1.0407 0.9792 1.0205 0.9292 0.8591
0.8135 0.8389 0.8481 0.9287 1.1382 1.0700 1.1694 1.1330 1.1843 1.1481 1.0737 1.0264 0.9684 0.9372 0.8579 0.8719
0.7523 0.8112 0.8441 0.9138 1.0148 1.0326 1.1621 1.1711 1.1109 1.0894 1.0991 1.0479 0.9890 0.9352 0.8272 0.9564
0.8597 0.7897 0.8451 0.9199 1.0000 1.0900 1.2021 1.1288 1.1193 1.0884 1.1623 1.0918 1.0161 0.9270 0.8253 0.9246
0.8097 0.8617 0.8508 0.8493 0.9975 1.0262 1.1153 1.0330 1.1121 1.1440 1.0509 1.0984 0.9834 1.0362 0.9068 0.8597
0.6709 0.7376 0.8543 0.9310 0.9669 0.9953 1.0472 1.1135 1.0168 1.0619 1.1890 0.9865 0.9246 0.9829 0.9848 1.0202
0.7163 0.6626 0.7197 0.7972 0.9511 1.0412 1.1352 1.0395 1.0357 1.0784 1.0327 0.9646 0.9995 0.9705 0.8680 0.9401
0.7378 0.8338 0.9061 0.9602 1.1460 1.1369 1.1200 0.8788 1.0469 1.2351 1.1036 0.9756 0.9518 1.0000 1.0000 0.7328
0.9197 0.8728 0.9023 1.0082 1.1438 1.1043 1.1632 1.0332 1.1361 1.0670 1.0636 1.0372 0.9950 0.8493 0.8234 0.9627
0.8866 0.8744 0.9453 0.9929 0.9777 1.0876 1.1499 1.1394 1.1190 1.0653 1.1811 0.9566 0.9505 1.0000 0.8377 0.8233
0.6852 0.7251 0.8356 0.8767 0.9541 1.1394 1.0691 1.0600 1.0964 1.0900 1.1525 1.1582 1.0392 0.8583 0.8648 0.8031
0.6796 0.8114 0.9284 1.0015 0.9728 1.0067 1.0752 1.0521 1.0817 1.0061 1.0289 1.0715 1.0041 0.9742 0.9313 0.8586
0.8531 0.7747 0.8740 0.8933 1.0168 1.1503 0.9888 1.1684 1.1540 1.1893 1.0757 1.0395 1.0981 0.9369 0.8765 0.9001
0.6892 0.7544 0.7907 0.8147 0.9897 0.9938 1.1157 1.0021 1.0040 1.1102 1.0959 1.0658 1.0234 1.0319 0.8835 0.8860
0.6813 1.0000 0.8685 0.9046 0.9788 1.1384 1.0996 1.0818 1.0809 1.1805 1.0986 0.9186 0.9799 0.8972 0.8723 0.9017
0.8146 0.7976 0.9043 0.8385 1.0429 1.1273 0.9927 1.0672 1.0842 1.1996 1.0684 1.1293 1.0000 0.9851 0.9632 0.9448
0.8404 0.8680 0.8744 0.9813 0.9497 1.0936 1.0856 1.0531 1.0552 0.9775 1.0633 1.1229 1.0021 0.9733 0.9984 0.9535
0.6123 0.7620 0.8917 0.9559 1.0000 1.0582 1.0628 1.0877 1.0426 1.1090 1.0389 1.0638 0.9894 0.8990 1.0000 0.8064
0.8498 0.7896 0.9408 0.9343 1.0703 1.1545 1.1770 0.9881 1.0854 1.1516 1.1554 1.0359 1.0248 0.9381 0.8799 0.8016
0.7462 0.7809 0.8439 0.9373 1.2003 1.0000 1.1004 1.1970 1.1209 1.0758 1.2369 0.9504 0.9493 0.9280 0.9591 0.9557
0.8271 0.9153 0.8635 0.9484 1.0711 1.1071 1.1657 1.1899 1.1961 1.1882 1.1019 0.9705 0.9574 0.8947 0.7905 0.7867
