0.7379 0.8094 0.8676 0.8622 1.0207 1.0982 1.0402 1.1721 1.1689 1.1770 1.0398 1.0199 1.0429 1.0137 0.8458 0.8683
0.8470 0.8470 0.9512 1.0274 1.0744 1.2098 1.2192 0.9835 1.0273 0.9850 1.1039 1.0064 0.9292 0.8664 0.9615 0.7432
0.6510 0.6995 0.8918 0.9155 0.9558 1.0460 1.1510 1.0967 1.0944 1.2423 1.0285 0.9853 0.8931 0.9048 0.8714 0.7048
0.6793 0.7430 0.8651 0.9524 0.9844 1.0870 1.1129 1.0565 1.0123 1.1807 1.1523 0.9550 1.0226 0.8730 0.8824 0.7169
0.7581 0.8143 0.8242 0.9007 1.0000 1.0290 1.1266 1.0897 1.1862 1.1992 1.0513 1.0291 0.9479 1.0231 0.8987 0.7769
0.8384 0.8385 0.8794 0.9689 1.1073 1.0613 1.1772 1.1546 1.1874 1.1285 1.0750 1.0220 0.9538 0.9218 0.8535 0.8390
0.7660 0.7918 0.8605 0.9275 1.0219 1.0655 1.1969 1.1824 1.1138 1.1013 1.1092 1.0530 0.9593 0.8984 0.8063 0.9099
0.8742 0.8114 0.8544 0.9375 1.0000 1.1244 1.2278 1.1558 1.0338 1.0704 1.1694 1.1089 1.0100 0.9265 0.8187 0.8828
0.8185 0.8603 0.8542 0.8953 1.0058 1.0264 1.1365 1.0466 1.1127 1.1164 1.0721 1.1056 0.9719 1.0140 0.8724 0.8241
0.6772 0.7478 0.8855 0.9844 0.9886 1.0381 1.0837 1.1216 1.0426 1.1015 1.2000 0.9937 0.9002 0.9652 0.9543 0.9239
0.7221 0.6519 0.7393 0.7796 0.9469 1.0417 1.1328 1.0377 1.0607 1.0751 1.0509 0.9669 0.9864 0.9598 0.8370 0.9703
0.7507 0.8182 0.9278 0.9759 1.1538 1.1157 1.1206 0.8989 1.0543 1.2113 1.0993 0.9529 0.9199 1.0000 1.0000 0.6903
0.9288 0.8864 0.9299 1.0103 1.1583 1.1322 1.1735 1.0447 1.1539 1.0575 1.0876 1.0161 0.9692 0.8236 0.8181 0.8804
0.9035 0.9055 0.9575 1.0046 0.9901 1.1115 1.1700 1.1499 1.1242 1.0681 1.1672 0.9488 0.9291 1.0000 0.7920 0.7800
0.6717 0.7671 0.8622 0.8793 1.0252 1.1764 1.0795 1.0524 1.0698 1.0764 1.1555 1.1588 0.9905 0.8565 0.8256 0.7555
0.6948 0.8125 0.9330 1.0076 0.9937 1.0543 1.0902 1.0678 1.0968 1.0233 1.0305 1.0597 0.9807 0.9516 0.8779 0.8203
0.8566 0.8044 0.8640 0.9048 1.0374 1.1683 1.0096 1.1812 1.1514 1.1914 1.0890 1.0310 1.0673 0.9295 0.8507 0.8594
0.7103 0.7554 0.8060 0.8106 0.9919 1.0073 1.1169 1.0259 1.0216 1.1035 1.0940 1.0294 1.0112 1.0141 0.8541 0.8495
0.7124 1.0000 0.8805 0.9223 0.9768 1.1732 1.1452 1.1100 1.0704 1.1527 1.1056 0.9157 0.9629 0.8935 0.8499 0.8498
0.8702 0.8262 0.9325 0.9006 1.0414 1.1317 1.0154 1.0841 1.0738 1.1925 1.0693 1.1122 1.0000 0.9557 0.9106 0.8775
0.8593 0.8634 0.8738 0.9788 0.9638 1.0996 1.0661 1.0726 1.0612 1.0365 1.0807 1.1321 0.9977 0.9849 0.9781 0.8772
0.6069 0.7624 0.8995 0.9570 1.0000 1.0658 1.0610 1.0837 1.0620 1.1051 1.0552 1.0383 0.9901 0.8967 1.0000 0.7660
0.8715 0.8026 0.9369 0.9512 1.0499 1.1650 1.1851 1.0065 1.0984 1.1596 1.1766 1.0151 1.0124 0.9303 0.8426 0.8124
0.7532 0.7919 0.8644 0.9236 1.2018 1.0000 1.1047 1.2070 1.1260 1.0821 1.2480 0.9725 0.9369 0.9205 0.9336 0.9122
0.8772 0.9260 0.9000 1.0034 1.1023 1.1022 1.1554 1.1647 1.1826 1.1828 1.1126 0.9802 0.9343 0.8746 0.7507 0.7415
