1.2349 1.1553 1.1752 1.1849 1.0823 1.0540 1.1318 0.9087 1.1278 1.0862 0.9065 0.8141 0.9227 0.7286 0.7720 0.7177
1.0000 0.9816 0.9596 1.1673 1.1401 0.9832 0.9790 0.9576 0.9003 1.0783 1.0078 0.9640 0.9771 1.0633 0.8462 1.0000
1.3151 1.1696 1.0820 1.7466 1.0644 1.0905 1.0000 0.9253 1.0283 1.0337 0.9995 0.8511 0.9118 0.9296 0.8324 0.8509
1.0295 0.8903 0.9915 1.1075 0.9894 1.0153 1.1079 0.9928 1.0697 1.0421 0.9705 0.9436 0.9692 0.9112 0.9563 1.0284
1.5658 1.1741 1.1311 1.0751 0.9415 0.9643 0.9813 0.9812 0.7729 0.8824 0.8906 1.0839 0.9112 0.9947 1.0443 1.2018
0.9771 1.0441 0.8393 0.9074 0.9024 1.0279 1.0843 1.0103 0.8043 1.1537 0.8970 1.0673 0.9901 1.0210 1.0209 1.2219
1.4008 1.1517 1.1558 1.0911 1.0701 0.9122 0.9617 0.8678 0.9102 1.0138 0.9394 0.8611 0.9411 1.0442 1.0000 0.9257
1.0655 1.1909 0.8856 1.0391 0.9920 1.0727 1.0909 1.0974 1.1472 0.9647 0.9630 0.9785 0.8639 0.7711 0.8644 1.0008
0.7930 0.7735 1.0149 0.8899 0.8678 0.9910 0.8787 1.1448 1.1097 0.9718 1.1508 1.0618 1.1671 0.7800 1.2191 0.9518
0.8547 0.7475 0.8110 0.9877 0.9773 0.9984 1.0115 0.9376 0.9183 1.0598 0.9299 1.0232 1.1750 1.1071 1.2236 1.4727
0.5800 0.7980 0.9093 0.8918 0.8848 1.0190 1.0289 1.1476 1.0950 1.0144 0.8931 1.0056 1.0387 1.1048 0.9471 1.0423
1.0808 0.9830 1.0129 1.0932 1.0204 1.0842 1.1192 0.9572 1.0223 0.9370 0.9373 0.9827 0.9651 0.9528 1.0117 0.8365
1.0280 1.1216 1.0731 1.1673 1.0726 0.9122 0.8711 1.2713 0.8705 1.0452 1.1291 0.7864 0.8348 0.9885 0.8535 1.0927
0.9828 0.8651 0.9624 0.7691 0.8875 0.9000 0.8479 1.1179 1.0005 1.0526 1.0644 1.0404 1.0988 1.0448 1.1896 1.1212
1.4594 1.1619 1.0218 1.0592 1.0909 1.1297 1.1343 1.0756 1.0020 0.7399 0.9484 0.8943 0.8494 0.6303 0.6279 0.6442
0.8372 0.9497 1.0319 0.9047 0.8775 0.9865 1.0710 1.0281 1.0000 0.9119 1.0583 0.9401 1.0000 1.1230 1.1984 1.3927
1.0896 0.9494 1.0888 1.0000 0.9319 1.0100 1.0698 0.8362 1.0102 1.0927 1.0421 0.9964 0.9492 0.9163 1.0101 1.0642
1.1683 1.1816 0.8474 1.2062 0.9026 0.9460 1.0978 0.9015 0.8973 1.0000 1.0000 1.0544 1.0000 0.9388 1.0683 1.0616
1.3595 1.0116 1.3681 1.0630 0.8747 1.1689 1.0792 1.0515 1.1620 0.8925 0.9641 0.9672 0.8694 0.8031 0.7746 0.9231
0.9868 1.0031 1.1149 1.1269 1.0147 1.0321 0.9675 1.0164 1.1102 1.2805 0.9840 0.8895 0.8227 0.7889 0.5950 0.5289
1.4506 1.1398 1.0000 1.0468 1.1774 1.1245 0.9796 1.0358 0.9853 0.8041 0.9644 1.0870 0.9507 1.0165 0.9569 0.8502
0.5694 0.5970 0.8873 0.8705 0.8585 0.9730 1.0424 1.0792 1.0377 0.9747 1.0585 1.2111 1.1490 0.9286 0.9597 1.3277
1.1213 0.9364 1.0031 0.8648 0.9406 0.9884 1.0297 1.0647 1.0000 1.2410 0.9971 0.9413 0.9919 1.0251 0.9119 0.8421
0.9074 0.8402 0.7623 0.8924 0.8295 0.9773 0.8483 0.9016 1.1760 1.0418 1.1029 1.1418 1.1978 1.0792 0.5458 1.2467
1.5442 1.2957 1.1575 1.2992 1.1709 1.1557 1.1930 1.0424 0.9872 0.8378 0.9408 0.8560 0.8725 0.7826 0.7215 0.8159
