0.8288 0.8581 0.9318 0.9381 1.0198 1.0737 1.0374 1.1630 1.1642 1.1602 1.0315 0.8993 1.0925 1.0412 0.8813 0.8893
0.9221 0.9305 1.0431 1.0949 1.1662 1.2336 1.2116 0.8877 0.9475 0.8922 1.0724 0.9765 0.9462 0.8363 0.9720 0.7581
0.6799 0.7952 0.9358 0.9686 0.9750 1.0960 1.1260 1.0654 1.0738 1.2400 1.0081 0.9618 0.9408 0.9262 0.9068 0.7034
0.7067 0.7830 0.8840 0.9790 0.9678 1.0836 1.1072 1.0073 0.9809 1.1397 1.1339 0.9948 1.0403 0.9238 0.9361 0.7313
0.8083 0.9086 0.8953 0.9278 1.0000 1.0928 1.1403 1.0628 1.1339 1.2431 1.0181 1.0162 0.9663 1.0288 0.9333 0.7615
0.8828 0.9369 0.9448 0.9673 1.1274 1.1155 1.1567 1.0310 1.1529 1.1042 1.0461 0.9787 0.9706 0.9254 0.8413 0.8231
0.7716 0.8552 0.9342 0.9662 1.0204 1.0297 1.1174 1.1137 1.1075 1.0904 1.1086 1.0651 0.9591 0.8606 0.8266 0.9459
0.9444 0.8395 0.8815 0.9610 1.0000 1.0939 1.1679 1.0524 1.1278 1.0738 1.1619 1.0496 1.0281 0.9115 0.8282 0.8840
0.8335 0.9177 0.8680 0.9188 1.0294 1.0040 1.1472 1.0314 1.1147 1.1253 1.0705 1.0640 0.9785 1.0329 0.8754 0.8252
0.7360 0.8376 0.9569 1.0795 1.0149 1.0673 1.0598 1.1426 0.9795 1.0460 1.1595 0.9024 0.8894 0.9548 0.9491 0.9329
0.7936 0.7356 0.8325 0.8760 1.0079 1.1093 1.1848 1.0783 1.0655 1.1325 1.0411 1.0054 1.0503 0.9803 0.8705 0.8906
0.7928 0.8567 0.9044 1.0121 1.1645 1.1112 1.1168 0.8782 1.0070 1.2108 1.0485 0.9486 0.9427 1.0000 1.0000 0.6120
0.9368 0.8757 0.9414 0.9866 1.1486 1.0934 1.0979 0.9483 1.0918 1.0133 1.0663 0.9569 0.9990 0.8083 0.7702 0.9281
0.9298 0.9467 0.9550 1.0014 0.9642 1.0934 1.1597 1.0755 1.0778 1.0204 1.1006 0.9343 0.9285 1.0000 0.8088 0.7499
0.7024 0.8033 0.9007 0.9402 1.0285 1.1841 1.1016 1.0733 1.0551 1.0535 1.1110 1.1370 1.0025 0.8131 0.8766 0.7865
0.8085 0.8955 0.9500 1.0228 0.9854 1.0536 1.0681 1.0360 1.0594 1.0120 1.0286 1.0618 0.9621 0.9505 0.9160 0.8306
0.8965 0.7686 0.8845 0.8720 1.0814 1.2058 0.9964 1.1530 1.0827 1.1995 1.0212 1.0538 1.1189 0.9029 0.8628 0.8856
0.7048 0.8670 0.8269 0.8524 1.0467 1.0263 1.1271 1.0229 1.0494 1.1463 1.1109 1.0431 0.9973 0.9800 0.9601 0.9016
0.7349 1.0000 0.9262 0.9097 0.9860 1.1743 1.1333 1.0493 1.0486 1.1419 1.1104 0.9105 0.9666 0.8874 0.8875 0.8749
0.8801 0.9240 1.0088 0.8816 1.0931 1.2022 0.9894 1.0758 1.0958 1.1631 0.9859 1.1035 1.0000 0.9127 0.9040 0.7965
0.9132 0.9226 0.9287 0.9861 0.9282 1.1120 1.0616 1.0620 1.0354 0.9592 1.0518 1.0990 1.0285 1.0112 0.9884 0.8645
0.6443 0.7836 0.9153 0.9845 1.0000 1.0225 1.0096 1.0190 1.0061 1.0800 1.0009 1.0697 0.9966 0.9003 1.0000 0.7677
0.8378 0.8023 1.0120 1.0068 1.0855 1.1513 1.1535 0.9131 1.0918 1.1724 1.1518 1.0378 1.0626 0.8959 0.8545 0.8010
0.8247 0.8074 0.8911 0.9674 1.2149 1.0000 1.0842 1.1813 1.1041 1.0222 1.1878 0.9419 0.9442 0.8952 0.9630 0.9679
0.8540 0.9537 0.8879 0.9927 1.1101 1.0975 1.1460 1.1593 1.1641 1.1471 1.0651 0.9528 0.9335 0.8511 0.7145 0.6766
