1.3303 1.1930 1.0495 1.0851 0.9911 0.9552 1.0761 0.8937 1.1238 1.1127 0.8647 0.8331 0.9461 0.8302 0.8006 0.9076
1.0000 1.0676 1.3004 1.2823 1.1382 1.0131 1.0752 0.9810 0.8885 0.9386 0.8873 0.8618 0.8718 0.8961 0.8147 1.0000
1.0435 0.9013 0.9016 1.2029 0.8596 0.9704 1.0000 0.9628 0.9798 1.0298 0.9575 0.9399 1.0280 1.1558 1.0834 1.2140
1.2891 1.1964 1.1623 1.1240 1.0248 1.0631 1.1058 0.9000 0.9868 0.8975 0.9012 0.9587 0.8159 0.9183 0.7905 0.9600
1.2859 1.0025 0.9239 1.0291 0.9430 0.9971 0.9770 0.8947 0.9633 1.0509 0.9845 1.0841 0.8939 1.0946 1.0482 1.3168
1.1862 1.0925 0.9862 1.1137 0.9685 1.0750 1.0795 0.9710 0.9297 1.0292 0.9915 0.8790 0.8889 0.8632 0.9929 0.9608
1.2045 1.0958 1.0499 0.9883 0.9379 0.9431 1.0262 0.9641 0.8856 1.0591 0.9695 0.8588 0.9775 1.1002 1.0000 1.0382
1.3908 1.2128 1.1542 1.1091 1.1190 1.0914 1.0573 0.9824 1.0816 0.8867 0.8995 0.8360 0.8156 0.7695 0.7727 0.8257
0.6587 0.7167 0.8898 0.7621 0.9472 0.9518 0.8351 1.0585 1.0371 0.9286 1.0572 0.9792 1.2105 1.0044 1.2357 1.2042
1.1357 0.9806 0.9704 1.1004 0.9972 0.9673 0.9379 1.1675 0.8858 0.8856 0.9264 0.8982 1.0112 0.9829 1.1095 1.0907
0.6705 0.7197 0.8841 0.8096 0.9570 0.9607 0.8972 1.0161 0.9692 0.9634 1.0674 0.9080 1.2603 1.1282 0.9864 1.2632
1.2604 1.1199 1.1627 1.1816 1.0717 1.1031 1.1242 0.9770 1.0001 0.8944 0.8495 0.9015 0.8757 0.8142 0.8571 0.8138
1.0283 0.8799 0.8374 0.9347 0.8771 0.8871 0.7881 1.0306 0.9330 1.0954 1.1238 0.9652 1.1138 1.2068 1.1532 1.5586
1.1757 1.0605 1.0537 0.9815 0.8602 0.9884 1.0348 1.0462 0.9577 0.9008 0.9711 0.8979 0.9964 0.8920 1.0387 1.0959
1.2338 1.1783 0.9529 0.9265 1.0504 1.0360 0.9799 1.0659 0.9885 0.9038 0.9493 0.9704 0.9482 0.7828 0.7836 0.9341
1.0001 0.9753 1.0513 0.9056 0.9793 1.0538 0.9734 0.9780 1.0000 0.9254 0.9303 1.0732 1.0000 1.0182 1.0282 1.1714
0.9497 0.9316 0.9321 1.0000 0.9706 0.9033 1.0165 1.0745 0.9995 1.0193 1.0473 0.9974 1.0528 1.1087 1.2840 1.2826
1.4605 1.3515 1.0649 1.2567 0.9803 1.0065 1.1189 0.9768 0.9031 1.0000 1.0000 0.8911 1.0000 0.8438 0.8963 0.9013
1.4600 1.0237 1.2352 0.9260 0.7976 1.0902 1.0214 0.9732 1.0765 1.0303 0.9130 0.9919 0.8911 0.8833 0.9628 1.1433
1.1806 1.1199 1.1835 1.1941 0.9977 1.0404 0.9579 0.9364 0.9932 1.0659 0.8914 0.7915 0.8208 0.7537 0.5198 0.5112
1.2289 0.9268 1.0000 0.9154 1.1269 1.0914 0.9171 1.0407 0.9930 1.0279 0.9310 1.0828 0.8946 1.0661 0.9809 1.0139
0.6431 0.7395 0.9801 0.9899 1.0862 1.0203 0.9739 0.9600 0.9354 1.0895 0.9717 0.9888 1.0424 0.9716 0.9909 1.2135
1.0228 0.8676 0.9199 0.9568 0.8447 0.9318 0.8768 0.9138 1.0000 1.1226 0.9398 0.9353 1.1429 1.2575 1.3116 1.5813
1.0455 1.0545 0.8840 1.0303 0.8712 0.9900 0.9590 0.9915 1.1091 0.9194 1.0025 1.0326 0.9467 1.0418 0.5458 1.0676
1.2444 1.0741 0.9752 1.0153 1.0306 1.0212 1.0861 1.0133 0.9948 0.8841 1.0442 0.9091 1.0282 0.9310 0.9450 1.0435
