0.7450 0.8018 0.8551 0.8657 1.0058 1.0766 1.0373 1.1792 1.1693 1.1750 1.0513 1.0275 1.0428 1.0297 0.8609 0.8522
0.8417 0.8437 0.9339 1.0276 1.0877 1.2112 1.2026 1.0081 1.0580 0.9801 1.1137 1.0007 0.9250 0.8624 0.9591 0.7493
0.6610 0.6937 0.9041 0.9061 0.9549 1.0728 1.1475 1.0799 1.0926 1.2294 1.0192 0.9968 0.8987 0.9143 0.8694 0.6890
0.6671 0.7437 0.8586 0.9757 0.9833 1.0828 1.1170 1.0357 1.0085 1.1596 1.1459 0.9532 1.0199 0.8769 0.8864 0.7338
0.7284 0.8128 0.8164 0.8904 1.0000 1.0140 1.0791 1.0629 1.1642 1.2649 1.0725 1.0303 0.9971 1.0161 0.9123 0.7331
0.8360 0.8517 0.8765 0.9666 1.1184 1.0808 1.1646 1.1562 1.1836 1.1341 1.0670 1.0183 0.9483 0.9157 0.8515 0.8346
0.7693 0.7967 0.8608 0.9291 1.0171 1.0649 1.1827 1.1848 1.1108 1.1162 1.1087 1.0611 0.9524 0.9133 0.8150 0.8930
0.8685 0.8134 0.8671 0.9495 1.0000 1.1209 1.2145 1.1472 1.0583 1.0629 1.1620 1.1079 1.0085 0.9174 0.8283 0.8933
0.8130 0.8621 0.8545 0.8822 1.0113 1.0182 1.1263 1.0582 1.0783 1.1250 1.0735 1.1135 0.9701 1.0225 0.8876 0.8153
0.6761 0.7335 0.8610 0.9552 1.0035 1.0203 1.0449 1.0952 1.0209 1.0934 1.1951 0.9920 0.9204 0.9724 0.9762 0.9644
0.7385 0.6525 0.7526 0.7913 0.9432 1.0361 1.1274 1.0517 1.0615 1.0638 1.0299 0.9645 0.9957 0.9727 0.8437 0.9872
0.7490 0.8104 0.9220 0.9715 1.1535 1.1140 1.1292 0.8881 1.0726 1.2041 1.0847 0.9614 0.9250 1.0000 1.0000 0.6812
0.9433 0.8735 0.9260 1.0143 1.1336 1.1320 1.1728 1.0504 1.1411 1.0486 1.0670 1.0468 0.9628 0.8363 0.8158 0.9100
0.9138 0.8918 0.9674 0.9945 1.0023 1.1091 1.1626 1.1480 1.1121 1.0809 1.1737 0.9157 0.9347 1.0000 0.8090 0.7668
0.7008 0.7670 0.8841 0.9398 1.0231 1.1559 1.0419 1.0569 1.0485 1.0523 1.1672 1.1402 1.0128 0.8656 0.8630 0.7635
0.6875 0.8153 0.9344 0.9922 0.9882 1.0688 1.0931 1.0624 1.0912 1.0284 1.0270 1.0445 0.9850 0.9618 0.8866 0.8282
0.8536 0.8165 0.8794 0.9100 1.0449 1.1738 1.0089 1.1757 1.1341 1.1937 1.0746 1.0241 1.0729 0.9189 0.8587 0.8655
0.7337 0.7573 0.8084 0.8206 1.0007 1.0004 1.1167 1.0259 1.0155 1.1015 1.0849 1.0279 1.0220 1.0282 0.8483 0.8568
0.7202 1.0000 0.8827 0.9249 0.9992 1.1505 1.1332 1.0963 1.0925 1.1587 1.0833 0.9125 0.9625 0.8988 0.8435 0.8713
0.8510 0.8192 0.9163 0.8787 1.0372 1.1204 1.0220 1.1318 1.0805 1.1958 1.0638 1.1139 1.0000 0.9734 0.9101 0.8932
0.8581 0.8528 0.8897 0.9941 0.9502 1.1146 1.0886 1.0477 1.0544 1.0294 1.0701 1.1284 1.0064 0.9880 0.9760 0.8721
0.6168 0.7646 0.8818 0.9696 1.0000 1.0727 1.0583 1.0932 1.0571 1.0959 1.0444 1.0350 0.9923 0.9067 1.0000 0.7989
0.8572 0.7976 0.9303 0.9321 1.0925 1.1764 1.1864 0.9903 1.1005 1.1510 1.1596 1.0151 1.0333 0.9347 0.8474 0.8231
0.7686 0.8020 0.8742 0.9290 1.2037 1.0000 1.0902 1.2020 1.1127 1.0784 1.2309 0.9674 0.9499 0.9263 0.9458 0.9251
0.8722 0.9224 0.8974 0.9935 1.0711 1.1106 1.1378 1.1654 1.1715 1.1779 1.1209 0.9785 0.9468 0.9005 0.7785 0.7511
