1.3921 1.2013 1.0326 1.0939 0.9654 0.9306 1.0521 0.8922 1.0960 1.1244 0.8321 0.8463 0.9304 0.8568 0.8122 0.9413
1.0000 1.1056 1.3729 1.2793 1.1301 0.9958 1.1017 0.9546 0.8771 0.9074 0.8554 0.8401 0.8631 0.8868 0.8345 1.0000
1.0281 0.8939 0.8131 1.1836 0.8364 0.9474 1.0000 0.9567 1.0111 1.0401 0.9539 0.9838 1.0499 1.1909 1.0776 1.2612
1.3801 1.2414 1.1873 1.1432 1.0420 1.0541 1.0930 0.9136 0.9496 0.8619 0.8865 0.9449 0.8140 0.9365 0.7896 1.0018
1.2519 1.0034 0.9102 1.0305 0.9782 1.0342 0.9993 0.9072 1.0354 1.1079 0.9379 1.0579 0.8667 1.0719 1.0105 1.2527
1.2553 1.0877 1.0118 1.1438 0.9883 1.0730 1.0524 0.9601 0.9426 0.9770 1.0114 0.8459 0.8643 0.8338 1.0218 0.9482
1.2069 1.1005 1.0500 0.9851 0.9511 0.9456 1.0215 0.9831 0.8813 1.0443 0.9479 0.8143 0.9636 1.0521 1.0000 1.0514
1.3810 1.2265 1.1893 1.1023 1.1439 1.1137 1.0754 0.9901 1.0679 0.8883 0.8885 0.8210 0.7899 0.7719 0.7368 0.7976
0.6438 0.6992 0.8823 0.7349 0.9375 0.9467 0.8103 1.0158 1.0064 0.8691 0.9979 0.9565 1.1904 1.0153 1.1799 1.2519
1.1648 1.0038 1.0101 1.0653 0.9939 0.9702 0.9447 1.2111 0.8780 0.8465 0.9374 0.8794 0.9903 0.9922 1.0514 1.0203
0.7021 0.7249 0.8991 0.8067 0.9799 0.9673 0.9040 1.0036 0.9667 0.9510 1.1041 0.9092 1.2666 1.1042 0.9595 1.3132
1.2976 1.1447 1.1755 1.2300 1.0840 1.1083 1.1337 0.9621 0.9898 0.8791 0.8386 0.8809 0.8399 0.7855 0.8199 0.7934
1.0053 0.8173 0.7935 0.8791 0.8404 0.9212 0.8308 1.0687 0.9603 1.1311 1.1805 1.0304 1.1210 1.2168 1.2148 1.5540
1.2761 1.0993 1.1428 1.0642 0.8443 1.0164 1.0313 1.0251 0.9384 0.8532 0.9342 0.8625 0.9722 0.8519 1.0177 1.0892
1.1319 1.1654 0.9369 0.9096 1.0409 1.0314 0.9798 1.0673 1.0064 0.9686 0.9591 0.9696 0.9671 0.8024 0.8135 0.9641
1.0729 0.8963 1.1262 0.9142 1.0350 1.0427 0.9495 0.9808 1.0000 0.9009 0.9212 1.1160 1.0000 0.9880 0.9802 1.1320
0.9304 0.9393 0.9217 1.0000 1.0080 0.9338 1.0354 1.1119 1.0834 0.9942 1.0341 0.9902 1.0483 1.0648 1.2731 1.2329
1.4867 1.3347 1.0588 1.2711 0.9729 0.9889 1.1129 0.9809 0.9364 1.0000 1.0000 0.9039 1.0000 0.8420 0.8944 0.9013
1.5461 1.0193 1.1806 0.9028 0.7940 1.1163 0.9953 0.9804 1.0805 1.0443 0.9165 1.0234 0.8967 0.8884 0.9953 1.1739
1.1697 1.1301 1.1622 1.2192 0.9733 1.0378 0.9397 0.9078 0.9916 1.0287 0.9075 0.8090 0.8416 0.7853 0.5327 0.5365
1.2081 0.9732 1.0000 0.9328 1.1227 1.0593 0.9084 0.9897 0.9527 1.0501 0.8868 1.0668 0.8601 1.0904 1.0322 1.1438
0.7728 0.7593 0.9924 1.0137 1.1271 1.0276 0.9951 0.9545 0.9174 1.0671 0.9579 0.9811 1.0058 0.9905 0.9916 1.1752
1.0470 0.9044 0.9882 1.0094 0.8650 0.9372 0.8759 0.9169 1.0000 1.1036 0.9178 0.9432 1.1639 1.2944 1.3867 1.7884
1.0481 1.1235 0.9176 1.0710 0.9035 0.9942 0.9728 1.0324 1.1018 0.8932 0.9826 1.0124 0.9198 1.0369 0.5458 1.0395
1.0431 0.8636 0.8543 0.8897 0.9142 0.9441 1.1336 1.0016 0.9573 0.9026 1.0091 1.0340 1.1411 1.0164 1.0825 1.2576
