0.7280 0.7695 0.8590 0.8795 1.0164 1.0888 1.0619 1.1761 1.1751 1.1947 1.0328 1.0161 1.0329 1.0191 0.8570 0.8569
0.8281 0.8417 0.9422 1.0279 1.0904 1.2385 1.2230 0.9750 1.0473 0.9622 1.1074 0.9984 0.9300 0.8593 0.9935 0.7645
0.6351 0.7014 0.9107 0.9048 0.9698 1.0896 1.1336 1.0749 1.0849 1.2322 1.0139 0.9608 0.8962 0.9156 0.8893 0.7303
0.6503 0.7390 0.8425 0.9552 0.9690 1.0599 1.1096 1.0526 1.0021 1.1693 1.1257 0.9739 1.0414 0.8826 0.9181 0.7634
0.7119 0.7783 0.8011 0.9042 1.0000 1.0117 1.0551 1.0612 1.2054 1.2520 1.0637 1.0387 0.9747 1.0191 0.9202 0.8195
0.8172 0.8445 0.8590 0.9430 1.1327 1.0805 1.1773 1.1392 1.1796 1.1339 1.0612 1.0195 0.9709 0.9202 0.8586 0.8602
0.7652 0.8060 0.8445 0.9215 1.0110 1.0407 1.1673 1.1658 1.1008 1.0912 1.0897 1.0534 0.9816 0.9353 0.8340 0.9601
0.8560 0.7884 0.8584 0.9343 1.0000 1.0821 1.2127 1.1281 1.1130 1.0874 1.1538 1.0894 1.0182 0.9315 0.8256 0.9189
0.8125 0.8691 0.8586 0.8554 1.0123 1.0265 1.1065 1.0261 1.0937 1.1270 1.0425 1.1036 0.9801 1.0575 0.8988 0.8730
0.6807 0.7415 0.8377 0.9409 0.9914 1.0052 1.0435 1.0945 0.9950 1.0619 1.1802 0.9819 0.9196 0.9838 1.0138 1.0311
0.7262 0.6547 0.7405 0.7939 0.9687 1.0488 1.1258 1.0560 1.0292 1.0706 1.0343 0.9659 0.9959 0.9640 0.8519 0.9572
0.7433 0.8295 0.9016 0.9588 1.1489 1.1482 1.1172 0.8661 1.0369 1.2316 1.1016 0.9689 0.9472 1.0000 1.0000 0.7073
0.9515 0.8925 0.9044 1.0298 1.1426 1.1101 1.1673 1.0358 1.1286 1.0692 1.0513 1.0175 0.9898 0.8536 0.8299 0.9339
0.8937 0.8930 0.9614 0.9959 0.9860 1.0920 1.1678 1.1395 1.1068 1.0731 1.1714 0.9487 0.9380 1.0000 0.8237 0.8043
0.6967 0.7335 0.8462 0.8939 0.9764 1.1570 1.0697 1.0627 1.0743 1.0810 1.1321 1.1371 1.0093 0.8639 0.8764 0.8082
0.6798 0.8117 0.9325 0.9854 0.9773 1.0307 1.0885 1.0517 1.0789 1.0040 1.0163 1.0620 0.9938 0.9768 0.9370 0.8541
0.8594 0.7916 0.8745 0.8986 1.0443 1.1628 0.9968 1.1684 1.1529 1.1682 1.0634 1.0325 1.0766 0.9233 0.8775 0.8982
0.6980 0.7476 0.7836 0.8077 0.9916 0.9981 1.1116 0.9884 0.9882 1.1114 1.0823 1.0498 1.0221 1.0287 0.8735 0.8920
0.6822 1.0000 0.8891 0.9031 0.9796 1.1179 1.1250 1.0705 1.0751 1.1649 1.0874 0.9206 0.9872 0.9022 0.8794 0.9056
0.8184 0.7946 0.9102 0.8174 1.0294 1.1531 1.0108 1.0791 1.0710 1.1808 1.0719 1.1313 1.0000 0.9947 0.9677 0.9635
0.8487 0.8846 0.8810 0.9770 0.9617 1.1077 1.0913 1.0575 1.0563 0.9700 1.0549 1.1211 0.9998 0.9741 0.9977 0.9347
0.6133 0.7656 0.8978 0.9678 1.0000 1.0753 1.0621 1.0806 1.0471 1.1013 1.0436 1.0424 0.9940 0.8938 1.0000 0.7942
0.8626 0.8005 0.9487 0.9388 1.0716 1.1553 1.1829 0.9852 1.0922 1.1347 1.1656 1.0265 1.0357 0.9389 0.8774 0.7980
0.7566 0.7885 0.8543 0.9430 1.2099 1.0000 1.0960 1.1982 1.1008 1.0651 1.2427 0.9536 0.9391 0.9352 0.9586 0.9470
0.8444 0.9237 0.8786 0.9483 1.0881 1.0965 1.1887 1.1788 1.1787 1.1842 1.1006 0.9702 0.9623 0.8913 0.7875 0.7689
