1.3369 1.1995 1.0407 1.1003 0.9979 0.9490 1.0472 0.9009 1.1033 1.1350 0.8757 0.8476 0.9269 0.8245 0.7921 0.9226
1.0000 1.0633 1.3012 1.2587 1.1521 1.0098 1.1075 0.9715 0.8955 0.9108 0.8790 0.8677 0.8621 0.9050 0.8283 1.0000
1.0390 0.9140 0.9418 1.1372 0.8363 0.9507 1.0000 0.9555 0.9522 1.0125 0.9591 0.9523 1.0511 1.1648 1.0410 1.2727
1.3297 1.1981 1.1728 1.1492 1.0150 1.0802 1.1012 0.8968 0.9600 0.8744 0.8889 0.9477 0.8092 0.9339 0.7871 0.9780
1.2778 0.9772 0.8809 1.0306 0.9213 0.9733 0.9496 0.8916 0.9774 1.0669 1.0051 1.0990 0.8942 1.1281 1.0583 1.3527
1.2099 1.0828 1.0006 1.1137 0.9769 1.0716 1.0732 0.9598 0.9106 1.0179 0.9812 0.8844 0.8721 0.8516 1.0114 0.9772
1.1801 1.1139 1.0574 1.0100 0.9607 0.9483 1.0302 0.9791 0.8905 1.0592 0.9623 0.8436 0.9487 1.0786 1.0000 0.9969
1.3624 1.2230 1.1339 1.0907 1.1139 1.0942 1.0577 1.0170 1.0926 0.9047 0.9000 0.8272 0.7962 0.7904 0.7831 0.8230
0.6625 0.7007 0.8812 0.7427 0.9368 0.9605 0.8350 1.0522 1.0510 0.9181 1.0660 0.9713 1.2184 1.0109 1.2156 1.2351
1.1592 0.9857 0.9853 1.0971 0.9797 0.9728 0.9403 1.1513 0.8663 0.8820 0.9273 0.9077 1.0264 0.9869 1.0987 1.0730
0.6784 0.7185 0.8704 0.7989 0.9447 0.9647 0.8823 1.0493 1.0118 0.9486 1.0662 0.9036 1.2708 1.1002 0.9715 1.3069
1.2623 1.1425 1.1912 1.2216 1.0858 1.0912 1.1288 0.9679 0.9993 0.8666 0.8388 0.8741 0.8516 0.7970 0.8572 0.8268
1.0313 0.8476 0.8262 0.9221 0.8774 0.9089 0.8217 1.0131 0.9243 1.0877 1.1577 0.9962 1.0952 1.1916 1.1634 1.5666
1.2100 1.0887 1.1024 1.0221 0.8459 0.9989 1.0397 1.0300 0.9383 0.8592 0.9396 0.8754 0.9740 0.9030 1.0256 1.1056
1.2071 1.1590 0.9438 0.9108 1.0458 1.0450 0.9953 1.0728 0.9876 0.9276 0.9720 0.9510 0.9679 0.8103 0.7790 0.9387
1.0252 0.9305 1.0388 0.9099 1.0009 1.0648 0.9806 0.9803 1.0000 0.9105 0.9498 1.0736 1.0000 1.0173 1.0068 1.1651
0.9533 0.9336 0.8886 1.0000 0.9824 0.9469 1.0202 1.0828 0.9957 1.0073 1.0485 0.9899 1.0552 1.0858 1.2726 1.2852
1.4836 1.3521 1.0265 1.2653 0.9828 0.9938 1.1306 0.9874 0.8922 1.0000 1.0000 0.8739 1.0000 0.8459 0.9136 0.9111
1.4838 1.0144 1.2389 0.9221 0.7951 1.0901 1.0063 0.9830 1.0622 1.0237 0.9045 1.0089 0.8838 0.8866 0.9725 1.1561
1.1612 1.1165 1.1493 1.2000 0.9787 1.0384 0.9566 0.9305 0.9978 1.0675 0.9105 0.8029 0.8123 0.7830 0.5383 0.5253
1.2644 0.9614 1.0000 0.9577 1.1488 1.0692 0.9312 1.0056 0.9664 1.0324 0.9144 1.0530 0.8811 1.0563 0.9896 1.0762
0.7049 0.7578 0.9864 1.0061 1.1012 1.0226 0.9841 0.9523 0.9197 1.0810 0.9586 0.9699 1.0223 1.0071 0.9886 1.2360
1.0271 0.8542 0.8810 0.9291 0.8232 0.9220 0.8833 0.9145 1.0000 1.0953 0.9343 0.9441 1.1620 1.3089 1.3304 1.6663
1.0148 1.0687 0.8832 1.0333 0.8923 0.9832 0.9427 0.9937 1.1102 0.9014 1.0173 1.0367 0.9422 1.0573 0.5458 1.0902
1.1742 1.0168 0.9276 0.9963 1.0320 1.0420 1.0792 1.0204 1.0117 0.8825 1.0283 0.9497 1.0429 0.9234 0.9504 1.0527
