0.7403 0.7975 0.8581 0.8876 1.0258 1.0838 1.0446 1.1729 1.1479 1.1716 1.0244 1.0035 1.0440 1.0297 0.8536 0.8664
0.8433 0.8431 0.9610 1.0342 1.0945 1.2154 1.1939 0.9680 1.0233 0.9526 1.1088 0.9993 0.9348 0.8587 0.9983 0.7692
0.6543 0.6976 0.9136 0.9227 0.9499 1.0860 1.1246 1.0747 1.0695 1.2269 1.0000 0.9695 0.8983 0.9242 0.9193 0.7280
0.6558 0.7365 0.8534 0.9616 0.9830 1.0827 1.1076 1.0371 0.9795 1.1578 1.1261 0.9600 1.0429 0.8905 0.9414 0.7473
0.7126 0.7750 0.8061 0.8955 1.0000 1.0261 1.0663 1.0553 1.1886 1.2232 1.0265 1.0402 0.9557 1.0378 0.9507 0.8769
0.8339 0.8540 0.8594 0.9447 1.1527 1.0846 1.1759 1.1120 1.1674 1.1231 1.0637 1.0193 0.9724 0.9262 0.8566 0.8564
0.7516 0.8147 0.8576 0.9391 1.0437 1.0420 1.1517 1.1619 1.1076 1.0852 1.0922 1.0486 0.9817 0.9142 0.8288 0.9300
0.8915 0.8149 0.8666 0.9332 1.0000 1.0910 1.1851 1.1101 1.0970 1.0712 1.1483 1.0841 1.0178 0.9263 0.8515 0.9161
0.8203 0.8664 0.8766 0.8623 1.0194 1.0128 1.1295 1.0509 1.0817 1.1081 1.0428 1.0903 0.9861 1.0377 0.9106 0.8424
0.6857 0.7521 0.8580 0.9756 1.0001 1.0224 1.0557 1.1283 0.9853 1.0164 1.1749 0.9654 0.9100 0.9664 1.0000 1.0084
0.7218 0.6452 0.7434 0.7916 0.9606 1.0372 1.1375 1.0393 1.0267 1.0664 1.0132 0.9631 1.0228 0.9805 0.8613 0.9643
0.7502 0.8395 0.9198 0.9785 1.1593 1.1399 1.1305 0.8788 1.0376 1.2351 1.0875 0.9714 0.9362 1.0000 1.0000 0.6899
0.9313 0.8795 0.8995 1.0060 1.1466 1.1160 1.1720 1.0214 1.1272 1.0472 1.0564 1.0325 0.9969 0.8465 0.8388 0.9678
0.9040 0.9024 0.9586 1.0200 0.9931 1.1023 1.1621 1.1204 1.0917 1.0548 1.1518 0.9396 0.9460 1.0000 0.8440 0.8185
0.6628 0.7354 0.8562 0.8974 0.9879 1.1886 1.0739 1.0663 1.0536 1.0572 1.0992 1.1318 1.0079 0.8629 0.8918 0.8218
0.6773 0.7955 0.9123 0.9987 0.9796 1.0392 1.0930 1.0389 1.0786 1.0141 1.0024 1.0646 1.0008 0.9790 0.9287 0.8717
0.8750 0.7764 0.8600 0.8881 1.0393 1.1651 0.9728 1.1699 1.1342 1.1705 1.0488 1.0433 1.1084 0.9397 0.8871 0.9238
0.6996 0.7801 0.7984 0.8268 1.0085 0.9957 1.1167 1.0090 1.0066 1.1188 1.0806 1.0499 1.0111 1.0159 0.8957 0.9103
0.6879 1.0000 0.8911 0.9289 0.9748 1.1188 1.1245 1.0426 1.0731 1.1611 1.0880 0.9112 0.9958 0.9050 0.8846 0.9019
0.8367 0.8127 0.9141 0.8518 1.0297 1.1354 1.0093 1.0706 1.0680 1.1697 1.0488 1.1363 1.0000 0.9725 0.9679 0.9239
0.8771 0.8938 0.8927 0.9585 0.9461 1.0932 1.0560 1.0355 1.0500 0.9575 1.0541 1.1180 1.0098 0.9944 1.0118 0.9519
0.6290 0.7772 0.9131 0.9827 1.0000 1.0691 1.0584 1.0619 1.0306 1.1011 1.0079 1.0642 0.9808 0.9103 1.0000 0.8178
0.8474 0.7849 0.9501 0.9382 1.0696 1.1488 1.1699 0.9449 1.0738 1.1330 1.1553 1.0342 1.0476 0.9355 0.8832 0.8405
0.7607 0.7920 0.8752 0.9500 1.2044 1.0000 1.0837 1.1845 1.0933 1.0528 1.2351 0.9362 0.9338 0.9519 0.9791 0.9699
0.8365 0.9125 0.8832 0.9599 1.0963 1.0971 1.1878 1.1741 1.1812 1.1689 1.1008 0.9713 0.9696 0.9071 0.7803 0.7869
