0.7802 0.8283 0.9080 0.9596 1.0341 1.0929 1.0429 1.1776 1.0712 1.1703 0.9762 1.0235 1.0694 1.1031 0.8969 0.8718
0.8459 0.9030 1.0036 1.0438 1.1113 1.2239 1.1593 0.9602 0.9925 0.9169 1.0415 1.0115 0.9466 0.8730 1.0511 0.8069
0.7189 0.7851 1.0025 0.9882 0.9738 1.1059 1.0743 1.0619 1.0530 1.2161 0.9828 0.8680 0.9774 0.9407 0.9842 0.6597
0.7010 0.7828 0.9002 0.9737 0.9701 1.0842 1.1025 1.0143 0.9028 1.1219 1.1275 0.9406 1.0407 0.9402 0.9991 0.6329
0.7585 0.8465 0.8497 0.9239 1.0000 1.0326 1.0901 1.0118 1.1350 1.2160 1.0311 1.0189 1.0145 1.0893 1.0249 0.9442
0.8723 0.8993 0.8938 0.9890 1.1513 1.0740 1.1625 1.0183 1.1964 1.1367 1.0426 1.0181 0.9579 0.9414 0.8491 0.7914
0.7530 0.8556 0.9308 0.9900 1.0600 0.9920 1.1712 1.2132 1.1307 1.0019 1.0746 1.0438 1.0184 0.9207 0.8400 0.7677
0.9246 0.8577 0.9241 0.9940 1.0000 1.1659 1.2420 1.0704 1.0516 1.0570 1.0990 1.0958 1.0575 0.8435 0.8532 0.7706
0.8292 0.9018 0.8935 0.8846 1.0310 1.0497 1.1332 1.0321 1.0529 1.1252 1.0089 1.1223 0.9733 1.0514 0.9325 0.7948
0.7068 0.7585 0.8656 0.9887 0.9702 1.0503 1.0681 1.1224 0.9750 1.0369 1.1533 0.8573 0.8787 0.9819 1.0465 1.0939
0.7776 0.7256 0.7957 0.8824 0.9911 1.1083 1.1919 1.0743 1.0718 1.1516 1.0300 1.0142 1.1136 1.0219 0.8394 0.8709
0.7628 0.8848 0.8971 1.0441 1.1966 1.1764 1.1641 0.8708 0.9290 1.2349 1.0106 0.9166 0.9105 1.0000 1.0000 0.6438
0.9465 0.9005 0.9105 1.0275 1.1211 1.0798 1.1056 1.0009 1.0865 0.9761 1.0074 1.0389 0.9803 0.8245 0.7935 0.9181
0.9337 0.9182 0.9508 1.0136 0.9837 1.0593 1.1132 1.1138 1.0788 1.0468 1.1040 0.9227 0.9478 1.0000 0.8166 0.7284
0.7069 0.7646 0.8736 0.9173 0.9823 1.1560 1.0807 1.0734 1.0414 1.0462 1.0939 1.1351 1.0228 0.8371 0.9093 0.8502
0.6941 0.8732 0.9838 1.0189 1.0049 1.0711 1.0773 1.0017 1.0756 0.9629 1.0198 1.0772 0.9952 0.9452 0.9005 0.7441
0.8715 0.7448 0.9064 0.9028 1.0346 1.1712 0.9582 1.1618 1.1294 1.1889 1.0350 1.0646 1.1229 0.9175 0.8674 0.9220
0.7323 0.8451 0.9062 0.9034 1.0837 1.0123 1.1971 1.0513 1.0428 1.1564 1.1149 1.0094 0.8902 0.8524 0.9737 0.9314
0.7011 1.0000 0.9513 0.9351 0.9666 1.1728 1.1207 1.0129 1.0578 1.1576 1.0919 0.8961 0.9805 0.8759 0.8933 0.8872
0.8307 0.8608 0.9533 0.8504 1.0436 1.1684 0.9926 1.0608 1.0578 1.1466 0.9883 1.1302 1.0000 1.0135 0.9698 0.9315
0.9018 0.8917 0.8713 0.9498 0.9239 1.1299 1.1101 1.0963 1.0942 0.9611 1.0918 1.1201 1.0318 1.0015 0.9676 0.7118
0.6004 0.7986 0.9504 1.0210 1.0000 1.1403 1.1312 1.0939 1.0010 1.0219 0.9917 0.9855 0.8463 0.8150 1.0000 0.5907
0.9026 0.8439 0.9884 0.9619 1.1128 1.1149 1.1742 1.0025 1.0378 1.0884 1.1172 1.0253 1.0375 0.9287 0.8874 0.7811
0.7984 0.8134 0.9026 0.9983 1.2876 1.0000 1.1043 1.2404 1.1338 1.0425 1.2073 0.8185 0.9298 0.9160 0.9470 0.8597
0.8343 0.9388 0.8897 0.9816 1.1289 1.1140 1.1967 1.1789 1.1311 1.1339 1.0499 0.8960 0.9401 0.8509 0.7300 0.7490
