0.7109 0.7711 0.8582 0.8770 1.0477 1.0906 1.0552 1.1784 1.1835 1.1741 1.0258 1.0289 1.0435 1.0124 0.8568 0.8493
0.8351 0.8452 0.9401 1.0241 1.0933 1.2218 1.2183 0.9867 1.0568 0.9737 1.1265 1.0223 0.9190 0.8506 0.9823 0.7729
0.6485 0.7023 0.9046 0.9150 0.9517 1.0776 1.1549 1.0879 1.0736 1.2392 1.0154 0.9592 0.8903 0.9198 0.8982 0.7276
0.6733 0.7383 0.8396 0.9747 0.9653 1.0699 1.1169 1.0435 1.0044 1.1742 1.1388 0.9759 1.0383 0.8724 0.9065 0.7635
0.7080 0.7667 0.8004 0.9110 1.0000 1.0231 1.0855 1.0523 1.1731 1.2154 1.0655 1.0295 0.9883 1.0561 0.9581 0.8297
0.8153 0.8357 0.8664 0.9362 1.1154 1.0779 1.1756 1.1533 1.1727 1.1373 1.0505 1.0564 0.9747 0.9385 0.8534 0.8406
0.7634 0.7990 0.8638 0.9387 1.0220 1.0336 1.1691 1.1601 1.1119 1.0903 1.1048 1.0468 0.9785 0.9134 0.8227 0.9366
0.8848 0.8008 0.8540 0.9401 1.0000 1.1179 1.2140 1.1330 1.1013 1.0784 1.1309 1.0833 1.0099 0.9226 0.8331 0.8867
0.8245 0.8596 0.8451 0.8680 1.0246 1.0111 1.1426 1.0238 1.0970 1.1343 1.0477 1.1083 0.9852 1.0307 0.8909 0.8513
0.6902 0.7344 0.8516 0.9689 0.9729 1.0314 1.0446 1.1111 1.0256 1.0367 1.1871 1.0005 0.9255 0.9821 0.9749 0.9855
0.7235 0.6459 0.7325 0.7805 0.9534 1.0476 1.1488 1.0452 1.0233 1.0601 1.0254 0.9579 1.0131 0.9821 0.8505 0.9788
0.7437 0.8234 0.9052 0.9822 1.1408 1.1257 1.1211 0.8804 1.0381 1.2089 1.0990 0.9742 0.9508 1.0000 1.0000 0.7250
0.9426 0.8799 0.9056 1.0114 1.1331 1.1181 1.1737 1.0502 1.1346 1.0573 1.0585 1.0242 0.9730 0.8598 0.8227 0.9335
0.8965 0.8748 0.9696 0.9978 0.9912 1.1162 1.1810 1.1418 1.1229 1.0692 1.1728 0.9415 0.9332 1.0000 0.8088 0.7881
0.7002 0.7416 0.8732 0.9015 1.0024 1.1467 1.0829 1.0621 1.0941 1.0976 1.1447 1.1515 0.9729 0.8563 0.8562 0.7602
0.6735 0.7974 0.9182 0.9632 0.9887 1.0386 1.0847 1.0548 1.0757 1.0241 1.0265 1.0657 0.9963 0.9844 0.9190 0.8511
0.8577 0.7996 0.8701 0.8979 1.0290 1.1683 1.0273 1.1754 1.1498 1.1687 1.0643 1.0315 1.0589 0.9246 0.8823 0.8896
0.7097 0.7504 0.7994 0.8083 1.0000 1.0032 1.1154 1.0036 1.0083 1.1040 1.0803 1.0367 1.0036 1.0191 0.8769 0.8753
0.7012 1.0000 0.8884 0.9081 0.9968 1.1360 1.1396 1.0932 1.0838 1.1635 1.0790 0.9210 0.9679 0.8892 0.8615 0.8659
0.8285 0.8292 0.8954 0.8372 1.0303 1.1517 1.0047 1.0715 1.0948 1.1860 1.0700 1.1275 1.0000 1.0004 0.9561 0.9223
0.8586 0.8849 0.8754 0.9690 0.9741 1.1133 1.0833 1.0465 1.0447 0.9838 1.0605 1.1262 1.0064 0.9959 0.9855 0.9295
0.6183 0.7623 0.8901 0.9575 1.0000 1.0679 1.0637 1.0879 1.0475 1.0986 1.0481 1.0471 0.9867 0.9079 1.0000 0.8001
0.8629 0.7968 0.9374 0.9223 1.0794 1.1658 1.1942 0.9797 1.0758 1.1477 1.1600 1.0185 1.0305 0.9393 0.8849 0.8136
0.7516 0.7918 0.8676 0.9364 1.2044 1.0000 1.0946 1.2043 1.1067 1.0735 1.2544 0.9525 0.9435 0.9192 0.9395 0.9364
0.8564 0.9274 0.8950 0.9700 1.1040 1.1393 1.1653 1.1867 1.1920 1.1779 1.0850 0.9673 0.9602 0.8881 0.7672 0.7217
