0.7225 0.7717 0.8560 0.8923 1.0018 1.0834 1.0451 1.1768 1.1717 1.1750 1.0242 1.0145 1.0344 1.0271 0.8740 0.8732
0.8250 0.8279 0.9443 1.0399 1.0824 1.2226 1.2080 0.9700 1.0282 0.9649 1.1001 1.0044 0.9327 0.8703 1.0113 0.7709
0.6383 0.6938 0.9039 0.9008 0.9450 1.0813 1.1295 1.0779 1.0779 1.2461 1.0092 0.9575 0.9055 0.9261 0.9059 0.7336
0.6533 0.7298 0.8456 0.9433 0.9673 1.0690 1.1145 1.0485 1.0038 1.1713 1.1261 0.9679 1.0383 0.8914 0.9324 0.7587
0.6948 0.7447 0.7806 0.8961 1.0000 1.0045 1.0517 1.0692 1.1895 1.2332 1.0467 1.0345 0.9763 1.0549 0.9568 0.8669
0.8151 0.8392 0.8510 0.9397 1.1346 1.0817 1.1907 1.0960 1.1800 1.1333 1.0603 1.0187 0.9822 0.9267 0.8731 0.8683
0.7522 0.8226 0.8647 0.9298 1.0273 1.0347 1.1526 1.1635 1.1026 1.0828 1.0906 1.0394 0.9771 0.9269 0.8323 0.9517
0.8656 0.8048 0.8557 0.9271 1.0000 1.0873 1.1834 1.1144 1.1048 1.0805 1.1509 1.0948 1.0267 0.9380 0.8493 0.9217
0.8055 0.8663 0.8625 0.8650 1.0044 1.0181 1.1187 1.0363 1.1040 1.1225 1.0563 1.0987 0.9855 1.0443 0.8992 0.8574
0.6840 0.7397 0.8544 0.9370 0.9905 1.0042 1.0573 1.1170 0.9902 1.0514 1.1888 0.9768 0.9227 0.9800 0.9960 1.0095
0.7062 0.6338 0.7262 0.7955 0.9426 1.0337 1.1258 1.0376 1.0328 1.0777 1.0253 0.9619 1.0147 0.9795 0.8786 0.9482
0.7314 0.8256 0.9037 0.9754 1.1602 1.1434 1.1360 0.8914 1.0436 1.2417 1.0873 0.9756 0.9480 1.0000 1.0000 0.6920
0.9222 0.8789 0.8961 1.0116 1.1515 1.1068 1.1698 1.0272 1.1167 1.0600 1.0793 1.0182 1.0062 0.8448 0.8295 0.9539
0.8837 0.9012 0.9614 1.0114 0.9900 1.1115 1.1733 1.1349 1.1093 1.0637 1.1595 0.9247 0.9357 1.0000 0.8346 0.8040
0.6758 0.7398 0.8386 0.8808 0.9774 1.1781 1.0758 1.0440 1.0721 1.0832 1.0985 1.1237 1.0014 0.8831 0.9138 0.8397
0.6633 0.7920 0.9118 0.9983 0.9695 1.0349 1.1051 1.0386 1.0902 0.9981 1.0146 1.0589 1.0031 0.9651 0.9307 0.8782
0.8728 0.7817 0.8677 0.8801 1.0291 1.1560 0.9914 1.1735 1.1500 1.1916 1.0592 1.0265 1.0918 0.9318 0.8926 0.9065
0.6991 0.7605 0.7849 0.8066 1.0057 1.0050 1.1252 0.9881 0.9918 1.0995 1.0991 1.0629 1.0352 1.0412 0.8768 0.9129
0.6798 1.0000 0.8947 0.9073 0.9739 1.1204 1.1205 1.0735 1.0844 1.1799 1.0770 0.9052 0.9892 0.9123 0.8684 0.8956
0.8364 0.7957 0.9105 0.8444 1.0406 1.1401 1.0092 1.0818 1.0652 1.1831 1.0460 1.1219 1.0000 0.9832 0.9649 0.9252
0.8515 0.8700 0.8816 0.9718 0.9364 1.0966 1.0753 1.0486 1.0509 0.9822 1.0590 1.1203 1.0010 0.9802 1.0014 0.9538
0.6296 0.7760 0.9092 0.9857 1.0000 1.0667 1.0520 1.0580 1.0472 1.1052 1.0251 1.0550 0.9877 0.9106 1.0000 0.7976
0.8484 0.7803 0.9470 0.9509 1.0639 1.1636 1.1665 0.9711 1.0824 1.1384 1.1534 1.0142 1.0219 0.9238 0.9015 0.8338
0.7572 0.7735 0.8538 0.9350 1.2118 1.0000 1.0933 1.1781 1.1097 1.0663 1.2558 0.9476 0.9486 0.9357 0.9633 0.9619
0.8186 0.9167 0.8794 0.9659 1.0865 1.1104 1.1786 1.1858 1.2026 1.1970 1.1029 0.9848 0.9504 0.9025 0.7730 0.7452
