0.7706 0.8098 0.8959 0.9203 1.0239 1.0910 1.0280 1.1544 1.1352 1.1611 1.0220 0.9759 1.0555 1.0350 0.8791 0.8827
0.8606 0.8824 0.9902 1.0582 1.0976 1.2332 1.1883 0.9408 0.9913 0.9268 1.0862 1.0069 0.9510 0.8572 1.0063 0.7843
0.6590 0.7211 0.9024 0.9256 0.9529 1.0841 1.1092 1.0636 1.0610 1.2257 1.0020 0.9781 0.9321 0.9455 0.9451 0.7454
0.6692 0.7309 0.8598 0.9496 0.9624 1.0692 1.0851 1.0200 0.9638 1.1468 1.1254 0.9918 1.0772 0.9267 0.9752 0.7740
0.7670 0.8161 0.8421 0.9082 1.0000 1.0370 1.0889 1.0541 1.1323 1.1979 0.9957 1.0360 0.9667 1.0448 0.9888 0.8888
0.8556 0.8773 0.8906 0.9556 1.1433 1.0884 1.1588 1.0776 1.1458 1.0910 1.0386 1.0079 0.9866 0.9383 0.8744 0.8709
0.7405 0.8273 0.8840 0.9555 1.0258 1.0255 1.1466 1.1453 1.0971 1.0653 1.0766 1.0386 0.9876 0.9056 0.8443 0.9640
0.8985 0.8161 0.8774 0.9442 1.0000 1.0886 1.2043 1.0952 1.0904 1.0357 1.1424 1.0710 1.0330 0.9258 0.8549 0.9103
0.8298 0.8812 0.8781 0.8887 1.0272 1.0213 1.1408 1.0391 1.0839 1.1050 1.0406 1.0770 0.9901 1.0253 0.8929 0.8415
0.6915 0.7831 0.8770 1.0120 1.0252 1.0489 1.0639 1.1293 0.9782 1.0330 1.1396 0.9385 0.9080 0.9554 0.9831 0.9949
0.7434 0.6883 0.7833 0.8432 0.9689 1.0617 1.1500 1.0469 1.0278 1.0607 1.0037 0.9772 1.0390 1.0012 0.8876 0.9522
0.7409 0.8548 0.9148 1.0093 1.1793 1.1377 1.1305 0.8535 1.0087 1.2067 1.0617 0.9741 0.9456 1.0000 1.0000 0.6804
0.9427 0.9010 0.9334 0.9989 1.1422 1.1125 1.1390 1.0023 1.1063 0.9894 1.0604 1.0080 0.9867 0.8361 0.8215 0.9606
0.9194 0.9102 0.9745 1.0328 0.9853 1.1008 1.1478 1.1223 1.0797 1.0328 1.1253 0.9225 0.9495 1.0000 0.8316 0.7946
0.6807 0.7591 0.8694 0.9269 1.0063 1.1834 1.0930 1.0713 1.0551 1.0415 1.0939 1.1119 0.9970 0.8484 0.8864 0.8525
0.7134 0.8243 0.9261 0.9887 0.9817 1.0302 1.0694 1.0395 1.0585 0.9990 1.0141 1.0774 1.0071 0.9817 0.9469 0.8706
0.8596 0.7736 0.8840 0.8917 1.0376 1.1755 0.9601 1.1319 1.1207 1.1630 1.0465 1.0401 1.1170 0.9441 0.8980 0.9385
0.6955 0.7836 0.8148 0.8387 1.0000 0.9993 1.0979 1.0090 1.0064 1.1091 1.0920 1.0395 1.0006 1.0114 0.9515 0.9490
0.6907 1.0000 0.8944 0.9143 0.9821 1.1286 1.1343 1.0309 1.0630 1.1424 1.0806 0.9151 0.9841 0.8993 0.9015 0.9268
0.8359 0.8333 0.9583 0.8842 1.0770 1.1582 1.0083 1.0722 1.0716 1.1559 1.0145 1.0991 1.0000 0.9565 0.9498 0.9133
0.8808 0.8946 0.9205 0.9597 0.9469 1.0728 1.0497 1.0394 1.0247 0.9342 1.0465 1.1284 1.0326 1.0186 1.0336 0.9489
0.6307 0.7760 0.9128 0.9862 1.0000 1.0400 1.0343 1.0318 1.0132 1.0817 1.0167 1.0779 0.9995 0.9256 1.0000 0.8151
0.8701 0.8069 0.9758 0.9460 1.0678 1.1234 1.1451 0.9481 1.0571 1.1149 1.1472 1.0300 1.0568 0.9448 0.9048 0.8455
0.7763 0.7949 0.8827 0.9478 1.1979 1.0000 1.0671 1.1735 1.0757 1.0419 1.2300 0.9275 0.9504 0.9430 1.0086 0.9844
0.8484 0.9391 0.8904 0.9844 1.1214 1.1169 1.1953 1.1711 1.1538 1.1453 1.0553 0.9495 0.9457 0.8857 0.7574 0.7643
