0.7654 0.8079 0.8950 0.9194 1.0244 1.0927 1.0312 1.1546 1.1346 1.1610 1.0195 0.9715 1.0547 1.0327 0.8793 0.8807
0.8590 0.8790 0.9877 1.0578 1.0988 1.2384 1.1892 0.9403 0.9897 0.9232 1.0872 1.0049 0.9503 0.8560 1.0079 0.7833
0.6573 0.7210 0.9001 0.9234 0.9549 1.0848 1.1070 1.0638 1.0584 1.2242 1.0029 0.9772 0.9285 0.9452 0.9464 0.7461
0.6680 0.7320 0.8621 0.9535 0.9661 1.0708 1.0867 1.0215 0.9653 1.1431 1.1235 0.9898 1.0704 0.9224 0.9705 0.7696
0.7664 0.8147 0.8410 0.9082 1.0000 1.0400 1.0890 1.0539 1.1294 1.1996 0.9972 1.0335 0.9639 1.0462 0.9872 0.8851
0.8555 0.8795 0.8898 0.9542 1.1442 1.0904 1.1609 1.0782 1.1430 1.0891 1.0409 1.0069 0.9871 0.9365 0.8734 0.8714
0.7380 0.8267 0.8848 0.9547 1.0282 1.0286 1.1456 1.1455 1.0966 1.0634 1.0770 1.0397 0.9864 0.9050 0.8436 0.9647
0.8999 0.8178 0.8780 0.9444 1.0000 1.0884 1.2068 1.0939 1.0893 1.0348 1.1399 1.0692 1.0302 0.9274 0.8548 0.9142
0.8269 0.8808 0.8774 0.8904 1.0287 1.0216 1.1426 1.0386 1.0832 1.1040 1.0425 1.0719 0.9899 1.0253 0.8930 0.8407
0.6874 0.7796 0.8749 1.0082 1.0252 1.0463 1.0624 1.1260 0.9735 1.0291 1.1385 0.9383 0.9080 0.9594 0.9870 1.0021
0.7407 0.6859 0.7799 0.8381 0.9657 1.0565 1.1459 1.0422 1.0221 1.0561 1.0018 0.9738 1.0385 1.0019 0.8889 0.9597
0.7416 0.8535 0.9127 1.0072 1.1790 1.1363 1.1318 0.8557 1.0126 1.2075 1.0671 0.9750 0.9475 1.0000 1.0000 0.6859
0.9433 0.9004 0.9347 0.9975 1.1458 1.1123 1.1420 1.0014 1.1072 0.9932 1.0659 1.0102 0.9891 0.8366 0.8244 0.9653
0.9186 0.9105 0.9754 1.0305 0.9867 1.1033 1.1516 1.1231 1.0787 1.0334 1.1257 0.9253 0.9508 1.0000 0.8320 0.7967
0.6750 0.7556 0.8657 0.9221 1.0047 1.1852 1.0929 1.0718 1.0497 1.0384 1.0901 1.1104 0.9960 0.8533 0.8906 0.8564
0.7129 0.8201 0.9233 0.9858 0.9808 1.0317 1.0710 1.0407 1.0597 0.9987 1.0133 1.0768 1.0071 0.9814 0.9473 0.8739
0.8600 0.7701 0.8818 0.8911 1.0377 1.1803 0.9622 1.1352 1.1203 1.1616 1.0471 1.0411 1.1153 0.9441 0.8973 0.9398
0.6909 0.7829 0.8120 0.8377 0.9991 0.9993 1.0994 1.0087 1.0045 1.1096 1.0913 1.0398 1.0001 1.0116 0.9485 0.9452
0.6916 1.0000 0.8937 0.9182 0.9842 1.1273 1.1329 1.0307 1.0639 1.1424 1.0811 0.9140 0.9849 0.8990 0.9004 0.9257
0.8332 0.8294 0.9560 0.8801 1.0726 1.1534 1.0065 1.0685 1.0714 1.1538 1.0146 1.1020 1.0000 0.9587 0.9601 0.9202
0.8810 0.8980 0.9193 0.9591 0.9459 1.0726 1.0477 1.0398 1.0218 0.9319 1.0442 1.1300 1.0291 1.0198 1.0322 0.9543
0.6329 0.7773 0.9131 0.9874 1.0000 1.0387 1.0362 1.0324 1.0144 1.0824 1.0162 1.0779 1.0026 0.9263 1.0000 0.8203
0.8682 0.8046 0.9757 0.9479 1.0667 1.1255 1.1451 0.9471 1.0574 1.1158 1.1475 1.0311 1.0545 0.9429 0.9027 0.8453
0.7759 0.7950 0.8845 0.9496 1.1985 1.0000 1.0679 1.1744 1.0749 1.0420 1.2297 0.9272 0.9478 0.9408 1.0090 0.9844
0.8463 0.9379 0.8887 0.9829 1.1195 1.1172 1.1927 1.1714 1.1538 1.1436 1.0569 0.9497 0.9492 0.8911 0.7643 0.7742
