1.3471 1.1781 1.0277 1.0695 0.9684 0.9345 1.0623 0.8987 1.1262 1.1479 0.8493 0.8662 0.9435 0.8379 0.8085 0.9398
1.0000 1.1036 1.3223 1.2588 1.1342 0.9954 1.0966 0.9677 0.8904 0.9025 0.8663 0.8612 0.8677 0.9012 0.8495 1.0000
1.0141 0.8863 0.9828 1.1557 0.8459 0.9399 1.0000 0.9552 0.9912 1.0540 0.9374 0.9607 1.0388 1.1685 1.0590 1.2348
1.3340 1.2008 1.1702 1.1275 1.0196 1.0593 1.0999 0.9004 0.9525 0.8713 0.8807 0.9393 0.8169 0.9381 0.7928 0.9921
1.2105 0.9648 0.9015 1.0181 0.9575 1.0098 0.9779 0.9200 1.0178 1.0888 0.9602 1.0905 0.9001 1.0852 1.0487 1.2838
1.2611 1.1307 1.0400 1.1584 0.9903 1.0827 1.0354 0.9473 0.9220 0.9876 0.9920 0.8373 0.8577 0.8250 0.9918 0.9406
1.2096 1.1080 1.0487 1.0006 0.9578 0.9552 1.0226 0.9759 0.9027 1.0434 0.9557 0.8400 0.9624 1.0253 1.0000 1.0468
1.3795 1.2456 1.1569 1.1076 1.1380 1.0994 1.0381 1.0080 1.0781 0.8979 0.9043 0.8299 0.7981 0.7914 0.7477 0.8121
0.6651 0.7024 0.8873 0.7536 0.9211 0.9578 0.8304 1.0500 1.0272 0.9015 1.0557 0.9736 1.1956 1.0012 1.1877 1.1747
1.1617 0.9992 1.0132 1.1104 1.0126 0.9647 0.9451 1.1870 0.8882 0.8667 0.9296 0.8940 0.9855 0.9603 1.0511 1.0242
0.7093 0.7505 0.9316 0.8252 0.9937 0.9804 0.9063 1.0170 0.9698 0.9560 1.0953 0.9278 1.1942 1.1023 0.9423 1.3129
1.2786 1.1645 1.2160 1.2406 1.1070 1.1305 1.1422 0.9698 0.9872 0.8721 0.8378 0.8553 0.8205 0.7852 0.8071 0.7829
0.9981 0.8328 0.8222 0.9169 0.8680 0.9304 0.8438 1.0693 0.9460 1.0957 1.1947 1.0204 1.1101 1.1783 1.1505 1.5170
1.2443 1.0884 1.1525 1.0635 0.8655 0.9984 1.0438 1.0223 0.9388 0.8572 0.9284 0.8698 0.9761 0.8652 1.0067 1.0660
1.1586 1.1759 0.9345 0.9243 1.0601 1.0543 0.9933 1.0720 0.9932 0.9290 0.9447 0.9665 0.9583 0.8053 0.7856 0.9557
1.0391 0.8922 1.0626 0.9152 1.0161 1.0629 0.9743 1.0079 1.0000 0.9139 0.9435 1.1317 1.0000 0.9948 0.9764 1.1061
0.9327 0.9201 0.9157 1.0000 0.9885 0.9293 1.0231 1.0953 1.0023 1.0080 1.0587 1.0036 1.0403 1.0968 1.2379 1.2302
1.4775 1.3549 1.0435 1.2752 0.9805 0.9930 1.1358 0.9721 0.9109 1.0000 1.0000 0.9049 1.0000 0.8376 0.8935 0.8949
1.5110 1.0223 1.1387 0.9222 0.7896 1.1068 1.0085 0.9827 1.0869 1.0433 0.9187 1.0260 0.9039 0.8912 0.9871 1.1554
1.1796 1.1144 1.1645 1.1931 0.9811 1.0292 0.9404 0.9080 0.9979 1.0287 0.9118 0.8130 0.8322 0.7972 0.5304 0.5257
1.1928 0.9186 1.0000 0.8951 1.0335 0.9981 0.9075 1.0034 0.9605 1.0709 0.9737 1.0876 0.9439 1.0950 1.0825 1.1335
0.7697 0.7996 1.0358 1.0224 1.0816 1.0445 1.0133 0.9898 0.9375 1.0575 0.9519 0.9623 0.9955 0.9449 0.9683 1.1452
1.0317 0.8898 0.9109 0.9815 0.8677 0.9310 0.8701 0.9267 1.0000 1.1004 0.9431 0.9614 1.1729 1.3009 1.3874 1.7351
1.0453 1.0734 0.8951 1.0510 0.9045 1.0022 0.9585 1.0148 1.0979 0.8904 0.9852 1.0209 0.9428 1.0261 0.5458 1.0328
1.0703 0.9237 0.8816 0.9192 0.9340 0.9750 1.0362 0.9964 0.9970 0.9025 1.0546 0.9924 1.0903 0.9886 1.0487 1.1995
