0.7341 0.7857 0.8709 0.8868 1.0157 1.0808 1.0448 1.1842 1.1624 1.1757 1.0279 1.0160 1.0323 1.0210 0.8567 0.8555
0.8389 0.8356 0.9499 1.0328 1.0888 1.2365 1.2080 0.9700 1.0255 0.9522 1.1184 1.0034 0.9328 0.8543 0.9889 0.7653
0.6455 0.6962 0.8996 0.9119 0.9513 1.0899 1.1373 1.0771 1.0818 1.2364 0.9924 0.9685 0.9077 0.9209 0.9082 0.7243
0.6567 0.7322 0.8467 0.9543 0.9771 1.0703 1.1093 1.0484 0.9963 1.1664 1.1255 0.9673 1.0393 0.8907 0.9338 0.7645
0.7149 0.7493 0.7940 0.8964 1.0000 0.9964 1.0894 1.0682 1.1911 1.2385 1.0338 1.0384 0.9610 1.0353 0.9517 0.8559
0.8227 0.8408 0.8504 0.9381 1.1379 1.0879 1.1834 1.1079 1.1775 1.1337 1.0704 1.0246 0.9825 0.9221 0.8569 0.8600
0.7432 0.8180 0.8601 0.9231 1.0298 1.0240 1.1639 1.1674 1.1034 1.0746 1.0936 1.0418 0.9858 0.9298 0.8346 0.9500
0.8622 0.8003 0.8540 0.9289 1.0000 1.0883 1.1986 1.1116 1.1032 1.0779 1.1503 1.0948 1.0344 0.9333 0.8459 0.9212
0.8138 0.8707 0.8706 0.8606 1.0184 1.0149 1.1434 1.0342 1.1035 1.1170 1.0471 1.0949 0.9886 1.0237 0.8929 0.8334
0.6990 0.7577 0.8554 0.9524 0.9886 1.0124 1.0502 1.1160 1.0026 1.0374 1.1874 0.9767 0.9061 0.9827 0.9988 1.0119
0.7170 0.6457 0.7296 0.7871 0.9353 1.0294 1.1355 1.0377 1.0210 1.0813 1.0310 0.9716 1.0187 0.9772 0.8661 0.9624
0.7424 0.8334 0.9192 0.9704 1.1650 1.1324 1.1197 0.8793 1.0418 1.2353 1.0854 0.9908 0.9455 1.0000 1.0000 0.6940
0.9231 0.8727 0.8948 1.0032 1.1385 1.0865 1.1761 1.0348 1.1203 1.0425 1.0777 1.0381 1.0004 0.8550 0.8386 0.9651
0.8880 0.8964 0.9567 1.0048 0.9936 1.1106 1.1777 1.1397 1.1049 1.0557 1.1633 0.9365 0.9350 1.0000 0.8423 0.8057
0.6625 0.7325 0.8487 0.8976 0.9912 1.1594 1.0698 1.0422 1.0680 1.0745 1.1065 1.1131 1.0008 0.8939 0.9072 0.8320
0.6742 0.7909 0.9178 0.9918 0.9867 1.0307 1.0950 1.0289 1.0928 0.9987 1.0101 1.0692 1.0112 0.9623 0.9221 0.8777
0.8846 0.7642 0.8694 0.8838 1.0216 1.1503 0.9943 1.1775 1.1560 1.1903 1.0542 1.0314 1.0958 0.9425 0.8826 0.9097
0.6965 0.7612 0.7839 0.8217 1.0146 0.9960 1.1291 0.9937 0.9967 1.0816 1.0919 1.0576 1.0164 1.0441 0.8976 0.9195
0.6970 1.0000 0.8822 0.9161 0.9786 1.1360 1.1063 1.0570 1.0833 1.1713 1.0742 0.9113 0.9914 0.9089 0.8818 0.9103
0.8296 0.8090 0.9146 0.8336 1.0413 1.1316 1.0150 1.0762 1.0650 1.1788 1.0619 1.1265 1.0000 0.9724 0.9656 0.9328
0.8569 0.8682 0.8741 0.9640 0.9427 1.0887 1.0738 1.0581 1.0624 0.9636 1.0692 1.1224 0.9995 0.9789 1.0131 0.9444
0.6220 0.7694 0.9055 0.9777 1.0000 1.0795 1.0570 1.0706 1.0389 1.0989 1.0279 1.0606 0.9841 0.9081 1.0000 0.7995
0.8606 0.7877 0.9500 0.9523 1.0664 1.1622 1.1675 0.9633 1.0877 1.1266 1.1543 1.0181 1.0311 0.9278 0.8784 0.8210
0.7616 0.7852 0.8571 0.9420 1.2121 1.0000 1.0904 1.1956 1.1113 1.0682 1.2360 0.9433 0.9440 0.9276 0.9621 0.9676
0.8197 0.9272 0.8707 0.9667 1.0757 1.0929 1.1638 1.1959 1.2025 1.1834 1.0992 0.9905 0.9837 0.8927 0.7813 0.7450
