0.7552 0.8087 0.8845 0.9102 1.0362 1.0910 1.0565 1.1691 1.1332 1.1512 1.0103 0.9633 1.0502 1.0173 0.8646 0.8718
0.8726 0.8783 0.9951 1.0709 1.1218 1.2688 1.2082 0.9316 0.9719 0.9080 1.0688 0.9760 0.9268 0.8383 0.9930 0.7663
0.6599 0.7447 0.9159 0.9267 0.9569 1.1077 1.1016 1.0671 1.0459 1.2190 1.0055 0.9766 0.9092 0.9248 0.9254 0.7117
0.6626 0.7438 0.8733 0.9853 0.9850 1.0821 1.0971 1.0227 0.9793 1.1243 1.1157 0.9827 1.0356 0.8976 0.9453 0.7575
0.7498 0.8061 0.8368 0.9156 1.0000 1.0389 1.0928 1.0542 1.1397 1.2278 1.0158 1.0150 0.9517 1.0388 0.9670 0.8578
0.8368 0.8795 0.8899 0.9590 1.1506 1.1108 1.1753 1.0591 1.1429 1.0929 1.0482 1.0152 0.9729 0.9296 0.8645 0.8736
0.7336 0.8287 0.8862 0.9568 1.0461 1.0340 1.1442 1.1331 1.0831 1.0589 1.0745 1.0463 0.9773 0.9076 0.8408 0.9819
0.8831 0.8176 0.8828 0.9593 1.0000 1.0979 1.1933 1.1015 1.0675 1.0462 1.1129 1.0723 1.0275 0.9354 0.8604 0.9432
0.8028 0.8826 0.8752 0.8919 1.0357 1.0287 1.1396 1.0346 1.0712 1.1032 1.0421 1.0626 0.9857 1.0265 0.9024 0.8432
0.6814 0.7616 0.8791 0.9905 1.0181 1.0197 1.0572 1.1241 0.9641 1.0027 1.1501 0.9312 0.9067 0.9764 1.0078 1.0350
0.7340 0.6704 0.7653 0.8194 0.9745 1.0490 1.1434 1.0253 0.9961 1.0419 0.9893 0.9616 1.0329 0.9885 0.8677 0.9812
0.7460 0.8498 0.9009 0.9919 1.1802 1.1601 1.1428 0.8691 1.0194 1.2181 1.0747 0.9688 0.9457 1.0000 1.0000 0.6984
0.9514 0.8919 0.9302 1.0154 1.1476 1.1048 1.1641 1.0001 1.1210 1.0267 1.0754 1.0111 1.0097 0.8357 0.8283 0.9720
0.9289 0.9264 0.9784 1.0246 0.9989 1.1089 1.1714 1.1364 1.0875 1.0355 1.1230 0.9211 0.9409 1.0000 0.8293 0.7913
0.6749 0.7560 0.8733 0.9116 1.0181 1.2060 1.1166 1.0752 1.0425 1.0506 1.0392 1.0862 0.9609 0.8659 0.9100 0.8454
0.6918 0.8025 0.9053 0.9679 0.9729 1.0293 1.1005 1.0415 1.0694 1.0003 1.0086 1.0851 1.0005 0.9866 0.9390 0.8922
0.8959 0.7567 0.8694 0.8766 1.0383 1.2054 0.9664 1.1796 1.1360 1.1504 1.0385 1.0307 1.1028 0.9402 0.8871 0.9250
0.6931 0.8020 0.7943 0.8233 1.0004 0.9898 1.1232 1.0085 0.9899 1.1069 1.0895 1.0509 1.0003 1.0217 0.9096 0.9376
0.6920 1.0000 0.9058 0.9271 0.9784 1.1315 1.1415 1.0267 1.0685 1.1613 1.0716 0.9051 0.9941 0.8942 0.8810 0.9164
0.8209 0.8145 0.9513 0.8660 1.0611 1.1484 1.0050 1.0686 1.0423 1.1671 1.0146 1.1316 1.0000 0.9617 0.9702 0.9347
0.8642 0.9071 0.9096 0.9627 0.9313 1.0932 1.0428 1.0234 1.0204 0.9485 1.0384 1.1361 1.0094 1.0194 1.0295 0.9646
0.6246 0.7750 0.9167 0.9951 1.0000 1.0502 1.0544 1.0415 1.0081 1.0831 1.0156 1.0746 1.0029 0.9209 1.0000 0.8376
0.8439 0.7973 0.9857 0.9596 1.0576 1.1475 1.1482 0.9360 1.0637 1.1217 1.1516 1.0462 1.0525 0.9264 0.8865 0.8336
0.7745 0.7965 0.8962 0.9624 1.2262 1.0000 1.0715 1.1710 1.0739 1.0401 1.2171 0.9380 0.9412 0.9240 0.9940 0.9727
0.8308 0.9352 0.8813 0.9873 1.0988 1.1084 1.2025 1.1754 1.1390 1.1519 1.0726 0.9637 0.9795 0.9121 0.7777 0.7845
