0.7531 0.8027 0.8838 0.9091 1.0378 1.0889 1.0611 1.1686 1.1346 1.1425 1.0285 0.9717 1.0430 1.0079 0.8678 0.8694
0.8747 0.8814 0.9794 1.0480 1.1090 1.2536 1.2087 0.9311 1.0000 0.9123 1.0758 0.9910 0.9222 0.8447 0.9998 0.7769
0.6712 0.7234 0.9375 0.9247 0.9578 1.0895 1.1282 1.0666 1.0594 1.2137 1.0066 0.9697 0.8951 0.9203 0.9093 0.7305
0.6861 0.7488 0.8797 0.9787 0.9678 1.0895 1.0942 1.0186 0.9804 1.1412 1.1305 0.9763 1.0323 0.9014 0.9331 0.7595
0.7638 0.8129 0.8347 0.9223 1.0000 1.0331 1.0835 1.0375 1.1472 1.2068 1.0306 1.0262 0.9571 1.0404 0.9602 0.8511
0.8573 0.8786 0.8754 0.9648 1.1544 1.0934 1.1726 1.0979 1.1771 1.0806 1.0469 1.0105 0.9787 0.9070 0.8574 0.8460
0.7421 0.8377 0.8771 0.9525 1.0463 1.0598 1.1390 1.1565 1.0902 1.0545 1.0728 1.0420 0.9715 0.9134 0.8259 0.9564
0.9013 0.8085 0.8772 0.9413 1.0000 1.0869 1.1992 1.1082 1.0860 1.0334 1.1413 1.0765 1.0254 0.9301 0.8517 0.9289
0.8158 0.8872 0.8879 0.8946 1.0348 1.0287 1.1367 1.0372 1.0695 1.1085 1.0269 1.0699 0.9775 1.0245 0.8914 0.8463
0.6969 0.7738 0.8819 1.0032 1.0191 1.0273 1.0601 1.1042 0.9819 1.0015 1.1683 0.9544 0.9172 0.9626 0.9901 1.0160
0.7340 0.6692 0.7630 0.8225 0.9650 1.0541 1.1458 1.0359 0.9937 1.0487 1.0014 0.9534 1.0232 0.9889 0.8681 0.9761
0.7550 0.8560 0.9142 0.9774 1.1695 1.1450 1.1189 0.8645 1.0388 1.2254 1.0782 0.9734 0.9492 1.0000 1.0000 0.7135
0.9690 0.9011 0.9099 1.0366 1.1435 1.1065 1.1532 0.9976 1.1148 1.0310 1.0552 1.0187 0.9991 0.8335 0.8352 0.9777
0.9301 0.9297 0.9726 1.0232 1.0040 1.1006 1.1597 1.1195 1.0686 1.0358 1.1389 0.9284 0.9554 1.0000 0.8184 0.8125
0.6797 0.7542 0.8852 0.9043 1.0246 1.1926 1.1056 1.0590 1.0362 1.0409 1.0969 1.1200 0.9965 0.8509 0.8850 0.8075
0.7358 0.8404 0.9398 0.9987 0.9946 1.0238 1.0770 1.0488 1.0552 0.9942 1.0137 1.0726 0.9940 0.9806 0.9271 0.8762
0.9017 0.7649 0.8775 0.8910 1.0435 1.1944 0.9699 1.1561 1.1295 1.1601 1.0296 1.0338 1.1036 0.9264 0.8903 0.9233
0.7069 0.8088 0.8098 0.8310 1.0225 0.9939 1.1215 0.9955 1.0006 1.1072 1.0712 1.0506 1.0069 1.0261 0.8940 0.9208
0.7042 1.0000 0.9176 0.9343 0.9849 1.1499 1.1411 1.0431 1.0567 1.1433 1.0685 0.9025 0.9773 0.8961 0.8873 0.8954
0.8497 0.8356 0.9459 0.8546 1.0530 1.1494 0.9914 1.0666 1.0341 1.1571 1.0239 1.1248 1.0000 0.9655 0.9720 0.9349
0.8886 0.8991 0.8931 0.9666 0.9358 1.0968 1.0536 1.0237 1.0203 0.9695 1.0473 1.1136 1.0090 1.0064 1.0203 0.9688
0.6324 0.7669 0.9148 0.9901 1.0000 1.0556 1.0556 1.0510 1.0173 1.0852 1.0198 1.0736 0.9869 0.9190 1.0000 0.8303
0.8398 0.7857 0.9844 0.9507 1.0548 1.1591 1.1588 0.9233 1.0599 1.1292 1.1389 1.0488 1.0442 0.9419 0.8912 0.8440
0.7758 0.8011 0.8779 0.9557 1.2242 1.0000 1.0712 1.1807 1.0876 1.0381 1.2075 0.9447 0.9342 0.9356 0.9918 0.9772
0.8426 0.9350 0.8997 0.9850 1.0988 1.1184 1.1868 1.1746 1.1636 1.1471 1.0563 0.9694 0.9591 0.8996 0.7799 0.7871
