1.3402 1.1689 1.0488 1.0815 1.0056 0.9640 1.0824 0.8966 1.1345 1.1558 0.8726 0.8352 0.9198 0.8163 0.7972 0.8884
1.0000 1.0518 1.2279 1.2761 1.1304 1.0084 1.0714 0.9798 0.9082 0.9536 0.8983 0.8742 0.8803 0.9087 0.8339 1.0000
1.0871 0.9265 0.9046 1.3024 0.8772 0.9709 1.0000 0.9342 0.9776 1.0381 0.9671 0.9526 1.0456 1.0742 1.0772 1.1802
1.2771 1.1545 1.1319 1.1370 1.0087 1.0607 1.0845 0.9046 0.9997 0.9217 0.9034 0.9654 0.8351 0.9135 0.8306 0.9688
1.3235 1.0184 0.9398 1.0258 0.9127 0.9520 0.9914 0.9191 0.8867 0.9904 0.9634 1.0770 0.9110 1.1352 1.0938 1.3277
1.1677 1.0999 0.9868 1.1135 0.9818 1.0759 1.0600 0.9725 0.8874 1.0529 0.9563 0.9013 0.8956 0.8527 0.9987 0.9941
1.2048 1.1064 1.0458 1.0118 0.9496 0.9660 1.0118 0.9586 0.9000 1.0488 0.9629 0.8508 0.9534 1.0629 1.0000 1.0340
1.2920 1.2155 1.1092 1.1043 1.1004 1.0807 1.0714 1.0488 1.1087 0.9231 0.9114 0.8450 0.8136 0.7723 0.7652 0.8312
0.6614 0.7125 0.9074 0.7677 0.9329 0.9644 0.8479 1.0475 1.0530 0.9230 1.0942 1.0068 1.2161 0.9487 1.2365 1.1615
1.0608 0.9326 0.9209 1.0698 1.0047 0.9721 0.9649 1.0930 0.8952 0.9319 0.9677 0.9452 1.0276 1.0205 1.1126 1.1482
0.6690 0.7343 0.9002 0.8243 0.9340 0.9817 0.9340 1.0505 1.0081 0.9749 1.0522 0.9379 1.1664 1.1113 0.9823 1.2011
1.2479 1.1078 1.1612 1.1754 1.0785 1.0871 1.1367 0.9784 1.0218 0.8751 0.8476 0.8670 0.8687 0.8284 0.8863 0.8339
0.9716 0.8799 0.8503 0.9567 0.8965 0.8965 0.8030 1.1487 0.9364 1.0287 1.1710 0.9437 1.0842 1.1694 1.1343 1.5112
1.1308 1.0351 1.1039 0.9559 0.8618 0.9667 1.0149 1.0357 0.9574 0.9067 0.9646 0.9083 1.0388 0.9157 1.0765 1.1070
1.2683 1.1554 0.9553 0.9522 1.0860 1.0809 1.0170 1.0724 0.9791 0.8666 0.9425 0.9473 0.9430 0.7692 0.7544 0.8718
0.9726 0.9320 1.0586 0.8929 0.9662 1.0654 0.9780 1.0160 1.0000 0.9359 0.9779 1.0256 1.0000 1.0441 1.0520 1.2292
0.9443 0.9462 0.9388 1.0000 0.9639 0.9379 1.0291 1.0152 0.9762 1.0416 1.0482 1.0166 1.0596 1.0793 1.2463 1.2846
1.4390 1.3198 1.0288 1.2400 0.9540 0.9867 1.1383 0.9510 0.8929 1.0000 1.0000 0.9451 1.0000 0.8501 0.9267 0.9363
1.5167 1.0365 1.1782 0.9596 0.8282 1.1378 1.0128 0.9877 1.1212 1.0059 0.9077 1.0037 0.8695 0.8637 0.9496 1.0928
1.1434 1.0991 1.1466 1.1938 0.9932 1.0331 0.9606 0.9495 1.0155 1.0281 0.9319 0.8048 0.8119 0.7720 0.5412 0.5158
1.3201 0.9842 1.0000 0.9597 1.1216 1.0760 0.9283 1.0120 0.9997 0.9313 0.9498 1.0800 0.9053 1.0584 1.0115 1.0346
0.6412 0.7183 0.9801 0.9641 1.0496 1.0355 0.9920 0.9702 0.9335 1.0654 0.9697 1.0323 1.0418 0.9902 0.9826 1.2733
1.0581 0.8777 0.9103 0.9464 0.8585 0.9353 0.8734 0.9343 1.0000 1.1554 0.9566 0.9359 1.1138 1.2403 1.2715 1.4728
1.0242 1.0368 0.8479 1.0327 0.8848 1.0070 0.9097 0.9936 1.1166 0.9106 1.0088 1.0397 1.0002 1.0300 0.5458 1.0967
1.3029 1.1383 0.9925 1.0567 1.0320 1.0601 1.1225 0.9955 1.0453 0.8786 1.0204 0.9108 1.0097 0.8978 0.8460 0.9307
