0.7813 0.8131 0.8933 0.9149 1.0229 1.0826 1.0251 1.1522 1.1494 1.1660 1.0263 0.9798 1.0563 1.0434 0.8858 0.8924
0.8658 0.8840 0.9918 1.0612 1.1020 1.2210 1.1900 0.9433 0.9926 0.9322 1.0769 1.0105 0.9521 0.8586 1.0053 0.7895
0.6640 0.7272 0.9147 0.9320 0.9545 1.0842 1.1154 1.0608 1.0701 1.2280 1.0040 0.9808 0.9339 0.9407 0.9388 0.7431
0.6719 0.7318 0.8517 0.9457 0.9596 1.0718 1.0867 1.0164 0.9631 1.1589 1.1307 0.9965 1.0814 0.9304 0.9859 0.7725
0.7703 0.8116 0.8354 0.9061 1.0000 1.0380 1.0874 1.0610 1.1379 1.2018 0.9975 1.0406 0.9743 1.0475 0.9747 0.8954
0.8594 0.8785 0.8971 0.9664 1.1388 1.0813 1.1583 1.0744 1.1521 1.0968 1.0323 1.0077 0.9862 0.9354 0.8717 0.8584
0.7541 0.8345 0.8801 0.9561 1.0236 1.0226 1.1430 1.1382 1.0926 1.0670 1.0803 1.0412 0.9871 0.9107 0.8467 0.9734
0.8931 0.8168 0.8753 0.9467 1.0000 1.0884 1.1969 1.0974 1.0946 1.0382 1.1417 1.0819 1.0394 0.9273 0.8567 0.9063
0.8308 0.8818 0.8757 0.8834 1.0229 1.0214 1.1381 1.0366 1.0869 1.1118 1.0353 1.0898 0.9899 1.0263 0.8958 0.8530
0.7076 0.7923 0.8951 1.0179 1.0165 1.0540 1.0794 1.1332 0.9939 1.0364 1.1472 0.9353 0.9076 0.9474 0.9756 0.9819
0.7485 0.6945 0.7842 0.8514 0.9711 1.0716 1.1576 1.0553 1.0394 1.0739 1.0118 0.9813 1.0420 0.9954 0.8837 0.9485
0.7364 0.8529 0.9142 1.0106 1.1762 1.1395 1.1238 0.8482 1.0023 1.2004 1.0604 0.9802 0.9429 1.0000 1.0000 0.6729
0.9424 0.9035 0.9390 1.0095 1.1458 1.1098 1.1206 1.0056 1.0944 0.9833 1.0465 1.0001 0.9864 0.8270 0.8201 0.9577
0.9205 0.9136 0.9672 1.0308 0.9859 1.1043 1.1425 1.1178 1.0798 1.0336 1.1303 0.9196 0.9428 1.0000 0.8274 0.7943
0.6952 0.7727 0.8898 0.9409 1.0216 1.1810 1.0966 1.0709 1.0629 1.0486 1.1101 1.1155 0.9970 0.8299 0.8742 0.8328
0.7151 0.8410 0.9381 1.0072 0.9767 1.0326 1.0673 1.0404 1.0556 0.9939 1.0152 1.0828 1.0024 0.9803 0.9391 0.8650
0.8599 0.7842 0.8858 0.8923 1.0371 1.1661 0.9576 1.1264 1.1190 1.1626 1.0391 1.0380 1.1202 0.9403 0.9036 0.9365
0.7039 0.7870 0.8172 0.8416 1.0035 1.0000 1.1010 1.0060 1.0045 1.1026 1.0937 1.0452 1.0110 1.0116 0.9483 0.9542
0.6908 1.0000 0.9029 0.9062 0.9737 1.1331 1.1358 1.0404 1.0592 1.1487 1.0800 0.9138 0.9781 0.8984 0.9027 0.9251
0.8443 0.8395 0.9619 0.8939 1.0649 1.1639 1.0091 1.0843 1.0696 1.1662 1.0131 1.0955 1.0000 0.9529 0.9283 0.9019
0.8795 0.8847 0.9177 0.9686 0.9475 1.0743 1.0517 1.0358 1.0310 0.9452 1.0472 1.1281 1.0439 1.0156 1.0358 0.9396
0.6189 0.7662 0.9161 0.9841 1.0000 1.0433 1.0302 1.0333 1.0070 1.0786 1.0140 1.0763 0.9924 0.9260 1.0000 0.8117
0.8710 0.8134 0.9835 0.9439 1.0766 1.1257 1.1482 0.9484 1.0544 1.1142 1.1417 1.0323 1.0628 0.9406 0.9076 0.8462
0.7762 0.7874 0.8808 0.9398 1.2030 1.0000 1.0639 1.1759 1.0820 1.0370 1.2234 0.9359 0.9526 0.9498 1.0031 0.9888
0.8460 0.9417 0.9025 0.9858 1.1136 1.1222 1.1945 1.1711 1.1487 1.1393 1.0584 0.9638 0.9392 0.8750 0.7433 0.7412
