1.3553 1.1900 1.0432 1.0886 0.9768 0.9399 1.0733 0.8975 1.1052 1.1267 0.8449 0.8574 0.9352 0.8328 0.8044 0.9277
1.0000 1.0867 1.3191 1.2589 1.1307 0.9847 1.0969 0.9542 0.8863 0.9118 0.8778 0.8547 0.8746 0.9079 0.8445 1.0000
1.0168 0.8899 0.9179 1.1566 0.8472 0.9464 1.0000 0.9462 0.9847 1.0623 0.9464 0.9585 1.0448 1.1765 1.0676 1.2426
1.3332 1.2143 1.1724 1.1277 1.0122 1.0549 1.0755 0.8934 0.9560 0.8653 0.8948 0.9563 0.8155 0.9401 0.7910 0.9951
1.2201 0.9755 0.8972 1.0275 0.9656 1.0077 0.9754 0.8984 1.0078 1.0885 0.9396 1.0873 0.8973 1.1048 1.0442 1.3091
1.2606 1.1057 1.0301 1.1447 0.9820 1.0873 1.0511 0.9474 0.9193 0.9880 0.9834 0.8463 0.8626 0.8263 1.0170 0.9517
1.1945 1.0834 1.0424 0.9928 0.9556 0.9530 1.0275 0.9751 0.8978 1.0449 0.9657 0.8495 0.9889 1.0650 1.0000 1.0435
1.3519 1.2331 1.1625 1.0977 1.1417 1.0948 1.0523 0.9944 1.0866 0.9007 0.9060 0.8368 0.7969 0.7786 0.7563 0.8067
0.6590 0.7166 0.8794 0.7462 0.9312 0.9477 0.8256 1.0426 1.0111 0.9069 1.0420 0.9763 1.1957 1.0089 1.1864 1.2058
1.1701 1.0149 1.0189 1.1041 0.9903 0.9722 0.9387 1.1846 0.8764 0.8710 0.9364 0.8910 0.9948 0.9687 1.0567 1.0333
0.7002 0.7530 0.9001 0.8328 0.9786 0.9829 0.9160 1.0334 0.9618 0.9519 1.1166 0.9282 1.2027 1.1177 0.9515 1.3037
1.2654 1.1463 1.1929 1.2181 1.0903 1.1044 1.1353 0.9730 0.9976 0.8783 0.8470 0.8888 0.8487 0.7975 0.8286 0.7883
1.0012 0.8321 0.8194 0.8994 0.8693 0.9231 0.8506 1.0838 0.9347 1.1051 1.1864 1.0098 1.1148 1.1847 1.1529 1.5131
1.2541 1.0994 1.1465 1.0638 0.8614 1.0006 1.0451 1.0270 0.9465 0.8796 0.9308 0.8702 0.9790 0.8615 0.9960 1.0489
1.1394 1.1526 0.9324 0.9001 1.0300 1.0485 0.9936 1.0662 1.0139 0.9511 0.9563 0.9905 0.9674 0.8151 0.7987 0.9905
1.0487 0.8734 1.0673 0.9119 1.0021 1.0690 0.9835 1.0078 1.0000 0.9093 0.9295 1.1176 1.0000 0.9835 0.9838 1.1065
0.9376 0.9244 0.9130 1.0000 0.9949 0.9294 1.0240 1.0985 1.0168 1.0025 1.0527 1.0055 1.0332 1.0645 1.2228 1.2349
1.4760 1.3280 1.0520 1.2795 0.9810 0.9854 1.1198 0.9548 0.9181 1.0000 1.0000 0.9138 1.0000 0.8521 0.9019 0.9039
1.4941 1.0032 1.1509 0.9061 0.7986 1.1061 1.0212 0.9763 1.0725 1.0482 0.8962 1.0144 0.9081 0.8927 1.0077 1.1716
1.1807 1.1178 1.1497 1.2065 0.9735 1.0443 0.9493 0.9166 1.0007 1.0287 0.9015 0.8169 0.8479 0.7809 0.5316 0.5359
1.1247 0.9437 1.0000 0.9001 1.0750 1.0659 0.8890 1.0028 0.9683 1.0598 0.9473 1.0615 0.9268 1.0737 1.0014 1.1241
0.7506 0.7785 1.0198 0.9964 1.1015 1.0419 0.9813 0.9827 0.9531 1.0623 0.9722 0.9735 0.9905 0.9633 0.9531 1.1754
1.0436 0.8939 0.9234 0.9798 0.8688 0.9302 0.8684 0.9158 1.0000 1.1478 0.9533 0.9424 1.1552 1.2774 1.3544 1.7316
1.0358 1.0745 0.8899 1.0541 0.9059 0.9991 0.9599 1.0181 1.0906 0.9018 0.9824 1.0380 0.9269 1.0211 0.5458 1.0293
1.1053 0.9481 0.8758 0.9206 0.9260 0.9639 1.0194 0.9828 0.9790 0.8883 1.0405 0.9909 1.1101 0.9845 1.0742 1.2164
