1.3741 1.3127 1.3049 1.3529 1.1379 1.0318 1.0822 0.9311 1.0180 1.0029 0.8528 0.7783 0.8373 0.7153 0.6311 0.6449
1.0000 0.8279 0.9110 0.9786 0.9970 0.9264 1.0320 0.9989 0.9549 1.1304 1.0863 0.9886 0.9946 1.1726 1.0426 1.0000
1.4339 1.3622 1.4562 2.0787 1.1359 1.2188 1.0000 0.8529 1.1000 1.0752 0.8800 0.7923 0.8510 0.9655 0.7333 0.7409
0.9628 0.7390 0.8731 0.9540 0.8625 0.9608 0.9657 0.9500 1.1238 1.0925 1.0103 1.0178 1.0604 0.9675 1.0476 1.3561
1.5414 1.1261 1.2901 1.0668 0.9471 1.0929 1.1938 1.1505 0.9014 1.0866 1.2463 0.9843 0.9410 0.8712 0.9917 1.0330
0.7282 0.8123 0.7103 0.8201 0.8537 0.9728 1.1594 1.0265 0.8773 1.2520 1.0020 1.2542 1.1264 1.0930 1.1794 1.3413
1.6201 1.2998 1.2672 1.1980 1.2040 1.0044 0.9920 0.8548 0.8756 0.9006 0.8819 0.8021 0.8168 0.9739 1.0000 0.7778
0.9528 0.9554 0.9367 0.9643 0.8864 0.9814 1.0803 1.1628 1.2037 1.0017 0.9932 1.0393 0.9304 0.8267 0.9840 1.1195
0.9149 0.8961 1.0961 0.9998 0.9367 1.1370 0.9807 1.1221 1.1085 0.9594 1.0690 0.9895 1.0032 0.8723 1.1067 1.1910
0.9592 0.7862 0.9188 0.8158 0.9388 0.9264 0.8854 1.0413 0.9871 1.0675 0.9791 1.0624 1.1701 1.1861 1.2543 1.8032
0.6703 1.0536 1.0278 0.8962 1.0349 1.1054 1.0470 1.1417 1.0980 0.9705 0.8550 0.9215 0.9663 0.9036 0.7846 1.2756
0.8560 0.8060 0.8713 0.8919 0.8743 0.9517 1.0271 0.9393 0.9971 1.0847 1.1153 1.1269 1.1356 1.1994 1.2423 0.9218
1.2042 1.1216 1.0887 1.1562 1.0922 1.1541 1.0963 1.4658 0.7571 1.1785 1.1354 0.7333 0.7324 0.7200 0.6795 0.9189
1.0521 0.8685 1.0210 0.8277 0.7629 0.8705 0.7942 1.0258 0.9617 1.0423 1.1195 1.0184 1.1210 1.1220 1.2043 1.1639
1.4131 1.3120 1.0567 1.0339 1.1645 1.0996 1.1563 1.1160 0.9233 0.7916 0.9185 0.8376 0.7545 0.7394 0.6462 0.6984
0.7317 0.9116 0.8732 0.8070 0.8678 0.8935 0.9688 0.9495 1.0000 0.9704 1.1592 1.1111 1.0000 1.3479 1.3797 1.5075
1.1785 0.9074 1.1616 1.0000 0.9302 1.0379 1.0599 1.0083 0.9921 0.9915 0.9352 0.9564 0.8712 0.9390 1.0062 1.0182
0.8440 0.8146 0.8231 0.9358 0.7903 0.8486 1.0468 0.9884 0.9772 1.0000 1.0000 1.1704 1.0000 1.1148 1.2039 1.2551
1.6117 1.2652 1.6935 1.2873 0.9931 1.1914 1.0659 1.0590 1.0220 0.9055 0.9101 0.7733 0.7094 0.7300 0.8262 0.8054
0.8268 0.9343 0.9968 1.0084 0.9756 0.9936 1.0426 1.0745 1.1475 1.4848 1.1441 1.0440 1.1515 1.0577 0.8335 0.7476
1.5524 1.1794 1.0000 1.0816 1.2280 1.1496 1.0453 0.9580 0.9721 0.8210 0.9019 1.0297 0.8669 0.9627 0.9442 0.9163
0.7312 0.6064 0.7987 0.6760 0.8430 0.9099 0.9986 0.9581 1.0445 0.9631 1.0833 1.3125 1.2428 1.0268 1.1398 1.4977
1.0771 1.0349 1.0781 0.8741 1.0341 1.0631 1.1448 1.1804 1.0000 1.4380 1.0172 0.8467 0.8239 0.7362 0.6336 0.7230
0.7972 0.7218 0.7103 0.8024 0.7584 0.8429 0.8129 0.9932 1.1378 1.0678 1.1382 1.1644 1.3049 1.2839 0.5403 1.5217
1.4108 1.4841 1.1292 1.3387 1.1188 1.2327 1.1767 1.0596 0.8766 0.7843 0.9151 0.9239 0.9254 0.8541 0.8761 0.9890
