0.7428 0.8008 0.8687 0.8665 1.0162 1.0992 1.0408 1.1761 1.1727 1.1674 1.0369 1.0256 1.0435 1.0220 0.8504 0.8497
0.8432 0.8503 0.9475 1.0269 1.0791 1.2134 1.2187 0.9893 1.0410 0.9840 1.1087 1.0034 0.9270 0.8627 0.9582 0.7373
0.6534 0.6915 0.8883 0.9084 0.9513 1.0536 1.1483 1.0975 1.0970 1.2411 1.0277 0.9904 0.8986 0.9013 0.8728 0.7066
0.6772 0.7477 0.8583 0.9510 0.9751 1.0903 1.1179 1.0588 0.9990 1.1882 1.1512 0.9599 1.0248 0.8634 0.8982 0.7222
0.7307 0.7839 0.8218 0.8899 1.0000 1.0256 1.1188 1.0763 1.1449 1.2138 1.0759 1.0478 0.9467 1.0120 0.8911 0.7770
0.8313 0.8423 0.8807 0.9638 1.1165 1.0606 1.1815 1.1494 1.1840 1.1248 1.0760 1.0185 0.9493 0.9306 0.8487 0.8420
0.7671 0.7922 0.8542 0.9322 1.0121 1.0569 1.1889 1.1842 1.1177 1.1020 1.1110 1.0524 0.9641 0.9086 0.8041 0.9175
0.8688 0.8081 0.8571 0.9429 1.0000 1.1296 1.2251 1.1591 1.0490 1.0616 1.1659 1.1071 1.0130 0.9158 0.8199 0.8830
0.8148 0.8580 0.8453 0.8960 1.0067 1.0261 1.1387 1.0410 1.1128 1.1239 1.0641 1.1239 0.9668 1.0102 0.8763 0.8198
0.6786 0.7494 0.8534 0.9808 0.9809 1.0312 1.0741 1.1102 1.0354 1.0892 1.1978 1.0071 0.9140 0.9862 0.9421 0.9303
0.7284 0.6555 0.7373 0.7768 0.9459 1.0310 1.1409 1.0404 1.0565 1.0709 1.0446 0.9704 0.9923 0.9676 0.8405 0.9643
0.7487 0.8171 0.9243 0.9777 1.1532 1.1163 1.1207 0.9003 1.0579 1.2111 1.0915 0.9544 0.9236 1.0000 1.0000 0.6799
0.9381 0.8831 0.9293 1.0158 1.1468 1.1502 1.1780 1.0407 1.1484 1.0473 1.0766 1.0224 0.9679 0.8248 0.8165 0.8821
0.8866 0.8914 0.9606 1.0115 0.9916 1.1062 1.1658 1.1475 1.1275 1.0648 1.1776 0.9561 0.9331 1.0000 0.8053 0.7796
0.6846 0.7656 0.8773 0.8805 1.0272 1.1652 1.0803 1.0496 1.0561 1.0759 1.1595 1.1675 0.9976 0.8642 0.8280 0.7606
0.6882 0.8110 0.9325 1.0024 0.9950 1.0596 1.0868 1.0570 1.0941 1.0260 1.0309 1.0615 0.9821 0.9530 0.8848 0.8269
0.8540 0.8087 0.8632 0.9106 1.0379 1.1723 1.0120 1.1800 1.1454 1.1924 1.0848 1.0297 1.0603 0.9333 0.8570 0.8529
0.7209 0.7651 0.8083 0.8135 1.0012 1.0117 1.1125 1.0138 1.0231 1.0983 1.0858 1.0276 1.0173 1.0146 0.8527 0.8560
0.7093 1.0000 0.8831 0.9207 0.9832 1.1629 1.1459 1.1107 1.0735 1.1509 1.0995 0.9160 0.9595 0.8961 0.8491 0.8492
0.8497 0.8163 0.9436 0.8828 1.0299 1.1261 1.0063 1.0875 1.0771 1.2021 1.0694 1.1157 1.0000 0.9780 0.9131 0.8841
0.8545 0.8677 0.8732 0.9889 0.9723 1.1106 1.0800 1.0639 1.0627 1.0259 1.0738 1.1192 1.0061 0.9888 0.9723 0.8718
0.6138 0.7585 0.8995 0.9690 1.0000 1.0627 1.0687 1.0795 1.0667 1.1108 1.0550 1.0386 0.9862 0.8958 1.0000 0.7596
0.8669 0.7983 0.9403 0.9447 1.0554 1.1599 1.1813 1.0016 1.1030 1.1592 1.1731 1.0105 1.0123 0.9309 0.8434 0.8159
0.7491 0.7953 0.8701 0.9268 1.2060 1.0000 1.0986 1.2104 1.1190 1.0760 1.2422 0.9745 0.9419 0.9236 0.9388 0.9139
0.8623 0.9176 0.9052 0.9893 1.1014 1.1050 1.1535 1.1609 1.1683 1.1713 1.1085 0.9816 0.9456 0.8863 0.7648 0.7610
