1.3430 1.1730 1.0273 1.0725 0.9699 0.9376 1.0702 0.8891 1.1184 1.1487 0.8434 0.8617 0.9422 0.8326 0.8086 0.9518
1.0000 1.0897 1.3073 1.2566 1.1337 0.9995 1.0939 0.9715 0.8916 0.9179 0.8663 0.8488 0.8685 0.9047 0.8354 1.0000
1.0103 0.8899 0.9389 1.1464 0.8444 0.9491 1.0000 0.9601 0.9927 1.0605 0.9496 0.9612 1.0307 1.1678 1.0624 1.2481
1.3353 1.2153 1.1728 1.1262 1.0218 1.0614 1.0880 0.9044 0.9524 0.8715 0.8779 0.9332 0.8148 0.9254 0.7844 0.9903
1.2174 0.9713 0.9138 1.0295 0.9739 1.0064 0.9815 0.9105 1.0182 1.0726 0.9920 1.0770 0.8919 1.0737 1.0511 1.2863
1.2601 1.0961 1.0381 1.1552 1.0030 1.0909 1.0323 0.9529 0.9341 1.0117 0.9972 0.8441 0.8565 0.8169 0.9797 0.9378
1.1968 1.0991 1.0534 1.0027 0.9534 0.9461 1.0196 0.9748 0.8900 1.0500 0.9615 0.8489 0.9729 1.0253 1.0000 1.0512
1.3936 1.2510 1.1560 1.1082 1.1395 1.0847 1.0377 0.9984 1.0420 0.8864 0.8997 0.8086 0.8127 0.7788 0.7526 0.8129
0.6599 0.7045 0.8833 0.7505 0.9241 0.9580 0.8331 1.0412 1.0294 0.9067 1.0530 0.9763 1.1957 0.9953 1.1947 1.1884
1.1450 1.0002 1.0040 1.1127 0.9971 0.9652 0.9543 1.1910 0.8890 0.8791 0.9406 0.8991 0.9868 0.9676 1.0458 1.0236
0.7046 0.7441 0.9292 0.8244 0.9888 0.9772 0.9130 1.0211 0.9690 0.9589 1.1002 0.9354 1.1898 1.1046 0.9465 1.3060
1.2835 1.1612 1.1876 1.2284 1.1047 1.1209 1.1395 0.9746 0.9915 0.8691 0.8464 0.8758 0.8318 0.7841 0.8059 0.7758
0.9925 0.8311 0.8246 0.9237 0.8595 0.9393 0.8365 1.0575 0.9516 1.1078 1.1734 1.0139 1.1055 1.1944 1.1524 1.4985
1.2401 1.0956 1.1428 1.0602 0.8665 0.9892 1.0335 1.0319 0.9433 0.8651 0.9312 0.8616 0.9796 0.8669 1.0077 1.0590
1.1716 1.1686 0.9320 0.9259 1.0530 1.0500 0.9944 1.0712 0.9955 0.9350 0.9464 0.9654 0.9593 0.7950 0.7805 0.9578
1.0342 0.9030 1.0519 0.9080 1.0093 1.0562 0.9712 1.0024 1.0000 0.9176 0.9534 1.1266 1.0000 0.9983 0.9905 1.1290
0.9358 0.9255 0.9318 1.0000 0.9892 0.9435 1.0284 1.0894 0.9989 1.0007 1.0433 0.9988 1.0378 1.0880 1.2284 1.2374
1.4588 1.3648 1.0313 1.2820 0.9777 0.9883 1.1346 0.9659 0.9080 1.0000 1.0000 0.8962 1.0000 0.8461 0.8895 0.9046
1.5129 1.0285 1.1487 0.9076 0.7898 1.1173 1.0129 0.9695 1.0663 1.0478 0.9080 1.0143 0.9016 0.8950 0.9898 1.1598
1.1784 1.1315 1.1685 1.1931 0.9930 1.0332 0.9354 0.9091 0.9916 1.0287 0.9059 0.7998 0.8326 0.7752 0.5237 0.5232
1.2333 0.9192 1.0000 0.9033 1.1037 0.9984 0.9185 0.9946 0.9637 1.0155 0.9114 1.0798 0.9105 1.1021 1.0593 1.1220
0.7297 0.7594 1.0035 1.0065 1.0803 1.0390 1.0065 0.9931 0.9499 1.0528 0.9627 0.9691 1.0009 0.9669 0.9737 1.1486
1.0432 0.8956 0.9228 0.9941 0.8628 0.9306 0.8646 0.9202 1.0000 1.1250 0.9388 0.9499 1.1712 1.2987 1.3805 1.7416
1.0510 1.0881 0.8997 1.0506 0.9049 0.9977 0.9502 1.0099 1.0871 0.8925 0.9886 1.0300 0.9364 1.0247 0.5458 1.0421
1.0698 0.9401 0.8711 0.9178 0.9412 0.9713 1.0300 0.9906 0.9896 0.8945 1.0576 0.9875 1.1022 0.9973 1.0690 1.2027
