0.7425 0.8025 0.8546 0.8687 1.0091 1.0742 1.0394 1.1763 1.1715 1.1766 1.0525 1.0238 1.0417 1.0256 0.8615 0.8589
0.8443 0.8405 0.9348 1.0287 1.0871 1.2111 1.2006 1.0065 1.0583 0.9796 1.1126 1.0002 0.9258 0.8602 0.9623 0.7511
0.6615 0.6970 0.9067 0.9079 0.9577 1.0752 1.1480 1.0761 1.0915 1.2284 1.0167 0.9912 0.9003 0.9172 0.8681 0.6931
0.6699 0.7429 0.8604 0.9759 0.9853 1.0830 1.1164 1.0330 1.0099 1.1556 1.1449 0.9528 1.0188 0.8810 0.8852 0.7369
0.7287 0.8168 0.8153 0.8911 1.0000 1.0150 1.0759 1.0714 1.1803 1.2636 1.0709 1.0224 1.0006 1.0194 0.9169 0.7417
0.8380 0.8527 0.8768 0.9655 1.1190 1.0851 1.1582 1.1544 1.1798 1.1319 1.0661 1.0191 0.9494 0.9176 0.8533 0.8350
0.7693 0.7976 0.8633 0.9302 1.0188 1.0646 1.1819 1.1810 1.1078 1.1147 1.1076 1.0640 0.9542 0.9108 0.8188 0.8926
0.8693 0.8126 0.8657 0.9503 1.0000 1.1192 1.2151 1.1379 1.0552 1.0675 1.1599 1.1095 1.0080 0.9192 0.8293 0.8970
0.8171 0.8633 0.8568 0.8799 1.0124 1.0182 1.1266 1.0563 1.0758 1.1262 1.0738 1.1072 0.9725 1.0261 0.8878 0.8197
0.6767 0.7323 0.8673 0.9505 1.0073 1.0257 1.0474 1.0985 1.0194 1.0851 1.1882 0.9870 0.9190 0.9672 0.9785 0.9653
0.7378 0.6517 0.7564 0.7944 0.9465 1.0385 1.1192 1.0516 1.0587 1.0636 1.0288 0.9652 0.9975 0.9734 0.8463 0.9825
0.7474 0.8121 0.9207 0.9712 1.1528 1.1116 1.1259 0.8907 1.0734 1.2059 1.0892 0.9607 0.9255 1.0000 1.0000 0.6823
0.9418 0.8741 0.9192 1.0138 1.1307 1.1247 1.1727 1.0542 1.1396 1.0505 1.0668 1.0430 0.9669 0.8388 0.8184 0.9158
0.9213 0.8965 0.9657 0.9932 1.0035 1.1090 1.1567 1.1474 1.1135 1.0807 1.1704 0.9161 0.9321 1.0000 0.8080 0.7684
0.7011 0.7642 0.8773 0.9394 1.0192 1.1591 1.0396 1.0631 1.0505 1.0536 1.1649 1.1347 1.0091 0.8608 0.8661 0.7640
0.6911 0.8155 0.9333 0.9917 0.9880 1.0642 1.0966 1.0624 1.0919 1.0284 1.0251 1.0460 0.9846 0.9639 0.8875 0.8291
0.8551 0.8165 0.8809 0.9096 1.0474 1.1732 1.0072 1.1755 1.1381 1.1900 1.0719 1.0241 1.0752 0.9160 0.8593 0.8654
0.7302 0.7544 0.8043 0.8170 1.0004 1.0015 1.1174 1.0276 1.0116 1.1040 1.0820 1.0321 1.0205 1.0298 0.8506 0.8604
0.7254 1.0000 0.8849 0.9252 0.9966 1.1521 1.1311 1.0939 1.0933 1.1585 1.0805 0.9132 0.9630 0.9025 0.8432 0.8738
0.8536 0.8243 0.9145 0.8806 1.0373 1.1259 1.0216 1.1291 1.0811 1.1894 1.0663 1.1109 1.0000 0.9712 0.9146 0.8941
0.8609 0.8535 0.8906 0.9895 0.9516 1.1144 1.0863 1.0519 1.0492 1.0304 1.0724 1.1335 1.0014 0.9860 0.9790 0.8695
0.6190 0.7663 0.8809 0.9641 1.0000 1.0752 1.0592 1.0936 1.0558 1.0934 1.0409 1.0323 0.9900 0.9080 1.0000 0.8074
0.8615 0.7979 0.9270 0.9310 1.0947 1.1793 1.1883 0.9895 1.1002 1.1541 1.1591 1.0162 1.0330 0.9328 0.8483 0.8188
0.7679 0.7999 0.8735 0.9265 1.2036 1.0000 1.0893 1.1986 1.1129 1.0820 1.2341 0.9648 0.9470 0.9276 0.9470 0.9280
0.8771 0.9218 0.8957 0.9938 1.0692 1.1105 1.1348 1.1692 1.1733 1.1789 1.1205 0.9827 0.9461 0.9018 0.7800 0.7519
