1.2771 1.1696 1.1147 1.1514 1.0468 0.9915 1.0708 0.8767 1.1496 1.1088 0.8623 0.8505 0.9338 0.7756 0.7841 0.8335
1.0000 1.0327 1.0845 1.2552 1.1385 1.0017 1.0389 0.9971 0.9040 0.9827 0.9523 0.8942 0.9133 0.9702 0.8578 1.0000
1.1854 1.0048 1.0047 1.4444 0.9634 1.0379 1.0000 0.9541 0.9849 1.0423 1.0162 0.9004 0.9997 0.9591 0.9704 0.9755
1.1892 1.0763 1.1080 1.1400 1.0277 1.0632 1.1121 0.9330 0.9908 0.9540 0.9383 0.9544 0.8816 0.9109 0.8347 0.9540
1.3979 1.0929 0.9881 1.0377 0.9473 0.9593 0.9867 0.9712 0.7964 0.9166 1.0356 1.1121 0.8955 1.0697 1.0901 1.2908
1.1080 1.0911 0.9768 1.0841 0.9649 1.0984 1.1075 0.9770 0.8462 1.0973 0.8791 0.9332 0.9063 0.8928 0.9698 1.0634
1.2673 1.1238 1.1061 1.0784 0.9958 0.9174 1.0044 0.9068 0.8993 1.0401 0.9810 0.8190 0.9493 1.0169 1.0000 1.0146
1.2025 1.2556 1.0000 1.0596 1.0940 1.0993 1.0827 1.0305 1.0927 0.9383 0.9533 0.8819 0.8355 0.7747 0.8106 0.8925
0.6987 0.7519 0.9478 0.8102 0.9015 0.9330 0.8747 1.0709 1.0638 0.9506 1.0832 1.0377 1.2029 0.8961 1.2539 1.1044
0.9755 0.8965 0.8461 1.0625 0.9916 0.9989 0.9579 0.9931 0.8829 0.9721 0.9526 0.9466 1.1328 1.0661 1.1508 1.3192
0.6353 0.7548 0.8724 0.8503 0.9258 1.0049 0.9469 1.1121 1.0455 0.9823 1.0176 0.9606 1.1377 1.1199 0.9644 1.0807
1.2602 1.0890 1.1488 1.1752 1.0641 1.1206 1.1416 0.9876 1.0218 0.8702 0.8540 0.8919 0.8675 0.8372 0.8970 0.7668
0.9811 0.9861 0.9753 1.0469 1.0089 0.8654 0.7996 1.1290 0.9186 0.9864 1.1185 0.8971 1.0161 1.1463 1.0594 1.3536
1.0563 0.9594 1.0170 0.8233 0.8995 0.9959 0.9313 1.0701 0.9691 0.9675 1.0442 0.9623 1.0477 0.9795 1.1125 1.1195
1.3182 1.1433 1.0104 1.0030 1.0756 1.0944 1.0600 1.0759 0.9823 0.8090 0.9659 0.9416 0.8900 0.7276 0.6779 0.7684
0.9415 0.9422 1.0505 0.9263 0.9048 1.0278 0.9988 1.0190 1.0000 0.9082 0.9897 0.9375 1.0000 1.1126 1.1392 1.2698
1.0061 0.9216 0.9643 1.0000 0.9484 0.9717 1.0358 0.9393 1.0148 1.0546 1.0766 1.0077 1.0515 0.9969 1.1822 1.2641
1.3638 1.3365 0.9434 1.2822 0.9450 0.9955 1.1134 0.9242 0.8975 1.0000 1.0000 0.9592 1.0000 0.8886 0.9775 0.9585
1.3708 0.9995 1.3066 0.9950 0.8495 1.1349 1.0387 1.0043 1.1069 0.9903 0.9033 0.9605 0.8819 0.8535 0.8891 1.0567
1.1229 1.0891 1.1471 1.1790 0.9667 1.0445 0.9698 0.9507 1.0083 1.0821 0.9272 0.8509 0.8182 0.7649 0.5479 0.5179
1.3785 0.9976 1.0000 0.9838 1.1723 1.0792 0.9840 1.0285 1.0086 0.8798 0.9420 1.1006 0.9251 1.0631 0.9863 0.9238
0.5433 0.6707 0.9399 0.9688 0.9507 1.0012 1.0219 1.0161 0.9760 1.0447 0.9926 1.0935 1.1096 0.9393 0.9602 1.2698
1.0602 0.8773 0.9513 0.8680 0.8711 0.9451 0.9492 1.0056 1.0000 1.1911 0.9543 0.9213 1.0854 1.2076 1.1640 1.1314
1.0177 0.9619 0.8103 0.9741 0.8488 0.9988 0.8963 0.9230 1.1421 0.9799 1.0670 1.0887 1.0275 1.0470 0.5458 1.1514
1.4228 1.1319 1.1009 1.2044 1.1181 1.0961 1.1696 1.0046 0.9954 0.8193 0.9644 0.8527 0.9498 0.8406 0.7938 0.8857
