1.5039 1.3706 1.3130 1.3031 1.0581 0.9779 1.1496 0.9696 0.9597 0.9956 0.8108 0.8103 0.8202 0.7519 0.6426 0.6778
1.0000 0.7895 1.0755 1.0284 0.9294 0.9365 1.1571 1.0183 0.9803 1.0505 1.0432 0.8853 0.9151 1.1173 1.0812 1.0000
1.3050 1.2425 1.4891 2.1108 1.0167 1.1688 1.0000 0.8366 1.0564 1.0521 0.8398 0.7953 0.9389 1.0651 0.8680 1.0327
1.0456 0.9144 0.8021 0.9304 0.8690 0.9974 0.9626 0.8863 1.0330 1.0176 1.0122 1.0894 0.9591 0.9841 0.9958 1.6433
1.2014 1.2159 0.9744 1.0363 1.0101 1.0192 1.1450 1.1273 1.0277 1.1725 1.2079 0.9926 0.9231 0.9495 0.9823 0.9451
0.7848 0.8268 0.7207 0.9368 0.8802 0.9684 1.0993 1.0035 0.9525 1.0865 1.0738 1.1681 1.0703 1.0335 1.2123 1.2911
1.5549 1.3740 1.3083 1.1726 1.1822 1.0688 1.0393 0.8991 0.8828 0.8007 0.8298 0.7505 0.7935 0.9241 1.0000 0.8574
1.0378 0.9431 1.0290 0.8947 0.8666 1.0337 1.0218 1.0846 1.1932 0.9714 1.0034 0.9968 0.9072 0.9330 0.9791 1.1013
0.9566 0.9206 1.1495 1.0391 1.0916 1.2304 0.9210 1.1722 1.1040 0.9302 0.9847 1.0119 0.9814 0.9838 1.0457 1.1086
1.0075 0.8051 1.1319 0.8824 0.9068 0.9780 0.8781 1.2013 0.9257 0.9976 0.9737 0.9829 1.1119 1.1406 1.1049 1.4641
0.7246 1.0957 1.2346 0.8389 1.0918 1.1743 1.0507 1.0020 1.0167 0.9143 0.9851 0.8088 1.0519 0.8803 0.8183 1.3472
0.8212 0.8516 0.8830 0.9278 0.8473 0.9222 1.0223 0.9270 0.9888 1.0747 1.0719 1.1065 1.1489 1.1895 1.2125 1.0318
1.0753 0.9896 0.9386 1.0675 0.9493 1.1768 1.0816 1.3694 0.8127 1.2322 1.0241 0.8234 0.8899 0.8516 0.7885 0.9479
1.1771 0.9279 1.1919 0.9295 0.7517 0.9261 0.8772 0.9952 1.0484 1.0060 1.0830 0.9808 0.9912 1.0260 1.0750 1.0450
1.3917 1.4189 0.9832 1.0791 1.2406 1.0821 1.0739 1.0974 0.9510 0.7851 0.8832 0.7975 0.7307 0.6667 0.6531 0.7294
0.7488 0.9499 0.8622 0.8016 0.9470 0.8910 0.9720 0.9434 1.0000 0.9649 1.1088 1.2728 1.0000 1.3469 1.3852 1.3842
1.0554 0.9170 1.1963 1.0000 1.0063 0.9718 1.0563 1.0863 0.9829 0.9357 0.9468 0.9646 0.9423 0.9844 1.2031 1.0011
0.8473 0.8163 0.8306 0.8954 0.7361 0.7563 0.9850 0.9793 0.9815 1.0000 1.0000 1.2085 1.0000 1.2377 1.2150 1.2761
1.7048 1.2877 1.6231 1.2702 1.0050 1.1897 1.1014 1.0881 1.0163 0.9396 0.7955 0.7839 0.7043 0.7237 0.8508 0.8725
0.9008 0.9303 0.9688 1.1633 0.9183 1.0058 0.9727 1.0255 1.2185 1.0731 1.0885 0.9826 1.0252 1.0844 0.6592 0.6383
1.3834 1.0817 1.0000 1.0527 1.1532 1.1342 0.9953 1.0414 0.9522 0.9985 0.9134 1.0048 0.8573 0.9502 0.9246 1.0201
0.7491 0.5578 0.7777 0.7041 0.9412 0.8932 0.9432 0.9216 0.9773 1.0517 1.0469 1.2422 1.2155 1.1234 1.1423 1.4769
0.9851 1.1762 1.0838 0.9245 0.9671 0.9967 1.0708 1.1475 1.0000 1.5812 0.9886 0.8938 0.9141 0.8268 0.7747 0.9937
0.7704 0.8082 0.8404 0.9561 0.8389 0.8055 0.8468 1.0776 1.1436 1.0091 1.0567 1.0557 1.1726 1.3072 0.6651 1.4252
1.2793 1.1711 1.0377 1.1484 1.0792 1.2472 1.1836 1.2082 0.9740 0.8565 0.8666 1.0004 0.9886 0.8211 0.6687 1.0193
