1.2485 1.1472 1.1556 1.2034 1.0552 0.9958 1.0995 0.8791 1.1642 1.1041 0.8933 0.8544 0.9327 0.7476 0.7741 0.7451
1.0000 1.0242 0.9861 1.2097 1.1313 0.9904 0.9964 0.9631 0.8908 1.0219 0.9746 0.9607 0.9627 1.0471 0.8530 1.0000
1.2159 1.1044 0.9210 1.5640 1.0424 1.0276 1.0000 0.9470 1.0479 1.0875 1.0213 0.8876 0.9933 0.9381 0.9038 0.8942
1.1171 0.9788 1.0253 1.1722 1.0383 1.0437 1.0963 0.9859 1.0425 0.9878 0.9646 0.9357 0.9191 0.8714 0.8805 0.9796
1.5525 1.2027 1.0871 1.1111 0.9689 0.9871 0.9981 0.9349 0.7801 0.8396 0.8736 1.0705 0.8970 1.0448 1.0515 1.2429
0.9629 1.0352 0.8608 0.9460 0.9172 1.0537 1.1051 1.0101 0.7964 1.1662 0.9129 1.0628 1.0039 0.9849 1.0066 1.1554
1.3326 1.1089 1.0964 1.0690 1.0351 0.9168 0.9798 0.8913 0.9197 1.0082 0.9650 0.8917 0.9526 1.0731 1.0000 0.9850
1.0921 1.2000 0.9123 1.0955 1.0368 1.0670 1.1039 1.0379 1.1490 0.9582 0.9943 0.9235 0.8673 0.7560 0.8589 0.9424
0.7613 0.7810 0.9869 0.8417 0.8809 0.9583 0.8701 1.0670 1.1079 0.9809 1.1277 1.0451 1.1814 0.8086 1.2605 1.0127
0.9058 0.8707 0.8425 1.0522 1.0048 1.0102 1.0389 0.9362 0.8892 0.9962 0.9613 0.9938 1.1272 1.0770 1.1655 1.3359
0.6160 0.8028 0.8836 0.8633 0.8910 1.0085 1.0271 1.1279 1.0834 1.0193 0.9163 0.9931 1.0599 1.1063 0.9719 1.0493
1.1258 1.0086 1.0647 1.1036 1.0141 1.1062 1.1324 0.9871 1.0123 0.9379 0.9219 0.9481 0.9424 0.9216 0.9718 0.8153
0.9998 1.0726 1.0466 1.1485 1.0561 0.8869 0.8393 1.2164 0.9032 1.0190 1.1199 0.8136 0.8704 1.0255 0.9409 1.1585
0.9827 0.9061 0.9768 0.7730 0.9126 0.9267 0.8714 1.1230 0.9818 1.0105 1.0599 1.0125 1.0665 1.0349 1.1805 1.1166
1.4059 1.1328 1.0282 1.0126 1.0785 1.0998 1.1026 1.0878 1.0050 0.7661 0.9513 0.9263 0.8853 0.6598 0.6463 0.7055
0.8726 0.9749 1.0460 0.8943 0.8858 1.0169 1.0325 1.0307 1.0000 0.9321 1.0123 0.9110 1.0000 1.1403 1.1692 1.2972
1.0255 0.9163 1.0103 1.0000 0.9087 0.9674 1.0482 0.8812 1.0231 1.1013 1.0729 1.0304 0.9971 1.0013 1.0737 1.1993
1.2359 1.2535 0.8987 1.2112 0.8933 0.9723 1.1489 0.9139 0.8809 1.0000 1.0000 1.0162 1.0000 0.8980 1.0287 1.0398
1.3597 1.0170 1.3155 1.0384 0.8785 1.1881 1.0730 1.0362 1.1500 0.9237 0.9343 0.9738 0.8791 0.8343 0.7806 0.9739
1.0222 1.0487 1.1309 1.1761 0.9951 1.0369 0.9590 1.0230 1.0476 1.1271 0.9423 0.8440 0.8285 0.7935 0.5663 0.5315
1.3610 1.0201 1.0000 0.9865 1.1262 1.1317 0.9688 0.9995 0.9812 0.8148 0.9725 1.1112 0.9665 1.1146 1.0101 0.9087
0.5442 0.5940 0.9461 0.8864 0.8756 1.0086 1.0136 1.0495 1.0218 0.9749 1.0327 1.1535 1.1465 0.9385 0.9736 1.3013
1.0698 0.8709 0.9464 0.8110 0.9112 0.9638 0.9601 1.0179 1.0000 1.2764 1.0180 0.9756 1.0648 1.1272 1.0199 0.9339
0.9673 0.8812 0.7979 0.9585 0.8764 1.0225 0.8676 0.8935 1.1405 1.0256 1.0687 1.1015 1.0985 1.0267 0.5458 1.1827
1.4965 1.2557 1.1087 1.1758 1.0761 1.0982 1.1696 0.9828 0.9292 0.8280 0.9474 0.8988 0.9605 0.8465 0.8055 0.8782
