1.3381 1.1944 1.0366 1.0895 0.9812 0.9465 1.0716 0.8950 1.1100 1.1350 0.8484 0.8361 0.9244 0.8398 0.7897 0.9246
1.0000 1.1110 1.3160 1.2842 1.1449 0.9937 1.1009 0.9590 0.8836 0.8986 0.8615 0.8498 0.8649 0.8925 0.8145 1.0000
1.0068 0.9074 0.9414 1.1364 0.8443 0.9476 1.0000 0.9624 0.9687 1.0405 0.9523 0.9585 1.0436 1.1729 1.0826 1.2143
1.3395 1.2018 1.1947 1.1311 1.0249 1.0715 1.0769 0.9015 0.9507 0.8579 0.9006 0.9435 0.8003 0.9286 0.7677 0.9861
1.2616 0.9840 0.9305 1.0379 0.9750 1.0225 0.9955 0.9068 1.0093 1.0903 0.9454 1.0739 0.8782 1.0694 1.0266 1.2614
1.2790 1.1057 1.0432 1.1539 0.9885 1.0845 1.0548 0.9583 0.9199 0.9907 0.9951 0.8386 0.8505 0.8059 0.9887 0.9258
1.1891 1.0961 1.0460 0.9996 0.9388 0.9561 1.0252 0.9798 0.8870 1.0376 0.9613 0.8447 0.9845 1.0558 1.0000 1.0412
1.3486 1.2306 1.1660 1.0806 1.1533 1.1113 1.0880 1.0117 1.0926 0.8955 0.8971 0.8286 0.7965 0.7697 0.7307 0.7679
0.6468 0.7039 0.8786 0.7228 0.9249 0.9350 0.8365 1.0104 0.9989 0.8925 1.0327 0.9787 1.1933 0.9989 1.1751 1.2804
1.1474 0.9882 0.9907 1.1027 1.0023 0.9525 0.9501 1.2094 0.8827 0.8733 0.9285 0.8866 0.9871 0.9856 1.0450 1.0330
0.7087 0.7490 0.8975 0.8226 0.9781 0.9742 0.9119 1.0106 0.9632 0.9601 1.1090 0.9233 1.2098 1.1061 0.9683 1.3197
1.2880 1.1482 1.2068 1.2350 1.1106 1.1321 1.1328 0.9642 0.9849 0.8887 0.8343 0.8749 0.8427 0.7808 0.8228 0.7795
0.9765 0.8301 0.8059 0.9065 0.8713 0.9294 0.8387 1.0689 0.9652 1.1185 1.1934 1.0158 1.1242 1.2054 1.1618 1.5275
1.2321 1.0684 1.1297 1.0462 0.8565 0.9990 1.0373 1.0254 0.9447 0.8711 0.9268 0.8734 0.9904 0.8698 1.0196 1.0716
1.1667 1.1707 0.9448 0.9209 1.0501 1.0340 0.9840 1.0602 0.9997 0.9353 0.9614 0.9847 0.9550 0.8087 0.7906 0.9799
1.0641 0.9195 1.0691 0.9042 1.0077 1.0668 0.9654 1.0036 1.0000 0.9077 0.9222 1.1109 1.0000 0.9851 0.9661 1.1144
0.9406 0.9348 0.9176 1.0000 0.9806 0.9254 1.0274 1.1053 1.0097 1.0061 1.0328 0.9888 1.0529 1.0930 1.2517 1.2594
1.4953 1.3690 1.0701 1.2733 0.9694 0.9956 1.1232 0.9687 0.9065 1.0000 1.0000 0.8924 1.0000 0.8176 0.8805 0.8804
1.5028 1.0246 1.1564 0.9277 0.8121 1.1093 1.0268 0.9887 1.0813 1.0454 0.9250 0.9936 0.8988 0.8871 0.9808 1.1490
1.1577 1.0984 1.1389 1.2218 0.9706 1.0409 0.9544 0.9215 1.0037 1.0287 0.9072 0.8076 0.8155 0.7833 0.5342 0.5394
1.2198 0.9866 1.0000 0.9706 1.1393 1.0763 0.9400 1.0367 0.9801 1.0149 0.9349 1.0403 0.8890 1.0468 0.9522 1.0150
0.7520 0.7737 0.9927 1.0123 1.1176 1.0097 0.9785 0.9519 0.9424 1.0695 0.9749 0.9927 1.0079 0.9805 0.9555 1.1882
1.0572 0.8997 0.9276 0.9913 0.8827 0.9382 0.8796 0.9296 1.0000 1.1627 0.9449 0.9189 1.1609 1.2680 1.3603 1.7124
1.0412 1.0850 0.9003 1.0499 0.9016 0.9911 0.9735 1.0222 1.0887 0.8939 0.9827 1.0308 0.9305 1.0287 0.5458 1.0319
1.0960 0.9369 0.8792 0.9252 0.9336 0.9660 1.0567 0.9886 0.9754 0.8844 1.0374 1.0031 1.1012 0.9888 1.0626 1.1938
