1.3135 1.1957 1.0500 1.0967 1.0099 0.9583 1.0771 0.8900 1.1280 1.1326 0.8762 0.8265 0.9384 0.8281 0.7882 0.8954
1.0000 1.0759 1.2735 1.2769 1.1491 1.0337 1.0843 0.9647 0.8702 0.9203 0.8795 0.8706 0.8748 0.9126 0.8331 1.0000
1.0514 0.9289 0.8975 1.2167 0.8745 0.9666 1.0000 0.9513 0.9888 1.0280 0.9555 0.9283 1.0351 1.1278 1.0867 1.1820
1.2915 1.1797 1.1549 1.1475 1.0144 1.0425 1.0712 0.9045 0.9672 0.9016 0.9123 0.9556 0.8329 0.9414 0.8138 0.9693
1.3231 0.9946 0.9353 1.0295 0.9544 0.9696 0.9843 0.8944 0.9417 1.0277 0.9946 1.1085 0.8982 1.0914 1.0398 1.3180
1.1782 1.0948 0.9880 1.1094 0.9467 1.0763 1.0644 0.9607 0.9019 1.0537 0.9707 0.8810 0.8860 0.8606 1.0259 1.0018
1.1865 1.1065 1.0426 0.9993 0.9613 0.9409 1.0235 0.9610 0.8651 1.0551 0.9741 0.8253 0.9835 1.0816 1.0000 1.0350
1.3618 1.2238 1.1082 1.0852 1.1259 1.0880 1.0558 0.9997 1.0933 0.9045 0.9054 0.8404 0.8208 0.7811 0.7641 0.8267
0.6699 0.7187 0.8982 0.7528 0.9369 0.9565 0.8306 1.0390 1.0458 0.9203 1.0892 1.0051 1.2271 0.9887 1.2142 1.2196
1.1172 0.9851 0.9511 1.0695 0.9786 0.9559 0.9356 1.1353 0.8757 0.9062 0.9559 0.9019 1.0360 1.0032 1.1188 1.1303
0.6591 0.7162 0.8882 0.8092 0.9559 0.9698 0.9251 1.0177 0.9834 0.9865 1.0995 0.9283 1.2236 1.0885 0.9705 1.2171
1.2184 1.1382 1.1506 1.1992 1.0810 1.0980 1.1282 0.9946 1.0072 0.8712 0.8471 0.8835 0.8861 0.8041 0.8750 0.8171
1.0043 0.8584 0.8401 0.9309 0.8879 0.8899 0.8018 1.0716 0.9487 1.0697 1.1788 0.9859 1.0982 1.1898 1.1355 1.4925
1.1380 1.0591 1.1027 0.9627 0.8591 0.9915 1.0211 1.0498 0.9682 0.9146 0.9608 0.8964 1.0131 0.8995 1.0447 1.0845
1.2246 1.1629 0.9524 0.9253 1.0406 1.0606 1.0046 1.0559 1.0070 0.9081 0.9574 0.9587 0.9467 0.7697 0.7666 0.9040
1.0156 0.9575 1.0530 0.9090 0.9938 1.0317 0.9770 0.9945 1.0000 0.9195 0.9390 1.0559 1.0000 1.0075 1.0309 1.1808
0.9567 0.9432 0.8953 1.0000 0.9854 0.9186 1.0319 1.0547 0.9866 1.0181 1.0614 1.0076 1.0628 1.0857 1.2762 1.2778
1.5073 1.3863 1.0499 1.2639 0.9423 0.9954 1.0924 0.9505 0.8869 1.0000 1.0000 0.9066 1.0000 0.8462 0.9232 0.9288
1.4862 1.0280 1.2162 0.9195 0.8005 1.1142 1.0175 0.9743 1.0922 1.0325 0.8926 0.9954 0.8991 0.8850 0.9553 1.1244
1.1417 1.1249 1.1577 1.2008 1.0002 1.0314 0.9501 0.9418 0.9977 1.0462 0.9265 0.8088 0.7925 0.7524 0.5184 0.5122
1.2631 0.9300 1.0000 0.9351 1.1061 1.0761 0.9028 1.0115 0.9794 1.0017 0.9395 1.0875 0.9241 1.0786 1.0258 1.0403
0.6501 0.7225 0.9704 0.9822 1.0901 1.0119 0.9842 0.9572 0.9326 1.0942 0.9642 1.0001 1.0395 0.9747 1.0066 1.2511
1.0292 0.8721 0.9192 0.9740 0.8469 0.9244 0.8660 0.9208 1.0000 1.1137 0.9378 0.9344 1.1479 1.2810 1.2888 1.5222
1.0126 1.0578 0.8684 1.0298 0.8795 0.9842 0.9360 0.9824 1.1136 0.9184 1.0173 1.0576 0.9584 1.0376 0.5458 1.0982
1.2921 1.0904 0.9960 1.0395 1.0565 1.0389 1.0739 1.0014 1.0426 0.8803 1.0178 0.9273 1.0190 0.9073 0.8899 0.9874
