#   For BLUE array
#   Based on lab measurements in February 2020
#
# column 1: spaxel number (1-25, numbered left to right in array)
# column 2: spexel number (1-16, numbered bottom to top in array)
 1  1
 1  2
 1  3
 1  4
 1  5
 1  6
 1  7
 1  8
 1  9
 1 10
 1 11
 1 12
 1 13
 1 14
 1 15
 1 16
 3  8
 3  9
 5  1
 5  2
 5  3
 5  4
 5  5
 5  6
 5  7
 5  8
 5  9
 5 10
 5 11
 5 12
 5 13
 5 14
 5 15
 5 16
 6  7
 8  5
 8 13
10  1
10  2
10  3
10  4
10  5
10  6
10  7
10  8
10  9
10 10
10 11
10 12
10 13
10 14
10 15
10 16
12 14
12 15
13  5
14 14
15  1
15  2
15  3
15  4
15  5
15  6
15  7
15  8
15  9
15 10
15 11
15 12
15 13
15 14
15 15
15 16
18 16
19  2
20  1
20  2
20  3
20  4
20  5
20  6
20  7
20  8
20  9
20 10
20 11
20 12
20 13
20 14
20 15
20 16
21  4
22  5
22 15
23  9
24  6
25  1
25  2
25  3
25  4
25  5
25  6
25  7
25  8
25  9
25 10
25 11
25 12
25 13
25 14
25 15
25 16
