1.3243 1.2005 1.0600 1.1300 1.0069 0.9595 1.0632 0.8852 1.1035 1.1377 0.8794 0.8390 0.9192 0.8075 0.8043 0.8673
1.0000 1.0867 1.2374 1.2593 1.1413 1.0042 1.0986 0.9832 0.8900 0.9364 0.8866 0.8677 0.8819 0.9233 0.8099 1.0000
1.0776 0.9492 0.9207 1.2863 0.8834 0.9760 1.0000 0.9355 0.9673 1.0493 0.9890 0.9460 1.0559 1.0538 1.0844 1.1749
1.2920 1.1552 1.1143 1.1277 1.0038 1.0461 1.0838 0.9151 0.9882 0.9249 0.9049 0.9704 0.8546 0.9398 0.8218 0.9670
1.3496 1.0221 0.9428 1.0360 0.9349 0.9402 0.9886 0.9262 0.8886 0.9913 0.9581 1.1157 0.9189 1.1172 1.0937 1.3411
1.1546 1.0994 0.9859 1.0992 0.9617 1.0732 1.0690 0.9688 0.8928 1.0421 0.9317 0.9125 0.9030 0.8779 1.0215 1.0021
1.2118 1.0981 1.0658 1.0031 0.9489 0.9351 1.0194 0.9774 0.8813 1.0328 0.9767 0.8357 0.9658 1.0498 1.0000 1.0642
1.2593 1.1999 1.0820 1.1025 1.1074 1.0810 1.0681 1.0313 1.1169 0.9029 0.9282 0.8527 0.8322 0.7718 0.7879 0.8639
0.6818 0.7294 0.9219 0.7537 0.9383 0.9699 0.8573 1.0301 1.0452 0.9180 1.0445 1.0252 1.2330 0.9652 1.2493 1.1538
1.0868 0.9573 0.9064 1.1148 0.9823 0.9634 0.9459 1.1056 0.8873 0.9263 0.9402 0.9094 1.0571 0.9932 1.1395 1.1821
0.6597 0.7443 0.8952 0.8401 0.9344 0.9797 0.9510 1.0593 0.9826 0.9804 1.0675 0.9274 1.1654 1.1032 0.9718 1.1813
1.2428 1.1081 1.1560 1.1955 1.0626 1.1070 1.1316 0.9612 1.0004 0.8658 0.8582 0.8893 0.8878 0.8220 0.8936 0.8146
0.9746 0.8526 0.8368 0.9504 0.9015 0.8804 0.7981 1.1336 0.9470 1.0473 1.1716 0.9839 1.1020 1.1723 1.1381 1.4787
1.1021 1.0296 1.0937 0.9255 0.8550 0.9491 0.9879 1.0391 0.9648 0.9313 0.9770 0.9350 1.0425 0.9245 1.0778 1.1110
1.2415 1.1370 0.9685 0.9449 1.0674 1.0509 1.0243 1.0774 1.0096 0.8741 0.9618 0.9670 0.9558 0.7645 0.7476 0.8545
0.9815 0.9558 1.0312 0.9139 0.9268 1.0561 0.9874 1.0041 1.0000 0.9294 0.9690 1.0336 1.0000 1.0339 1.0630 1.2322
0.9524 0.9450 0.9423 1.0000 0.9566 0.9275 1.0161 1.0035 0.9991 1.0409 1.0693 1.0328 1.0536 1.0717 1.2422 1.3145
1.3978 1.3091 1.0137 1.2380 0.9509 0.9819 1.1157 0.9456 0.8919 1.0000 1.0000 0.9459 1.0000 0.8570 0.9403 0.9731
1.4495 1.0450 1.2170 0.9596 0.8179 1.1371 1.0349 0.9855 1.0941 0.9963 0.8771 1.0124 0.8898 0.8620 0.9334 1.1063
1.1437 1.1097 1.1630 1.1958 1.0006 1.0189 0.9576 0.9323 0.9925 1.0741 0.9290 0.8256 0.7998 0.7666 0.5438 0.5065
1.3117 0.9554 1.0000 0.9553 1.1712 1.0844 0.9199 1.0077 0.9872 0.9579 0.9364 1.0791 0.8953 1.0885 1.0010 1.0129
0.6122 0.7159 0.9645 0.9724 1.0662 1.0123 0.9918 0.9772 0.9255 1.0832 0.9812 1.0122 1.0736 0.9664 0.9892 1.2605
1.0318 0.8512 0.9075 0.9419 0.8506 0.9282 0.8795 0.9537 1.0000 1.1377 0.9518 0.9353 1.1727 1.2395 1.2805 1.4090
1.0100 1.0323 0.8610 1.0270 0.8863 1.0001 0.9067 0.9716 1.1362 0.9140 1.0308 1.0628 0.9666 1.0460 0.5458 1.0857
1.2967 1.0874 0.9976 1.0688 1.0864 1.0677 1.1235 1.0088 1.0262 0.8681 1.0491 0.8936 0.9926 0.8764 0.8486 0.9270
