1.3078 1.1760 1.0488 1.1054 0.9861 0.9567 1.0645 0.8904 1.1153 1.1402 0.8680 0.8362 0.9428 0.8319 0.7989 0.9219
1.0000 1.0618 1.3168 1.2731 1.1366 0.9925 1.0948 0.9742 0.8804 0.9238 0.8745 0.8790 0.8579 0.9078 0.8348 1.0000
1.0229 0.8957 0.9170 1.1902 0.8398 0.9411 1.0000 0.9527 0.9709 1.0300 0.9551 0.9582 1.0556 1.1581 1.0712 1.2767
1.2890 1.1804 1.1535 1.1551 1.0297 1.0703 1.1030 0.8979 0.9704 0.9023 0.8846 0.9353 0.8217 0.9231 0.7953 0.9811
1.2828 0.9772 0.8988 1.0114 0.9186 0.9768 0.9612 0.9309 0.9709 1.0634 0.9831 1.0894 0.8969 1.1092 1.0732 1.3549
1.1911 1.0733 1.0063 1.1219 0.9791 1.0722 1.0597 0.9739 0.9159 1.0161 0.9812 0.8652 0.8841 0.8489 1.0218 0.9879
1.1779 1.1060 1.0365 1.0001 0.9633 0.9644 1.0410 0.9699 0.8856 1.0417 0.9522 0.8383 0.9524 1.1024 1.0000 1.0214
1.3337 1.2278 1.1596 1.0933 1.0968 1.1033 1.0500 1.0234 1.0689 0.8943 0.8902 0.8442 0.8131 0.7966 0.7685 0.8305
0.6590 0.7247 0.8898 0.7472 0.9435 0.9636 0.8393 1.0477 1.0339 0.9168 1.0698 0.9913 1.1998 1.0173 1.2348 1.1735
1.1413 0.9918 0.9755 1.0989 1.0001 0.9742 0.9634 1.1616 0.8751 0.8964 0.9185 0.8994 1.0020 0.9863 1.0709 1.0814
0.6818 0.7393 0.8653 0.7964 0.9436 0.9594 0.8949 1.0659 1.0147 0.9725 1.0768 0.9150 1.2757 1.0881 0.9351 1.2747
1.2658 1.1235 1.1731 1.1935 1.0790 1.1066 1.1303 1.0040 1.0204 0.8957 0.8378 0.8764 0.8506 0.8169 0.8363 0.7855
1.0254 0.8710 0.8159 0.9020 0.8654 0.8969 0.8035 1.0464 0.9233 1.1037 1.1621 1.0050 1.1105 1.1910 1.1490 1.5317
1.2053 1.0772 1.1150 1.0012 0.8543 0.9987 1.0286 1.0325 0.9559 0.8945 0.9565 0.8832 0.9858 0.8872 1.0177 1.0736
1.1992 1.1690 0.9179 0.9136 1.0368 1.0347 0.9912 1.0601 1.0105 0.9312 0.9643 0.9768 0.9557 0.8042 0.7796 0.9330
1.0223 0.9671 1.0711 0.9063 0.9799 1.0499 0.9642 0.9693 1.0000 0.9180 0.9609 1.0816 1.0000 1.0114 1.0135 1.1610
0.9522 0.9358 0.9204 1.0000 0.9602 0.9249 1.0196 1.0706 0.9829 1.0169 1.0526 0.9839 1.0732 1.1035 1.2901 1.3134
1.4669 1.3357 1.0335 1.2356 0.9717 0.9954 1.1211 0.9678 0.9138 1.0000 1.0000 0.8982 1.0000 0.8553 0.9082 0.9263
1.4840 0.9865 1.2349 0.8996 0.7978 1.1021 1.0036 0.9695 1.0677 1.0444 0.9302 0.9968 0.8928 0.8904 0.9869 1.1629
1.1728 1.1363 1.1752 1.2114 0.9862 1.0541 0.9623 0.9339 0.9699 0.9684 0.8963 0.7886 0.8079 0.7597 0.5316 0.5107
1.2629 0.9274 1.0000 0.9358 1.1427 1.0927 0.9216 1.0071 0.9784 1.0242 0.9371 1.0688 0.8891 1.0666 0.9933 1.0677
0.7074 0.7555 0.9830 0.9870 1.0941 1.0091 0.9839 0.9306 0.9167 1.0942 0.9811 0.9731 1.0498 0.9931 1.0054 1.2149
1.0474 0.8626 0.8962 0.9586 0.8324 0.9265 0.8732 0.9057 1.0000 1.1295 0.9291 0.9276 1.1517 1.2710 1.3576 1.6385
1.0229 1.0719 0.8725 1.0473 0.8814 0.9604 0.9456 0.9993 1.1122 0.9028 1.0064 1.0330 0.9485 1.0509 0.5458 1.0890
1.1998 1.0155 0.9262 0.9897 1.0012 1.0377 1.0851 1.0161 1.0045 0.8917 1.0378 0.9422 1.0387 0.9384 0.9652 1.0657
