1.3664 1.2030 1.0556 1.0847 0.9877 0.9436 1.0528 0.8954 1.0975 1.1307 0.8410 0.8466 0.9250 0.8300 0.8017 0.9309
1.0000 1.0924 1.3225 1.2707 1.1329 1.0054 1.0843 0.9656 0.8873 0.9254 0.8742 0.8620 0.8776 0.9074 0.8175 1.0000
1.0221 0.8976 0.9278 1.1580 0.8364 0.9457 1.0000 0.9401 0.9814 1.0504 0.9720 0.9618 1.0485 1.1722 1.0524 1.2583
1.3303 1.2243 1.1684 1.1362 1.0031 1.0672 1.0791 0.9051 0.9574 0.8872 0.9092 0.9419 0.8114 0.9290 0.7844 0.9741
1.2578 0.9544 0.9092 1.0184 0.9430 0.9938 0.9724 0.8927 0.9865 1.0606 0.9640 1.1002 0.8886 1.1156 1.0482 1.3110
1.2213 1.1088 1.0182 1.1384 0.9940 1.0806 1.0604 0.9545 0.9092 1.0158 0.9751 0.8459 0.8659 0.8369 0.9948 0.9587
1.2087 1.1180 1.0463 1.0142 0.9567 0.9524 1.0285 0.9537 0.9015 1.0410 0.9597 0.8495 0.9714 1.0549 1.0000 1.0388
1.3620 1.2313 1.1466 1.0901 1.1069 1.0922 1.0610 1.0005 1.0854 0.8993 0.9059 0.8326 0.8116 0.7743 0.7768 0.8147
0.6686 0.6968 0.8690 0.7530 0.9511 0.9634 0.8387 1.0333 1.0348 0.9028 1.0636 0.9863 1.2115 1.0170 1.2004 1.2423
1.1346 0.9886 0.9818 1.1108 1.0016 0.9707 0.9398 1.1560 0.8746 0.8887 0.9244 0.8942 1.0169 0.9817 1.0887 1.0943
0.6655 0.7273 0.8843 0.8020 0.9537 0.9712 0.9005 1.0504 1.0095 0.9545 1.0740 0.9156 1.2232 1.0918 0.9678 1.3145
1.2852 1.1457 1.1971 1.2231 1.0924 1.1187 1.1250 0.9664 0.9937 0.8751 0.8396 0.8883 0.8548 0.7841 0.8287 0.7905
1.0109 0.8305 0.8291 0.9280 0.8746 0.9137 0.8217 1.0518 0.9431 1.1217 1.1955 0.9998 1.0788 1.1786 1.1277 1.5208
1.2222 1.0926 1.1233 1.0238 0.8505 0.9736 1.0334 1.0443 0.9570 0.8846 0.9378 0.8738 0.9889 0.8690 1.0106 1.0653
1.1668 1.1472 0.9343 0.9053 1.0365 1.0470 0.9726 1.0670 1.0018 0.9420 0.9670 0.9871 0.9732 0.8168 0.7871 0.9277
1.0324 0.9463 1.0424 0.9041 0.9964 1.0512 0.9775 0.9970 1.0000 0.9064 0.9344 1.1093 1.0000 0.9951 1.0004 1.1592
0.9411 0.9320 0.9049 1.0000 0.9716 0.9238 1.0441 1.0958 0.9958 1.0281 1.0622 0.9892 1.0263 1.0925 1.2423 1.2487
1.4652 1.3356 1.0346 1.2467 0.9727 1.0028 1.1283 0.9510 0.9030 1.0000 1.0000 0.9005 1.0000 0.8449 0.9017 0.9087
1.5111 1.0131 1.1785 0.9322 0.7905 1.1012 1.0105 0.9854 1.0860 1.0278 0.9297 1.0000 0.8898 0.8749 0.9766 1.1571
1.1552 1.1246 1.1606 1.2064 0.9805 1.0452 0.9456 0.9295 1.0002 1.0501 0.9112 0.8059 0.8286 0.7699 0.5307 0.5156
1.2387 0.9680 1.0000 0.9375 1.0830 1.0334 0.9127 1.0145 0.9635 1.0381 0.9216 1.0657 0.9195 1.0717 1.0203 1.1331
0.7750 0.7506 1.0079 0.9925 1.1182 1.0356 0.9882 0.9775 0.9253 1.0704 0.9684 0.9664 1.0109 0.9726 0.9653 1.1944
1.0383 0.8616 0.9096 0.9541 0.8439 0.9233 0.8698 0.9170 1.0000 1.1384 0.9519 0.9503 1.1531 1.2711 1.3383 1.6835
1.0522 1.1037 0.9009 1.0697 0.8975 0.9915 0.9426 0.9877 1.0881 0.8899 1.0012 1.0327 0.9305 1.0133 0.5458 1.0447
1.1417 0.9437 0.9201 0.9607 0.9777 0.9811 1.0605 1.0014 0.9975 0.8787 1.0289 0.9688 1.0950 0.9714 1.0172 1.1430
