0.7628 0.8106 0.8888 0.9089 1.0363 1.0962 1.0415 1.1581 1.1349 1.1433 1.0178 0.9652 1.0621 1.0235 0.8625 0.8732
0.8717 0.8716 0.9920 1.0708 1.1159 1.2524 1.2078 0.9296 0.9659 0.9130 1.0863 0.9818 0.9411 0.8475 0.9894 0.7735
0.6615 0.7425 0.9148 0.9351 0.9626 1.0946 1.1032 1.0617 1.0527 1.2145 1.0075 0.9765 0.9155 0.9278 0.9188 0.7212
0.6668 0.7438 0.8694 0.9745 0.9735 1.0828 1.0924 1.0217 0.9647 1.1405 1.1147 0.9903 1.0493 0.8966 0.9516 0.7730
0.7480 0.8007 0.8384 0.9294 1.0000 1.0349 1.0963 1.0466 1.1319 1.2061 1.0150 1.0292 0.9516 1.0439 0.9668 0.8711
0.8428 0.8827 0.8952 0.9572 1.1514 1.0963 1.1773 1.0632 1.1481 1.0869 1.0424 1.0083 0.9857 0.9223 0.8648 0.8803
0.7335 0.8311 0.8894 0.9548 1.0446 1.0379 1.1261 1.1265 1.0953 1.0618 1.0876 1.0423 0.9722 0.9092 0.8442 0.9736
0.8927 0.8110 0.8745 0.9644 1.0000 1.0878 1.1835 1.0976 1.0797 1.0418 1.1269 1.0842 1.0330 0.9341 0.8681 0.9216
0.8150 0.8821 0.8738 0.8986 1.0312 1.0311 1.1482 1.0318 1.0750 1.0962 1.0288 1.0739 0.9824 1.0290 0.8905 0.8538
0.6759 0.7653 0.8719 0.9945 1.0235 1.0259 1.0510 1.1227 0.9605 0.9991 1.1333 0.9340 0.9040 0.9776 1.0165 1.0329
0.7224 0.6637 0.7635 0.8259 0.9631 1.0430 1.1421 1.0296 0.9864 1.0477 0.9901 0.9611 1.0334 0.9896 0.8818 0.9966
0.7466 0.8573 0.8961 0.9835 1.1785 1.1547 1.1241 0.8689 1.0083 1.2289 1.0739 0.9852 0.9550 1.0000 1.0000 0.6964
0.9601 0.8935 0.9309 1.0118 1.1456 1.1014 1.1558 1.0041 1.1177 1.0266 1.0806 1.0122 1.0009 0.8480 0.8179 0.9568
0.9399 0.9315 0.9955 1.0334 0.9970 1.1073 1.1559 1.1194 1.0724 1.0327 1.1341 0.9217 0.9397 1.0000 0.8241 0.7920
0.6790 0.7525 0.8637 0.9060 1.0200 1.2039 1.1026 1.0761 1.0560 1.0485 1.0532 1.0841 0.9717 0.8600 0.9118 0.8479
0.6976 0.8020 0.9066 0.9815 0.9654 1.0236 1.0905 1.0338 1.0746 0.9898 1.0022 1.0708 1.0152 0.9894 0.9593 0.8991
0.8937 0.7673 0.8667 0.8828 1.0465 1.1727 0.9715 1.1682 1.1253 1.1591 1.0384 1.0370 1.1069 0.9420 0.8838 0.9378
0.7000 0.7988 0.7900 0.8290 1.0006 0.9855 1.1239 0.9912 0.9989 1.1057 1.0875 1.0465 1.0046 1.0197 0.9296 0.9457
0.6911 1.0000 0.9014 0.9152 0.9778 1.1294 1.1375 1.0242 1.0656 1.1477 1.0830 0.9027 0.9983 0.9038 0.8926 0.9179
0.8197 0.8042 0.9452 0.8614 1.0593 1.1476 1.0017 1.0692 1.0520 1.1511 1.0192 1.1283 1.0000 0.9639 0.9866 0.9488
0.8762 0.8944 0.9111 0.9626 0.9276 1.0865 1.0523 1.0273 1.0287 0.9330 1.0333 1.1381 1.0109 1.0084 1.0414 0.9786
0.6135 0.7734 0.9213 0.9967 1.0000 1.0533 1.0396 1.0358 1.0052 1.0852 1.0144 1.0756 1.0047 0.9219 1.0000 0.8367
0.8472 0.7896 0.9798 0.9498 1.0461 1.1417 1.1388 0.9422 1.0634 1.1290 1.1559 1.0422 1.0509 0.9284 0.8982 0.8512
0.7763 0.7970 0.8907 0.9580 1.2269 1.0000 1.0685 1.1780 1.0746 1.0297 1.2126 0.9298 0.9353 0.9368 0.9992 0.9909
0.8169 0.9237 0.8926 0.9798 1.1078 1.1111 1.2070 1.1651 1.1682 1.1443 1.0823 0.9601 0.9650 0.8964 0.7846 0.7855
