0.7250 0.7831 0.8581 0.8739 1.0518 1.0964 1.0576 1.1833 1.1754 1.1845 1.0287 1.0278 1.0301 1.0080 0.8480 0.8454
0.8320 0.8488 0.9424 1.0162 1.0887 1.2287 1.2067 0.9879 1.0542 0.9783 1.1190 1.0222 0.9254 0.8475 0.9844 0.7669
0.6455 0.6973 0.9106 0.9100 0.9552 1.0619 1.1487 1.0818 1.0904 1.2482 1.0224 0.9475 0.8833 0.9208 0.8954 0.7290
0.6621 0.7357 0.8394 0.9684 0.9661 1.0831 1.1188 1.0372 1.0001 1.1687 1.1378 0.9717 1.0568 0.8773 0.9134 0.7520
0.7227 0.7891 0.8169 0.8992 1.0000 1.0458 1.0776 1.0158 1.1790 1.2183 1.0676 1.0288 0.9881 1.0487 0.9271 0.8121
0.8172 0.8405 0.8712 0.9293 1.1223 1.0842 1.1753 1.1453 1.1927 1.1407 1.0433 1.0444 0.9742 0.9310 0.8497 0.8435
0.7629 0.7934 0.8579 0.9392 1.0260 1.0421 1.1692 1.1652 1.1143 1.0897 1.1020 1.0412 0.9761 0.9125 0.8259 0.9333
0.8836 0.7956 0.8566 0.9500 1.0000 1.1181 1.2134 1.1424 1.1031 1.0618 1.1445 1.0746 1.0157 0.9116 0.8339 0.8881
0.8259 0.8742 0.8479 0.8774 1.0277 1.0261 1.1339 1.0255 1.0989 1.1246 1.0372 1.1071 0.9718 1.0267 0.8839 0.8466
0.6819 0.7145 0.8468 0.9628 0.9527 1.0454 1.0564 1.1169 1.0502 1.0493 1.1971 0.9960 0.9178 0.9845 0.9811 0.9655
0.7262 0.6418 0.7300 0.7783 0.9531 1.0555 1.1421 1.0506 1.0283 1.0517 1.0186 0.9552 1.0133 0.9815 0.8515 0.9745
0.7436 0.8134 0.8907 0.9636 1.1427 1.1362 1.1216 0.8818 1.0563 1.2102 1.1040 0.9807 0.9548 1.0000 1.0000 0.7224
0.9586 0.8887 0.8989 1.0194 1.1407 1.1124 1.1787 1.0483 1.1378 1.0545 1.0450 1.0195 0.9728 0.8485 0.8177 0.9212
0.9007 0.8673 0.9748 0.9958 1.0021 1.1173 1.1807 1.1507 1.1329 1.0645 1.1629 0.9409 0.9362 1.0000 0.8139 0.7759
0.6833 0.7393 0.8776 0.8918 0.9964 1.1586 1.0657 1.0614 1.0882 1.0786 1.1268 1.1612 0.9901 0.8638 0.8560 0.7699
0.6768 0.7982 0.9212 0.9720 1.0107 1.0468 1.0820 1.0493 1.0792 1.0189 1.0233 1.0598 0.9913 0.9759 0.9216 0.8502
0.8561 0.7952 0.8726 0.8959 1.0429 1.1680 1.0175 1.1682 1.1512 1.1772 1.0689 1.0326 1.0595 0.9256 0.8719 0.8809
0.7187 0.7490 0.7904 0.8007 1.0059 1.0067 1.1116 1.0145 1.0056 1.1231 1.0697 1.0347 1.0030 1.0066 0.8779 0.8648
0.7076 1.0000 0.8888 0.9154 1.0019 1.1294 1.1464 1.0977 1.0830 1.1634 1.0919 0.9129 0.9570 0.8888 0.8558 0.8693
0.8318 0.8341 0.9202 0.8486 1.0419 1.1490 0.9991 1.0815 1.0764 1.1765 1.0559 1.1385 1.0000 0.9906 0.9422 0.9120
0.8531 0.8783 0.8729 0.9659 0.9711 1.1199 1.0913 1.0572 1.0434 0.9795 1.0599 1.1181 1.0150 0.9882 0.9919 0.9312
0.6148 0.7653 0.8925 0.9671 1.0000 1.0758 1.0512 1.0840 1.0404 1.1014 1.0576 1.0326 0.9761 0.9179 1.0000 0.7980
0.8623 0.7924 0.9341 0.9274 1.0804 1.1641 1.2087 0.9831 1.0802 1.1509 1.1517 1.0087 1.0308 0.9381 0.8806 0.8150
0.7497 0.7867 0.8698 0.9382 1.2076 1.0000 1.0960 1.2158 1.1001 1.0707 1.2577 0.9569 0.9453 0.9214 0.9381 0.9465
0.8435 0.9334 0.8882 0.9720 1.0848 1.1245 1.1623 1.1811 1.1766 1.1936 1.0883 0.9768 0.9560 0.8856 0.7881 0.7259
