0.8223 0.8389 0.9075 0.9343 1.0233 1.0730 1.0395 1.1487 1.1514 1.1593 1.0310 0.9212 1.1036 1.0546 0.9016 0.8996
0.9224 0.9165 1.0224 1.0771 1.1255 1.2247 1.1875 0.9104 0.9703 0.9043 1.0785 1.0153 0.9513 0.8442 0.9698 0.7655
0.6813 0.7694 0.9405 0.9706 0.9897 1.0884 1.1284 1.0747 1.0747 1.2205 1.0060 0.9782 0.9184 0.9322 0.9026 0.7154
0.7118 0.7692 0.8852 0.9612 0.9535 1.0913 1.0946 1.0166 0.9672 1.1655 1.1299 0.9970 1.0535 0.9164 0.9476 0.7471
0.8253 0.9156 0.8965 0.9196 1.0000 1.0920 1.1091 1.0657 1.1227 1.2108 0.9963 1.0288 0.9759 1.0208 0.9388 0.8018
0.8821 0.9093 0.9239 0.9707 1.1272 1.0957 1.1425 1.0618 1.1475 1.1048 1.0625 0.9986 0.9600 0.9333 0.8450 0.8370
0.7751 0.8518 0.9058 0.9752 1.0266 1.0444 1.1235 1.1143 1.0958 1.0976 1.0864 1.0731 0.9759 0.8774 0.8213 0.9336
0.9272 0.8335 0.8928 0.9553 1.0000 1.1066 1.1764 1.0588 1.1113 1.0746 1.1428 1.0537 1.0285 0.9160 0.8181 0.9015
0.8464 0.9136 0.8710 0.8978 1.0205 1.0275 1.1695 1.0304 1.0798 1.1306 1.0521 1.0799 0.9913 1.0207 0.8841 0.8317
0.7417 0.8331 0.9370 1.0607 1.0232 1.0702 1.0664 1.1332 0.9958 1.0330 1.1369 0.9084 0.9018 0.9532 0.9778 0.9410
0.7834 0.7404 0.8241 0.8691 0.9876 1.0987 1.1716 1.0695 1.0609 1.1187 1.0470 1.0138 1.0645 1.0084 0.8862 0.9117
0.7922 0.8638 0.9040 0.9929 1.1746 1.1018 1.1196 0.8553 1.0016 1.2144 1.0733 0.9745 0.9358 1.0000 1.0000 0.6462
0.9310 0.8635 0.9281 0.9948 1.1174 1.0869 1.1031 0.9647 1.1074 0.9949 1.0607 0.9909 0.9949 0.8172 0.7853 0.9318
0.9315 0.9292 0.9400 1.0264 0.9896 1.0878 1.1212 1.0859 1.0702 1.0408 1.1081 0.9205 0.9286 1.0000 0.8191 0.7868
0.6989 0.7942 0.8832 0.9295 1.0182 1.1792 1.1033 1.0780 1.0658 1.0473 1.1033 1.1513 1.0184 0.8242 0.8885 0.7530
0.7778 0.8696 0.9448 1.0026 0.9761 1.0392 1.0932 1.0264 1.0458 1.0269 1.0271 1.0791 0.9910 0.9640 0.9170 0.8590
0.8989 0.7863 0.9056 0.8867 1.0632 1.1776 0.9665 1.1360 1.0950 1.1933 1.0149 1.0550 1.1106 0.9198 0.8794 0.8958
0.7165 0.8393 0.8405 0.8524 1.0314 1.0145 1.1262 1.0284 1.0358 1.1213 1.0965 1.0573 1.0135 1.0225 0.9492 0.9362
0.7326 1.0000 0.9228 0.9055 0.9809 1.1469 1.1241 1.0578 1.0555 1.1433 1.0832 0.9131 0.9785 0.8926 0.8998 0.8948
0.8912 0.9035 1.0046 0.8950 1.0879 1.1969 0.9985 1.0917 1.0879 1.1734 0.9932 1.1019 1.0000 0.9130 0.8853 0.7878
0.9064 0.8998 0.9160 0.9775 0.9500 1.0902 1.0519 1.0506 1.0283 0.9509 1.0542 1.1095 1.0386 1.0220 1.0134 0.8914
0.6222 0.7649 0.9056 0.9718 1.0000 1.0194 1.0101 1.0160 1.0116 1.0674 1.0106 1.0732 0.9950 0.9210 1.0000 0.7822
0.8471 0.7980 1.0050 0.9891 1.0920 1.1381 1.1509 0.9325 1.0783 1.1580 1.1342 1.0344 1.0734 0.9103 0.8719 0.8081
0.7942 0.8046 0.8999 0.9502 1.1949 1.0000 1.0579 1.1856 1.1154 1.0110 1.2126 0.9432 0.9499 0.9254 1.0048 0.9621
0.8622 0.9194 0.8843 0.9810 1.1126 1.1137 1.1685 1.1837 1.1378 1.1339 1.0649 0.9701 0.9464 0.8464 0.7053 0.6563
