1.2893 1.1666 1.1777 1.1987 1.1213 1.0547 1.1524 0.8913 1.1154 1.0791 0.8946 0.8246 0.8646 0.7048 0.7396 0.6860
1.0000 0.9755 0.9473 1.0916 1.1168 0.9703 0.9633 0.9741 0.8977 1.0942 1.0373 0.9752 1.0168 1.0888 0.8635 1.0000
1.3092 1.1769 1.1434 1.7265 1.0891 1.0793 1.0000 0.9116 1.0256 1.0455 1.0053 0.8498 0.9160 0.9249 0.8487 0.8275
1.0873 0.9053 1.0284 1.1210 1.0105 1.0032 1.0908 0.9931 1.0759 1.0665 0.9825 0.9425 0.9564 0.8738 0.9279 1.0041
1.5284 1.1557 1.0843 1.0841 0.9449 0.9557 0.9910 1.0052 0.7969 0.9010 1.0321 1.0348 0.9268 1.0061 0.9860 1.1704
0.9559 1.0490 0.8478 0.9287 0.8881 1.0445 1.1001 1.0161 0.8134 1.1899 0.9091 1.0958 0.9790 1.0045 0.9772 1.1810
1.4179 1.1577 1.1794 1.1248 1.0639 0.9064 0.9668 0.8479 0.8701 0.9910 0.9612 0.8430 0.9215 1.0448 1.0000 0.9457
1.0495 1.1963 0.8464 1.0376 1.0060 1.0756 1.1069 1.0922 1.1425 0.9640 0.9617 0.9951 0.8682 0.7885 0.8776 0.9740
0.7827 0.7594 1.0306 0.8605 0.8810 0.9913 0.8784 1.1142 1.1133 0.9655 1.1347 1.0310 1.1519 0.7885 1.2230 1.0162
0.9007 0.7823 0.8424 0.9815 0.9796 1.0142 1.0254 0.9205 0.8971 1.0798 0.9405 1.0246 1.1516 1.0447 1.1872 1.4673
0.5921 0.8215 0.9177 0.9036 0.9190 1.0535 1.0623 1.1263 1.0816 1.0298 0.8403 1.0036 1.0049 1.0895 0.9185 1.0435
1.0794 0.9728 1.0090 1.0673 0.9836 1.0739 1.1256 0.9579 1.0295 0.9526 0.9590 1.0151 0.9839 0.9730 1.0186 0.8145
1.0105 1.1245 1.0705 1.1690 1.1265 0.9450 0.9042 1.2774 0.8813 1.0365 1.1128 0.7766 0.8262 0.9214 0.8394 1.0100
0.9339 0.8351 0.9556 0.7572 0.8799 0.8995 0.8470 1.1137 0.9719 1.0787 1.0754 1.0478 1.1627 1.0514 1.1933 1.1203
1.4520 1.1311 1.0000 1.0851 1.0914 1.1320 1.0977 1.1118 0.9956 0.7532 0.8929 0.9013 0.8449 0.6263 0.6415 0.6541
0.8227 0.8942 0.9887 0.8734 0.8649 1.0017 1.0613 1.0258 1.0000 0.9279 1.0453 0.9510 1.0000 1.1770 1.2376 1.3891
1.0943 0.9060 1.0627 1.0000 0.9525 1.0144 1.0572 0.8675 1.0028 1.0994 1.0634 1.0103 0.9783 0.9192 1.0093 1.0897
1.1872 1.1923 0.8607 1.2393 0.9025 0.9743 1.1477 0.8904 0.8396 1.0000 1.0000 1.0402 1.0000 0.9130 1.0524 1.0678
1.3531 1.0198 1.4623 1.0889 0.9214 1.1748 1.0820 1.0629 1.1315 0.9024 0.9611 0.9528 0.8420 0.7584 0.7527 0.8937
0.9986 1.0373 1.1693 1.1217 0.9954 1.0263 0.9825 1.0174 1.0832 1.0153 0.9652 0.8689 0.8665 0.7907 0.5781 0.5586
1.4122 1.0845 1.0000 1.0471 1.1966 1.1441 1.0004 1.0569 1.0044 0.8155 0.9700 1.1139 0.9351 0.9875 0.9116 0.8059
0.5569 0.5816 0.9054 0.8558 0.8568 0.9801 1.0421 1.0726 1.0272 0.9749 1.0491 1.1944 1.1538 0.9285 0.9656 1.3178
1.1249 0.9296 1.0265 0.8443 0.9600 0.9957 0.9739 1.0726 1.0000 1.2789 0.9777 0.9643 0.9444 1.0343 0.8665 0.8303
0.9257 0.8567 0.7582 0.9318 0.8110 1.0053 0.8697 0.9014 1.1692 1.0596 1.0621 1.1284 1.1793 1.0588 0.5458 1.2323
1.5127 1.3186 1.0558 1.2624 1.1057 1.1146 1.2571 0.9901 0.9979 0.8113 0.9732 0.9186 0.8758 0.8119 0.7471 0.8554
