0.8298 0.8786 0.9084 0.9371 1.0496 1.1021 1.0735 1.1876 1.0611 1.1610 0.9803 1.0288 1.0597 1.0668 0.8579 0.8330
0.8632 0.9135 1.0213 1.0818 1.1393 1.2140 1.1927 0.9136 0.9555 0.9089 1.0868 0.9763 0.9805 0.8375 1.0292 0.7787
0.6911 0.7713 0.9769 0.9795 0.9897 1.1363 1.0194 1.1078 1.0253 1.2811 0.9974 0.8430 0.9442 0.9362 1.0205 0.6448
0.6589 0.7968 0.9021 0.9984 1.0047 1.0973 1.1454 1.0785 0.9155 1.0913 1.1622 0.9361 1.0134 0.8787 0.9444 0.6094
0.7409 0.8345 0.8680 0.9178 1.0000 1.0361 1.0889 1.0502 1.1539 1.2244 1.0401 0.9982 0.9989 1.0490 1.0308 0.8784
0.8770 0.8898 0.9011 0.9808 1.1467 1.0775 1.1704 0.9516 1.2105 1.1280 1.0525 1.0433 0.9950 0.9099 0.8546 0.8156
0.7255 0.8861 0.9566 0.9449 1.0720 0.9389 1.2115 1.2332 1.0620 0.9962 1.0748 1.0025 0.9707 0.9547 0.8523 0.8421
0.9402 0.8538 0.9088 0.9813 1.0000 1.0935 1.2128 1.0658 1.1084 1.0845 1.0533 1.1399 1.0440 0.8764 0.8463 0.7897
0.8437 0.9096 0.8848 0.9109 1.0532 1.0363 1.1278 1.0105 1.0883 1.1090 1.0455 1.0499 1.0082 1.0411 0.8941 0.7612
0.7222 0.7897 0.8791 1.0177 0.9958 1.0576 1.0931 1.1355 0.9812 1.0408 1.1827 0.8220 0.8461 1.0121 1.0379 1.0694
0.8064 0.7333 0.8332 0.8545 1.0325 1.1241 1.2056 1.0353 1.0340 1.1415 0.9935 1.0201 1.0703 1.0195 0.8737 0.8768
0.7911 0.8903 0.8899 1.0602 1.1657 1.1861 1.1896 0.9094 0.9459 1.1880 0.9682 0.9126 0.9051 1.0000 1.0000 0.6250
0.9401 0.9172 0.9132 1.0269 1.1292 1.0619 1.0947 0.9116 1.0729 0.9814 1.0192 0.9942 0.9994 0.8436 0.8068 0.9900
0.9233 0.9293 0.9600 1.0119 0.9759 1.0838 1.1371 1.1195 1.0452 0.9852 1.1140 0.9050 0.9586 1.0000 0.8513 0.7345
0.6695 0.7758 0.8368 0.8880 1.0034 1.1797 1.0724 1.1001 1.0309 1.0589 1.1065 1.1459 1.0449 0.8618 0.9555 0.8527
0.6944 0.8720 0.9935 1.0346 1.0242 1.0273 1.0925 0.9639 1.1040 0.9326 1.0058 1.0449 1.0613 0.9526 0.8933 0.7806
0.9036 0.7012 0.8301 0.8357 1.0564 1.1699 0.9776 1.1810 1.1148 1.1515 1.0505 1.0235 1.1616 0.9486 0.8605 0.9837
0.7194 0.8917 0.8503 0.8248 1.0588 0.9748 1.2505 1.0824 1.0288 1.1583 1.1062 0.9985 0.9334 0.8908 0.9547 0.9792
0.7140 1.0000 0.9650 0.8878 0.9556 1.1129 1.1122 0.9668 1.0793 1.1720 1.1094 0.8862 1.0160 0.8981 0.9232 0.9098
0.8488 0.8643 0.9758 0.8570 1.0700 1.1844 1.0065 1.0791 1.0496 1.1306 1.0130 1.1374 1.0000 0.9299 1.0000 0.8514
0.9453 0.9510 0.9352 0.9371 0.8820 1.1330 1.0373 1.0911 1.0630 0.9477 1.0548 1.1693 0.9964 1.0179 0.9771 0.7673
0.6522 0.8708 0.9819 1.0385 1.0000 1.1006 1.0431 1.0748 0.9715 1.0254 0.9482 1.0528 0.8975 0.8629 1.0000 0.6772
0.8417 0.8331 0.9957 0.9659 1.0658 1.1280 1.1830 0.9262 1.0482 1.1045 1.1309 1.0470 1.0599 0.9688 0.8726 0.8410
0.8335 0.8559 0.9004 0.9873 1.2747 1.0000 1.0976 1.1295 1.1013 1.0466 1.2151 0.8283 0.9439 0.9446 0.9429 0.8944
0.8410 0.9236 0.8743 0.9805 1.1107 1.0906 1.1726 1.1642 1.1280 1.1509 1.0671 0.9296 0.9804 0.8603 0.7487 0.7694
