1.3273 1.1786 1.0461 1.0788 0.9875 0.9454 1.0709 0.8919 1.1098 1.1454 0.8595 0.8520 0.9398 0.8410 0.8030 0.9351
1.0000 1.0858 1.2997 1.2627 1.1422 0.9999 1.1026 0.9726 0.8848 0.9246 0.8856 0.8669 0.8617 0.8951 0.8182 1.0000
0.9849 0.8645 0.9513 1.1248 0.8245 0.9322 1.0000 0.9523 0.9792 1.0613 0.9772 0.9603 1.0451 1.1785 1.0681 1.2695
1.3111 1.2005 1.1549 1.1365 1.0160 1.0682 1.0773 0.8934 0.9549 0.8729 0.8954 0.9596 0.8201 0.9440 0.7926 0.9840
1.2536 0.9737 0.9173 1.0381 0.9776 1.0104 0.9848 0.9012 1.0072 1.0587 0.9528 1.1024 0.8703 1.1004 1.0491 1.3084
1.2331 1.0908 1.0166 1.1575 0.9926 1.0802 1.0533 0.9621 0.9205 0.9903 1.0013 0.8562 0.8626 0.8376 1.0085 0.9419
1.1702 1.1063 1.0442 0.9868 0.9352 0.9437 1.0351 0.9727 0.9050 1.0579 0.9549 0.8489 0.9846 1.0339 1.0000 1.0605
1.3374 1.2232 1.1414 1.0970 1.1219 1.0965 1.0625 1.0164 1.0866 0.9179 0.9078 0.8319 0.8059 0.7777 0.7512 0.8020
0.6568 0.7031 0.8649 0.7350 0.9427 0.9593 0.8275 1.0279 1.0264 0.9063 1.0520 0.9768 1.2083 1.0187 1.1820 1.2072
1.1613 1.0111 1.0008 1.1313 1.0099 0.9693 0.9529 1.1813 0.8874 0.8797 0.9224 0.8716 0.9633 0.9719 1.0558 1.0518
0.6946 0.7419 0.8980 0.8030 0.9708 0.9756 0.8920 1.0379 0.9891 0.9519 1.0848 0.9295 1.2197 1.1223 0.9619 1.3161
1.2618 1.1593 1.1901 1.2033 1.0857 1.0877 1.1354 0.9657 0.9987 0.8891 0.8391 0.9028 0.8595 0.7916 0.8334 0.7928
1.0111 0.8365 0.7975 0.9148 0.8516 0.8993 0.8153 1.0418 0.9483 1.1287 1.2068 1.0317 1.1236 1.2089 1.1505 1.5618
1.2305 1.0831 1.1259 1.0526 0.8546 0.9775 1.0326 1.0195 0.9448 0.8770 0.9461 0.8705 0.9892 0.8824 1.0070 1.0778
1.1749 1.1520 0.9373 0.9029 1.0395 1.0375 0.9825 1.0567 1.0125 0.9504 0.9710 0.9805 0.9769 0.8054 0.7838 0.9484
1.0350 0.9486 1.0396 0.8961 1.0064 1.0610 0.9618 0.9994 1.0000 0.9091 0.9553 1.1059 1.0000 1.0097 0.9948 1.1462
0.9167 0.9175 0.9063 1.0000 0.9591 0.9247 1.0158 1.1020 1.0057 1.0283 1.0686 1.0113 1.0508 1.1071 1.2630 1.2719
1.4652 1.3502 1.0383 1.2682 0.9831 1.0064 1.1333 0.9474 0.9110 1.0000 1.0000 0.8895 1.0000 0.8311 0.9000 0.9001
1.4920 1.0256 1.1577 0.9062 0.7819 1.1065 1.0114 0.9735 1.0788 1.0316 0.9101 1.0144 0.9017 0.8841 1.0055 1.1849
1.1535 1.1295 1.1604 1.2140 0.9800 1.0347 0.9432 0.9233 1.0040 0.9727 0.9137 0.8168 0.7974 0.7795 0.5226 0.5168
1.1862 0.8556 1.0000 0.9280 1.0757 1.0598 0.9112 1.0219 0.9928 1.0514 0.9438 1.0904 0.9244 1.0667 1.0014 1.1079
0.7397 0.7509 0.9970 0.9756 1.1249 1.0180 0.9959 0.9651 0.9195 1.0729 0.9645 0.9794 1.0164 0.9942 0.9968 1.2060
1.0168 0.8653 0.8961 0.9658 0.8473 0.9228 0.8686 0.9325 1.0000 1.1302 0.9568 0.9575 1.1814 1.2952 1.3613 1.7162
1.0374 1.0880 0.8839 1.0535 0.9024 0.9799 0.9420 1.0163 1.1078 0.9069 0.9983 1.0357 0.9241 1.0382 0.5458 1.0403
1.0998 0.9581 0.8967 0.9313 0.9688 0.9904 1.0802 0.9958 0.9985 0.8915 1.0431 0.9751 1.0962 0.9548 1.0286 1.1461
