1.3766 1.1926 1.0218 1.1008 0.9690 0.9493 1.0751 0.8965 1.0987 1.1300 0.8415 0.8431 0.9298 0.8525 0.8112 0.9340
1.0000 1.1049 1.3417 1.2776 1.1465 0.9958 1.1014 0.9695 0.8801 0.9015 0.8650 0.8454 0.8714 0.9011 0.8296 1.0000
1.0367 0.9021 1.0465 1.1455 0.8369 0.9504 1.0000 0.9568 0.9444 1.0290 0.9467 0.9384 1.0316 1.1427 1.0554 1.2518
1.3664 1.2076 1.1831 1.1383 1.0190 1.0661 1.0829 0.9151 0.9566 0.8717 0.8951 0.9535 0.8199 0.9402 0.7918 0.9925
1.2411 0.9786 0.9056 1.0150 0.9696 1.0165 0.9683 0.8996 1.0308 1.1145 0.9747 1.0939 0.8821 1.0557 1.0303 1.2467
1.2612 1.0971 1.0231 1.1516 0.9991 1.0789 1.0618 0.9678 0.9404 0.9927 1.0024 0.8462 0.8657 0.8330 0.9824 0.9182
1.2197 1.1247 1.0600 0.9913 0.9490 0.9599 1.0189 0.9677 0.8884 1.0427 0.9709 0.8313 0.9656 1.0714 1.0000 1.0498
1.3957 1.2705 1.1800 1.1278 1.1601 1.1231 1.0637 1.0149 1.0621 0.8876 0.8741 0.8091 0.7827 0.7595 0.7270 0.7806
0.6665 0.7088 0.8874 0.7451 0.9321 0.9517 0.8269 1.0150 1.0039 0.8758 1.0188 0.9517 1.1847 1.0005 1.1730 1.2803
1.1801 1.0233 1.0180 1.0979 1.0128 0.9716 0.9437 1.1939 0.8636 0.8536 0.9201 0.8727 0.9791 0.9793 1.0555 1.0041
0.7113 0.7346 0.8833 0.8060 0.9647 0.9817 0.9022 1.0172 0.9630 0.9529 1.1114 0.9296 1.2429 1.1059 0.9632 1.3199
1.2915 1.1696 1.2027 1.2351 1.0834 1.1009 1.1285 0.9716 0.9935 0.8738 0.8298 0.8862 0.8458 0.7805 0.8177 0.7810
1.0047 0.8087 0.7956 0.8833 0.8290 0.9218 0.8433 1.0676 0.9550 1.1219 1.2084 1.0202 1.1217 1.2257 1.1760 1.5294
1.2790 1.0825 1.1590 1.0595 0.8637 1.0138 1.0441 1.0202 0.9346 0.8509 0.9243 0.8497 0.9817 0.8608 0.9989 1.0607
1.1312 1.1781 0.9343 0.9023 1.0439 1.0427 0.9963 1.0638 1.0098 0.9582 0.9630 0.9776 0.9686 0.8031 0.7897 0.9662
1.0495 0.9124 1.0174 0.9102 1.0290 1.0561 0.9743 0.9913 1.0000 0.8992 0.9212 1.1071 1.0000 0.9845 0.9807 1.1157
0.9271 0.9213 0.9143 1.0000 0.9955 0.9490 1.0196 1.1155 0.9842 1.0106 1.0391 0.9979 1.0559 1.0706 1.2403 1.2677
1.5200 1.3873 1.0839 1.2983 0.9919 1.0061 1.1393 0.9797 0.9222 1.0000 1.0000 0.8960 1.0000 0.8308 0.9041 0.8771
1.5053 0.9942 1.1653 0.9118 0.7993 1.0982 1.0250 0.9879 1.0833 1.0373 0.8984 1.0242 0.9028 0.8995 0.9855 1.1673
1.1704 1.1160 1.1617 1.2203 0.9832 1.0376 0.9510 0.9144 0.9999 1.0287 0.9050 0.8067 0.8319 0.7929 0.5260 0.5194
1.3137 1.0259 1.0000 0.9767 1.1504 1.0639 0.9291 1.0030 0.9727 0.9985 0.8721 1.0288 0.8522 1.0266 0.9219 1.0306
0.7500 0.7533 0.9896 1.0120 1.1342 1.0114 0.9888 0.9604 0.9616 1.0710 0.9578 0.9731 1.0038 0.9768 0.9816 1.1428
1.0289 0.8739 0.9128 0.9709 0.8424 0.9037 0.8587 0.9201 1.0000 1.1218 0.9426 0.9531 1.2058 1.3237 1.3993 1.7861
1.0299 1.0952 0.8941 1.0581 0.8928 0.9851 0.9661 1.0322 1.1094 0.9079 0.9926 1.0409 0.9282 1.0556 0.5458 1.0408
1.0537 0.9109 0.8650 0.8861 0.9251 0.9376 1.0411 0.9799 0.9642 0.8897 1.0236 1.0060 1.1247 0.9958 1.0694 1.2439
