0.7362 0.7729 0.8576 0.8933 1.0305 1.0957 1.0474 1.1807 1.1705 1.1858 1.0271 1.0096 1.0474 1.0172 0.8584 0.8588
0.8311 0.8564 0.9496 1.0394 1.0823 1.2473 1.2175 0.9754 1.0344 0.9678 1.1056 0.9968 0.9315 0.8633 0.9837 0.7516
0.6356 0.7054 0.9092 0.9233 0.9636 1.0896 1.1460 1.0764 1.0792 1.2349 1.0197 0.9561 0.8970 0.9073 0.8806 0.7226
0.6493 0.7430 0.8452 0.9571 0.9740 1.0718 1.1154 1.0498 1.0046 1.1597 1.1249 0.9673 1.0335 0.8789 0.9161 0.7665
0.7091 0.7779 0.8121 0.9112 1.0000 0.9875 1.0748 1.0545 1.1873 1.2482 1.0688 1.0427 0.9717 1.0490 0.9266 0.8224
0.8244 0.8464 0.8668 0.9577 1.1377 1.0846 1.1796 1.1308 1.1841 1.1126 1.0637 1.0076 0.9761 0.9230 0.8554 0.8431
0.7690 0.8082 0.8566 0.9299 1.0259 1.0425 1.1705 1.1649 1.1025 1.0881 1.0908 1.0344 0.9778 0.9264 0.8313 0.9525
0.8685 0.7944 0.8618 0.9344 1.0000 1.0961 1.2202 1.1305 1.1020 1.0816 1.1529 1.0775 1.0230 0.9370 0.8294 0.9014
0.8152 0.8749 0.8674 0.8587 1.0256 1.0159 1.1147 1.0376 1.0916 1.1123 1.0422 1.1044 0.9708 1.0466 0.8864 0.8682
0.6976 0.7546 0.8525 0.9709 0.9899 1.0200 1.0549 1.0992 0.9955 1.0861 1.1935 0.9717 0.9108 0.9901 0.9998 1.0040
0.7204 0.6539 0.7417 0.7943 0.9689 1.0557 1.1257 1.0602 1.0315 1.0725 1.0339 0.9594 1.0036 0.9652 0.8432 0.9653
0.7325 0.8204 0.9056 0.9675 1.1480 1.1553 1.1238 0.8816 1.0333 1.2251 1.0912 0.9582 0.9479 1.0000 1.0000 0.6855
0.9528 0.8982 0.9096 1.0339 1.1324 1.1199 1.1792 1.0280 1.1173 1.0720 1.0574 1.0009 0.9899 0.8505 0.8376 0.9342
0.9047 0.8993 0.9661 1.0031 0.9970 1.0977 1.1661 1.1524 1.0962 1.0686 1.1676 0.9397 0.9396 1.0000 0.8108 0.7859
0.7006 0.7319 0.8468 0.9251 0.9910 1.1526 1.0614 1.0677 1.0557 1.0723 1.1281 1.1113 1.0064 0.8699 0.8765 0.8247
0.6811 0.8064 0.9237 0.9767 0.9957 1.0418 1.1016 1.0423 1.0823 1.0047 1.0154 1.0462 0.9805 0.9827 0.9345 0.8659
0.8616 0.7993 0.8752 0.9008 1.0581 1.1686 0.9990 1.1781 1.1470 1.1706 1.0474 1.0307 1.0812 0.9179 0.8773 0.8902
0.7052 0.7417 0.7821 0.8089 1.0052 0.9995 1.1196 0.9924 0.9917 1.1137 1.0645 1.0339 1.0055 1.0207 0.8786 0.8909
0.6884 1.0000 0.8918 0.9085 0.9734 1.1168 1.1407 1.0691 1.0843 1.1731 1.0787 0.9288 0.9815 0.8939 0.8743 0.8859
0.8198 0.8105 0.9034 0.8378 1.0184 1.1571 1.0315 1.0780 1.0734 1.1910 1.0712 1.1198 1.0000 0.9944 0.9667 0.9421
0.8509 0.8963 0.8957 0.9733 0.9648 1.1172 1.0888 1.0576 1.0607 0.9749 1.0582 1.1109 1.0033 0.9674 0.9882 0.9229
0.6260 0.7661 0.8977 0.9741 1.0000 1.0821 1.0630 1.0789 1.0531 1.1017 1.0373 1.0386 0.9782 0.8944 1.0000 0.7952
0.8750 0.8013 0.9478 0.9399 1.0673 1.1571 1.1899 0.9837 1.0889 1.1241 1.1643 1.0200 1.0381 0.9346 0.8900 0.8034
0.7534 0.7920 0.8581 0.9524 1.2207 1.0000 1.0952 1.1871 1.0897 1.0689 1.2402 0.9546 0.9433 0.9459 0.9589 0.9459
0.8403 0.9256 0.8911 0.9631 1.1003 1.0916 1.1903 1.1701 1.1760 1.1890 1.0992 0.9501 0.9640 0.9115 0.7836 0.7581
