0.8316 0.8719 0.9059 0.9344 1.0504 1.1015 1.0709 1.1903 1.0675 1.1610 0.9804 1.0313 1.0608 1.0650 0.8604 0.8332
0.8643 0.9175 1.0205 1.0756 1.1346 1.2084 1.1920 0.9220 0.9574 0.9145 1.0897 0.9767 0.9819 0.8364 1.0266 0.7764
0.6945 0.7727 0.9789 0.9776 0.9853 1.1297 1.0208 1.1113 1.0289 1.2810 1.0017 0.8441 0.9471 0.9350 1.0084 0.6353
0.6620 0.7962 0.9037 0.9984 1.0007 1.0994 1.1424 1.0758 0.9190 1.0944 1.1653 0.9344 1.0126 0.8779 0.9409 0.6038
0.7463 0.8401 0.8737 0.9214 1.0000 1.0414 1.0960 1.0513 1.1625 1.2305 1.0428 0.9976 0.9969 1.0402 1.0180 0.8658
0.8766 0.8895 0.8992 0.9761 1.1461 1.0733 1.1731 0.9548 1.2146 1.1297 1.0586 1.0437 0.9977 0.9114 0.8526 0.8122
0.7266 0.8864 0.9562 0.9422 1.0704 0.9434 1.2124 1.2369 1.0630 0.9962 1.0803 1.0044 0.9689 0.9568 0.8510 0.8379
0.9393 0.8533 0.9090 0.9801 1.0000 1.0983 1.2178 1.0698 1.1143 1.0854 1.0571 1.1366 1.0452 0.8740 0.8429 0.7817
0.8443 0.9081 0.8866 0.9087 1.0511 1.0376 1.1292 1.0140 1.0895 1.1110 1.0496 1.0563 1.0016 1.0423 0.8917 0.7544
0.7184 0.7884 0.8799 1.0147 0.9941 1.0532 1.1012 1.1399 0.9811 1.0473 1.1836 0.8257 0.8485 1.0064 1.0281 1.0548
0.8056 0.7329 0.8307 0.8523 1.0297 1.1176 1.2047 1.0323 1.0383 1.1432 0.9956 1.0244 1.0754 1.0210 0.8707 0.8743
0.7937 0.8959 0.8883 1.0520 1.1642 1.1840 1.1929 0.9097 0.9454 1.1884 0.9702 0.9123 0.9051 1.0000 1.0000 0.6219
0.9449 0.9171 0.9151 1.0268 1.1233 1.0562 1.0940 0.9160 1.0751 0.9840 1.0226 0.9998 1.0016 0.8491 0.8050 0.9858
0.9261 0.9291 0.9574 1.0120 0.9807 1.0802 1.1373 1.1178 1.0478 0.9866 1.1174 0.9044 0.9619 1.0000 0.8461 0.7345
0.6659 0.7743 0.8366 0.8928 0.9944 1.1747 1.0793 1.0972 1.0350 1.0577 1.1060 1.1397 1.0505 0.8571 0.9490 0.8503
0.6942 0.8733 0.9891 1.0293 1.0209 1.0325 1.0918 0.9647 1.1036 0.9334 1.0091 1.0498 1.0605 0.9521 0.8953 0.7746
0.9034 0.7042 0.8324 0.8372 1.0563 1.1716 0.9764 1.1859 1.1181 1.1576 1.0546 1.0281 1.1617 0.9473 0.8567 0.9693
0.7220 0.8877 0.8536 0.8268 1.0571 0.9723 1.2492 1.0830 1.0304 1.1596 1.1079 1.0011 0.9322 0.8928 0.9502 0.9763
0.7142 1.0000 0.9701 0.8876 0.9512 1.1110 1.1164 0.9673 1.0804 1.1730 1.1086 0.8903 1.0174 0.8968 0.9193 0.9052
0.8516 0.8726 0.9791 0.8602 1.0729 1.1818 1.0069 1.0765 1.0516 1.1320 1.0125 1.1387 1.0000 0.9343 0.9943 0.8520
0.9454 0.9459 0.9366 0.9352 0.8829 1.1352 1.0367 1.0872 1.0664 0.9504 1.0630 1.1675 0.9983 1.0180 0.9805 0.7585
0.6546 0.8716 0.9848 1.0353 1.0000 1.1030 1.0422 1.0770 0.9717 1.0292 0.9530 1.0487 0.8954 0.8595 1.0000 0.6651
0.8507 0.8340 0.9985 0.9634 1.0665 1.1255 1.1818 0.9250 1.0476 1.1049 1.1326 1.0473 1.0657 0.9711 0.8714 0.8300
0.8286 0.8552 0.8956 0.9862 1.2757 1.0000 1.0955 1.1345 1.1048 1.0505 1.2176 0.8270 0.9471 0.9473 0.9459 0.8868
0.8425 0.9227 0.8769 0.9830 1.1126 1.0885 1.1654 1.1677 1.1225 1.1514 1.0674 0.9267 0.9806 0.8646 0.7467 0.7686
