0.7370 0.7970 0.8590 0.8821 1.0229 1.0777 1.0511 1.1696 1.1827 1.1716 1.0483 1.0143 1.0372 1.0147 0.8619 0.8641
0.8504 0.8368 0.9426 1.0319 1.0874 1.2154 1.2020 0.9949 1.0605 0.9796 1.1120 0.9979 0.9264 0.8507 0.9679 0.7465
0.6622 0.7007 0.9077 0.9094 0.9618 1.0791 1.1496 1.0733 1.0925 1.2308 1.0125 0.9742 0.9065 0.9181 0.8660 0.7148
0.6809 0.7467 0.8613 0.9647 0.9802 1.0880 1.1198 1.0385 1.0008 1.1620 1.1416 0.9586 1.0195 0.8812 0.8980 0.7453
0.7116 0.7959 0.8135 0.8854 1.0000 1.0204 1.0797 1.0897 1.1864 1.2453 1.0824 1.0213 0.9868 1.0213 0.9183 0.7896
0.8372 0.8533 0.8792 0.9559 1.1264 1.0892 1.1516 1.1438 1.1665 1.1198 1.0685 1.0193 0.9499 0.9362 0.8533 0.8410
0.7690 0.7990 0.8635 0.9389 1.0168 1.0564 1.1756 1.1706 1.1033 1.1015 1.1064 1.0678 0.9679 0.9090 0.8231 0.9072
0.8691 0.8056 0.8581 0.9527 1.0000 1.1215 1.2213 1.1179 1.0528 1.0738 1.1540 1.1108 1.0093 0.9159 0.8284 0.9029
0.8272 0.8638 0.8544 0.8805 1.0143 1.0219 1.1333 1.0403 1.0832 1.1355 1.0648 1.1053 0.9735 1.0280 0.8837 0.8317
0.6825 0.7399 0.8609 0.9500 1.0029 1.0425 1.0648 1.1073 1.0150 1.0481 1.1691 0.9885 0.9196 0.9725 0.9586 0.9539
0.7353 0.6533 0.7593 0.7954 0.9564 1.0359 1.1086 1.0476 1.0454 1.0631 1.0288 0.9717 1.0046 0.9777 0.8545 0.9567
0.7413 0.8213 0.9152 0.9752 1.1499 1.1066 1.1131 0.9051 1.0707 1.2127 1.1001 0.9578 0.9285 1.0000 1.0000 0.6802
0.9423 0.8793 0.9012 1.0177 1.1198 1.1229 1.1794 1.0571 1.1337 1.0486 1.0629 1.0243 0.9790 0.8426 0.8244 0.9216
0.9194 0.9029 0.9612 1.0017 1.0043 1.1036 1.1390 1.1435 1.1241 1.0686 1.1674 0.9407 0.9249 1.0000 0.8120 0.7787
0.7058 0.7535 0.8635 0.9134 1.0108 1.1649 1.0531 1.0744 1.0526 1.0665 1.1576 1.1366 0.9951 0.8511 0.8628 0.7672
0.6973 0.8129 0.9280 0.9917 0.9918 1.0508 1.1017 1.0536 1.0919 1.0277 1.0227 1.0601 0.9830 0.9669 0.8946 0.8354
0.8586 0.8145 0.8784 0.9113 1.0519 1.1710 1.0067 1.1757 1.1503 1.1783 1.0658 1.0274 1.0718 0.9160 0.8650 0.8565
0.7204 0.7563 0.7932 0.8057 1.0062 1.0128 1.1144 1.0184 1.0061 1.1061 1.0685 1.0435 1.0141 1.0285 0.8586 0.8758
0.7312 1.0000 0.8943 0.9234 0.9866 1.1552 1.1321 1.0949 1.0879 1.1540 1.0749 0.9168 0.9595 0.9139 0.8435 0.8689
0.8485 0.8332 0.9285 0.8762 1.0272 1.1425 1.0083 1.1015 1.0820 1.1791 1.0751 1.1068 1.0000 0.9830 0.9277 0.8964
0.8657 0.8675 0.8859 0.9800 0.9727 1.1199 1.0841 1.0638 1.0382 1.0241 1.0766 1.1353 0.9925 0.9829 0.9799 0.8606
0.6286 0.7662 0.8879 0.9568 1.0000 1.0765 1.0700 1.0846 1.0608 1.0978 1.0319 1.0264 0.9786 0.9077 1.0000 0.8120
0.8782 0.7998 0.9239 0.9295 1.0872 1.1782 1.1904 0.9879 1.1032 1.1654 1.1609 1.0145 1.0221 0.9247 0.8487 0.8048
0.7550 0.7927 0.8735 0.9234 1.2084 1.0000 1.0858 1.1946 1.1111 1.0866 1.2436 0.9618 0.9377 0.9327 0.9502 0.9324
0.8764 0.9130 0.8977 0.9772 1.0757 1.1081 1.1346 1.1764 1.1687 1.1713 1.1091 0.9974 0.9549 0.9083 0.7878 0.7699
