1.3576 1.2537 1.2917 1.2518 1.0925 0.9790 1.0888 0.9627 1.0269 1.0574 0.8759 0.8104 0.8735 0.8012 0.6584 0.6593
1.0000 0.7260 0.9049 0.9230 0.9472 0.9194 1.0538 1.0323 0.9703 1.1057 1.0750 0.9789 1.0510 1.2710 1.0730 1.0000
1.3677 1.3158 1.3356 2.0353 1.1328 1.2181 1.0000 0.9003 1.1104 1.0929 0.8450 0.7358 0.9054 0.9121 0.8219 0.7863
0.9460 0.7441 0.8229 0.9171 0.7816 0.9222 0.9558 0.9574 1.1255 1.1037 1.0333 1.0678 1.0699 1.0129 1.0751 1.5159
1.2912 1.1188 1.0440 1.0945 0.9676 1.0483 1.2743 1.1739 0.9493 1.1026 1.2459 0.9860 1.0167 0.9247 1.0408 0.9910
0.7597 0.8038 0.6805 0.8326 0.8658 0.9407 1.1915 0.9999 0.8729 1.1897 0.9900 1.2629 1.1294 1.0946 1.1386 1.3433
1.6559 1.3055 1.2757 1.2266 1.1870 0.9707 0.9997 0.8519 0.8859 0.8756 0.8458 0.7708 0.8358 0.9549 1.0000 0.8033
0.8944 0.8894 0.9125 0.9201 0.8384 1.0019 1.1098 1.1990 1.2163 1.0159 1.0068 1.0883 0.9160 0.8849 1.0124 1.1553
0.9974 0.9181 1.1602 1.0342 0.9863 1.2043 0.9987 1.1072 1.1205 0.9689 1.0520 0.9607 0.9899 0.8633 1.0164 1.1762
1.0366 0.8058 1.0449 0.8570 0.9449 0.9684 0.8802 1.0406 0.9108 1.0454 0.9484 1.0440 1.2479 1.1362 1.1957 1.6444
0.6710 1.0795 1.0941 0.9588 1.0584 1.1803 1.0793 1.1702 1.0790 0.9238 0.8373 0.8872 0.9317 0.8595 0.7771 1.2620
0.8168 0.7838 0.8748 0.9136 0.8394 0.9476 1.0139 0.9330 1.0120 1.1048 1.0991 1.1224 1.1322 1.2000 1.2297 0.9622
1.1658 1.1767 1.0872 1.2165 1.0704 1.2015 1.0991 1.4973 0.7915 1.1389 1.0730 0.7420 0.7359 0.7187 0.6849 0.7718
1.0161 0.8489 1.0057 0.7985 0.7475 0.8897 0.8500 1.0136 0.9726 1.0644 1.1182 1.0659 1.0880 1.0897 1.1781 1.1336
1.5587 1.4318 1.0777 1.1774 1.2056 1.1259 1.1457 1.0529 0.9380 0.8092 0.8545 0.7520 0.6914 0.6709 0.6298 0.6213
0.7199 1.0044 0.8856 0.8140 0.8396 0.8748 0.9391 0.9301 1.0000 0.9341 1.1350 1.1492 1.0000 1.3946 1.4456 1.5636
1.1654 0.9266 1.1880 1.0000 0.9932 1.0464 1.0736 0.9394 0.9620 0.9960 0.9380 0.9308 0.8839 0.8903 1.0359 0.9521
0.8073 0.8768 0.7572 0.9738 0.8232 0.8628 1.0547 0.9838 0.9972 1.0000 1.0000 1.2068 1.0000 1.0983 1.1047 1.1976
1.5677 1.1820 1.7400 1.2721 0.9556 1.1856 1.0727 1.0426 0.9763 0.9013 0.9507 0.8027 0.7231 0.7338 0.8379 0.8329
0.8146 0.8299 1.0220 0.9717 0.9608 0.9554 1.0482 1.0782 1.2588 1.4352 1.1479 1.0244 1.1408 1.1003 0.6886 0.6470
1.4767 1.1501 1.0000 1.0962 1.2383 1.1541 1.0556 0.9998 0.9584 0.8778 0.9282 1.0185 0.8298 0.9758 0.9373 0.9050
0.6873 0.5856 0.8493 0.6430 0.8385 0.9295 1.0208 0.9650 1.0634 1.0137 1.1166 1.3117 1.2697 1.0445 1.0859 1.4861
1.0167 1.0100 1.0788 0.9060 1.0096 1.0721 1.1555 1.1384 1.0000 1.5327 0.9914 0.8320 0.8045 0.7399 0.6119 0.7285
0.7979 0.7424 0.7528 0.7859 0.7375 0.8176 0.7470 0.9339 1.1498 1.0744 1.1572 1.1634 1.3544 1.3349 1.7823 1.6011
1.4364 1.3312 1.1394 1.2658 1.0962 1.2443 1.4082 1.1602 0.9123 0.9199 0.8812 0.9264 0.9081 0.8397 0.7623 0.8860
