1.2548 1.1744 1.1567 1.1800 1.0586 1.0056 1.0851 0.9004 1.1541 1.1109 0.8968 0.8193 0.9258 0.7537 0.7741 0.7609
1.0000 0.9850 1.0019 1.2230 1.1452 0.9922 1.0031 0.9922 0.8861 1.0095 0.9692 0.9529 0.9663 1.0244 0.8419 1.0000
1.2071 1.1075 0.9791 1.5364 1.0129 1.0535 1.0000 0.9059 1.0192 1.0627 1.0281 0.8725 0.9958 0.9252 0.9145 0.9164
1.1616 1.0099 1.0556 1.1379 1.0039 1.0944 1.1124 0.9703 1.0376 0.9576 0.9584 0.9494 0.8874 0.9031 0.8746 0.9646
1.4673 1.1222 1.0241 1.0681 0.9522 0.9514 1.0148 0.9879 0.7905 0.8677 1.0328 1.1031 0.9155 1.0014 1.0396 1.2268
1.0019 1.0959 0.9108 1.0145 0.9303 1.0618 1.1141 0.9997 0.8075 1.1478 0.9000 1.0234 0.9691 0.9474 0.9529 1.1268
1.3069 1.1414 1.1115 1.0484 0.9930 0.9040 0.9426 0.8678 0.8984 1.0453 0.9711 0.8723 0.9710 1.0711 1.0000 1.0413
1.1108 1.2031 0.9659 1.0602 1.0530 1.0928 1.0663 1.0372 1.1061 0.9232 0.9140 0.9544 0.8726 0.7959 0.8555 0.9778
0.7257 0.7630 0.9652 0.8275 0.8937 0.9710 0.8559 1.0964 1.0905 0.9428 1.1139 1.0376 1.1742 0.8197 1.2526 1.0843
0.9179 0.8283 0.8432 1.0435 0.9849 1.0110 0.9814 0.9507 0.9112 1.0108 0.9450 0.9970 1.1298 1.0591 1.1707 1.3338
0.6426 0.7827 0.9091 0.8931 0.9074 1.0141 0.9754 1.1207 1.0885 1.0110 0.9224 0.9992 1.0678 1.1050 0.9464 1.0636
1.1613 1.0373 1.0785 1.1487 1.0127 1.0936 1.1605 0.9857 1.0433 0.9361 0.8795 0.9285 0.9027 0.8823 0.9532 0.7845
1.0142 1.0494 1.0670 1.0984 1.0427 0.8776 0.8226 1.1962 0.8772 0.9892 1.0753 0.8370 0.9432 1.0820 0.9732 1.2223
0.9958 0.9135 0.9809 0.7940 0.9200 0.9413 0.8825 1.1077 0.9936 1.0271 1.0361 1.0139 1.1027 1.0208 1.1499 1.1124
1.3204 1.1339 1.0270 0.9948 1.0798 1.0733 1.0767 1.0713 0.9910 0.7780 0.9688 0.9631 0.9300 0.7104 0.6939 0.7461
0.8856 0.9554 1.0788 0.8943 0.8972 1.0597 1.0231 0.9988 1.0000 0.9345 1.0087 0.9175 1.0000 1.1011 1.1491 1.3060
1.0555 0.9330 1.0057 1.0000 0.9371 0.9825 1.0949 0.8805 1.0014 1.0667 1.0535 1.0014 0.9990 0.9703 1.0712 1.1799
1.2882 1.2498 0.9108 1.2314 0.9501 1.0130 1.1266 0.9388 0.8800 1.0000 1.0000 1.0026 1.0000 0.8904 0.9859 0.9907
1.3841 1.0100 1.3481 1.0205 0.8639 1.1619 1.0709 1.0056 1.0978 0.9645 0.9109 0.9616 0.8758 0.8562 0.8513 1.0207
1.0690 1.0588 1.1538 1.1615 1.0083 1.0444 0.9434 0.9771 1.0542 1.2540 0.9460 0.8442 0.8405 0.7646 0.5666 0.5289
1.4121 1.0063 1.0000 0.9999 1.1993 1.1018 0.9615 1.0095 0.9803 0.8185 0.9551 1.1449 0.9151 1.0773 1.0004 0.9071
0.5291 0.6301 0.9557 0.9100 0.9167 1.0133 1.0025 1.0172 0.9858 1.0221 1.0144 1.1722 1.1469 0.9363 0.9707 1.3038
1.0999 0.8784 0.9453 0.8373 0.9035 0.9334 0.9582 1.0156 1.0000 1.2217 0.9878 0.9471 1.0713 1.2017 1.0906 0.9724
0.9660 0.9045 0.7869 0.9708 0.8457 0.9699 0.8795 0.8993 1.1330 1.0035 1.0830 1.1369 1.0702 1.0663 0.5458 1.1874
1.4016 1.2337 1.0625 1.1786 1.1080 1.0917 1.1659 1.0364 1.0188 0.8610 1.0020 0.8665 0.9189 0.8388 0.7282 0.8210
