0.7530 0.8108 0.8885 0.9114 1.0378 1.0788 1.0502 1.1749 1.1343 1.1488 1.0167 0.9765 1.0453 1.0139 0.8597 0.8701
0.8648 0.8772 0.9728 1.0403 1.1119 1.2482 1.2043 0.9412 1.0059 0.9164 1.0880 0.9919 0.9266 0.8429 0.9997 0.7773
0.6649 0.7219 0.9319 0.9280 0.9560 1.0733 1.1259 1.0702 1.0715 1.2101 1.0102 0.9694 0.8981 0.9211 0.9109 0.7423
0.6822 0.7488 0.8706 0.9704 0.9563 1.0920 1.0918 1.0195 0.9814 1.1520 1.1315 0.9799 1.0294 0.9007 0.9390 0.7714
0.7558 0.7952 0.8191 0.9120 1.0000 1.0367 1.0804 1.0408 1.1511 1.2060 1.0290 1.0353 0.9649 1.0383 0.9694 0.8565
0.8505 0.8766 0.8700 0.9600 1.1456 1.0898 1.1866 1.0956 1.1674 1.0879 1.0434 1.0204 0.9857 0.9122 0.8633 0.8470
0.7480 0.8348 0.8747 0.9386 1.0479 1.0539 1.1462 1.1474 1.0861 1.0611 1.0796 1.0332 0.9728 0.9152 0.8378 0.9749
0.9011 0.8099 0.8722 0.9459 1.0000 1.0872 1.1924 1.1154 1.0929 1.0330 1.1367 1.0795 1.0293 0.9291 0.8572 0.9198
0.8206 0.8818 0.8850 0.8921 1.0370 1.0257 1.1308 1.0447 1.0649 1.0998 1.0220 1.0780 0.9771 1.0274 0.9042 0.8480
0.6987 0.7700 0.8738 1.0018 1.0084 1.0261 1.0633 1.1124 0.9746 1.0032 1.1763 0.9498 0.9131 0.9681 1.0007 1.0154
0.7221 0.6651 0.7565 0.8126 0.9584 1.0465 1.1469 1.0365 1.0010 1.0415 1.0069 0.9573 1.0273 0.9830 0.8714 0.9811
0.7510 0.8581 0.9197 0.9799 1.1565 1.1438 1.1167 0.8664 1.0363 1.2236 1.0847 0.9729 0.9513 1.0000 1.0000 0.7161
0.9643 0.9071 0.9232 1.0212 1.1403 1.1004 1.1529 1.0095 1.1095 1.0278 1.0632 1.0234 0.9970 0.8317 0.8329 0.9783
0.9334 0.9234 0.9696 1.0186 1.0042 1.1065 1.1462 1.1168 1.0708 1.0261 1.1517 0.9289 0.9593 1.0000 0.8241 0.8178
0.6805 0.7617 0.8846 0.9011 1.0236 1.1982 1.1026 1.0479 1.0361 1.0412 1.1059 1.1227 1.0104 0.8393 0.8823 0.8057
0.7327 0.8349 0.9361 1.0031 0.9860 1.0320 1.0788 1.0478 1.0642 0.9994 1.0007 1.0685 0.9988 0.9758 0.9330 0.8738
0.8999 0.7730 0.8717 0.8893 1.0378 1.1781 0.9745 1.1608 1.1310 1.1707 1.0264 1.0333 1.1132 0.9294 0.8966 0.9163
0.7088 0.7985 0.7999 0.8298 1.0126 0.9971 1.1169 0.9875 0.9949 1.1038 1.0658 1.0556 1.0192 1.0427 0.9009 0.9255
0.7005 1.0000 0.9219 0.9252 0.9759 1.1479 1.1418 1.0495 1.0531 1.1481 1.0702 0.9025 0.9844 0.8945 0.8839 0.8985
0.8475 0.8324 0.9447 0.8516 1.0623 1.1637 1.0026 1.0676 1.0395 1.1500 1.0262 1.1225 1.0000 0.9639 0.9600 0.9226
0.8790 0.8995 0.8910 0.9698 0.9409 1.1021 1.0542 1.0165 1.0214 0.9645 1.0480 1.1201 1.0092 0.9989 1.0255 0.9666
0.6206 0.7632 0.9093 0.9818 1.0000 1.0611 1.0524 1.0486 1.0283 1.0934 1.0251 1.0674 0.9854 0.9215 1.0000 0.8252
0.8362 0.7808 0.9771 0.9483 1.0593 1.1621 1.1567 0.9280 1.0622 1.1289 1.1459 1.0519 1.0364 0.9398 0.8954 0.8476
0.7832 0.8020 0.8794 0.9431 1.2305 1.0000 1.0676 1.1849 1.0797 1.0396 1.2123 0.9438 0.9382 0.9370 0.9749 0.9820
0.8434 0.9346 0.9001 0.9898 1.1023 1.1227 1.1841 1.1790 1.1590 1.1454 1.0685 0.9741 0.9577 0.8936 0.7764 0.7697
