0.7948 0.8178 0.8969 0.9149 1.0059 1.0542 1.0216 1.1473 1.1488 1.1594 1.0233 0.9518 1.1172 1.0827 0.9192 0.9429
0.8871 0.8995 1.0062 1.0603 1.0960 1.2221 1.1900 0.9405 0.9801 0.9267 1.0732 1.0348 0.9574 0.8586 0.9946 0.7959
0.6711 0.7564 0.9097 0.9455 0.9589 1.0745 1.1370 1.0563 1.0807 1.2285 1.0176 1.0015 0.9469 0.9409 0.9388 0.7405
0.6860 0.7429 0.8599 0.9434 0.9346 1.0620 1.0898 1.0144 0.9581 1.1651 1.1329 1.0173 1.0909 0.9366 0.9932 0.7789
0.8106 0.8659 0.8364 0.8818 1.0000 1.0586 1.0746 1.0476 1.1824 1.2304 1.0405 1.0551 0.9972 1.0463 0.9638 0.8350
0.8741 0.8954 0.8976 0.9653 1.1228 1.0652 1.1498 1.0711 1.1678 1.1027 1.0570 0.9950 0.9907 0.9356 0.8766 0.8373
0.7556 0.8426 0.8753 0.9401 1.0003 1.0206 1.1287 1.1270 1.0942 1.0965 1.1059 1.0560 0.9893 0.9080 0.8416 0.9728
0.9082 0.8175 0.8788 0.9269 1.0000 1.0756 1.1844 1.0780 1.1043 1.0585 1.1497 1.0780 1.0447 0.9496 0.8416 0.8988
0.8231 0.8974 0.8677 0.8841 0.9934 1.0135 1.1461 1.0299 1.0866 1.1334 1.0576 1.1035 1.0109 1.0281 0.9043 0.8508
0.7353 0.8066 0.9203 1.0214 1.0291 1.0427 1.0772 1.1518 1.0187 1.0620 1.1315 0.9309 0.9087 0.9454 0.9612 0.9113
0.7677 0.7352 0.8055 0.8575 0.9828 1.0825 1.1668 1.0601 1.0621 1.1068 1.0551 1.0245 1.0828 1.0318 0.9029 0.9600
0.7596 0.8623 0.9021 0.9999 1.1623 1.0885 1.1255 0.8491 1.0057 1.2188 1.0755 0.9948 0.9648 1.0000 1.0000 0.6718
0.9439 0.8806 0.9336 0.9977 1.1269 1.0828 1.0914 0.9865 1.1081 0.9692 1.0676 0.9855 0.9890 0.8221 0.7977 0.9287
0.9082 0.9203 0.9291 1.0219 0.9858 1.0850 1.1317 1.1017 1.0638 1.0335 1.1333 0.9231 0.9456 1.0000 0.8259 0.7948
0.7012 0.7903 0.8738 0.9268 1.0105 1.1662 1.0904 1.0771 1.0782 1.0471 1.1119 1.1622 1.0359 0.8473 0.8645 0.7605
0.7460 0.8586 0.9530 0.9990 0.9629 1.0335 1.0727 1.0257 1.0544 1.0045 1.0241 1.0949 1.0129 0.9690 0.9289 0.8656
0.8781 0.8028 0.8912 0.8827 1.0370 1.1485 0.9663 1.1276 1.1066 1.1860 1.0345 1.0378 1.1236 0.9354 0.9054 0.9070
0.7140 0.8219 0.8332 0.8475 1.0063 1.0131 1.1138 1.0269 1.0201 1.1213 1.1073 1.0653 1.0579 1.0438 0.9562 0.9449
0.7075 1.0000 0.9055 0.8879 0.9536 1.1271 1.1345 1.0629 1.0483 1.1618 1.0841 0.9180 0.9794 0.9206 0.9084 0.9222
0.9184 0.8647 0.9916 0.8933 1.0686 1.1635 0.9979 1.1103 1.0933 1.2109 1.0040 1.0992 1.0000 0.9156 0.8812 0.8047
0.8884 0.9031 0.9228 0.9690 0.9386 1.0817 1.0544 1.0438 1.0327 0.9571 1.0495 1.1242 1.0537 1.0227 1.0162 0.9062
0.6038 0.7576 0.8924 0.9603 1.0000 1.0096 1.0135 1.0137 0.9946 1.0897 1.0247 1.0792 1.0029 0.9220 1.0000 0.7842
0.8666 0.7983 1.0036 0.9457 1.0959 1.1328 1.1430 0.9367 1.0571 1.1387 1.1445 1.0378 1.0676 0.9240 0.8913 0.8368
0.7713 0.7868 0.8703 0.9170 1.1759 1.0000 1.0586 1.1904 1.0948 1.0211 1.2153 0.9627 0.9684 0.9486 1.0216 1.0006
0.8661 0.9237 0.8981 0.9682 1.0970 1.1256 1.1813 1.1989 1.1565 1.1405 1.0511 0.9470 0.9357 0.8557 0.6958 0.6251
