1.3757 1.1994 1.0230 1.1013 0.9711 0.9494 1.0720 0.8947 1.0987 1.1303 0.8403 0.8397 0.9308 0.8471 0.8104 0.9298
1.0000 1.1102 1.3416 1.2797 1.1487 0.9978 1.1009 0.9663 0.8797 0.9015 0.8563 0.8475 0.8702 0.9014 0.8327 1.0000
1.0407 0.9038 1.0808 1.1503 0.8331 0.9483 1.0000 0.9572 0.9410 1.0233 0.9368 0.9291 1.0262 1.1430 1.0486 1.2433
1.3646 1.2093 1.1835 1.1440 1.0155 1.0658 1.0818 0.9146 0.9543 0.8702 0.8940 0.9523 0.8167 0.9381 0.7892 0.9885
1.2390 0.9834 0.9097 1.0212 0.9637 1.0144 0.9687 0.9004 1.0325 1.1152 0.9579 1.0977 0.8750 1.0522 1.0297 1.2432
1.2759 1.1027 1.0302 1.1546 0.9970 1.0776 1.0637 0.9690 0.9397 0.9872 1.0010 0.8432 0.8641 0.8215 0.9749 0.9113
1.2204 1.1252 1.0622 0.9893 0.9430 0.9582 1.0184 0.9705 0.8889 1.0438 0.9731 0.8319 0.9716 1.0679 1.0000 1.0489
1.4071 1.2633 1.1827 1.1139 1.1628 1.1243 1.0566 1.0121 1.0614 0.8893 0.8731 0.8101 0.7850 0.7667 0.7341 0.7835
0.6650 0.7074 0.8854 0.7429 0.9273 0.9492 0.8243 1.0157 1.0059 0.8769 1.0217 0.9515 1.1901 1.0032 1.1780 1.2893
1.1815 1.0196 1.0202 1.0968 1.0079 0.9652 0.9414 1.1962 0.8658 0.8551 0.9226 0.8737 0.9842 0.9874 1.0635 1.0083
0.7128 0.7365 0.8823 0.8073 0.9637 0.9846 0.9025 1.0171 0.9639 0.9502 1.1113 0.9295 1.2462 1.1054 0.9593 1.3211
1.2998 1.1742 1.2033 1.2358 1.0782 1.1011 1.1306 0.9745 0.9925 0.8742 0.8302 0.8847 0.8498 0.7835 0.8169 0.7851
1.0036 0.8047 0.7936 0.8824 0.8325 0.9226 0.8417 1.0721 0.9675 1.1195 1.2002 1.0095 1.1143 1.2218 1.1724 1.5152
1.2925 1.0880 1.1638 1.0600 0.8631 1.0138 1.0442 1.0177 0.9337 0.8506 0.9217 0.8494 0.9798 0.8629 1.0043 1.0667
1.1347 1.1757 0.9319 0.9010 1.0456 1.0446 0.9996 1.0651 1.0088 0.9587 0.9648 0.9803 0.9717 0.8063 0.7852 0.9703
1.0548 0.9181 1.0180 0.9092 1.0338 1.0573 0.9723 0.9890 1.0000 0.8944 0.9212 1.1047 1.0000 0.9801 0.9756 1.1138
0.9177 0.9230 0.9170 1.0000 0.9939 0.9514 1.0232 1.1123 0.9835 1.0118 1.0360 1.0009 1.0555 1.0742 1.2433 1.2717
1.5300 1.3883 1.0805 1.2962 0.9917 1.0021 1.1337 0.9820 0.9208 1.0000 1.0000 0.8977 1.0000 0.8331 0.9088 0.8767
1.5104 1.0019 1.1728 0.9201 0.8041 1.0987 1.0247 0.9874 1.0877 1.0366 0.9012 1.0220 0.8999 0.8976 0.9806 1.1592
1.1698 1.1180 1.1656 1.2195 0.9824 1.0369 0.9508 0.9147 0.9992 1.0287 0.9043 0.8037 0.8288 0.7926 0.5252 0.5167
1.3084 1.0275 1.0000 0.9727 1.1522 1.0587 0.9188 0.9986 0.9709 0.9997 0.8718 1.0227 0.8636 1.0451 0.9420 1.0640
0.7572 0.7563 0.9987 1.0120 1.1446 1.0117 0.9850 0.9608 0.9485 1.0753 0.9590 0.9759 1.0008 0.9698 0.9819 1.1482
1.0321 0.8702 0.9141 0.9733 0.8400 0.9076 0.8594 0.9215 1.0000 1.1271 0.9475 0.9643 1.2103 1.3256 1.4082 1.7995
1.0315 1.0945 0.8943 1.0606 0.8919 0.9856 0.9661 1.0303 1.1094 0.9072 0.9920 1.0398 0.9297 1.0539 0.5458 1.0387
1.0442 0.9062 0.8581 0.8801 0.9229 0.9358 1.0451 0.9787 0.9651 0.8875 1.0242 1.0103 1.1243 1.0029 1.0793 1.2552
