1.3223 1.1886 1.0559 1.0983 0.9913 0.9588 1.0861 0.8895 1.1294 1.1396 0.8708 0.8407 0.9396 0.8109 0.7975 0.8936
1.0000 1.0873 1.2678 1.2506 1.1384 1.0138 1.0577 0.9820 0.8786 0.9308 0.8911 0.8840 0.8917 0.9099 0.8173 1.0000
1.0659 0.9229 0.9121 1.2373 0.8725 0.9858 1.0000 0.9559 1.0001 1.0473 0.9566 0.9265 1.0352 1.0938 1.0656 1.1824
1.2958 1.1584 1.1417 1.1257 0.9996 1.0538 1.0934 0.8847 0.9960 0.8992 0.9187 0.9621 0.8344 0.9561 0.8102 0.9657
1.3164 0.9925 0.9272 1.0313 0.9514 0.9706 0.9748 0.8889 0.9296 1.0258 1.0019 1.1045 0.9035 1.0878 1.0756 1.3171
1.1463 1.0596 0.9943 1.0837 0.9677 1.0667 1.0698 0.9846 0.9077 1.0523 0.9718 0.8956 0.8968 0.8827 1.0175 0.9962
1.1935 1.0871 1.0559 0.9940 0.9511 0.9451 1.0207 0.9682 0.8903 1.0623 0.9688 0.8349 0.9881 1.0815 1.0000 1.0190
1.3385 1.2333 1.1428 1.0833 1.1213 1.0850 1.0532 0.9972 1.0830 0.8871 0.9065 0.8372 0.8042 0.7890 0.7814 0.8453
0.6639 0.7113 0.8907 0.7524 0.9436 0.9691 0.8435 1.0321 1.0480 0.9134 1.0598 1.0081 1.2164 0.9894 1.2174 1.1930
1.0981 0.9692 0.9492 1.0780 1.0017 0.9654 0.9525 1.1422 0.8718 0.8942 0.9360 0.8935 1.0194 1.0053 1.1321 1.1384
0.6527 0.7326 0.8977 0.8221 0.9633 0.9884 0.9265 1.0063 0.9743 0.9675 1.0805 0.9233 1.1994 1.1087 0.9869 1.2146
1.2364 1.1190 1.1568 1.1952 1.0557 1.0748 1.1127 0.9849 1.0372 0.8591 0.8740 0.8955 0.8661 0.8318 0.8782 0.8235
0.9986 0.8722 0.8432 0.9273 0.8723 0.8911 0.7964 1.1057 0.9421 1.0780 1.1860 0.9938 1.0762 1.1864 1.1233 1.4936
1.1307 1.0368 1.0910 0.9538 0.8534 0.9750 0.9941 1.0566 0.9579 0.9282 0.9793 0.8958 1.0360 0.9078 1.0576 1.1127
1.2418 1.1706 0.9541 0.9261 1.0480 1.0705 1.0084 1.0398 1.0024 0.8878 0.9549 0.9619 0.9660 0.7792 0.7696 0.8917
1.0099 0.9572 1.0576 0.9048 0.9972 1.0407 0.9744 1.0001 1.0000 0.8915 0.9521 1.0404 1.0000 1.0151 1.0431 1.1916
0.9513 0.9525 0.9321 1.0000 0.9873 0.9333 1.0167 1.0457 0.9909 1.0190 1.0368 1.0029 1.0469 1.0714 1.2547 1.2701
1.4454 1.3701 1.0402 1.2483 0.9559 0.9792 1.1272 0.9615 0.9020 1.0000 1.0000 0.9100 1.0000 0.8410 0.9295 0.9279
1.4564 1.0366 1.1955 0.9377 0.8169 1.1065 1.0208 0.9728 1.0733 1.0178 0.9240 1.0130 0.8930 0.8731 0.9552 1.1376
1.1688 1.1040 1.1455 1.2166 0.9834 1.0365 0.9415 0.9504 0.9878 1.0060 0.9269 0.8089 0.7932 0.7708 0.5395 0.5087
1.2968 0.9483 1.0000 0.9530 1.1200 1.0661 0.9296 1.0190 0.9953 0.9943 0.9419 1.0530 0.9065 1.0760 0.9810 1.0134
0.6520 0.7122 0.9609 0.9890 1.0660 1.0063 0.9892 0.9740 0.9569 1.0952 0.9350 1.0312 1.0325 0.9826 0.9894 1.2348
1.0519 0.8824 0.9248 0.9509 0.8403 0.9181 0.8742 0.9392 1.0000 1.1112 0.9403 0.9372 1.1527 1.2653 1.2834 1.5045
1.0509 1.0441 0.8729 1.0395 0.8833 0.9678 0.9418 0.9861 1.1024 0.9382 1.0065 1.0437 0.9606 1.0295 0.5458 1.0751
1.2754 1.0820 1.0008 1.0622 1.0740 1.0266 1.0889 1.0051 1.0253 0.8788 1.0185 0.8991 1.0018 0.8920 0.9034 0.9771
