0.7194 0.7731 0.8593 0.8926 1.0140 1.0976 1.0394 1.1669 1.1676 1.1798 1.0203 1.0204 1.0292 1.0212 0.8537 0.8803
0.8266 0.8382 0.9506 1.0385 1.0937 1.2467 1.2187 0.9659 1.0288 0.9594 1.1029 0.9926 0.9269 0.8551 0.9907 0.7677
0.6474 0.7050 0.9025 0.9159 0.9505 1.0862 1.1265 1.0755 1.0844 1.2443 1.0131 0.9699 0.9041 0.9073 0.8950 0.7265
0.6475 0.7282 0.8366 0.9593 0.9762 1.0652 1.1113 1.0508 0.9970 1.1671 1.1283 0.9801 1.0439 0.8814 0.9251 0.7607
0.7032 0.7667 0.7905 0.8854 1.0000 1.0070 1.0731 1.0489 1.1897 1.2364 1.0551 1.0435 0.9672 1.0333 0.9431 0.8624
0.8104 0.8377 0.8626 0.9485 1.1270 1.0876 1.1806 1.1264 1.1818 1.1092 1.0637 1.0332 0.9741 0.9324 0.8639 0.8625
0.7360 0.7965 0.8454 0.9246 1.0266 1.0350 1.1837 1.1502 1.1083 1.0968 1.0993 1.0490 0.9833 0.9229 0.8315 0.9438
0.8644 0.8003 0.8545 0.9309 1.0000 1.0918 1.2011 1.1263 1.1106 1.0782 1.1417 1.0817 1.0262 0.9285 0.8512 0.9171
0.7993 0.8618 0.8495 0.8675 1.0084 1.0242 1.1274 1.0381 1.1008 1.1294 1.0516 1.1068 0.9799 1.0346 0.9015 0.8448
0.6858 0.7394 0.8255 0.9542 0.9838 1.0268 1.0494 1.1174 0.9938 1.0475 1.1841 0.9720 0.9155 0.9869 1.0006 0.9992
0.7219 0.6559 0.7391 0.7994 0.9580 1.0388 1.1302 1.0371 1.0387 1.0720 1.0264 0.9646 1.0135 0.9760 0.8667 0.9401
0.7331 0.8246 0.9182 0.9852 1.1593 1.1387 1.1239 0.8841 1.0507 1.2306 1.0906 0.9727 0.9557 1.0000 1.0000 0.7228
0.9137 0.8729 0.8923 1.0177 1.1384 1.1205 1.1782 1.0322 1.1303 1.0677 1.0742 1.0197 0.9931 0.8299 0.8393 0.9488
0.8959 0.8958 0.9542 0.9973 0.9965 1.0953 1.1744 1.1405 1.1145 1.0691 1.1589 0.9451 0.9362 1.0000 0.8304 0.7971
0.6802 0.7215 0.8259 0.8950 0.9794 1.1569 1.0903 1.0717 1.0710 1.0926 1.1126 1.1362 1.0072 0.8684 0.8838 0.7926
0.6762 0.8084 0.9213 0.9927 0.9716 1.0372 1.0865 1.0489 1.0917 1.0185 1.0049 1.0667 0.9927 0.9678 0.9304 0.8683
0.8692 0.7808 0.8536 0.8858 1.0401 1.1668 0.9836 1.1759 1.1469 1.1810 1.0615 1.0222 1.1012 0.9294 0.8947 0.9082
0.6922 0.7586 0.7804 0.8067 1.0083 1.0161 1.1082 1.0001 1.0063 1.1154 1.0925 1.0709 1.0267 1.0265 0.8829 0.8917
0.6811 1.0000 0.8959 0.9217 0.9579 1.1304 1.1386 1.0637 1.0717 1.1650 1.0876 0.9131 0.9913 0.9004 0.8735 0.8941
0.8350 0.8139 0.9031 0.8285 1.0204 1.1470 1.0085 1.0748 1.0891 1.1982 1.0643 1.1129 1.0000 0.9766 0.9569 0.9210
0.8584 0.8774 0.8870 0.9686 0.9496 1.0896 1.0839 1.0579 1.0539 0.9757 1.0609 1.1099 1.0116 0.9633 0.9961 0.9488
0.6423 0.7745 0.8972 0.9606 1.0000 1.0629 1.0638 1.0787 1.0440 1.1002 1.0375 1.0571 0.9955 0.9010 1.0000 0.7993
0.8663 0.7877 0.9383 0.9391 1.0751 1.1540 1.1832 0.9727 1.0756 1.1262 1.1626 1.0076 1.0255 0.9330 0.8927 0.8266
0.7556 0.7853 0.8680 0.9333 1.2021 1.0000 1.0918 1.2020 1.1122 1.0829 1.2337 0.9442 0.9423 0.9291 0.9578 0.9585
0.8351 0.9213 0.8796 0.9676 1.0791 1.0999 1.1833 1.1778 1.2013 1.1890 1.1057 0.9875 0.9527 0.8921 0.7653 0.7491
