1.3682 1.1872 1.0323 1.0828 0.9707 0.9407 1.0502 0.8982 1.0956 1.1387 0.8359 0.8458 0.9380 0.8695 0.8285 0.9453
1.0000 1.0919 1.3388 1.2751 1.1258 0.9887 1.1005 0.9529 0.8726 0.9099 0.8502 0.8448 0.8651 0.9006 0.8536 1.0000
1.0630 0.9207 0.8454 1.2041 0.8612 0.9680 1.0000 0.9501 0.9895 1.0334 0.9369 0.9495 1.0422 1.2030 1.0933 1.2566
1.3605 1.2180 1.1711 1.1432 1.0102 1.0617 1.0938 0.9185 0.9570 0.8661 0.8978 0.9452 0.8123 0.9309 0.7855 1.0075
1.2217 0.9830 0.8932 1.0191 0.9571 1.0267 0.9895 0.9065 1.0548 1.1199 0.8967 1.0718 0.9014 1.0708 1.0427 1.2618
1.2507 1.0581 1.0019 1.1488 0.9816 1.0649 1.0590 0.9580 0.9467 0.9886 1.0082 0.8567 0.8548 0.8313 1.0172 0.9660
1.2150 1.1008 1.0612 0.9939 0.9670 0.9564 1.0234 0.9653 0.8854 1.0304 0.9612 0.8264 0.9767 1.0636 1.0000 1.0801
1.3747 1.2289 1.1841 1.1161 1.1323 1.1218 1.0516 1.0125 1.0557 0.9065 0.8913 0.8131 0.7888 0.7839 0.7556 0.8075
0.6418 0.6883 0.8639 0.7295 0.9361 0.9458 0.8163 1.0065 0.9962 0.8727 1.0114 0.9445 1.1811 1.0207 1.1837 1.2735
1.1791 1.0175 1.0183 1.0990 1.0083 0.9733 0.9432 1.2159 0.8743 0.8626 0.9380 0.8798 0.9918 0.9753 1.0612 1.0215
0.7204 0.7475 0.9114 0.8063 0.9826 0.9901 0.8939 1.0141 0.9648 0.9519 1.1015 0.9038 1.2619 1.0906 0.9432 1.3336
1.2832 1.1365 1.1877 1.2171 1.0841 1.1081 1.1380 0.9667 1.0154 0.8821 0.8401 0.8748 0.8443 0.8037 0.8381 0.8021
1.0030 0.7866 0.7821 0.8700 0.8313 0.9136 0.8416 1.0517 0.9665 1.1046 1.1922 1.0137 1.1270 1.2282 1.2212 1.5455
1.2804 1.0820 1.1166 1.0485 0.8432 1.0050 1.0510 1.0128 0.9492 0.8559 0.9150 0.8591 0.9808 0.8615 1.0255 1.0876
1.1346 1.1765 0.9291 0.9140 1.0599 1.0263 0.9863 1.0644 1.0096 0.9692 0.9446 0.9783 0.9744 0.8109 0.9122 0.9901
1.0691 0.8886 1.0858 0.9045 1.0065 1.0491 0.9652 0.9869 1.0000 0.9042 0.9212 1.1013 1.0000 0.9900 0.9811 1.1219
0.9260 0.9209 0.9209 1.0000 1.0023 0.9213 1.0483 1.1394 1.0289 0.9844 1.0387 0.9763 1.0352 1.0670 1.2560 1.2460
1.5013 1.3747 1.0599 1.2885 0.9715 0.9899 1.1285 0.9849 0.9142 1.0000 1.0000 0.8982 1.0000 0.8570 0.9306 0.9056
1.5155 0.9959 1.1556 0.9063 0.7891 1.1133 1.0018 0.9816 1.0841 1.0463 0.9379 1.0054 0.9151 0.9004 1.0133 1.1802
1.1559 1.1256 1.1601 1.2174 0.9808 1.0502 0.9442 0.9081 1.0017 1.0287 0.9026 0.8091 0.8539 0.8046 0.5404 0.5478
1.1618 0.9737 1.0000 0.9410 1.1107 1.0487 0.9332 1.0112 0.9681 1.0295 0.9051 1.0323 0.9157 1.0582 0.9662 1.0894
0.7848 0.7800 1.0003 1.0081 1.1072 1.0044 0.9872 0.9531 0.9443 1.0659 0.9463 0.9937 0.9956 0.9837 0.9729 1.1714
1.0652 0.9032 0.9134 0.9877 0.8546 0.9203 0.8704 0.9110 1.0000 1.0934 0.9432 0.9817 1.1852 1.3609 1.4487 1.8730
1.0513 1.1142 0.9086 1.0630 0.9009 0.9922 0.9686 1.0309 1.0996 0.8812 0.9735 1.0117 0.9035 1.0342 0.5458 1.0544
1.0455 0.8975 0.8527 0.8846 0.9060 0.9323 1.0034 0.9857 0.9596 0.8869 1.0157 1.0325 1.1422 1.0185 1.1018 1.2541
