0.7394 0.7958 0.8670 0.8885 1.0342 1.0797 1.0505 1.1721 1.1433 1.1727 1.0195 0.9962 1.0428 1.0222 0.8665 0.8666
0.8528 0.8594 0.9757 1.0397 1.0961 1.2413 1.2202 0.9651 1.0067 0.9305 1.0964 0.9932 0.9250 0.8439 0.9830 0.7628
0.6571 0.7151 0.9195 0.9342 0.9597 1.0848 1.1259 1.0744 1.0681 1.2219 0.9981 0.9687 0.9049 0.9127 0.9034 0.7204
0.6693 0.7480 0.8565 0.9741 0.9782 1.0910 1.0997 1.0195 0.9763 1.1585 1.1270 0.9707 1.0370 0.8945 0.9416 0.7568
0.7354 0.7800 0.8211 0.9118 1.0000 1.0368 1.1147 1.0587 1.1749 1.2110 1.0219 1.0378 0.9635 1.0328 0.9528 0.8354
0.8436 0.8705 0.8650 0.9486 1.1402 1.0944 1.1886 1.0956 1.1656 1.0969 1.0420 1.0271 0.9786 0.9332 0.8574 0.8588
0.7586 0.8088 0.8660 0.9350 1.0381 1.0250 1.1517 1.1618 1.0959 1.0732 1.0872 1.0503 0.9922 0.9156 0.8438 0.9575
0.8957 0.8051 0.8724 0.9498 1.0000 1.0980 1.1961 1.0959 1.0801 1.0551 1.1466 1.0902 1.0321 0.9179 0.8496 0.9180
0.8148 0.8637 0.8596 0.8760 1.0193 1.0245 1.1443 1.0537 1.0735 1.1071 1.0411 1.0962 0.9820 1.0215 0.9130 0.8431
0.6903 0.7568 0.8606 0.9691 1.0160 1.0274 1.0555 1.1105 0.9866 1.0303 1.1681 0.9454 0.9172 0.9626 1.0098 1.0107
0.7209 0.6571 0.7460 0.8031 0.9446 1.0505 1.1544 1.0294 1.0057 1.0535 1.0221 0.9617 1.0231 0.9799 0.8535 0.9740
0.7477 0.8473 0.9189 0.9931 1.1706 1.1535 1.1425 0.8798 1.0198 1.2307 1.0659 0.9545 0.9402 1.0000 1.0000 0.6914
0.9348 0.9071 0.9094 1.0124 1.1366 1.1076 1.1615 1.0183 1.1165 1.0274 1.0687 1.0229 0.9930 0.8509 0.8356 0.9770
0.9108 0.9079 0.9692 1.0178 0.9872 1.0921 1.1645 1.1398 1.0856 1.0389 1.1441 0.9430 0.9548 1.0000 0.8471 0.7927
0.6866 0.7484 0.8716 0.9091 1.0019 1.2005 1.0945 1.0536 1.0411 1.0551 1.0959 1.1156 0.9884 0.8511 0.9009 0.8198
0.7032 0.8119 0.9198 1.0012 0.9827 1.0401 1.0844 1.0523 1.0845 1.0009 1.0010 1.0707 1.0018 0.9722 0.9213 0.8669
0.8831 0.7609 0.8732 0.8828 1.0329 1.1726 0.9932 1.1717 1.1360 1.1718 1.0583 1.0309 1.1053 0.9255 0.8859 0.9180
0.6963 0.7840 0.7983 0.8271 1.0053 0.9891 1.1255 1.0019 0.9896 1.1060 1.0869 1.0655 1.0254 1.0227 0.8927 0.9145
0.6839 1.0000 0.9009 0.9209 0.9883 1.1377 1.1223 1.0455 1.0612 1.1690 1.0840 0.9088 0.9907 0.8854 0.8796 0.9053
0.8281 0.8185 0.9236 0.8347 1.0447 1.1521 1.0232 1.0762 1.0536 1.1668 1.0453 1.1244 1.0000 0.9683 0.9739 0.9321
0.8828 0.8909 0.8890 0.9466 0.9367 1.1028 1.0694 1.0494 1.0481 0.9587 1.0542 1.1144 1.0024 0.9907 1.0177 0.9527
0.6316 0.7713 0.9172 0.9901 1.0000 1.0635 1.0550 1.0599 1.0226 1.1018 1.0072 1.0526 0.9879 0.9173 1.0000 0.8218
0.8444 0.7848 0.9699 0.9386 1.0546 1.1628 1.1595 0.9379 1.0731 1.1397 1.1571 1.0310 1.0447 0.9391 0.8806 0.8470
0.7726 0.7849 0.8655 0.9471 1.2278 1.0000 1.0791 1.1757 1.1046 1.0532 1.2226 0.9428 0.9461 0.9422 0.9698 0.9668
0.8432 0.9304 0.8813 0.9664 1.0913 1.1061 1.1827 1.1857 1.1806 1.1641 1.0862 0.9686 0.9639 0.8946 0.7760 0.7732
