0.7124 0.7826 0.8532 0.8832 1.0398 1.0889 1.0567 1.1783 1.1671 1.1871 1.0399 1.0194 1.0330 1.0117 0.8577 0.8452
0.8474 0.8586 0.9330 1.0293 1.0830 1.2344 1.2111 0.9890 1.0496 0.9646 1.1299 1.0121 0.9156 0.8566 0.9783 0.7447
0.6586 0.6967 0.9039 0.9138 0.9442 1.0796 1.1495 1.0964 1.0782 1.2343 1.0284 0.9539 0.9061 0.9048 0.8802 0.7181
0.6668 0.7358 0.8450 0.9394 0.9700 1.0899 1.1097 1.0411 1.0274 1.2089 1.1416 0.9612 1.0187 0.8752 0.8906 0.7498
0.7050 0.7972 0.7981 0.9172 1.0000 1.0459 1.1036 1.0541 1.1813 1.2214 1.0288 1.0086 0.9692 1.0206 0.9293 0.8364
0.8320 0.8506 0.8737 0.9450 1.1107 1.0706 1.1633 1.1533 1.1592 1.1203 1.0597 1.0338 0.9643 0.9300 0.8682 0.8573
0.7865 0.7982 0.8491 0.9472 1.0131 1.0551 1.1678 1.1706 1.1142 1.1015 1.1087 1.0515 0.9723 0.9190 0.8135 0.9221
0.8798 0.7969 0.8557 0.9308 1.0000 1.1038 1.2144 1.1317 1.0714 1.0933 1.1649 1.0905 1.0122 0.9111 0.8378 0.9033
0.8164 0.8667 0.8443 0.8705 1.0194 1.0087 1.1323 1.0402 1.0995 1.1262 1.0435 1.1186 0.9735 1.0153 0.9005 0.8339
0.6933 0.7545 0.8647 0.9747 0.9804 1.0177 1.0407 1.1135 1.0241 1.0392 1.1918 0.9915 0.9291 0.9927 0.9791 0.9655
0.7233 0.6517 0.7418 0.8034 0.9559 1.0475 1.1184 1.0616 1.0406 1.0712 1.0356 0.9612 0.9923 0.9588 0.8554 0.9613
0.7536 0.8165 0.9139 0.9636 1.1483 1.1341 1.1366 0.9014 1.0633 1.1989 1.0819 0.9636 0.9372 1.0000 1.0000 0.6868
0.9308 0.8841 0.9073 1.0197 1.1405 1.1382 1.1808 1.0425 1.1498 1.0654 1.0449 1.0084 0.9801 0.8544 0.8148 0.9110
0.8984 0.8802 0.9573 1.0078 1.0007 1.0907 1.1841 1.1351 1.1284 1.0646 1.1655 0.9396 0.9263 1.0000 0.8263 0.7909
0.6971 0.7243 0.8536 0.9063 1.0084 1.1679 1.0940 1.0732 1.0630 1.0603 1.0932 1.1042 0.9698 0.8768 0.8893 0.8235
0.6638 0.7798 0.8927 0.9580 0.9920 1.0667 1.0901 1.0694 1.0980 1.0130 1.0267 1.0792 1.0009 0.9762 0.8970 0.8447
0.8440 0.7916 0.8888 0.9111 1.0300 1.1621 1.0174 1.1793 1.1661 1.1717 1.0746 1.0435 1.0742 0.9201 0.8682 0.8589
0.7146 0.7546 0.7867 0.8018 0.9939 1.0082 1.1267 1.0057 1.0150 1.1085 1.0558 1.0405 1.0000 1.0130 0.8625 0.8911
0.6946 1.0000 0.8737 0.9232 0.9787 1.1296 1.1490 1.0989 1.0811 1.1519 1.1130 0.9269 0.9635 0.9000 0.8660 0.8540
0.8329 0.8288 0.9061 0.8467 1.0526 1.1385 1.0107 1.0459 1.0761 1.1815 1.0638 1.1483 1.0000 0.9788 0.9400 0.9383
0.8496 0.8741 0.8728 0.9873 0.9850 1.1058 1.0782 1.0552 1.0631 0.9857 1.0643 1.1277 1.0112 0.9967 0.9874 0.8916
0.6133 0.7564 0.9028 0.9692 1.0000 1.0710 1.0775 1.0615 1.0591 1.0975 1.0219 1.0324 0.9918 0.9111 1.0000 0.7936
0.8880 0.7978 0.9323 0.9432 1.0681 1.1636 1.1993 0.9888 1.0850 1.1420 1.1595 1.0153 1.0223 0.9381 0.8647 0.8181
0.7382 0.7881 0.8691 0.9290 1.2157 1.0000 1.0985 1.2067 1.1208 1.0845 1.2363 0.9790 0.9404 0.9289 0.9500 0.9308
0.8223 0.9166 0.8888 0.9544 1.0967 1.1197 1.1755 1.1736 1.1760 1.1711 1.1119 0.9724 0.9631 0.9087 0.7690 0.7754
