0.7921 0.8437 0.9099 0.9591 1.0410 1.1165 1.0613 1.2278 1.0991 1.2023 0.9823 1.0473 1.0499 1.0367 0.8361 0.8002
0.8445 0.8914 0.9900 1.0290 1.1046 1.2278 1.2018 0.9986 1.0033 0.9628 1.0747 1.0092 0.9347 0.8343 0.9913 0.7722
0.6966 0.7510 0.9687 0.9543 0.9692 1.1284 1.0823 1.1063 1.0893 1.2725 1.0025 0.8673 0.9564 0.8989 0.9508 0.6328
0.6484 0.7422 0.8742 0.9663 0.9799 1.1029 1.1427 1.0748 0.9394 1.1243 1.1319 0.9345 1.0064 0.8975 0.9889 0.6259
0.6960 0.8338 0.8412 0.8938 1.0000 1.0586 1.1167 1.0528 1.1778 1.2147 1.0631 0.9973 0.9984 1.0588 1.0027 0.9170
0.8759 0.8988 0.8852 0.9747 1.1494 1.0555 1.1470 1.0045 1.1909 1.1236 1.0391 1.0255 0.9850 0.9494 0.8610 0.8172
0.7397 0.8670 0.9182 0.9722 1.0444 0.9735 1.1710 1.1873 1.1124 0.9885 1.0835 1.0500 1.0062 0.9723 0.8474 0.7895
0.9451 0.8617 0.9309 0.9774 1.0000 1.1581 1.2417 1.0647 1.0796 1.0652 1.0793 1.1025 1.0532 0.8463 0.8316 0.7534
0.8710 0.9211 0.9065 0.8823 1.0352 1.0514 1.1390 1.0307 1.0635 1.1241 1.0314 1.1132 0.9797 1.0378 0.9014 0.7276
0.7242 0.7792 0.8795 1.0086 0.9954 1.0481 1.1062 1.1369 0.9969 1.0353 1.1804 0.8606 0.8639 0.9708 1.0121 1.0139
0.8019 0.7291 0.8075 0.8726 1.0043 1.1255 1.1994 1.0602 1.0615 1.1522 1.0165 1.0214 1.1002 1.0175 0.8380 0.8607
0.7847 0.8974 0.9068 1.0282 1.2119 1.1778 1.1950 0.8892 0.9114 1.2132 0.9823 0.9025 0.9010 1.0000 1.0000 0.6488
0.9444 0.9081 0.9243 1.0379 1.1192 1.0868 1.1147 0.9638 1.0880 0.9520 0.9820 1.0470 0.9886 0.8458 0.8148 0.9556
0.9460 0.9200 0.9357 1.0218 0.9809 1.0596 1.1271 1.0952 1.0645 1.0311 1.1046 0.9170 0.9608 1.0000 0.8254 0.7516
0.7033 0.7617 0.8684 0.8962 0.9916 1.1721 1.0844 1.0930 1.0328 1.0321 1.0844 1.1389 1.0240 0.8518 0.9222 0.8685
0.6979 0.8653 0.9820 1.0105 0.9933 1.0444 1.0831 0.9731 1.0769 0.9437 1.0147 1.0972 1.0337 0.9760 0.8997 0.7280
0.8869 0.7396 0.8976 0.8902 1.0389 1.1758 0.9407 1.1693 1.1206 1.1764 1.0483 1.0780 1.1415 0.9297 0.8536 0.9110
0.7405 0.8586 0.9020 0.8973 1.0719 0.9925 1.2134 1.0650 1.0327 1.1474 1.1269 1.0144 0.9070 0.8663 0.9495 0.9225
0.7166 1.0000 0.9534 0.9295 0.9748 1.1613 1.1335 0.9850 1.0585 1.1547 1.1031 0.9041 1.0001 0.8890 0.8901 0.8592
0.8449 0.8707 0.9584 0.8438 1.0620 1.1678 0.9862 1.0553 1.0448 1.1345 0.9994 1.1493 1.0000 1.0002 0.9819 0.9025
0.9705 0.9759 0.9527 0.9821 0.9425 1.1472 1.0882 1.0654 1.0456 0.9283 1.0553 1.0942 1.0071 0.9881 0.9490 0.6839
0.6524 0.8902 1.0222 1.0691 1.0000 1.1841 1.1048 1.0706 0.9645 0.9843 0.9722 0.9827 0.8442 0.8068 1.0000 0.5802
0.9330 0.8901 1.0260 0.9903 1.1257 1.1136 1.1687 0.9537 1.0326 1.0594 1.1016 1.0128 1.0450 0.9419 0.8624 0.7558
0.8165 0.8415 0.9187 1.0062 1.2897 1.0000 1.0780 1.2077 1.1384 1.0145 1.2172 0.8229 0.9389 0.9250 0.9329 0.8367
0.8462 0.9344 0.8809 0.9793 1.1224 1.0972 1.1749 1.1703 1.1201 1.1356 1.0642 0.9111 0.9562 0.8578 0.7438 0.7487
