1.2792 1.1663 1.1570 1.2095 1.0669 0.9831 1.0843 0.8942 1.1761 1.0965 0.8870 0.8176 0.9227 0.7382 0.7652 0.7465
1.0000 0.9833 1.0003 1.2029 1.1368 1.0083 0.9754 0.9698 0.9173 1.0488 0.9754 0.9598 0.9550 1.0346 0.8317 1.0000
1.2811 1.1468 1.0468 1.6189 1.0766 1.0844 1.0000 0.9225 1.0300 1.0260 0.9836 0.8581 0.9614 0.9117 0.8591 0.8602
1.1160 0.9681 1.0563 1.1452 1.0331 1.0453 1.0877 0.9884 1.0384 0.9924 0.9616 0.9349 0.9131 0.8947 0.8792 0.9861
1.5181 1.1520 1.0513 1.0614 0.9367 0.9543 1.0155 0.9522 0.7895 0.8777 1.0823 1.1170 0.9576 0.9720 1.0583 1.2155
1.0061 1.0908 0.8911 1.0093 0.9099 1.0531 1.1168 1.0169 0.7750 1.1634 0.8506 1.0218 0.9829 0.9804 0.9729 1.1277
1.3817 1.1384 1.1452 1.0678 1.0295 0.9131 0.9681 0.8669 0.9078 0.9978 0.9431 0.8747 0.9588 1.0790 1.0000 1.0026
1.0905 1.2264 0.9360 1.0430 1.0419 1.0790 1.1008 1.0489 1.1489 0.9401 0.9685 0.9417 0.8397 0.7773 0.8451 0.9662
0.7545 0.7879 0.9891 0.8347 0.8635 0.9642 0.8785 1.1249 1.1173 0.9810 1.0909 1.0360 1.1555 0.7886 1.2631 1.0354
0.8938 0.8408 0.8564 1.0535 0.9768 1.0209 1.0160 0.9468 0.9381 1.0151 0.9407 0.9921 1.1231 1.0614 1.1418 1.3699
0.6211 0.8016 0.8775 0.8752 0.8752 1.0050 1.0144 1.1354 1.0854 0.9927 0.8966 1.0161 1.0439 1.1396 0.9764 1.0502
1.1162 1.0110 1.0780 1.1147 1.0301 1.1059 1.1606 0.9845 1.0202 0.9287 0.9104 0.9600 0.9410 0.9051 0.9371 0.7847
0.9981 1.0821 1.0571 1.1521 1.0754 0.9103 0.8395 1.2382 0.9186 1.0193 1.1045 0.7925 0.8604 1.0434 0.9105 1.1351
0.9698 0.8864 0.9546 0.7575 0.8953 0.9209 0.8625 1.0977 1.0036 1.0269 1.0729 1.0309 1.1176 1.0323 1.1774 1.1292
1.3714 1.1480 0.9944 1.0287 1.0811 1.1130 1.1302 1.0784 1.0120 0.7910 0.9421 0.9165 0.9022 0.6522 0.6619 0.6993
0.8654 0.9466 1.0664 0.8831 0.8747 1.0155 1.0479 1.0325 1.0000 0.9047 1.0089 0.9544 1.0000 1.1280 1.1761 1.3303
1.0276 0.9259 1.0155 1.0000 0.9263 1.0029 1.0777 0.8903 1.0203 1.0913 1.0532 1.0216 0.9943 0.9518 1.0375 1.1353
1.2470 1.2479 0.8796 1.2359 0.9422 0.9871 1.1408 0.9166 0.8849 1.0000 1.0000 1.0394 1.0000 0.8747 0.9703 1.0312
1.3907 1.0042 1.3713 1.0587 0.8826 1.1648 1.0787 1.0350 1.1287 0.9412 0.9336 0.9517 0.8548 0.7987 0.7896 0.9623
1.0249 1.0446 1.1616 1.1197 0.9959 1.0426 0.9775 1.0076 1.0584 1.2801 0.9559 0.8679 0.8599 0.7751 0.5750 0.5233
1.3644 1.0902 1.0000 1.0024 1.2017 1.1421 0.9684 1.0149 1.0104 0.8084 0.9298 1.1145 0.9118 1.0576 0.9693 0.8735
0.5597 0.6162 0.9408 0.9015 0.8917 1.0133 1.0020 1.0248 1.0239 0.9656 1.0432 1.1669 1.1458 0.9372 0.9850 1.2979
1.1206 0.9439 0.9838 0.8334 0.9244 0.9561 0.9724 1.0169 1.0000 1.2146 0.9956 0.9314 1.0324 1.0997 0.9744 0.9035
0.9229 0.8566 0.7836 0.9444 0.8555 1.0017 0.8592 0.9043 1.1462 1.0325 1.1034 1.1228 1.1278 1.0406 0.5458 1.2138
1.5340 1.2459 1.1284 1.2227 1.1746 1.1563 1.2245 1.0221 0.9652 0.8152 0.9552 0.8515 0.9003 0.8258 0.7153 0.8126
