0.7082 0.7671 0.8487 0.8804 1.0346 1.0987 1.0580 1.1849 1.1647 1.1673 1.0174 1.0317 1.0446 1.0141 0.8598 0.8687
0.8320 0.8365 0.9511 1.0358 1.0921 1.2538 1.2043 0.9812 1.0342 0.9738 1.1029 1.0041 0.9260 0.8672 0.9881 0.7629
0.6457 0.6990 0.9101 0.9042 0.9651 1.0958 1.1443 1.0952 1.0730 1.2315 1.0126 0.9659 0.9033 0.8964 0.8729 0.7272
0.6571 0.7442 0.8414 0.9623 0.9889 1.0848 1.1162 1.0538 1.0079 1.1617 1.1037 0.9602 1.0375 0.8844 0.9046 0.7387
0.7144 0.7730 0.7956 0.9027 1.0000 1.0256 1.0447 1.0435 1.1779 1.2408 1.0733 1.0399 0.9682 1.0332 0.9699 0.8402
0.8183 0.8433 0.8715 0.9437 1.1346 1.0790 1.1857 1.1519 1.1831 1.1178 1.0519 1.0230 0.9843 0.9110 0.8616 0.8419
0.7577 0.8037 0.8523 0.9389 1.0253 1.0445 1.1930 1.1699 1.0983 1.0874 1.1061 1.0508 0.9728 0.9213 0.8206 0.9191
0.8792 0.7942 0.8569 0.9399 1.0000 1.1061 1.2272 1.1277 1.0838 1.0736 1.1569 1.1008 1.0064 0.9146 0.8324 0.8906
0.8118 0.8680 0.8377 0.8750 1.0180 1.0547 1.1106 1.0285 1.0914 1.1313 1.0309 1.1313 0.9696 1.0333 0.8875 0.8532
0.6904 0.7489 0.8458 0.9410 0.9727 1.0277 1.0679 1.0997 1.0203 1.0528 1.1722 0.9941 0.9080 0.9840 0.9878 0.9897
0.7217 0.6587 0.7345 0.8047 0.9490 1.0408 1.1315 1.0434 1.0432 1.0720 1.0220 0.9793 1.0062 0.9630 0.8542 0.9539
0.7379 0.8132 0.9235 0.9659 1.1491 1.1377 1.1289 0.8966 1.0500 1.2058 1.0904 0.9635 0.9420 1.0000 1.0000 0.7020
0.9317 0.8873 0.9040 1.0037 1.1215 1.1193 1.1786 1.0476 1.1293 1.0629 1.0552 1.0215 0.9704 0.8648 0.8526 0.9449
0.9034 0.8825 0.9631 0.9975 0.9969 1.1047 1.1828 1.1407 1.1055 1.0572 1.1704 0.9432 0.9218 1.0000 0.8218 0.8061
0.6972 0.7333 0.8525 0.9125 1.0049 1.1603 1.0737 1.0606 1.0774 1.0858 1.1343 1.1274 0.9748 0.8740 0.8599 0.8011
0.6739 0.7921 0.8998 0.9731 1.0130 1.0659 1.0903 1.0644 1.0852 1.0004 1.0022 1.0868 0.9860 0.9768 0.9059 0.8528
0.8684 0.7846 0.8646 0.8891 1.0291 1.1590 1.0056 1.1880 1.1706 1.1730 1.0563 1.0247 1.0875 0.9282 0.8823 0.8812
0.7038 0.7530 0.7947 0.8114 0.9978 1.0129 1.0874 1.0027 1.0073 1.1032 1.0655 1.0405 1.0185 1.0395 0.8638 0.8852
0.7018 1.0000 0.8876 0.9156 0.9715 1.1429 1.1390 1.0884 1.0656 1.1554 1.1071 0.9230 0.9743 0.8970 0.8765 0.8587
0.8317 0.8215 0.9012 0.8388 1.0407 1.1443 0.9991 1.0587 1.0791 1.1767 1.0565 1.1271 1.0000 1.0034 0.9727 0.9201
0.8531 0.8871 0.8818 0.9770 0.9614 1.0878 1.0773 1.0632 1.0484 0.9931 1.0446 1.1399 1.0024 0.9843 0.9856 0.9178
0.6434 0.7616 0.8989 0.9604 1.0000 1.0849 1.0742 1.0852 1.0447 1.0782 1.0479 1.0388 0.9890 0.9016 1.0000 0.7989
0.8633 0.8000 0.9218 0.9465 1.0690 1.1479 1.1914 0.9802 1.1004 1.1422 1.1444 1.0299 1.0354 0.9534 0.8828 0.8150
0.7377 0.7889 0.8528 0.9521 1.2169 1.0000 1.1090 1.1918 1.1114 1.0705 1.2334 0.9687 0.9448 0.9178 0.9569 0.9388
0.8273 0.9054 0.8833 0.9637 1.1078 1.1068 1.1671 1.1668 1.1986 1.1995 1.1121 0.9934 0.9634 0.8970 0.7755 0.7455
