0.7169 0.7789 0.8627 0.9009 1.0140 1.0878 1.0277 1.1719 1.1725 1.1760 1.0216 1.0161 1.0367 1.0158 0.8562 0.8740
0.8261 0.8417 0.9517 1.0374 1.0923 1.2361 1.2100 0.9591 1.0287 0.9574 1.1082 0.9956 0.9328 0.8585 1.0027 0.7654
0.6448 0.7018 0.9068 0.9171 0.9422 1.0839 1.1314 1.0737 1.0847 1.2446 1.0077 0.9679 0.9009 0.9117 0.9025 0.7311
0.6499 0.7300 0.8390 0.9554 0.9770 1.0744 1.1143 1.0536 0.9955 1.1707 1.1192 0.9768 1.0491 0.8747 0.9244 0.7518
0.7029 0.7599 0.7898 0.8924 1.0000 1.0004 1.0712 1.0551 1.1951 1.2304 1.0632 1.0546 0.9635 1.0332 0.9437 0.8617
0.8146 0.8465 0.8586 0.9470 1.1289 1.0770 1.1810 1.1285 1.1761 1.1135 1.0716 1.0268 0.9789 0.9316 0.8615 0.8526
0.7473 0.8108 0.8497 0.9281 1.0248 1.0419 1.1752 1.1497 1.1056 1.0977 1.0981 1.0380 0.9757 0.9236 0.8336 0.9464
0.8644 0.8076 0.8530 0.9271 1.0000 1.0900 1.1931 1.1276 1.1010 1.0750 1.1416 1.0884 1.0277 0.9375 0.8463 0.9198
0.7960 0.8591 0.8552 0.8659 1.0133 1.0220 1.1263 1.0402 1.0958 1.1245 1.0527 1.1003 0.9808 1.0404 0.8956 0.8422
0.6799 0.7476 0.8301 0.9511 0.9801 1.0158 1.0540 1.1219 0.9815 1.0644 1.2012 0.9728 0.9198 0.9792 0.9992 1.0022
0.7213 0.6514 0.7284 0.7915 0.9522 1.0378 1.1374 1.0358 1.0371 1.0718 1.0252 0.9645 1.0114 0.9720 0.8755 0.9458
0.7288 0.8215 0.9135 0.9889 1.1577 1.1556 1.1314 0.8784 1.0443 1.2345 1.0871 0.9679 0.9536 1.0000 1.0000 0.7117
0.9176 0.8776 0.8937 1.0210 1.1446 1.1254 1.1691 1.0345 1.1173 1.0705 1.0727 1.0139 0.9946 0.8321 0.8357 0.9542
0.8952 0.9010 0.9605 1.0033 0.9907 1.0986 1.1745 1.1420 1.1172 1.0647 1.1491 0.9386 0.9304 1.0000 0.8357 0.7956
0.6784 0.7239 0.8382 0.9058 0.9818 1.1588 1.0783 1.0660 1.0740 1.0878 1.1078 1.1210 1.0094 0.8659 0.8915 0.8001
0.6660 0.7995 0.9151 0.9876 0.9720 1.0388 1.1033 1.0380 1.0943 1.0213 1.0128 1.0584 0.9919 0.9698 0.9312 0.8719
0.8694 0.7840 0.8491 0.8855 1.0386 1.1708 0.9865 1.1790 1.1370 1.1787 1.0588 1.0243 1.0991 0.9323 0.8976 0.9107
0.6934 0.7545 0.7817 0.8040 1.0025 1.0108 1.1185 0.9998 1.0105 1.1169 1.0918 1.0629 1.0270 1.0318 0.8807 0.8940
0.6801 1.0000 0.9007 0.9161 0.9581 1.1350 1.1392 1.0651 1.0788 1.1790 1.0843 0.9083 0.9868 0.9014 0.8648 0.8874
0.8307 0.8091 0.8920 0.8326 1.0216 1.1492 1.0149 1.0707 1.0855 1.1961 1.0637 1.1191 1.0000 0.9850 0.9632 0.9141
0.8556 0.8816 0.8910 0.9725 0.9494 1.0910 1.0754 1.0527 1.0586 0.9800 1.0595 1.1085 1.0024 0.9622 0.9948 0.9583
0.6452 0.7754 0.9037 0.9714 1.0000 1.0589 1.0619 1.0695 1.0442 1.1116 1.0301 1.0592 0.9869 0.9034 1.0000 0.8021
0.8634 0.7820 0.9412 0.9405 1.0759 1.1506 1.1774 0.9694 1.0764 1.1284 1.1565 1.0102 1.0338 0.9283 0.8993 0.8312
0.7571 0.7799 0.8615 0.9321 1.2030 1.0000 1.0917 1.1941 1.1090 1.0808 1.2353 0.9428 0.9462 0.9370 0.9657 0.9620
0.8382 0.9197 0.8737 0.9767 1.0885 1.1033 1.1842 1.1833 1.2000 1.1895 1.1018 0.9749 0.9552 0.8945 0.7681 0.7438
