1.4476 1.4134 1.3270 1.3404 1.1038 0.9970 1.0896 0.9928 1.0398 0.9794 0.7898 0.7749 0.8310 0.7185 0.6260 0.6535
1.0000 0.7609 0.9387 1.0045 0.9420 0.9329 1.1062 1.0212 0.9998 1.0920 1.0536 0.9537 0.9960 1.1618 1.0451 1.0000
1.3163 1.2718 1.5194 2.0132 1.0876 1.1679 1.0000 0.8259 1.0877 1.0390 0.9142 0.7959 0.9454 0.9225 0.7602 0.9822
1.0312 0.7669 0.8529 1.0391 0.8470 0.9297 0.9535 0.9207 1.0948 1.0224 1.0671 1.0464 1.0219 0.9924 1.0299 1.4820
1.1786 1.1820 0.9667 0.8090 0.9169 1.0448 1.2797 1.2124 1.0018 1.2132 1.1941 1.0368 1.0272 1.0276 1.0976 1.0692
0.8295 0.8798 0.7474 0.8784 0.8722 0.9304 1.1175 0.9884 0.8734 1.1421 1.0033 1.2880 1.1835 1.0676 1.2072 1.3440
1.7866 1.4270 1.4073 1.2777 1.1958 1.0622 0.9886 0.8620 0.8615 0.8024 0.7993 0.7394 0.7561 0.9705 1.0000 0.7573
0.9307 0.8887 0.9625 0.8859 0.8459 0.9977 1.0225 1.1452 1.2394 1.0152 1.0372 1.0360 0.9492 0.9180 1.0695 1.1745
1.0586 0.9846 1.2499 1.1068 1.0397 1.2520 1.0009 1.1581 1.1459 0.9659 1.0548 0.9449 0.9214 0.8627 1.0362 1.0606
1.0076 0.8465 1.1633 0.8535 0.9747 1.0069 0.8969 1.1828 0.9197 1.1004 0.9049 1.0012 1.1767 1.1070 1.1314 1.5889
0.7018 1.0977 1.2045 0.8883 1.1281 1.1551 1.0465 1.0753 1.1073 0.9598 0.8543 0.8989 0.9249 0.8591 0.7534 1.4295
0.7641 0.7665 0.8304 0.8854 0.8290 0.9633 1.0002 0.9329 1.0476 1.1548 1.1183 1.1627 1.1621 1.2189 1.2584 0.9881
1.1657 1.1088 1.1191 1.1721 1.1222 1.2477 1.1893 1.5019 0.7844 1.1972 1.0277 0.7690 0.7807 0.8112 0.6981 0.8647
1.1219 0.9076 1.0952 0.8557 0.7571 0.8834 0.8501 1.0286 1.0631 1.0632 1.1027 1.0361 1.0585 1.0444 1.1026 1.1126
1.5542 1.4416 1.1176 1.1048 1.3133 1.0921 1.0561 1.0626 0.9155 0.7960 0.8367 0.7850 0.7013 0.7001 0.6099 0.7728
0.8066 0.8159 0.9380 0.7863 0.8898 0.8779 0.9383 0.8825 1.0000 0.9518 1.1050 1.1574 1.0000 1.3542 1.4122 1.4985
1.2052 0.9257 1.2233 1.0000 0.9570 1.0208 1.1102 1.0074 0.9223 0.9165 0.9222 0.9522 0.8659 0.9456 1.1296 0.9553
0.8252 0.8167 0.8106 0.9985 0.8209 0.8277 1.0716 0.9666 0.9787 1.0000 1.0000 1.1818 1.0000 1.1569 1.1827 1.2846
1.6470 1.3628 1.8360 1.3386 1.1019 1.2246 1.1616 1.1037 1.0014 0.9396 0.8419 0.7425 0.6855 0.6967 0.8292 0.8386
0.8357 0.7733 1.0572 1.0829 0.9275 0.9495 1.0760 1.1601 1.2325 1.2637 1.2371 1.0548 1.2660 1.1443 0.7267 0.8015
1.4641 1.2379 1.0000 1.0462 1.1896 1.1259 1.0606 0.9836 0.9933 0.9039 0.8605 1.0457 0.8963 0.9301 0.9171 1.0139
0.7461 0.6884 0.8372 0.6896 0.8741 0.8738 1.0160 0.9490 1.0026 0.9956 1.0904 1.2949 1.2319 1.1359 1.1781 1.5581
1.0552 1.1149 1.0893 0.9391 1.0266 1.0520 1.1612 1.1566 1.0000 1.5414 0.9670 0.8597 0.8381 0.6888 0.5931 0.7621
0.7339 0.7969 0.8571 0.8321 0.8109 0.8974 0.8437 1.0136 1.1287 1.0961 1.0945 1.1501 1.3492 1.2533 0.9896 1.5074
1.4711 1.4164 1.1902 1.2532 1.0761 1.1991 1.3581 1.2019 0.9679 0.9521 0.9917 1.0448 0.9704 0.8951 0.9824 1.0224
