0.7614 0.8081 0.8883 0.9101 1.0369 1.0973 1.0393 1.1573 1.1387 1.1430 1.0168 0.9608 1.0641 1.0222 0.8651 0.8721
0.8680 0.8676 0.9904 1.0674 1.1155 1.2531 1.2086 0.9296 0.9647 0.9126 1.0910 0.9812 0.9443 0.8487 0.9921 0.7738
0.6607 0.7397 0.9140 0.9356 0.9660 1.0922 1.1040 1.0616 1.0534 1.2126 1.0066 0.9758 0.9139 0.9269 0.9191 0.7243
0.6680 0.7450 0.8679 0.9753 0.9726 1.0836 1.0919 1.0236 0.9624 1.1437 1.1150 0.9902 1.0481 0.8950 0.9513 0.7701
0.7503 0.8004 0.8385 0.9309 1.0000 1.0395 1.0954 1.0452 1.1276 1.2040 1.0146 1.0302 0.9504 1.0478 0.9650 0.8705
0.8472 0.8854 0.8954 0.9572 1.1509 1.0935 1.1775 1.0649 1.1474 1.0854 1.0425 1.0084 0.9872 0.9191 0.8632 0.8789
0.7334 0.8312 0.8881 0.9523 1.0454 1.0406 1.1226 1.1274 1.0983 1.0601 1.0896 1.0449 0.9721 0.9085 0.8439 0.9715
0.8950 0.8132 0.8719 0.9648 1.0000 1.0864 1.1840 1.0964 1.0801 1.0407 1.1292 1.0844 1.0323 0.9340 0.8680 0.9215
0.8154 0.8819 0.8737 0.8987 1.0325 1.0312 1.1481 1.0331 1.0750 1.0964 1.0292 1.0715 0.9806 1.0300 0.8886 0.8561
0.6740 0.7661 0.8713 0.9951 1.0241 1.0270 1.0508 1.1182 0.9606 0.9974 1.1321 0.9383 0.9045 0.9783 1.0154 1.0333
0.7200 0.6628 0.7636 0.8248 0.9595 1.0394 1.1393 1.0304 0.9831 1.0477 0.9910 0.9593 1.0326 0.9883 0.8847 1.0036
0.7447 0.8572 0.8948 0.9830 1.1785 1.1526 1.1242 0.8683 1.0110 1.2280 1.0770 0.9888 0.9553 1.0000 1.0000 0.6976
0.9599 0.8951 0.9358 1.0084 1.1518 1.1022 1.1513 1.0019 1.1169 1.0264 1.0837 1.0158 0.9992 0.8476 0.8181 0.9579
0.9394 0.9312 0.9964 1.0318 1.0000 1.1092 1.1548 1.1179 1.0696 1.0330 1.1343 0.9262 0.9408 1.0000 0.8218 0.7931
0.6757 0.7505 0.8631 0.9026 1.0205 1.2032 1.0987 1.0784 1.0529 1.0443 1.0585 1.0859 0.9726 0.8621 0.9125 0.8473
0.7006 0.8033 0.9081 0.9830 0.9639 1.0234 1.0899 1.0362 1.0748 0.9890 1.0018 1.0680 1.0176 0.9864 0.9609 0.8992
0.8906 0.7687 0.8667 0.8864 1.0487 1.1729 0.9748 1.1645 1.1205 1.1601 1.0394 1.0373 1.1078 0.9398 0.8840 0.9383
0.6971 0.7967 0.7896 0.8291 0.9997 0.9865 1.1252 0.9890 0.9980 1.1063 1.0861 1.0456 1.0063 1.0183 0.9324 0.9419
0.6907 1.0000 0.8997 0.9180 0.9788 1.1299 1.1333 1.0267 1.0669 1.1473 1.0841 0.9015 0.9967 0.9016 0.8959 0.9175
0.8193 0.8038 0.9428 0.8597 1.0545 1.1441 0.9994 1.0664 1.0564 1.1480 1.0176 1.1263 1.0000 0.9644 0.9957 0.9551
0.8806 0.8946 0.9089 0.9628 0.9291 1.0859 1.0508 1.0323 1.0272 0.9280 1.0308 1.1397 1.0099 1.0089 1.0411 0.9808
0.6154 0.7737 0.9213 0.9981 1.0000 1.0490 1.0386 1.0356 1.0072 1.0841 1.0132 1.0752 1.0054 0.9255 1.0000 0.8407
0.8485 0.7872 0.9796 0.9480 1.0477 1.1431 1.1396 0.9405 1.0612 1.1289 1.1564 1.0420 1.0482 0.9283 0.8986 0.8529
0.7750 0.7954 0.8916 0.9558 1.2282 1.0000 1.0703 1.1801 1.0763 1.0305 1.2118 0.9279 0.9310 0.9375 1.0008 0.9924
0.8136 0.9209 0.8949 0.9761 1.1060 1.1140 1.2062 1.1677 1.1709 1.1419 1.0811 0.9592 0.9647 0.8958 0.7901 0.7918
