1.3502 1.1823 1.0354 1.0810 0.9631 0.9259 1.0506 0.8789 1.0998 1.1236 0.8453 0.8367 0.9294 0.8455 0.8046 0.9359
1.0000 1.0735 1.3022 1.2456 1.1102 0.9944 1.0905 0.9576 0.8698 0.9061 0.8592 0.8560 0.8631 0.8900 0.8319 1.0000
1.0667 0.9327 0.8415 1.1859 0.8503 0.9414 1.0000 0.9444 0.9669 1.0555 0.9622 0.9573 1.0621 1.2005 1.1097 1.2628
1.3696 1.2037 1.1840 1.1201 1.0097 1.0652 1.0648 0.9046 0.9471 0.8585 0.8829 0.9342 0.7958 0.9195 0.7576 0.9679
1.2426 0.9938 0.9107 1.0391 0.9703 1.0279 0.9845 0.9132 1.0356 1.1010 0.9907 1.0912 0.8728 1.0790 1.0279 1.2451
1.2325 1.0794 1.0037 1.1396 0.9740 1.0494 1.0495 0.9476 0.9251 0.9766 1.0092 0.8527 0.8654 0.8072 1.0013 0.9243
1.2080 1.1007 1.0483 0.9987 0.9397 0.9560 1.0178 0.9729 0.8825 1.0463 0.9660 0.8446 0.9867 1.0693 1.0000 1.0586
1.3023 1.1573 1.1138 1.0504 1.1079 1.0768 1.0307 1.0067 1.0691 0.8965 0.8931 0.8278 0.8280 0.8044 0.7886 0.8127
0.6504 0.7111 0.8994 0.7537 0.9661 0.9591 0.8431 1.0295 1.0183 0.8865 1.0363 0.9717 1.2012 1.0168 1.1761 1.2881
1.1379 0.9884 1.0054 1.0920 0.9989 0.9585 0.9433 1.1808 0.8850 0.8797 0.9431 0.8937 0.9904 0.9879 1.0701 1.0250
0.7332 0.7689 0.9094 0.8291 0.9915 0.9868 0.9184 1.0231 0.9657 0.9571 1.1139 0.9264 1.2439 1.1129 0.9538 1.3203
1.2248 1.1167 1.1541 1.2146 1.0684 1.1032 1.1408 0.9532 0.9936 0.8817 0.8353 0.8758 0.8595 0.7846 0.8218 0.7919
1.0218 0.8564 0.8261 0.9103 0.8670 0.9170 0.8453 1.0904 0.9753 1.1220 1.1973 1.0143 1.1035 1.2050 1.1644 1.4950
1.2443 1.0667 1.1405 1.0403 0.8531 0.9936 1.0382 1.0126 0.9387 0.8657 0.9243 0.8730 0.9890 0.8643 1.0141 1.0637
1.1413 1.1668 0.9317 0.9101 1.0485 1.0236 0.9882 1.0625 1.0046 0.9450 0.9627 0.9830 0.9704 0.8142 0.7816 0.9845
1.0679 0.8864 1.0641 0.9088 1.0134 1.0593 0.9750 0.9915 1.0000 0.9003 0.9212 1.1024 1.0000 0.9727 0.9722 1.1180
0.9382 0.9410 0.9388 1.0000 1.0150 0.9413 1.0240 1.1152 1.0120 1.0010 1.0481 0.9663 1.0388 1.0582 1.2414 1.2399
1.4454 1.3064 1.0330 1.2547 0.9693 0.9951 1.1231 0.9706 0.9094 1.0000 1.0000 0.8982 1.0000 0.8406 0.8961 0.9003
1.5125 1.0078 1.1526 0.9246 0.8012 1.1069 1.0247 0.9911 1.0832 1.0474 0.9132 1.0094 0.9086 0.8836 0.9879 1.1564
1.1374 1.1056 1.1311 1.2118 0.9766 1.0302 0.9424 0.9107 0.9939 1.0287 0.9131 0.8023 0.8387 0.7858 0.5411 0.5350
1.1801 0.9187 1.0000 0.8929 1.1039 1.0259 0.9125 1.0074 0.9697 1.0435 0.9376 1.0617 0.9450 1.1112 1.0257 1.1529
0.7308 0.7687 0.9807 0.9948 1.1108 1.0142 0.9816 0.9590 0.9199 1.0829 0.9744 0.9778 1.0131 0.9937 1.0072 1.1814
1.0540 0.8948 0.9234 1.0030 0.8666 0.9527 0.8913 0.9553 1.0000 1.1736 0.9358 0.9476 1.1673 1.2851 1.3741 1.7522
1.0459 1.0794 0.8999 1.0629 0.9019 0.9791 0.9749 1.0351 1.0958 0.8909 0.9737 1.0308 0.9268 1.0251 0.5458 1.0282
1.0715 0.9425 0.8915 0.9297 0.9468 0.9562 1.0730 0.9993 0.9706 0.9049 1.0267 1.0194 1.1177 0.9878 1.0814 1.2123
