0.8312 0.8760 0.9273 0.9369 1.0267 1.0867 1.0260 1.1595 1.1713 1.1404 1.0207 0.8862 1.0914 1.0336 0.8748 0.9110
0.9265 0.9340 1.0573 1.0926 1.1725 1.2486 1.2241 0.8847 0.9320 0.8871 1.0656 0.9729 0.9462 0.8243 0.9660 0.7540
0.6890 0.8041 0.9344 0.9751 0.9834 1.1011 1.1185 1.0798 1.0858 1.2355 1.0013 0.9463 0.9302 0.9206 0.9065 0.6980
0.7126 0.7957 0.8927 0.9780 0.9772 1.0969 1.1237 1.0135 0.9783 1.1383 1.1342 0.9654 1.0235 0.9170 0.9225 0.7233
0.8103 0.8793 0.8917 0.9071 1.0000 1.0890 1.1401 1.0529 1.1293 1.2391 1.0013 0.9993 0.9642 1.0394 0.9531 0.8414
0.8763 0.9461 0.9485 0.9741 1.1306 1.1183 1.1669 1.0275 1.1632 1.1082 1.0431 0.9723 0.9627 0.9089 0.8353 0.8200
0.7735 0.8782 0.9337 0.9630 1.0191 1.0299 1.1297 1.1224 1.1144 1.0797 1.1097 1.0512 0.9429 0.8570 0.8176 0.9542
0.9501 0.8345 0.8924 0.9663 1.0000 1.1099 1.1716 1.0593 1.1189 1.0727 1.1454 1.0453 1.0256 0.9068 0.8214 0.8799
0.8277 0.9161 0.8732 0.9340 1.0374 1.0071 1.1518 1.0357 1.1135 1.1209 1.0707 1.0409 0.9730 1.0275 0.8774 0.8117
0.7353 0.8317 0.9475 1.0756 1.0410 1.0939 1.0523 1.1639 0.9538 1.0375 1.1363 0.8880 0.8619 0.9680 0.9551 0.9374
0.8064 0.7472 0.8470 0.8797 1.0029 1.1050 1.1955 1.0697 1.0572 1.1287 1.0314 1.0130 1.0524 0.9752 0.8668 0.8979
0.7865 0.8634 0.9067 1.0230 1.1517 1.0947 1.1127 0.8953 1.0144 1.2022 1.0558 0.9626 0.9316 1.0000 1.0000 0.6228
0.9391 0.8773 0.9458 0.9997 1.1503 1.0743 1.0924 0.9347 1.0873 1.0246 1.0700 0.9405 1.0014 0.7913 0.7638 0.9322
0.9272 0.9648 0.9569 0.9994 0.9746 1.1158 1.1561 1.0635 1.0695 1.0133 1.0866 0.9283 0.9373 1.0000 0.8080 0.7633
0.6986 0.8066 0.8842 0.9348 1.0307 1.1849 1.0931 1.0757 1.0328 1.0571 1.1267 1.1270 1.0189 0.8118 0.8807 0.8058
0.8070 0.9130 0.9650 1.0457 0.9969 1.0525 1.0676 1.0356 1.0610 1.0023 1.0187 1.0502 0.9576 0.9353 0.8945 0.8199
0.9118 0.7670 0.8849 0.8661 1.1094 1.2143 0.9976 1.1470 1.0619 1.1852 1.0114 1.0470 1.1232 0.8976 0.8654 0.8891
0.7094 0.8775 0.8290 0.8431 1.0413 1.0130 1.1354 1.0325 1.0424 1.1475 1.1127 1.0360 1.0062 0.9905 0.9477 0.9082
0.7455 1.0000 0.9315 0.9111 0.9793 1.1782 1.1456 1.0608 1.0412 1.1373 1.0941 0.9135 0.9580 0.8824 0.8886 0.8697
0.8944 0.9172 1.0152 0.8937 1.0852 1.1981 0.9790 1.0827 1.0968 1.1460 0.9731 1.0806 1.0000 0.9021 0.9102 0.8064
0.9152 0.9355 0.9379 0.9937 0.9203 1.1185 1.0684 1.0719 1.0300 0.9656 1.0435 1.0824 1.0155 1.0092 0.9781 0.8578
0.6474 0.7902 0.9202 0.9783 1.0000 1.0105 1.0178 1.0258 1.0107 1.0783 1.0001 1.0615 0.9957 0.8961 1.0000 0.7765
0.8208 0.7960 1.0248 1.0231 1.0762 1.1526 1.1479 0.9153 1.0945 1.1624 1.1608 1.0295 1.0677 0.8903 0.8503 0.8005
0.8351 0.8153 0.8925 0.9749 1.2239 1.0000 1.0767 1.1688 1.1030 1.0139 1.1612 0.9455 0.9572 0.8939 0.9618 0.9787
0.8418 0.9850 0.8800 0.9975 1.1120 1.0996 1.1580 1.1582 1.1519 1.1461 1.0604 0.9489 0.9317 0.8381 0.7229 0.6863
