1.3408 1.1959 1.0621 1.1178 0.9973 0.9656 1.1084 0.9193 1.1228 1.1313 0.8453 0.8203 0.9411 0.8150 0.7687 0.8693
1.0000 1.0834 1.2490 1.2650 1.1509 1.0125 1.0818 0.9883 0.8708 0.9274 0.8837 0.8766 0.8790 0.9030 0.8373 1.0000
1.0709 0.9398 0.9350 1.2213 0.8704 0.9769 1.0000 0.9452 0.9727 1.0604 0.9704 0.9336 1.0428 1.1039 1.0522 1.1767
1.2650 1.2092 1.1552 1.1308 1.0263 1.0432 1.0794 0.8994 0.9898 0.9117 0.9207 0.9512 0.8281 0.9209 0.7986 0.9547
1.3309 1.0093 0.9183 1.0355 0.9385 0.9751 0.9816 0.9004 0.9376 1.0335 0.9586 1.0813 0.8770 1.1086 1.0790 1.3268
1.1714 1.0820 0.9730 1.1094 0.9715 1.0607 1.0714 0.9771 0.9150 1.0389 0.9565 0.8849 0.8982 0.8715 1.0150 1.0006
1.1920 1.0946 1.0371 0.9823 0.9432 0.9506 1.0202 0.9789 0.8901 1.0472 0.9898 0.8224 0.9815 1.1038 1.0000 1.0257
1.3338 1.2331 1.1280 1.0881 1.1128 1.1138 1.0460 1.0064 1.0841 0.9010 0.9125 0.8264 0.8158 0.7793 0.7796 0.8315
0.6621 0.7226 0.8873 0.7669 0.9375 0.9680 0.8532 1.0457 1.0524 0.9061 1.0591 0.9940 1.2144 0.9771 1.2396 1.1805
1.1247 0.9734 0.9514 1.0641 1.0049 0.9626 0.9490 1.1278 0.8625 0.8951 0.9276 0.9028 1.0276 1.0158 1.1323 1.1408
0.6559 0.7281 0.8848 0.8215 0.9654 0.9935 0.9091 0.9860 0.9620 0.9738 1.0785 0.9452 1.2159 1.1236 0.9728 1.2320
1.2633 1.1103 1.1591 1.1911 1.0547 1.0974 1.1121 0.9732 0.9954 0.8729 0.8622 0.8973 0.8672 0.8303 0.8883 0.8381
0.9712 0.8604 0.8240 0.9315 0.8802 0.8950 0.8006 1.0979 0.9542 1.0511 1.1819 1.0018 1.0892 1.1934 1.1475 1.5074
1.1606 1.0491 1.0923 0.9601 0.8621 0.9991 1.0011 1.0310 0.9700 0.9185 0.9636 0.9039 1.0142 0.9130 1.0387 1.0838
1.2062 1.1394 0.9455 0.9297 1.0467 1.0726 1.0231 1.0652 1.0135 0.8994 0.9642 0.9621 0.9489 0.7682 0.7459 0.8816
1.0006 0.9564 1.0454 0.8930 0.9976 1.0527 0.9693 0.9897 1.0000 0.9095 0.9400 1.0744 1.0000 1.0174 1.0427 1.1947
0.9661 0.9512 0.9448 1.0000 0.9761 0.9255 1.0317 1.0533 0.9859 1.0169 1.0454 0.9873 1.0427 1.0717 1.2855 1.2933
1.4715 1.3755 1.0166 1.2543 0.9500 0.9800 1.1063 0.9852 0.8980 1.0000 1.0000 0.9027 1.0000 0.8507 0.9256 0.9419
1.4435 1.0275 1.1804 0.9430 0.8117 1.1156 1.0105 0.9767 1.0904 1.0245 0.9198 1.0052 0.8947 0.8866 0.9465 1.1198
1.1622 1.1279 1.1429 1.1977 0.9894 1.0346 0.9596 0.9329 1.0105 1.0801 0.9136 0.8041 0.8117 0.7707 0.5278 0.5147
1.3024 0.9372 1.0000 0.9533 1.1565 1.0768 0.9406 1.0272 0.9770 0.9818 0.9461 1.0531 0.8869 1.0494 0.9892 1.0458
0.6370 0.7136 0.9639 0.9756 1.0867 0.9953 1.0080 0.9735 0.9161 1.0940 0.9616 1.0019 1.0434 0.9723 0.9996 1.2191
1.0467 0.8636 0.9072 0.9418 0.8443 0.9153 0.8825 0.9312 1.0000 1.1400 0.9543 0.9321 1.1411 1.2804 1.2713 1.5182
1.0382 1.0422 0.8673 1.0379 0.8670 0.9777 0.9235 0.9725 1.1235 0.9223 1.0196 1.0499 0.9770 1.0389 0.5458 1.0941
1.2599 1.0756 0.9974 1.0556 1.0641 1.0426 1.1009 1.0036 1.0303 0.8612 1.0132 0.9122 1.0080 0.9070 0.8992 0.9779
