1.3024 1.1680 1.0924 1.1354 1.0084 0.9643 1.0778 0.9060 1.1458 1.1523 0.8570 0.8295 0.9351 0.7804 0.7871 0.8588
1.0000 1.0717 1.1990 1.2675 1.1634 1.0222 1.0804 0.9812 0.8613 0.9538 0.8794 0.8683 0.8847 0.9425 0.8356 1.0000
1.1100 0.9627 0.9526 1.3367 0.8961 0.9866 1.0000 0.9307 0.9907 1.0332 0.9953 0.9586 1.0220 1.0352 1.0632 1.1250
1.2783 1.1425 1.0951 1.1229 1.0102 1.0561 1.1136 0.9240 0.9761 0.9066 0.9162 0.9564 0.8467 0.9478 0.8389 0.9673
1.3824 1.0430 0.9410 1.0374 0.9478 0.9480 0.9854 0.9132 0.8638 0.9787 0.9607 1.1360 0.8975 1.1278 1.1061 1.2992
1.1398 1.1065 0.9880 1.0865 0.9560 1.0714 1.0574 0.9717 0.8654 1.0538 0.9264 0.9218 0.9188 0.8939 1.0160 1.0222
1.2732 1.1095 1.0739 1.0118 0.9568 0.9531 1.0117 0.9427 0.8825 1.0416 0.9676 0.8620 0.9663 1.0592 1.0000 1.0345
1.2677 1.2741 1.0694 1.0681 1.1021 1.0851 1.0676 1.0153 1.0862 0.8980 0.9047 0.8713 0.8221 0.7757 0.8165 0.8782
0.7099 0.7411 0.9208 0.7778 0.9257 0.9527 0.8363 1.0781 1.0735 0.9242 1.0929 1.0008 1.2106 0.9434 1.2530 1.1388
1.0601 0.9460 0.9044 1.1033 0.9973 0.9698 0.9533 1.0702 0.8990 0.9357 0.9316 0.9257 1.0582 0.9896 1.1294 1.2134
0.6547 0.7454 0.8933 0.8338 0.9196 0.9882 0.9232 1.0704 1.0347 0.9605 1.0359 0.9272 1.2043 1.1225 0.9656 1.1881
1.2653 1.0944 1.1177 1.1523 1.0485 1.0979 1.1226 0.9648 1.0121 0.8903 0.8601 0.9189 0.8804 0.8406 0.9141 0.8149
0.9751 0.9127 0.8788 0.9838 0.9478 0.8819 0.7932 1.1484 0.9229 1.0509 1.1429 0.9127 1.0593 1.1607 1.1047 1.4087
1.1164 1.0251 1.0873 0.9033 0.8670 0.9540 0.9718 1.0609 0.9684 0.9289 0.9840 0.9411 1.0276 0.9368 1.0748 1.1008
1.2593 1.1544 0.9668 0.9690 1.0530 1.0864 1.0104 1.0694 0.9800 0.8633 0.9628 0.9710 0.9597 0.7555 0.7376 0.8224
0.9754 0.9645 1.0218 0.8907 0.9429 1.0344 0.9862 1.0112 1.0000 0.9194 0.9767 1.0217 1.0000 1.0626 1.0848 1.2934
0.9469 0.9265 0.9597 1.0000 0.9590 0.9501 1.0428 0.9873 0.9970 1.0314 1.0540 1.0454 1.0660 1.0411 1.2109 1.3430
1.3644 1.3476 1.0036 1.2510 0.9442 0.9665 1.1356 0.9515 0.8985 1.0000 1.0000 0.9391 1.0000 0.8684 0.9652 0.9535
1.4638 1.0224 1.2398 0.9550 0.8342 1.1091 1.0044 0.9897 1.0893 0.9946 0.9029 1.0061 0.8950 0.8591 0.9469 1.1257
1.1298 1.1205 1.1635 1.1713 0.9789 1.0321 0.9464 0.9570 1.0360 1.1164 0.9357 0.8253 0.8257 0.7541 0.5369 0.5197
1.3329 0.9566 1.0000 0.9474 1.1462 1.0815 0.9183 0.9963 0.9920 0.9732 0.9780 1.1106 0.9202 1.0844 1.0076 0.9663
0.6265 0.7236 0.9925 0.9825 1.0107 1.0302 0.9860 0.9925 0.9619 1.0649 0.9871 1.0180 1.0373 0.9574 0.9723 1.2565
1.0513 0.8666 0.9244 0.9166 0.8635 0.9325 0.8753 0.9471 1.0000 1.1270 0.9437 0.9523 1.1479 1.2397 1.2821 1.3537
0.9994 1.0319 0.8583 1.0282 0.9004 0.9936 0.8994 0.9404 1.1134 0.9157 1.0178 1.0657 1.0024 1.0513 0.5458 1.1285
1.3581 1.1400 1.0254 1.0861 1.0692 1.0525 1.1437 1.0003 1.0034 0.8571 1.0195 0.8886 0.9759 0.8715 0.8729 0.9249
