1.2773 1.2072 1.2139 1.2539 1.0838 1.0364 1.1159 0.9014 1.1075 1.0608 0.8929 0.8023 0.9060 0.7224 0.7654 0.6707
1.0000 0.9406 0.8986 1.1174 1.1217 0.9716 0.9868 0.9722 0.8907 1.1092 1.0128 0.9977 0.9985 1.0859 0.8838 1.0000
1.3534 1.1824 1.1119 1.7489 1.0803 1.0623 1.0000 0.9388 1.0236 1.0328 0.9866 0.8085 0.8931 0.8905 0.8368 0.8061
1.0924 0.8722 1.0011 1.1334 0.9917 1.0159 1.1495 0.9560 1.0653 1.0315 0.9798 0.9432 0.9535 0.8762 0.9183 1.0382
1.5206 1.1378 1.1184 1.0827 0.9667 0.9500 0.9887 1.0460 0.7939 0.9130 1.0313 1.1117 0.8977 0.9567 0.9807 1.0966
0.9397 1.0393 0.8240 0.9347 0.9046 1.0228 1.0991 0.9920 0.8293 1.1829 0.9341 1.1112 0.9922 1.0051 1.0768 1.2345
1.3949 1.1489 1.1913 1.1091 1.0903 0.8881 0.9680 0.8320 0.8948 1.0089 0.9442 0.8667 0.9261 1.0538 1.0000 0.9366
1.0427 1.1986 0.8936 1.0163 1.0035 1.0562 1.0821 1.0858 1.1492 0.9449 0.9969 0.9922 0.8730 0.7869 0.8866 1.0249
0.7880 0.7943 1.0265 0.8684 0.8707 0.9691 0.8772 1.0940 1.1174 0.9716 1.1313 1.0138 1.1465 0.7951 1.2428 0.9909
0.8311 0.7563 0.8252 0.9666 0.9567 0.9976 0.9840 0.9469 0.8805 1.1002 0.9097 1.0161 1.2184 1.0853 1.2173 1.5719
0.5926 0.8424 0.9045 0.9091 0.8955 1.0403 1.0615 1.1751 1.1075 1.0218 0.8679 0.9938 1.0048 1.0666 0.9277 1.0440
1.0486 0.9785 1.0412 1.0903 0.9834 1.1103 1.1486 0.9469 1.0199 0.9599 0.9277 1.0170 0.9774 0.9563 1.0365 0.7970
1.0412 1.1828 1.1092 1.2327 1.1272 0.9417 0.9442 1.2911 0.8479 1.0173 1.0653 0.7736 0.7856 0.8619 0.8302 1.0984
0.9506 0.8174 0.9755 0.7641 0.9184 0.8928 0.8510 1.0984 0.9916 1.0324 1.1144 1.0412 1.1054 1.0599 1.2091 1.1213
1.4729 1.1923 1.0695 1.0788 1.0916 1.1538 1.0840 1.0842 0.9841 0.7264 0.9190 0.8887 0.7972 0.6425 0.6510 0.6591
0.8424 0.9224 0.9937 0.9007 0.8793 0.9881 1.0435 1.0025 1.0000 0.9324 1.0434 0.9373 1.0000 1.1551 1.2495 1.3935
1.1034 0.9215 1.0386 1.0000 0.9264 1.0346 1.0407 0.8558 0.9864 1.0926 1.0442 1.0554 0.9625 0.9356 1.0003 1.0880
1.1410 1.1482 0.8487 1.2056 0.8980 0.9923 1.1441 0.9112 0.8757 1.0000 1.0000 1.0620 1.0000 0.9226 1.0471 1.1012
1.3371 1.0448 1.4205 1.1143 0.9126 1.1834 1.0687 1.0432 1.1263 0.8933 0.9372 0.9394 0.8550 0.7889 0.7821 0.9115
0.9298 1.0295 1.1188 1.0942 0.9963 1.0259 0.9725 1.0123 1.0830 1.1133 1.0321 0.8995 0.8724 0.8488 0.6236 0.5633
1.3546 1.0283 1.0000 1.0096 1.1915 1.1505 1.0065 1.0037 0.9967 0.8247 0.9343 1.1252 0.9343 1.0243 0.9612 0.8149
0.6027 0.5752 0.8934 0.8537 0.8294 0.9610 1.0286 1.0737 1.0462 0.9716 1.0439 1.2341 1.1677 0.9350 0.9725 1.3354
1.1160 0.9198 1.0070 0.8395 0.9670 0.9980 1.0292 1.0681 1.0000 1.3038 1.0084 0.9163 0.9524 0.9698 0.8823 0.8113
0.8908 0.7950 0.7470 0.8912 0.8281 0.9758 0.8563 0.9094 1.1612 1.0615 1.0755 1.1563 1.1763 1.0989 0.5458 1.2894
1.4221 1.2732 1.1087 1.2504 1.0719 1.0489 1.1988 1.0217 0.9710 0.8101 0.9388 0.9656 0.9368 0.9126 0.8638 0.9100
