0.7587 0.8059 0.8828 0.9178 1.0466 1.0918 1.0478 1.1769 1.1421 1.1433 1.0060 0.9602 1.0575 1.0110 0.8629 0.8657
0.8672 0.8811 1.0020 1.0681 1.1241 1.2683 1.2126 0.9309 0.9665 0.9131 1.0769 0.9671 0.9269 0.8374 0.9908 0.7601
0.6628 0.7406 0.9248 0.9352 0.9614 1.1059 1.1119 1.0727 1.0489 1.2136 1.0007 0.9762 0.9075 0.9101 0.9127 0.7071
0.6664 0.7483 0.8658 0.9884 0.9762 1.0827 1.0948 1.0274 0.9712 1.1402 1.1222 0.9813 1.0384 0.8972 0.9432 0.7552
0.7549 0.8071 0.8403 0.9243 1.0000 1.0452 1.0888 1.0469 1.1408 1.2265 1.0185 1.0185 0.9501 1.0410 0.9650 0.8563
0.8435 0.8794 0.8884 0.9624 1.1524 1.1084 1.1710 1.0563 1.1488 1.0926 1.0488 1.0238 0.9656 0.9267 0.8606 0.8693
0.7368 0.8302 0.8753 0.9508 1.0482 1.0350 1.1379 1.1356 1.0946 1.0573 1.0758 1.0558 0.9802 0.9068 0.8407 0.9743
0.8816 0.8184 0.8732 0.9639 1.0000 1.0976 1.1808 1.1031 1.0636 1.0515 1.1200 1.0768 1.0330 0.9335 0.8569 0.9457
0.8037 0.8820 0.8804 0.8857 1.0364 1.0301 1.1279 1.0428 1.0691 1.1067 1.0400 1.0678 0.9788 1.0323 0.8974 0.8465
0.6840 0.7709 0.8807 0.9994 1.0165 1.0251 1.0549 1.1217 0.9740 0.9981 1.1580 0.9449 0.9079 0.9745 0.9960 1.0241
0.7346 0.6705 0.7745 0.8238 0.9797 1.0542 1.1513 1.0357 0.9936 1.0509 0.9921 0.9611 1.0262 0.9681 0.8634 0.9829
0.7407 0.8573 0.9033 0.9945 1.1831 1.1692 1.1500 0.8663 1.0193 1.2155 1.0694 0.9650 0.9348 1.0000 1.0000 0.6851
0.9522 0.9000 0.9435 1.0131 1.1591 1.1086 1.1520 0.9932 1.1269 1.0240 1.0661 1.0210 1.0024 0.8311 0.8182 0.9642
0.9350 0.9290 0.9787 1.0305 1.0142 1.1047 1.1569 1.1352 1.0848 1.0372 1.1177 0.9264 0.9364 1.0000 0.8201 0.7883
0.6801 0.7593 0.8824 0.9128 1.0267 1.2109 1.1143 1.0828 1.0443 1.0496 1.0437 1.0819 0.9499 0.8667 0.9052 0.8259
0.6953 0.8118 0.9066 0.9700 0.9759 1.0214 1.1076 1.0485 1.0703 1.0019 1.0077 1.0809 1.0086 0.9729 0.9399 0.8859
0.9003 0.7645 0.8752 0.8885 1.0479 1.2054 0.9694 1.1745 1.1258 1.1556 1.0386 1.0210 1.1092 0.9299 0.8854 0.9102
0.6960 0.8066 0.8004 0.8198 1.0015 0.9865 1.1328 1.0057 0.9860 1.1098 1.0852 1.0509 1.0062 1.0203 0.9131 0.9273
0.6856 1.0000 0.9075 0.9335 0.9713 1.1425 1.1322 1.0385 1.0666 1.1663 1.0687 0.9055 0.9908 0.8812 0.8887 0.9115
0.8274 0.8258 0.9477 0.8713 1.0623 1.1523 1.0005 1.0638 1.0496 1.1651 1.0092 1.1230 1.0000 0.9578 0.9706 0.9343
0.8696 0.8997 0.9001 0.9658 0.9359 1.1052 1.0430 1.0328 1.0182 0.9495 1.0336 1.1402 1.0061 1.0178 1.0280 0.9591
0.6299 0.7754 0.9128 0.9984 1.0000 1.0469 1.0578 1.0481 1.0131 1.0762 1.0128 1.0697 0.9894 0.9269 1.0000 0.8414
0.8473 0.7887 0.9883 0.9527 1.0591 1.1535 1.1522 0.9271 1.0572 1.1199 1.1554 1.0486 1.0495 0.9303 0.8867 0.8328
0.7692 0.7946 0.9005 0.9501 1.2379 1.0000 1.0782 1.1759 1.0851 1.0455 1.2176 0.9343 0.9330 0.9251 0.9887 0.9631
0.8260 0.9307 0.8845 0.9817 1.0956 1.1143 1.2133 1.1891 1.1443 1.1558 1.0649 0.9590 0.9793 0.9027 0.7793 0.7784
