0.7475 0.8050 0.8887 0.9079 1.0482 1.1003 1.0509 1.1688 1.1287 1.1401 1.0103 0.9701 1.0478 1.0195 0.8613 0.8666
0.8734 0.8885 0.9856 1.0812 1.1101 1.2450 1.1980 0.9376 0.9790 0.9165 1.0768 0.9873 0.9204 0.8405 0.9940 0.7717
0.6656 0.7307 0.9227 0.9265 0.9573 1.0934 1.1189 1.0733 1.0491 1.2109 1.0157 0.9745 0.9078 0.9133 0.9155 0.7227
0.6627 0.7421 0.8738 0.9801 0.9777 1.0841 1.0991 1.0203 0.9694 1.1433 1.1316 0.9707 1.0355 0.9022 0.9323 0.7505
0.7632 0.7993 0.8314 0.9220 1.0000 1.0359 1.0887 1.0434 1.1487 1.2133 1.0272 1.0252 0.9506 1.0411 0.9636 0.8648
0.8461 0.8779 0.8810 0.9582 1.1676 1.1081 1.1606 1.0782 1.1573 1.0743 1.0560 1.0045 0.9726 0.9294 0.8635 0.8653
0.7371 0.8365 0.8695 0.9575 1.0385 1.0444 1.1371 1.1439 1.1023 1.0575 1.0739 1.0505 0.9740 0.9121 0.8395 0.9657
0.9031 0.8086 0.8796 0.9501 1.0000 1.0835 1.1896 1.0909 1.0869 1.0422 1.1342 1.0778 1.0321 0.9403 0.8438 0.9380
0.8118 0.8799 0.8861 0.8938 1.0227 1.0265 1.1411 1.0360 1.0799 1.1068 1.0344 1.0834 0.9837 1.0296 0.8820 0.8344
0.6936 0.7838 0.8839 1.0020 1.0136 1.0465 1.0610 1.1297 0.9716 0.9978 1.1592 0.9247 0.9078 0.9697 0.9950 1.0167
0.7422 0.6778 0.7680 0.8246 0.9700 1.0654 1.1584 1.0229 0.9985 1.0550 0.9939 0.9522 1.0239 0.9653 0.8708 0.9707
0.7542 0.8672 0.9122 0.9889 1.1744 1.1532 1.1336 0.8703 1.0133 1.2202 1.0775 0.9571 0.9425 1.0000 1.0000 0.6878
0.9656 0.9079 0.9273 1.0287 1.1519 1.1127 1.1599 1.0053 1.1195 1.0135 1.0472 1.0127 1.0058 0.8334 0.8223 0.9729
0.9367 0.9291 0.9797 1.0440 1.0065 1.0976 1.1444 1.1167 1.0723 1.0413 1.1338 0.9225 0.9395 1.0000 0.8274 0.8115
0.6760 0.7566 0.8753 0.9243 1.0252 1.2117 1.1113 1.0687 1.0460 1.0464 1.0627 1.0809 0.9677 0.8585 0.8909 0.8263
0.7094 0.8169 0.9097 0.9896 0.9958 1.0276 1.0912 1.0485 1.0626 0.9882 1.0091 1.0787 1.0035 0.9690 0.9392 0.8852
0.9004 0.7574 0.8772 0.8870 1.0520 1.1948 0.9548 1.1657 1.1235 1.1577 1.0367 1.0295 1.1098 0.9347 0.8906 0.9252
0.6947 0.8118 0.8127 0.8305 1.0167 0.9761 1.1247 1.0028 0.9952 1.1064 1.0839 1.0561 1.0040 1.0229 0.9033 0.9203
0.6929 1.0000 0.9168 0.9341 0.9750 1.1427 1.1359 1.0492 1.0432 1.1433 1.0733 0.9139 0.9875 0.8951 0.8922 0.8932
0.8482 0.8314 0.9402 0.8778 1.0538 1.1535 0.9896 1.0537 1.0512 1.1527 1.0256 1.1192 1.0000 0.9701 0.9683 0.9233
0.8755 0.8889 0.8988 0.9681 0.9293 1.0998 1.0570 1.0206 1.0110 0.9706 1.0308 1.1323 1.0078 1.0133 1.0236 0.9756
0.6388 0.7778 0.9182 0.9930 1.0000 1.0687 1.0576 1.0621 1.0123 1.0820 1.0078 1.0688 0.9797 0.9111 1.0000 0.8402
0.8524 0.7817 0.9912 0.9570 1.0391 1.1465 1.1467 0.9347 1.0607 1.1276 1.1454 1.0487 1.0578 0.9366 0.8889 0.8399
0.7742 0.7990 0.8907 0.9463 1.2169 1.0000 1.0654 1.1856 1.0922 1.0303 1.2263 0.9427 0.9400 0.9393 0.9881 0.9635
0.8448 0.9390 0.8828 0.9821 1.1118 1.1204 1.1957 1.1685 1.1682 1.1387 1.0685 0.9602 0.9569 0.9042 0.7775 0.7829
