1.3335 1.1899 1.0559 1.0830 1.0016 0.9499 1.0903 0.9043 1.1073 1.1205 0.8586 0.8374 0.9330 0.8229 0.7955 0.9099
1.0000 1.0675 1.2945 1.2747 1.1361 0.9970 1.0946 0.9798 0.8775 0.9054 0.8808 0.8861 0.8711 0.9158 0.8309 1.0000
1.0513 0.8950 0.8960 1.2237 0.8566 0.9629 1.0000 0.9504 0.9783 1.0375 0.9725 0.9469 1.0574 1.1534 1.0668 1.2582
1.2986 1.1983 1.1546 1.1391 1.0239 1.0657 1.1106 0.9067 0.9778 0.8929 0.9003 0.9413 0.8131 0.9285 0.7891 0.9597
1.2669 0.9860 0.8970 1.0285 0.9653 0.9896 0.9757 0.9083 0.9642 1.0443 0.9693 1.0966 0.8803 1.0938 1.0692 1.3487
1.1844 1.0989 1.0044 1.1266 0.9769 1.0625 1.0673 0.9738 0.9150 1.0296 0.9899 0.8788 0.8983 0.8498 0.9933 0.9631
1.1952 1.1024 1.0535 0.9891 0.9475 0.9384 1.0193 0.9630 0.8844 1.0502 0.9598 0.8496 0.9758 1.1044 1.0000 1.0460
1.3799 1.2400 1.1575 1.0874 1.1045 1.0812 1.0562 1.0023 1.0840 0.8754 0.8982 0.8300 0.8206 0.7773 0.7898 0.8329
0.6709 0.7215 0.9060 0.7498 0.9391 0.9651 0.8440 1.0500 1.0442 0.9128 1.0541 0.9893 1.2017 1.0014 1.2370 1.2081
1.1317 0.9929 0.9794 1.1111 0.9871 0.9755 0.9597 1.1708 0.8725 0.8896 0.9206 0.8801 1.0014 0.9790 1.0889 1.0825
0.6588 0.7231 0.8887 0.8157 0.9489 0.9794 0.9032 1.0540 1.0086 0.9677 1.0579 0.9073 1.2607 1.0989 0.9511 1.2284
1.2511 1.1244 1.1707 1.2077 1.0752 1.1064 1.1430 0.9819 0.9965 0.8929 0.8505 0.9097 0.8605 0.8061 0.8368 0.7912
1.0277 0.8579 0.8240 0.9192 0.8660 0.8860 0.7921 1.0539 0.9421 1.1104 1.1577 0.9853 1.1163 1.1956 1.1453 1.5230
1.2045 1.0649 1.0937 1.0038 0.8535 0.9906 1.0411 1.0485 0.9459 0.8975 0.9559 0.8885 0.9905 0.8984 1.0281 1.0556
1.1955 1.1760 0.9370 0.9113 1.0384 1.0383 0.9953 1.0750 1.0126 0.9207 0.9452 0.9761 0.9610 0.8097 0.7833 0.9199
1.0121 0.9569 1.0608 0.8976 0.9670 1.0603 0.9718 0.9743 1.0000 0.9100 0.9499 1.0892 1.0000 1.0198 1.0243 1.1604
0.9472 0.9373 0.9288 1.0000 0.9686 0.9037 1.0225 1.0851 0.9776 1.0134 1.0548 0.9915 1.0534 1.0973 1.2963 1.2844
1.4908 1.3651 1.0397 1.2453 0.9577 1.0103 1.1314 0.9674 0.8844 1.0000 1.0000 0.9028 1.0000 0.8358 0.9160 0.9217
1.4884 1.0103 1.2590 0.9078 0.8042 1.1136 0.9849 0.9701 1.0570 1.0254 0.9091 1.0062 0.8871 0.8950 0.9801 1.1487
1.1669 1.1397 1.1641 1.2076 0.9844 1.0450 0.9606 0.9260 0.9847 1.0617 0.9032 0.7906 0.7959 0.7606 0.5293 0.5149
1.2680 0.9531 1.0000 0.9339 1.1078 1.0622 0.9294 1.0239 0.9756 1.0227 0.9204 1.0653 0.8999 1.0857 1.0023 1.0728
0.6865 0.7474 0.9886 0.9842 1.1090 1.0255 0.9967 0.9360 0.9226 1.1028 0.9643 0.9751 1.0274 0.9700 0.9934 1.2412
1.0302 0.8682 0.9253 0.9676 0.8289 0.9339 0.8479 0.9015 1.0000 1.1116 0.9394 0.9136 1.1554 1.2439 1.3259 1.6198
1.0481 1.0757 0.8735 1.0551 0.8823 0.9735 0.9534 0.9989 1.1258 0.9020 1.0120 1.0285 0.9240 1.0305 0.5458 1.0708
1.2129 1.0490 0.9384 1.0022 1.0167 1.0167 1.0803 1.0012 1.0161 0.8829 1.0365 0.9302 1.0339 0.9303 0.9499 1.0541
