0.8398 0.8978 0.9300 0.9397 1.0121 1.1122 1.0325 1.1762 1.1553 1.1410 1.0191 0.8843 1.0757 1.0282 0.8559 0.9006
0.9510 0.9358 1.0682 1.0952 1.1677 1.2542 1.2292 0.8673 0.9252 0.8681 1.0738 0.9612 0.9303 0.8274 0.9639 0.7424
0.6895 0.8027 0.9429 0.9876 1.0123 1.1321 1.1030 1.0892 1.0658 1.2259 0.9866 0.9374 0.9221 0.9176 0.8955 0.6677
0.7031 0.7922 0.9021 1.0012 1.0028 1.0934 1.1174 1.0210 0.9804 1.1369 1.1364 0.9651 1.0139 0.9006 0.8942 0.6964
0.7989 0.8992 0.8974 0.9148 1.0000 1.0987 1.1731 1.0611 1.0984 1.2486 1.0096 0.9937 0.9547 1.0366 0.9373 0.8182
0.8824 0.9358 0.9488 0.9863 1.1498 1.1296 1.1641 0.9940 1.1986 1.1011 1.0567 0.9546 0.9654 0.9104 0.8206 0.8059
0.7699 0.8924 0.9274 0.9560 1.0415 1.0367 1.1342 1.1295 1.1226 1.0683 1.0926 1.0520 0.9451 0.8492 0.8068 0.9384
0.9758 0.8383 0.9070 0.9689 1.0000 1.1056 1.1664 1.0483 1.1050 1.0706 1.1214 1.0491 1.0449 0.9174 0.7965 0.8504
0.8371 0.9338 0.8830 0.9501 1.0451 0.9974 1.1578 1.0160 1.1423 1.1241 1.0540 1.0313 0.9609 1.0275 0.8526 0.7717
0.7493 0.8260 0.9551 1.0712 1.0455 1.0982 1.0784 1.1667 0.9416 1.0427 1.1349 0.8524 0.8520 0.9839 0.9564 0.9294
0.8183 0.7573 0.8625 0.8784 1.0423 1.1109 1.2035 1.0774 1.0503 1.1181 1.0270 1.0074 1.0389 0.9632 0.8493 0.8858
0.7913 0.8758 0.9106 1.0313 1.1330 1.1062 1.1289 0.9086 1.0008 1.2157 1.0313 0.9449 0.9214 1.0000 1.0000 0.6012
0.9482 0.8851 0.9410 1.0027 1.1671 1.0770 1.0960 0.9165 1.0944 1.0205 1.0509 0.9324 1.0119 0.7827 0.7540 0.9258
0.9296 0.9815 0.9788 0.9838 0.9779 1.1407 1.1577 1.0473 1.0635 1.0039 1.0963 0.9133 0.9134 1.0000 0.8077 0.7716
0.6888 0.8009 0.8807 0.9311 1.0422 1.2064 1.0881 1.0601 1.0451 1.0579 1.1338 1.1120 1.0151 0.8125 0.8813 0.7925
0.7866 0.9298 0.9581 1.0647 1.0164 1.0542 1.1016 1.0335 1.0620 0.9856 1.0207 1.0388 0.9550 0.9129 0.8713 0.8048
0.9313 0.7568 0.8690 0.8580 1.1338 1.2594 0.9948 1.1686 1.0625 1.1761 1.0060 1.0205 1.1272 0.8943 0.8401 0.8785
0.7176 0.8972 0.8351 0.8349 1.0669 1.0003 1.1605 1.0780 1.0363 1.1481 1.1137 1.0106 0.9906 0.9683 0.9238 0.8948
0.7512 1.0000 0.9422 0.9169 0.9767 1.1782 1.1564 1.0447 1.0377 1.1380 1.1125 0.9100 0.9487 0.8948 0.8828 0.8505
0.9009 0.8914 1.0134 0.9155 1.0951 1.2184 0.9696 1.0952 1.1000 1.1452 0.9612 1.0903 1.0000 0.8984 0.9035 0.7939
0.9397 0.9594 0.9366 0.9903 0.9272 1.1239 1.0730 1.0739 1.0460 0.9606 1.0405 1.1126 0.9859 0.9792 0.9572 0.8259
0.6572 0.8130 0.9521 0.9966 1.0000 1.0262 1.0341 1.0318 1.0220 1.0772 0.9785 1.0368 0.9737 0.8678 1.0000 0.7636
0.8120 0.8049 1.0138 1.0342 1.0645 1.1582 1.1542 0.9156 1.0965 1.1685 1.1545 1.0275 1.0705 0.8977 0.8343 0.8073
0.8598 0.8254 0.8880 0.9808 1.2505 1.0000 1.1059 1.1878 1.0852 1.0264 1.1463 0.9314 0.9422 0.8752 0.9468 0.9473
0.8456 0.9933 0.8687 1.0197 1.1186 1.0928 1.1683 1.1666 1.1463 1.1428 1.0262 0.9563 0.9261 0.8361 0.7119 0.6806
