1.3309 1.1904 1.0445 1.0908 0.9782 0.9454 1.0795 0.8889 1.1020 1.1404 0.8564 0.8482 0.9411 0.8311 0.8019 0.9217
1.0000 1.0775 1.3088 1.2597 1.1337 1.0038 1.0878 0.9644 0.8962 0.9071 0.8892 0.8691 0.8726 0.9059 0.8330 1.0000
1.0523 0.9008 0.8504 1.1710 0.8324 0.9465 1.0000 0.9475 0.9732 1.0383 0.9625 0.9458 1.0557 1.1666 1.0665 1.3067
1.2957 1.1869 1.1651 1.1262 1.0257 1.0569 1.1033 0.8993 0.9788 0.9067 0.9050 0.9484 0.8131 0.9224 0.7885 0.9633
1.3059 0.9912 0.9072 1.0307 0.9328 0.9895 0.9764 0.8926 0.9657 1.0508 0.9812 1.0717 0.8881 1.1145 1.0667 1.3476
1.2086 1.0944 1.0040 1.1275 0.9931 1.0710 1.0716 0.9655 0.9246 1.0067 0.9840 0.8628 0.8818 0.8367 1.0093 0.9598
1.1899 1.0719 1.0233 0.9952 0.9559 0.9337 1.0439 0.9868 0.9049 1.0544 0.9726 0.8399 0.9715 1.0949 1.0000 1.0225
1.3456 1.2338 1.1456 1.1127 1.1102 1.0905 1.0463 1.0203 1.0954 0.8988 0.9114 0.8290 0.7893 0.7816 0.7650 0.8136
0.6591 0.7211 0.9081 0.7482 0.9507 0.9580 0.8381 1.0259 1.0349 0.9190 1.0733 0.9921 1.2147 1.0043 1.2046 1.2342
1.1478 1.0095 0.9906 1.0960 0.9978 0.9727 0.9507 1.1302 0.8773 0.8788 0.9434 0.9111 1.0027 0.9862 1.0798 1.0673
0.6706 0.7196 0.8816 0.7995 0.9506 0.9653 0.8829 1.0631 1.0009 0.9434 1.0597 0.9187 1.2782 1.1050 0.9492 1.2716
1.2775 1.1369 1.1963 1.1897 1.0784 1.1047 1.1127 0.9754 0.9858 0.8790 0.8418 0.8836 0.8509 0.8069 0.8724 0.8102
1.0390 0.8479 0.8191 0.9236 0.8773 0.9167 0.8194 1.0381 0.9234 1.0915 1.1828 1.0004 1.1005 1.1743 1.1255 1.5411
1.2109 1.0815 1.1246 1.0264 0.8558 1.0050 1.0293 1.0343 0.9445 0.8756 0.9493 0.8693 0.9734 0.8825 1.0179 1.0835
1.2085 1.1814 0.9436 0.9137 1.0478 1.0440 0.9966 1.0601 0.9894 0.9264 0.9528 0.9535 0.9515 0.7981 0.7782 0.9264
1.0189 0.9423 1.0394 0.9014 0.9901 1.0640 0.9705 0.9806 1.0000 0.9081 0.9512 1.0994 1.0000 1.0031 1.0210 1.1560
0.9372 0.9416 0.9058 1.0000 0.9885 0.9136 1.0317 1.1043 0.9945 1.0094 1.0436 0.9948 1.0392 1.0882 1.2662 1.2943
1.4560 1.3642 1.0390 1.2512 0.9846 1.0024 1.1258 0.9779 0.9060 1.0000 1.0000 0.8862 1.0000 0.8318 0.9197 0.9005
1.4710 1.0106 1.2347 0.9080 0.7969 1.0991 1.0051 0.9704 1.0725 1.0312 0.9010 1.0046 0.8890 0.8850 0.9847 1.1706
1.1743 1.1439 1.1584 1.2119 0.9679 1.0391 0.9510 0.9272 1.0070 1.0156 0.9031 0.7967 0.8127 0.7709 0.5290 0.5164
1.2748 0.9536 1.0000 0.9440 1.1355 1.0804 0.9287 1.0352 0.9756 1.0449 0.9116 1.0424 0.8880 1.0837 0.9547 1.0493
0.7014 0.7366 0.9848 1.0017 1.1103 1.0131 1.0006 0.9516 0.9243 1.0700 0.9568 0.9908 1.0260 0.9774 1.0006 1.2002
1.0335 0.8666 0.9003 0.9446 0.8455 0.9179 0.8489 0.9187 1.0000 1.1221 0.9563 0.9467 1.1503 1.2581 1.3400 1.6265
1.0288 1.0581 0.8705 1.0599 0.8866 0.9699 0.9454 0.9885 1.1274 0.8976 1.0156 1.0548 0.9182 1.0540 0.5458 1.0617
1.2211 1.0362 0.9705 0.9946 1.0190 1.0314 1.0811 1.0166 1.0200 0.8889 1.0409 0.9300 1.0182 0.9380 0.9421 1.0457
