1.2353 1.1654 1.1493 1.1839 1.0755 1.0044 1.1124 0.9126 1.1596 1.1160 0.8956 0.8275 0.9141 0.7379 0.7588 0.7368
1.0000 0.9701 0.9700 1.1865 1.1567 0.9798 0.9669 0.9779 0.9017 1.0531 0.9960 0.9751 0.9859 1.0535 0.8470 1.0000
1.1984 1.1036 1.0991 1.5766 1.0362 1.0487 1.0000 0.8864 1.0313 1.0735 1.0308 0.8740 0.9491 0.9009 0.8775 0.8565
1.1286 0.9831 1.0663 1.1252 1.0139 1.0379 1.1162 0.9786 1.0421 0.9795 0.9610 0.9239 0.9353 0.8752 0.9032 0.9969
1.5647 1.1576 1.0919 1.0966 0.9665 0.9707 1.0268 0.9997 0.7896 0.8531 1.0350 1.0858 0.9061 0.9379 1.0320 1.2103
0.9757 1.0406 0.8567 0.9895 0.9190 1.0495 1.1239 1.0241 0.8204 1.1890 0.9052 1.0461 0.9903 0.9848 0.9525 1.1306
1.3273 1.1288 1.1351 1.0754 1.0407 0.9227 0.9774 0.8435 0.8994 1.0136 0.9732 0.8672 0.9555 1.0689 1.0000 0.9644
1.0713 1.2160 0.9356 1.0649 1.0409 1.0794 1.0826 1.0768 1.1438 0.9349 0.9484 0.9561 0.8631 0.7680 0.8626 0.9543
0.7550 0.7840 0.9761 0.8570 0.8737 0.9762 0.8664 1.1299 1.1018 0.9770 1.1103 1.0603 1.1678 0.7827 1.2615 0.9900
0.9014 0.8101 0.8184 1.0286 0.9752 1.0147 1.0090 0.9306 0.9276 1.0463 0.9408 0.9856 1.1629 1.0846 1.1694 1.3902
0.6315 0.8235 0.9063 0.8864 0.9293 1.0002 1.0295 1.1327 1.0879 1.0087 0.8798 1.0132 1.0280 1.1277 0.9601 1.0177
1.1437 1.0375 1.0503 1.1276 1.0155 1.0852 1.1450 0.9878 1.0247 0.9179 0.9013 0.9740 0.9450 0.9074 0.9548 0.7838
0.9873 1.0867 1.0481 1.1285 1.0702 0.8855 0.8323 1.2549 0.9028 1.0434 1.1023 0.8059 0.8902 1.0409 0.9146 1.1124
0.9906 0.9367 0.9786 0.7729 0.9128 0.9230 0.8769 1.1244 0.9847 1.0077 1.0476 1.0096 1.0944 1.0113 1.1617 1.1166
1.4268 1.1599 1.0540 1.0365 1.0937 1.1123 1.0852 1.0704 0.9853 0.7555 0.9346 0.9119 0.8904 0.6568 0.6409 0.6832
0.8536 0.9267 1.0880 0.8771 0.8710 1.0403 1.0636 1.0258 1.0000 0.9184 1.0257 0.9310 1.0000 1.1277 1.1427 1.3333
1.0471 0.9202 1.0020 1.0000 0.9062 0.9861 1.0741 0.8867 1.0166 1.1108 1.0773 1.0251 0.9896 0.9533 1.0570 1.1474
1.2282 1.2175 0.8903 1.2155 0.9359 0.9693 1.1249 0.9120 0.8828 1.0000 1.0000 1.0215 1.0000 0.8957 1.0214 1.0404
1.3758 1.0387 1.3725 1.0583 0.8848 1.1445 1.0500 1.0506 1.1032 0.9213 0.9284 0.9456 0.8747 0.8175 0.7976 0.9852
1.0381 1.0496 1.1123 1.1548 0.9872 1.0312 1.0073 0.9770 1.0452 0.9041 0.9789 0.8800 0.7647 0.7936 0.5819 0.5373
1.3973 1.0514 1.0000 0.9883 1.1887 1.0854 0.9690 1.0047 0.9840 0.8144 0.9491 1.1394 0.9236 1.0918 1.0172 0.8900
0.5593 0.6241 0.9580 0.9231 0.9074 1.0068 1.0151 1.0483 1.0057 0.9548 1.0081 1.1815 1.1367 0.9195 0.9408 1.2699
1.1128 0.9169 0.9606 0.8472 0.9267 0.9610 0.9789 1.0440 1.0000 1.2518 1.0043 0.9454 1.0176 1.1091 0.9726 0.8857
0.9516 0.8767 0.7781 0.9363 0.8381 1.0001 0.8475 0.8809 1.1554 1.0285 1.1069 1.1187 1.1192 1.0933 0.5458 1.2128
1.5995 1.3473 1.1488 1.2771 1.1797 1.1168 1.2338 0.9967 0.9742 0.8183 0.9100 0.8444 0.8793 0.8085 0.7886 0.8079
