1.2751 1.1652 1.2762 1.2942 1.1023 1.0478 1.1195 0.9431 1.0678 1.0956 0.9182 0.8085 0.8710 0.7182 0.6893 0.6567
1.0000 0.8545 0.8747 1.0176 1.0556 0.9403 1.0043 0.9864 0.9029 1.1041 1.0443 1.0204 1.0424 1.1752 0.9459 1.0000
1.3030 1.2329 1.1516 1.9972 1.1656 1.1757 1.0000 0.9373 1.0522 1.0667 0.9601 0.8207 0.8868 0.9640 0.7624 0.7649
0.9483 0.7535 0.8976 1.0170 0.9152 0.9634 1.0555 0.9924 1.1095 1.0993 1.0218 1.0103 1.0328 0.9287 1.0134 1.2288
1.4840 1.1289 1.0961 1.0442 0.9850 1.0392 1.1048 1.1035 0.9130 0.9976 1.1519 1.0131 0.9106 0.9246 0.9823 1.0569
0.8725 0.9732 0.7716 0.9459 0.9074 1.0567 1.1671 1.0622 0.8366 1.1830 0.8887 1.1044 0.9848 0.9616 1.0335 1.2425
1.6336 1.2491 1.2304 1.1716 1.1494 0.9376 0.9525 0.8447 0.8739 0.9310 0.9018 0.8516 0.8903 1.0076 1.0000 0.8139
0.9306 1.0430 0.8216 0.9237 0.8690 1.0127 1.1148 1.1646 1.1658 1.0193 1.0170 1.0381 0.9304 0.8343 0.9864 1.1137
0.8761 0.8780 1.0942 0.9395 0.9180 1.0743 0.9164 1.1555 1.1189 0.9796 1.0976 0.9741 1.0321 0.7962 1.0730 1.0231
0.8951 0.7820 0.9201 0.9312 0.9822 1.0029 0.9119 0.9620 0.9218 1.1066 0.8773 1.0194 1.1811 1.0994 1.1633 1.6681
0.6237 0.9575 0.9614 0.9130 0.9280 1.0491 1.0705 1.2020 1.1126 1.0239 0.8412 0.9517 0.9603 0.9853 0.8353 1.1792
0.9515 0.8428 0.9154 0.9990 0.9327 1.0403 1.0762 0.9586 1.0229 1.0117 1.0018 1.1009 1.0726 1.0914 1.1528 0.8046
1.1410 1.2105 1.1599 1.2133 1.1257 1.0264 1.0460 1.3661 0.7678 1.1050 1.0597 0.7492 0.7135 0.7448 0.7280 0.9072
0.9809 0.8645 1.0012 0.7800 0.8445 0.8765 0.8127 1.0520 0.9823 1.0523 1.1116 1.0031 1.0813 1.1181 1.2545 1.1448
1.4532 1.2415 1.0858 1.1420 1.1569 1.1040 1.1353 1.0850 0.9473 0.7348 0.9012 0.8375 0.8015 0.6536 0.6851 0.7267
0.7395 0.8585 0.9492 0.8450 0.8849 0.9057 1.0509 0.9630 1.0000 0.9485 1.0818 1.0231 1.0000 1.2636 1.3264 1.4539
1.1672 0.9239 1.1343 1.0000 0.9536 1.0345 1.0837 0.9056 0.9761 1.0704 0.9785 0.9636 0.9235 0.8979 0.9890 0.9887
0.9298 0.9183 0.7596 1.0607 0.8107 0.9223 1.1456 0.9762 0.9252 1.0000 1.0000 1.1664 1.0000 0.9932 1.1534 1.1778
1.4529 1.1534 1.6101 1.2462 0.9745 1.2094 1.0991 1.0668 1.0679 0.8774 0.9618 0.8490 0.7726 0.7220 0.7277 0.7531
0.8691 0.8612 1.0398 1.0724 0.9789 1.0032 1.0430 1.0737 1.1263 1.4822 1.0630 0.9613 1.0001 0.9738 0.6907 0.6237
1.4544 1.1268 1.0000 1.1335 1.2228 1.2202 1.0960 1.0246 1.0091 0.8630 0.9603 1.0698 0.8829 0.9245 0.8788 0.7687
0.6453 0.5619 0.8563 0.7424 0.8182 0.9507 1.0444 1.0683 1.0634 0.9495 1.0699 1.2750 1.1782 0.9855 1.0091 1.3620
1.1320 0.9983 1.0938 0.8318 1.0070 1.0444 1.0959 1.1075 1.0000 1.4188 1.0159 0.8811 0.8680 0.8271 0.6972 0.7280
0.8262 0.7761 0.7614 0.8764 0.8071 0.9191 0.8197 0.9268 1.1274 1.0829 1.0797 1.1643 1.2481 1.2008 0.5458 1.3956
1.4562 1.2720 1.2171 1.3131 1.3064 1.1852 1.2691 1.1379 0.8896 0.8658 0.9356 0.9839 0.9057 0.9080 0.9099 0.9257
