1.3414 1.1934 1.0258 1.0797 0.9832 0.9356 1.0698 0.8979 1.1141 1.1297 0.8547 0.8491 0.9455 0.8450 0.8059 0.9257
1.0000 1.0741 1.3183 1.2727 1.1581 1.0041 1.0934 0.9660 0.8793 0.9072 0.8707 0.8587 0.8678 0.9058 0.8291 1.0000
1.0128 0.8933 0.9165 1.1656 0.8295 0.9541 1.0000 0.9615 0.9856 1.0504 0.9662 0.9673 1.0511 1.1644 1.0646 1.2715
1.3397 1.1829 1.1584 1.1564 1.0171 1.0650 1.1008 0.8954 0.9645 0.8809 0.9053 0.9447 0.8080 0.9136 0.8000 0.9776
1.2703 0.9718 0.8953 1.0142 0.9154 0.9721 0.9554 0.8765 0.9775 1.0674 0.9752 1.1235 0.9087 1.1269 1.0709 1.3320
1.2319 1.0968 1.0049 1.1298 0.9663 1.0692 1.0718 0.9552 0.9201 1.0061 0.9955 0.8704 0.8681 0.8280 1.0244 0.9602
1.2163 1.1167 1.0386 0.9988 0.9678 0.9482 1.0240 0.9669 0.8870 1.0395 0.9551 0.8298 0.9627 1.0897 1.0000 1.0427
1.3707 1.2327 1.1292 1.0902 1.0977 1.1012 1.0552 1.0081 1.0668 0.8895 0.8917 0.8300 0.8175 0.8102 0.7728 0.8330
0.6589 0.7191 0.8832 0.7518 0.9340 0.9705 0.8327 1.0349 1.0408 0.9270 1.0727 0.9720 1.1964 1.0291 1.2156 1.2374
1.1350 1.0019 0.9717 1.0849 0.9791 0.9675 0.9530 1.1640 0.8777 0.8832 0.9478 0.8991 1.0287 0.9876 1.0846 1.0767
0.6680 0.7191 0.8706 0.7967 0.9461 0.9615 0.8965 1.0649 1.0074 0.9539 1.0658 0.9017 1.2537 1.1043 0.9604 1.3038
1.2652 1.1617 1.1770 1.2033 1.0783 1.1048 1.1317 0.9744 1.0050 0.8790 0.8529 0.8650 0.8431 0.7961 0.8524 0.8116
1.0017 0.8321 0.8060 0.9000 0.8647 0.9152 0.8182 1.0028 0.9553 1.1322 1.1959 1.0280 1.0810 1.1736 1.1498 1.5383
1.2368 1.0927 1.1361 1.0469 0.8653 1.0030 0.9993 1.0350 0.9538 0.8843 0.9289 0.8777 0.9578 0.8846 0.9917 1.0846
1.1932 1.1641 0.9440 0.9331 1.0474 1.0411 0.9740 1.0591 0.9976 0.9291 0.9779 0.9650 0.9534 0.7875 0.7771 0.9237
1.0160 0.9435 1.0437 0.9263 0.9928 1.0514 0.9701 0.9754 1.0000 0.9152 0.9502 1.0976 1.0000 1.0129 1.0026 1.1542
0.9426 0.9360 0.9042 1.0000 0.9787 0.9292 1.0246 1.1026 0.9988 1.0234 1.0334 1.0056 1.0386 1.0870 1.2582 1.2560
1.4815 1.3661 1.0528 1.2727 0.9934 0.9875 1.1197 0.9766 0.9078 1.0000 1.0000 0.8976 1.0000 0.8512 0.8949 0.9019
1.4678 1.0064 1.2008 0.9100 0.8100 1.1103 1.0021 0.9892 1.0710 1.0318 0.9211 1.0003 0.8861 0.8752 0.9952 1.1456
1.1918 1.1491 1.1577 1.2010 0.9834 1.0419 0.9586 0.9201 0.9902 1.0320 0.8879 0.7996 0.8001 0.7551 0.5262 0.5189
1.2572 0.9350 1.0000 0.9165 1.1089 1.0457 0.9466 1.0156 0.9815 1.0242 0.9265 1.0596 0.9006 1.0539 1.0127 1.0884
0.7095 0.7331 0.9909 0.9996 1.0760 1.0057 0.9889 0.9437 0.9418 1.0809 0.9733 0.9844 1.0214 0.9921 0.9978 1.2083
1.0323 0.8925 0.9188 0.9462 0.8473 0.9198 0.8793 0.9108 1.0000 1.1205 0.9138 0.9444 1.1257 1.2885 1.3350 1.6593
1.0320 1.0910 0.8951 1.0573 0.8875 0.9764 0.9301 0.9858 1.0980 0.8997 1.0086 1.0331 0.9477 1.0513 0.5458 1.0718
1.1885 0.9903 0.9315 0.9682 0.9804 1.0229 1.0839 1.0129 1.0047 0.8959 1.0268 0.9500 1.0578 0.9256 1.0002 1.0906
