1.2993 1.1921 1.2737 1.3159 1.1212 1.0416 1.0936 0.9522 1.0694 1.0883 0.9062 0.7887 0.8580 0.7087 0.6736 0.6419
1.0000 0.8649 0.8934 1.0297 1.0377 0.9424 1.0044 0.9728 0.9139 1.1199 1.0505 1.0055 1.0216 1.1821 0.9463 1.0000
1.3447 1.2513 1.1904 2.0082 1.1955 1.2126 1.0000 0.9793 1.0266 1.0488 0.9540 0.7946 0.8564 0.9236 0.6934 0.7802
0.9683 0.7894 0.9244 1.0471 0.9342 0.9618 1.0625 0.9828 1.1014 1.0808 1.0126 0.9674 1.0228 0.9050 0.9586 1.1993
1.5596 1.2381 1.2193 1.0667 1.0166 1.0603 1.0730 1.0728 0.8915 0.9579 1.1542 0.9633 0.8674 0.8720 0.9354 1.0288
0.8860 0.9683 0.7564 0.9556 0.8935 0.9927 1.1531 1.0179 0.8310 1.1843 0.9081 1.1361 1.0122 1.0005 1.0815 1.2963
1.6325 1.2600 1.2295 1.1956 1.1476 0.9296 0.9507 0.8222 0.8589 0.9108 0.8961 0.8430 0.8896 1.0250 1.0000 0.8471
0.9211 1.0498 0.8544 0.9737 0.9096 1.0481 1.1212 1.1562 1.1787 1.0167 1.0128 1.0071 0.9070 0.8235 0.9568 1.0655
0.9161 0.9084 1.1355 0.9820 0.9240 1.0845 0.9207 1.1376 1.1302 0.9792 1.1071 0.9746 1.0484 0.7818 1.0860 1.0758
0.9167 0.7680 0.9166 0.9278 0.9816 0.9747 0.8969 0.9517 0.8843 1.1043 0.8742 1.0291 1.2084 1.0887 1.2093 1.7149
0.6453 0.9500 0.9606 0.9121 0.9215 1.0420 1.0713 1.1978 1.1180 1.0197 0.8372 0.9652 0.9639 0.9763 0.8333 1.1910
0.9521 0.8581 0.9246 0.9846 0.9384 1.0341 1.0769 0.9442 1.0031 1.0099 1.0026 1.1094 1.0714 1.0987 1.1607 0.8206
1.1230 1.1833 1.1598 1.2176 1.1055 1.0101 1.0433 1.3703 0.7873 1.1222 1.0926 0.7355 0.7274 0.7626 0.7194 0.9232
0.9600 0.8367 0.9906 0.7777 0.8475 0.8782 0.7941 1.0786 0.9834 1.0449 1.1283 0.9997 1.1022 1.1190 1.2635 1.1426
1.4956 1.2548 1.1160 1.1356 1.1736 1.0875 1.1498 1.0455 0.9480 0.7183 0.8830 0.8309 0.7597 0.6481 0.7038 0.7156
0.7458 0.8661 0.9407 0.8473 0.8776 0.9020 1.0681 0.9766 1.0000 0.9513 1.0957 1.0223 1.0000 1.2558 1.3157 1.4313
1.1874 0.9343 1.1768 1.0000 0.9492 1.0315 1.0595 0.8586 0.9674 1.0595 0.9624 0.9909 0.9451 0.9102 1.0151 1.0136
0.9832 0.9601 0.7862 1.1035 0.8284 0.9289 1.1576 0.9486 0.9206 1.0000 1.0000 1.1491 1.0000 0.9823 1.1325 1.1594
1.4097 1.1342 1.5877 1.2336 0.9801 1.2039 1.1001 1.0840 1.0846 0.8906 0.8629 0.8678 0.7749 0.7421 0.7638 0.7579
0.8961 0.9133 1.0762 1.1042 1.0105 1.0158 1.0266 1.0590 1.1026 1.4695 1.0342 0.9141 0.8942 0.8634 0.6187 0.5837
1.4934 1.1714 1.0000 1.1837 1.2297 1.2062 1.0968 1.0132 0.9615 0.8348 0.9149 1.0336 0.8499 0.9393 0.8981 0.8064
0.6099 0.5640 0.8336 0.7325 0.7992 0.9245 1.0253 1.0544 1.0737 0.9530 1.0758 1.3004 1.1933 1.0039 1.0308 1.3901
1.1263 0.9746 1.0894 0.8340 1.0048 1.0569 1.0982 1.0950 1.0000 1.4393 1.0121 0.8918 0.8623 0.8230 0.7076 0.7298
0.8377 0.7599 0.7125 0.9055 0.7969 0.8682 0.8001 0.9242 1.1516 1.0746 1.1070 1.1716 1.2658 1.1978 0.5458 1.4604
1.5158 1.3440 1.2702 1.4631 1.3356 1.2164 1.2960 1.1314 0.9495 0.8150 0.8885 0.9424 0.9027 0.8928 0.8903 0.9359
