1.3338 1.1932 1.0768 1.1206 1.0027 0.9576 1.0532 0.8861 1.1103 1.1292 0.8773 0.8357 0.9160 0.8108 0.8115 0.8865
1.0000 1.0923 1.2439 1.2590 1.1282 1.0062 1.0853 0.9794 0.8945 0.9387 0.8836 0.8662 0.8852 0.9331 0.8174 1.0000
1.0712 0.9309 0.9242 1.2774 0.8804 0.9836 1.0000 0.9310 0.9758 1.0578 0.9919 0.9471 1.0562 1.0601 1.0760 1.1790
1.2862 1.1678 1.1104 1.1265 0.9961 1.0458 1.0875 0.9171 0.9972 0.9242 0.9104 0.9678 0.8508 0.9361 0.8206 0.9685
1.3473 1.0119 0.9410 1.0422 0.9272 0.9511 1.0098 0.9411 0.8923 0.9950 0.9684 1.1049 0.9117 1.1034 1.0525 1.2978
1.1530 1.1059 0.9871 1.0937 0.9610 1.0750 1.0754 0.9723 0.8926 1.0408 0.9283 0.9094 0.8955 0.8817 1.0222 1.0176
1.2006 1.0874 1.0587 1.0031 0.9594 0.9523 1.0153 0.9720 0.8919 1.0331 0.9786 0.8349 0.9651 1.0568 1.0000 1.0541
1.2672 1.2093 1.0820 1.1044 1.1082 1.0697 1.0627 1.0338 1.1190 0.9031 0.9204 0.8512 0.8345 0.7771 0.7909 0.8638
0.6828 0.7335 0.9311 0.7562 0.9370 0.9694 0.8470 1.0407 1.0482 0.9150 1.0536 1.0209 1.2309 0.9697 1.2372 1.1683
1.0717 0.9544 0.9176 1.1113 0.9726 0.9585 0.9345 1.0927 0.8893 0.9182 0.9439 0.9074 1.0557 1.0064 1.1554 1.2031
0.6650 0.7479 0.8909 0.8362 0.9243 0.9893 0.9345 1.0437 0.9928 0.9751 1.0768 0.9293 1.1696 1.1190 0.9790 1.1874
1.2400 1.1129 1.1654 1.1955 1.0707 1.1110 1.1331 0.9629 1.0018 0.8602 0.8538 0.8866 0.8789 0.8248 0.8844 0.8079
0.9901 0.8472 0.8524 0.9597 0.9117 0.8959 0.8034 1.1275 0.9361 1.0478 1.1486 0.9741 1.0931 1.1628 1.1268 1.4621
1.1147 1.0388 1.1010 0.9229 0.8649 0.9627 0.9894 1.0507 0.9668 0.9374 0.9615 0.9245 1.0350 0.9154 1.0687 1.0987
1.2528 1.1438 0.9701 0.9487 1.0777 1.0527 1.0331 1.0632 0.9935 0.8661 0.9519 0.9593 0.9491 0.7594 0.7493 0.8676
0.9892 0.9698 1.0376 0.9120 0.9346 1.0559 0.9936 0.9933 1.0000 0.9182 0.9684 1.0307 1.0000 1.0294 1.0650 1.2298
0.9479 0.9482 0.9435 1.0000 0.9594 0.9320 1.0172 1.0075 0.9999 1.0253 1.0629 1.0250 1.0535 1.0761 1.2415 1.3154
1.4084 1.2932 1.0090 1.2238 0.9518 0.9827 1.1175 0.9518 0.8948 1.0000 1.0000 0.9436 1.0000 0.8546 0.9476 0.9720
1.4585 1.0410 1.2170 0.9666 0.8150 1.1415 1.0315 0.9873 1.0972 1.0067 0.8775 0.9954 0.8902 0.8599 0.9404 1.1040
1.1426 1.1244 1.1481 1.1986 0.9916 1.0271 0.9488 0.9276 1.0030 1.0532 0.9321 0.8317 0.7846 0.7569 0.5486 0.5102
1.3484 0.9643 1.0000 0.9539 1.1617 1.0717 0.9120 1.0158 0.9846 0.9603 0.9367 1.0828 0.8964 1.0741 0.9987 0.9963
0.6042 0.7056 0.9589 0.9591 1.0655 1.0180 0.9892 0.9765 0.9303 1.0717 0.9845 1.0207 1.0835 0.9671 0.9895 1.2662
1.0303 0.8618 0.9177 0.9598 0.8473 0.9218 0.8730 0.9485 1.0000 1.1360 0.9540 0.9184 1.1739 1.2305 1.2844 1.4036
1.0192 1.0328 0.8623 1.0248 0.8645 0.9851 0.8970 0.9715 1.1382 0.9091 1.0342 1.0720 0.9732 1.0650 0.5458 1.1061
1.3175 1.0992 1.0103 1.0740 1.0860 1.0745 1.1309 0.9943 1.0233 0.8812 1.0364 0.8856 0.9690 0.8748 0.8415 0.9466
