0.7213 0.7921 0.8473 0.8862 1.0265 1.0955 1.0487 1.1848 1.1554 1.1873 1.0443 1.0325 1.0348 1.0051 0.8538 0.8461
0.8298 0.8569 0.9318 1.0296 1.0941 1.2504 1.2137 0.9782 1.0522 0.9658 1.1164 1.0107 0.9207 0.8627 0.9667 0.7435
0.6565 0.7015 0.9052 0.9162 0.9412 1.0605 1.1531 1.1044 1.0916 1.2408 1.0280 0.9679 0.9034 0.8943 0.8773 0.7078
0.6668 0.7477 0.8427 0.9427 0.9718 1.0842 1.1049 1.0475 1.0243 1.2010 1.1307 0.9558 1.0238 0.8749 0.9027 0.7683
0.7195 0.8020 0.7851 0.8964 1.0000 1.0471 1.1096 1.0522 1.1724 1.2126 1.0263 1.0119 0.9947 1.0286 0.9287 0.8516
0.8242 0.8395 0.8735 0.9400 1.1096 1.0560 1.1755 1.1498 1.1623 1.1192 1.0607 1.0470 0.9729 0.9369 0.8717 0.8469
0.7940 0.7981 0.8524 0.9497 1.0134 1.0458 1.1720 1.1712 1.1115 1.0988 1.1058 1.0446 0.9687 0.9171 0.8252 0.9235
0.8765 0.7935 0.8544 0.9320 1.0000 1.1001 1.2277 1.1431 1.0764 1.0812 1.1630 1.0860 1.0121 0.9213 0.8395 0.8928
0.8124 0.8698 0.8277 0.8755 1.0078 1.0180 1.1276 1.0418 1.1087 1.1190 1.0537 1.1219 0.9784 1.0055 0.8997 0.8297
0.6990 0.7551 0.8504 0.9712 0.9748 1.0163 1.0464 1.1005 1.0037 1.0484 1.1923 0.9851 0.9326 0.9860 0.9899 0.9676
0.7186 0.6521 0.7287 0.8150 0.9486 1.0423 1.1242 1.0669 1.0423 1.0649 1.0412 0.9448 0.9978 0.9594 0.8482 0.9698
0.7518 0.8222 0.9126 0.9617 1.1476 1.1273 1.1352 0.9002 1.0513 1.1947 1.0937 0.9746 0.9332 1.0000 1.0000 0.6934
0.9279 0.8874 0.9079 1.0253 1.1493 1.1352 1.1783 1.0355 1.1531 1.0670 1.0688 1.0133 0.9715 0.8571 0.8140 0.8975
0.8939 0.8853 0.9469 1.0064 0.9989 1.1062 1.1887 1.1403 1.1211 1.0612 1.1650 0.9331 0.9282 1.0000 0.8242 0.7902
0.7166 0.7479 0.8647 0.9045 1.0107 1.1726 1.0806 1.0535 1.0764 1.0498 1.1070 1.1099 0.9608 0.8748 0.8743 0.8243
0.6549 0.7796 0.8914 0.9535 0.9899 1.0725 1.0901 1.0608 1.0866 1.0255 1.0260 1.0638 0.9885 0.9839 0.9139 0.8476
0.8518 0.7887 0.8817 0.9041 1.0221 1.1626 1.0113 1.1835 1.1685 1.1738 1.0691 1.0396 1.0839 0.9184 0.8689 0.8704
0.7107 0.7584 0.7898 0.8114 0.9917 1.0047 1.1259 1.0167 1.0251 1.1045 1.0641 1.0470 0.9807 1.0141 0.8678 0.8870
0.6877 1.0000 0.8697 0.9135 0.9754 1.1346 1.1424 1.1001 1.0843 1.1665 1.1076 0.9252 0.9636 0.8912 0.8632 0.8539
0.8273 0.8224 0.9067 0.8481 1.0550 1.1510 1.0279 1.0615 1.0791 1.1674 1.0502 1.1448 1.0000 0.9894 0.9282 0.9319
0.8455 0.8691 0.8720 0.9893 0.9871 1.1096 1.0819 1.0634 1.0441 0.9859 1.0706 1.1326 1.0023 0.9912 0.9849 0.9068
0.6115 0.7549 0.9005 0.9709 1.0000 1.0713 1.0594 1.0635 1.0657 1.1100 1.0280 1.0299 0.9888 0.9120 1.0000 0.8021
0.8751 0.8047 0.9263 0.9503 1.0698 1.1471 1.2061 0.9928 1.0898 1.1299 1.1622 1.0076 1.0365 0.9406 0.8692 0.8158
0.7468 0.7995 0.8732 0.9418 1.2208 1.0000 1.1053 1.2123 1.1180 1.0673 1.2363 0.9567 0.9335 0.9223 0.9407 0.9359
0.8362 0.9177 0.8805 0.9433 1.0961 1.1282 1.1652 1.1697 1.2139 1.1680 1.0967 0.9808 0.9634 0.9003 0.7644 0.7546
