1.3429 1.1808 1.0508 1.0842 0.9943 0.9265 1.0791 0.9037 1.1237 1.1446 0.8453 0.8355 0.9374 0.8075 0.7934 0.9275
1.0000 1.0788 1.3079 1.2817 1.1340 1.0143 1.0905 0.9616 0.8859 0.9198 0.8711 0.8609 0.8548 0.9083 0.8284 1.0000
1.0107 0.8870 0.9622 1.1593 0.8368 0.9570 1.0000 0.9383 0.9781 1.0328 0.9443 0.9682 1.0506 1.1696 1.0813 1.2741
1.3222 1.2066 1.1530 1.1421 1.0170 1.0626 1.0837 0.9094 0.9628 0.8739 0.8866 0.9414 0.8168 0.9432 0.8020 0.9836
1.2314 0.9587 0.8961 1.0195 0.9653 0.9993 0.9912 0.8988 0.9808 1.0722 1.0054 1.0902 0.8926 1.0946 1.0316 1.3115
1.1941 1.0725 1.0035 1.1294 0.9780 1.0854 1.0626 0.9612 0.9260 1.0244 1.0087 0.8690 0.8895 0.8426 1.0009 0.9641
1.2069 1.0825 1.0445 1.0046 0.9489 0.9546 1.0239 0.9718 0.9011 1.0483 0.9608 0.8524 0.9697 1.0577 1.0000 1.0487
1.3667 1.2325 1.1440 1.0746 1.0967 1.0889 1.0470 1.0032 1.0784 0.8847 0.8980 0.8451 0.8134 0.8006 0.7788 0.8362
0.6691 0.7032 0.8590 0.7486 0.9263 0.9566 0.8241 1.0495 1.0454 0.9145 1.0775 0.9988 1.2175 1.0230 1.2133 1.2295
1.1563 1.0134 0.9977 1.0934 1.0122 0.9749 0.9495 1.1698 0.8770 0.8742 0.9189 0.8957 1.0010 0.9651 1.0799 1.0725
0.6709 0.7237 0.8653 0.7883 0.9438 0.9600 0.9019 1.0627 1.0268 0.9514 1.0710 0.9182 1.2291 1.0931 0.9500 1.3338
1.2547 1.1390 1.1729 1.1967 1.1050 1.1239 1.1377 0.9923 1.0026 0.8849 0.8428 0.8848 0.8539 0.7919 0.8340 0.8033
1.0036 0.8435 0.8123 0.9125 0.8740 0.9026 0.8254 1.0286 0.9140 1.1558 1.1889 0.9945 1.1005 1.1912 1.1406 1.5126
1.1927 1.0730 1.0927 1.0350 0.8715 0.9956 1.0328 1.0518 0.9624 0.8964 0.9411 0.8868 0.9837 0.8731 1.0118 1.0735
1.1840 1.1641 0.9383 0.9043 1.0295 1.0287 0.9845 1.0432 1.0106 0.9515 0.9765 0.9780 0.9583 0.8187 0.7765 0.9348
1.0348 0.9461 1.0519 0.9122 0.9958 1.0374 0.9759 0.9926 1.0000 0.8968 0.9375 1.1061 1.0000 1.0081 1.0088 1.1563
0.9298 0.9376 0.9250 1.0000 0.9796 0.9352 1.0385 1.0714 0.9998 1.0241 1.0390 0.9947 1.0415 1.0821 1.2525 1.2710
1.4638 1.3424 1.0292 1.2572 0.9639 0.9862 1.1097 0.9658 0.9126 1.0000 1.0000 0.9189 1.0000 0.8524 0.9211 0.9164
1.5020 1.0280 1.1739 0.9206 0.7958 1.1027 1.0113 0.9987 1.0847 1.0283 0.9200 1.0130 0.8958 0.8681 0.9790 1.1405
1.1677 1.1104 1.1465 1.2193 0.9774 1.0365 0.9529 0.9408 0.9837 1.0483 0.9044 0.8159 0.8383 0.7704 0.5263 0.5294
1.2560 0.9280 1.0000 0.9313 1.1186 1.0323 0.9208 1.0148 0.9661 1.0538 0.9218 1.0548 0.9128 1.0504 1.0065 1.0905
0.7360 0.7672 1.0116 0.9856 1.0936 1.0224 0.9699 0.9696 0.9149 1.0546 0.9464 0.9871 1.0371 0.9961 1.0039 1.2114
1.0397 0.8682 0.9069 0.9623 0.8493 0.9244 0.8699 0.9200 1.0000 1.1127 0.9266 0.9433 1.1575 1.2581 1.3528 1.7028
1.0349 1.0869 0.9087 1.0643 0.8932 0.9903 0.9466 0.9854 1.0959 0.8928 0.9868 1.0316 0.9450 1.0460 0.5458 1.0524
1.1723 0.9759 0.9224 0.9631 0.9760 0.9837 1.0491 0.9911 0.9862 0.8750 1.0327 0.9569 1.0565 0.9567 1.0400 1.1489
