0.8350 0.8817 0.9253 0.9358 1.0197 1.0873 1.0293 1.1634 1.1649 1.1426 1.0167 0.8810 1.0934 1.0338 0.8761 0.9174
0.9316 0.9389 1.0645 1.0919 1.1741 1.2504 1.2271 0.8815 0.9290 0.8828 1.0625 0.9642 0.9397 0.8240 0.9723 0.7566
0.6902 0.8022 0.9350 0.9798 0.9873 1.1121 1.1166 1.0856 1.0838 1.2309 0.9992 0.9415 0.9182 0.9234 0.9015 0.6925
0.7159 0.7959 0.8955 0.9828 0.9830 1.0993 1.1262 1.0219 0.9792 1.1402 1.1239 0.9608 1.0205 0.9125 0.9144 0.7161
0.8135 0.8862 0.9058 0.9079 1.0000 1.0922 1.1428 1.0651 1.1277 1.2317 0.9986 0.9857 0.9499 1.0354 0.9413 0.8392
0.8796 0.9402 0.9502 0.9801 1.1361 1.1234 1.1670 1.0220 1.1732 1.1043 1.0422 0.9650 0.9594 0.9103 0.8338 0.8193
0.7718 0.8847 0.9392 0.9628 1.0235 1.0335 1.1307 1.1214 1.1133 1.0796 1.1039 1.0515 0.9398 0.8556 0.8151 0.9525
0.9579 0.8366 0.8992 0.9700 1.0000 1.1069 1.1720 1.0586 1.1076 1.0743 1.1335 1.0437 1.0286 0.9042 0.8117 0.8664
0.8278 0.9247 0.8753 0.9414 1.0365 1.0057 1.1494 1.0318 1.1219 1.1262 1.0714 1.0370 0.9640 1.0335 0.8667 0.8047
0.7401 0.8383 0.9485 1.0803 1.0440 1.0965 1.0549 1.1574 0.9542 1.0402 1.1279 0.8762 0.8588 0.9758 0.9617 0.9446
0.8125 0.7533 0.8555 0.8821 1.0124 1.1088 1.1974 1.0675 1.0529 1.1251 1.0291 1.0065 1.0495 0.9753 0.8669 0.8823
0.7869 0.8637 0.9109 1.0246 1.1478 1.1000 1.1127 0.8964 1.0145 1.2013 1.0516 0.9568 0.9311 1.0000 1.0000 0.6306
0.9409 0.8815 0.9478 1.0008 1.1554 1.0713 1.0937 0.9271 1.0914 1.0283 1.0627 0.9359 1.0047 0.7815 0.7601 0.9327
0.9256 0.9710 0.9642 0.9945 0.9773 1.1249 1.1580 1.0549 1.0674 1.0112 1.0864 0.9212 0.9293 1.0000 0.8111 0.7666
0.7039 0.8110 0.8880 0.9325 1.0308 1.1906 1.0980 1.0695 1.0350 1.0620 1.1245 1.1128 1.0216 0.8082 0.8798 0.8042
0.8078 0.9219 0.9629 1.0503 1.0040 1.0551 1.0732 1.0365 1.0603 0.9976 1.0258 1.0434 0.9503 0.9294 0.8854 0.8142
0.9178 0.7644 0.8822 0.8650 1.1187 1.2232 1.0053 1.1431 1.0590 1.1819 1.0111 1.0410 1.1192 0.8965 0.8618 0.8865
0.7140 0.8888 0.8328 0.8472 1.0472 1.0078 1.1448 1.0412 1.0419 1.1524 1.1082 1.0246 0.9956 0.9873 0.9419 0.8999
0.7423 1.0000 0.9329 0.9109 0.9809 1.1792 1.1550 1.0579 1.0354 1.1340 1.0988 0.9134 0.9574 0.8908 0.8899 0.8707
0.9027 0.9195 1.0118 0.9039 1.0879 1.2048 0.9783 1.0892 1.1026 1.1467 0.9622 1.0716 1.0000 0.9083 0.9100 0.8027
0.9251 0.9473 0.9387 0.9992 0.9180 1.1191 1.0667 1.0746 1.0304 0.9691 1.0426 1.0876 1.0037 1.0029 0.9758 0.8527
0.6455 0.7973 0.9287 0.9757 1.0000 1.0117 1.0248 1.0321 1.0162 1.0743 0.9994 1.0544 0.9954 0.8889 1.0000 0.7789
0.8212 0.8023 1.0286 1.0233 1.0726 1.1536 1.1502 0.9167 1.0930 1.1617 1.1601 1.0270 1.0651 0.8933 0.8477 0.8040
0.8411 0.8168 0.8942 0.9790 1.2329 1.0000 1.0871 1.1716 1.0990 1.0164 1.1556 0.9424 0.9474 0.8838 0.9575 0.9720
0.8446 0.9946 0.8811 1.0030 1.1170 1.0988 1.1585 1.1608 1.1487 1.1486 1.0449 0.9505 0.9288 0.8352 0.7092 0.6810
