1.2464 1.1435 1.1789 1.2452 1.0662 1.0482 1.0969 0.9130 1.1424 1.0616 0.9098 0.8139 0.9050 0.7136 0.7564 0.7167
1.0000 0.9760 0.9504 1.1611 1.1333 0.9914 1.0095 0.9755 0.9084 1.0715 0.9968 0.9673 0.9718 1.0521 0.8471 1.0000
1.3001 1.1475 1.0201 1.6894 1.0848 1.0650 1.0000 0.9213 1.0308 1.0330 0.9821 0.8182 0.9113 0.9147 0.8443 0.8478
1.1080 0.9131 0.9985 1.1586 1.0131 1.0360 1.1005 0.9562 1.0425 1.0087 0.9789 0.9339 0.9542 0.8754 0.8921 1.0121
1.5028 1.1240 1.0779 1.0558 0.9346 0.9700 0.9913 0.9784 0.7687 0.8630 1.0931 1.1010 0.9172 0.9836 1.0466 1.2034
0.9944 1.0798 0.8778 0.9792 0.8988 1.0342 1.1213 0.9987 0.8107 1.1544 0.8823 1.0670 0.9807 0.9567 1.0086 1.1657
1.3809 1.1338 1.1532 1.0917 1.0314 0.9118 0.9677 0.8729 0.9094 0.9936 0.9502 0.8780 0.9388 1.0577 1.0000 0.9801
1.0607 1.1870 0.8782 1.0292 0.9934 1.0573 1.1054 1.0603 1.1527 0.9370 0.9664 0.9660 0.9062 0.7915 0.9102 0.9884
0.7682 0.7753 1.0199 0.8546 0.8560 0.9688 0.8575 1.1140 1.1045 0.9441 1.1267 1.0199 1.1794 0.8092 1.2680 1.0339
0.8539 0.8003 0.8122 1.0273 0.9846 0.9896 1.0090 0.9697 0.9374 1.0377 0.9393 1.0370 1.1691 1.0720 1.1906 1.4170
0.5927 0.8037 0.8794 0.8711 0.8941 1.0215 1.0199 1.1816 1.0750 1.0342 0.8537 0.9878 1.0482 1.1067 0.9636 1.0569
1.0968 1.0021 1.0695 1.1182 1.0218 1.0924 1.1675 0.9344 1.0331 0.9219 0.9323 0.9442 0.9394 0.9457 0.9930 0.7872
0.9999 1.1221 1.1059 1.1800 1.0539 0.9280 0.8803 1.2598 0.8852 1.0109 1.1126 0.7730 0.8387 0.9681 0.8612 1.0640
0.9348 0.8694 0.9691 0.7675 0.8882 0.9201 0.8467 1.1264 1.0113 1.0591 1.0908 1.0305 1.0985 1.0336 1.1650 1.1129
1.3691 1.1358 1.0042 1.0299 1.0980 1.1187 1.1148 1.0967 1.0043 0.7688 0.9552 0.9256 0.8639 0.6641 0.6581 0.6852
0.8165 0.9291 1.0187 0.9028 0.8784 1.0007 1.0338 1.0169 1.0000 0.9366 1.0662 0.9459 1.0000 1.1250 1.2130 1.3783
1.0721 0.9148 1.0356 1.0000 0.9303 1.0272 1.0680 0.8824 1.0207 1.0687 1.0319 1.0305 0.9750 0.9255 0.9998 1.0772
1.1967 1.1822 0.8863 1.2186 0.8775 0.9721 1.1342 0.9204 0.8992 1.0000 1.0000 1.0479 1.0000 0.8956 0.9982 1.0836
1.3772 1.0422 1.3991 1.0868 0.8735 1.1462 1.0714 1.0241 1.1631 0.8992 0.8640 0.9668 0.8722 0.8176 0.7889 0.9741
1.0006 1.0694 1.1565 1.1289 1.0035 1.0444 0.9650 1.0141 1.0773 1.2747 0.9591 0.8498 0.8153 0.7667 0.5678 0.5457
1.4026 1.0611 1.0000 1.0266 1.1939 1.1497 0.9876 1.0198 0.9887 0.8277 0.9386 1.1143 0.8985 1.0360 0.9546 0.8574
0.5574 0.5828 0.9215 0.8767 0.8474 0.9651 1.0119 1.0485 1.0367 0.9800 1.0320 1.1706 1.1818 0.9422 0.9795 1.3076
1.0924 0.9197 1.0012 0.8282 0.9486 0.9908 1.0031 1.0602 1.0000 1.2254 1.0105 0.9314 1.0125 1.0554 0.9658 0.8834
0.8708 0.8359 0.7528 0.8958 0.8283 0.9849 0.8615 0.9255 1.1483 1.0600 1.1070 1.1617 1.1591 1.0844 0.5458 1.2193
1.5522 1.2114 1.0775 1.2365 1.1425 1.1146 1.2373 0.9874 1.0378 0.8105 0.9668 0.8809 0.8957 0.8455 0.7222 0.8175
