1.3101 1.1702 1.0628 1.1122 0.9971 0.9528 1.0727 0.8928 1.1332 1.1434 0.8607 0.8476 0.9311 0.8150 0.8144 0.8797
1.0000 1.0749 1.2430 1.2330 1.1288 1.0024 1.0751 0.9794 0.9062 0.9411 0.9077 0.8896 0.8806 0.9244 0.8322 1.0000
1.0614 0.9121 0.9097 1.2784 0.8732 0.9864 1.0000 0.9541 0.9850 1.0401 0.9679 0.9274 1.0403 1.0855 1.0635 1.1989
1.2759 1.1761 1.1658 1.1204 1.0156 1.0588 1.0774 0.8976 0.9723 0.9039 0.9176 0.9690 0.8231 0.9482 0.8077 0.9718
1.3084 1.0090 0.9248 1.0355 0.9544 0.9642 0.9942 0.9123 0.9231 1.0048 0.9879 1.0908 0.9045 1.1244 1.0636 1.2949
1.1682 1.0871 0.9959 1.1235 0.9717 1.0808 1.0717 0.9721 0.8936 1.0539 0.9537 0.8899 0.8903 0.8655 0.9974 0.9922
1.1915 1.1159 1.0603 1.0073 0.9390 0.9523 1.0285 0.9578 0.8801 1.0457 0.9543 0.8337 0.9809 1.0651 1.0000 1.0394
1.3186 1.2056 1.1148 1.0620 1.1176 1.0712 1.0852 0.9983 1.0945 0.9231 0.9242 0.8487 0.8326 0.7768 0.7826 0.8455
0.6787 0.7270 0.9132 0.7705 0.9294 0.9632 0.8419 1.0731 1.0394 0.9109 1.0723 1.0127 1.2022 0.9805 1.2299 1.1298
1.0747 0.9258 0.9094 1.0665 0.9790 0.9682 0.9728 1.1282 0.8998 0.9298 0.9403 0.9240 1.0496 1.0087 1.1225 1.1712
0.6799 0.7386 0.8979 0.8364 0.9600 0.9747 0.9298 1.0346 0.9854 0.9697 1.0575 0.9185 1.1867 1.1167 0.9771 1.2079
1.2334 1.1001 1.1833 1.2075 1.0635 1.1011 1.1129 0.9827 1.0111 0.8569 0.8447 0.8947 0.8637 0.8267 0.8867 0.8480
0.9911 0.8664 0.8562 0.9455 0.8996 0.8684 0.8165 1.1377 0.9339 1.0384 1.1697 0.9755 1.0803 1.1642 1.1303 1.4849
1.1334 1.0471 1.1116 0.9676 0.8635 0.9876 0.9985 1.0617 0.9569 0.9277 0.9696 0.8940 1.0067 0.9127 1.0589 1.0918
1.2362 1.1423 0.9416 0.9417 1.0560 1.0929 1.0141 1.0844 0.9858 0.8847 0.9369 0.9653 0.9478 0.7729 0.7681 0.8907
0.9860 0.9700 1.0419 0.8895 0.9565 1.0596 0.9968 1.0060 1.0000 0.8984 0.9603 1.0462 1.0000 1.0344 1.0607 1.1967
0.9385 0.9455 0.9388 1.0000 0.9833 0.9281 1.0518 1.0511 0.9992 1.0211 1.0610 0.9929 1.0557 1.0315 1.2644 1.2910
1.4382 1.3263 0.9870 1.2604 0.9414 0.9964 1.1111 0.9788 0.8849 1.0000 1.0000 0.9384 1.0000 0.8736 0.9514 0.9540
1.4585 1.0085 1.1996 0.9342 0.8122 1.1308 1.0306 0.9936 1.0750 1.0227 0.9074 1.0121 0.8765 0.8764 0.9521 1.1329
1.1584 1.1019 1.1625 1.1989 0.9840 1.0332 0.9695 0.9526 1.0116 1.0098 0.9069 0.8041 0.8018 0.7680 0.5355 0.5185
1.3110 0.9461 1.0000 0.9122 1.1198 1.0679 0.9288 1.0012 0.9892 0.9799 0.9270 1.0646 0.9031 1.0810 1.0179 1.0485
0.6551 0.7157 0.9884 0.9693 1.0527 1.0182 1.0159 0.9762 0.9427 1.1036 0.9484 0.9953 1.0501 0.9595 0.9824 1.2493
1.0472 0.8569 0.9114 0.9348 0.8525 0.9123 0.8753 0.9258 1.0000 1.1458 0.9391 0.9396 1.1358 1.2535 1.3238 1.5071
1.0130 1.0276 0.8568 1.0407 0.8928 0.9802 0.9089 0.9867 1.1292 0.9326 1.0225 1.0547 0.9804 1.0347 0.5458 1.0732
1.2885 1.1106 0.9823 1.0655 1.0634 1.0504 1.0806 0.9999 1.0201 0.8555 1.0230 0.9135 0.9866 0.8998 0.8902 0.9749
