1.2706 1.1826 1.1243 1.1418 1.0490 0.9942 1.0703 0.8884 1.1437 1.1256 0.9121 0.8341 0.9302 0.7681 0.7558 0.7944
1.0000 1.0161 1.0658 1.2311 1.1259 1.0139 1.0347 0.9722 0.9218 0.9900 0.9515 0.9064 0.9278 1.0137 0.8450 1.0000
1.1974 1.0260 0.9789 1.5052 0.9703 1.0682 1.0000 0.9613 1.0145 1.0613 1.0159 0.8893 0.9920 0.9537 0.9807 0.9690
1.1656 1.0608 1.0875 1.1712 1.0188 1.0918 1.1184 0.9652 1.0129 0.9385 0.9348 0.9579 0.8697 0.8899 0.8413 0.9241
1.4372 1.0351 1.0020 1.0592 0.9328 0.9672 1.0010 0.9736 0.7951 0.9073 0.9982 1.0902 0.9286 1.0988 1.0709 1.3020
1.0686 1.1116 0.9461 1.0345 0.9373 1.0834 1.1308 1.0121 0.8279 1.1173 0.9054 0.9621 0.9261 0.9063 0.9630 1.0617
1.2366 1.1283 1.1009 1.0235 0.9678 0.9401 1.0080 0.9056 0.8893 1.0655 0.9762 0.8628 0.9447 1.0427 1.0000 1.0182
1.1643 1.2171 0.9623 1.0906 1.0668 1.0885 1.1114 1.0511 1.1092 0.9065 0.9628 0.8855 0.8357 0.7626 0.8288 0.9080
0.6965 0.7439 0.9569 0.7939 0.8938 0.9543 0.8612 1.0721 1.0841 0.9423 1.1240 1.0427 1.1756 0.8526 1.2535 1.1323
0.9438 0.8659 0.8527 1.0909 0.9758 1.0145 0.9837 0.9776 0.9252 1.0199 0.9666 0.9803 1.0921 1.0318 1.1349 1.2817
0.6180 0.7336 0.8760 0.8502 0.8765 1.0131 0.9421 1.1473 1.0659 0.9940 0.9656 0.9621 1.1381 1.1289 0.9827 1.0970
1.1908 1.0787 1.1007 1.1508 1.0598 1.0889 1.1682 0.9651 1.0155 0.9026 0.8896 0.9197 0.8910 0.8759 0.9102 0.7870
1.0000 0.9968 0.9904 1.0834 1.0068 0.8848 0.8118 1.1734 0.9277 0.9893 1.1045 0.8510 0.9833 1.1351 1.0032 1.3161
1.0070 0.9316 0.9847 0.7972 0.9205 0.9641 0.9228 1.1022 0.9859 0.9827 1.0433 0.9940 1.0781 0.9808 1.1468 1.0978
1.3038 1.1214 0.9910 0.9959 1.0645 1.1346 1.0733 1.1115 0.9828 0.7926 0.9670 0.9547 0.9087 0.7352 0.6761 0.7397
0.9247 0.9697 1.0314 0.9077 0.9058 1.0575 1.0152 1.0145 1.0000 0.9314 1.0090 0.9133 1.0000 1.0868 1.1415 1.2851
1.0073 0.9357 0.9971 1.0000 0.9621 0.9873 1.0671 0.9270 0.9902 1.0587 1.0697 0.9828 1.0187 0.9948 1.1021 1.2141
1.3425 1.2861 0.9314 1.2359 0.9401 1.0226 1.1407 0.9328 0.8865 1.0000 1.0000 0.9779 1.0000 0.8635 0.9415 0.9788
1.3957 1.0038 1.3360 1.0026 0.8655 1.1532 1.0245 0.9948 1.0871 0.9702 0.9158 0.9813 0.8565 0.8641 0.8914 1.0504
1.1236 1.0839 1.1363 1.1764 0.9982 1.0394 0.9476 0.9491 1.0269 1.2226 0.9352 0.8310 0.8007 0.7816 0.5644 0.5182
1.3668 0.9780 1.0000 0.9562 1.1564 1.0950 0.9485 0.9752 0.9907 0.8530 0.9391 1.1378 0.9343 1.1016 1.0187 0.9205
0.5295 0.6485 0.9458 0.9140 0.9328 1.0365 1.0155 1.0272 1.0025 1.0147 1.0173 1.1402 1.0973 0.9243 0.9533 1.2937
1.0925 0.8611 0.9523 0.8678 0.8827 0.9769 0.9050 0.9912 1.0000 1.2439 0.9349 0.9498 1.0706 1.2000 1.1375 1.0850
0.9859 0.9528 0.7978 1.0030 0.8585 0.9738 0.9091 0.9255 1.1517 0.9786 1.0885 1.1173 1.0340 1.0192 0.5458 1.1277
1.5293 1.1813 1.0747 1.1827 1.1192 1.1111 1.1431 1.0461 1.0201 0.8384 1.0141 0.8568 0.9190 0.8264 0.7625 0.8460
