0.7392 0.7967 0.8613 0.8869 1.0372 1.0776 1.0555 1.1753 1.1396 1.1709 1.0208 0.9928 1.0398 1.0172 0.8719 0.8690
0.8563 0.8643 0.9697 1.0364 1.0959 1.2387 1.2123 0.9666 1.0060 0.9309 1.0941 0.9987 0.9247 0.8433 0.9928 0.7673
0.6650 0.7168 0.9253 0.9274 0.9539 1.0876 1.1282 1.0786 1.0711 1.2129 1.0024 0.9674 0.9033 0.9213 0.9022 0.7289
0.6726 0.7470 0.8647 0.9680 0.9788 1.0884 1.1026 1.0176 0.9711 1.1476 1.1283 0.9707 1.0446 0.8944 0.9431 0.7562
0.7497 0.7989 0.8329 0.9209 1.0000 1.0382 1.1113 1.0576 1.1684 1.2122 1.0200 1.0280 0.9680 1.0296 0.9338 0.8289
0.8456 0.8689 0.8701 0.9509 1.1457 1.1033 1.1826 1.0943 1.1636 1.0937 1.0391 1.0184 0.9713 0.9354 0.8599 0.8570
0.7614 0.8253 0.8670 0.9360 1.0409 1.0258 1.1527 1.1608 1.0909 1.0669 1.0900 1.0417 0.9859 0.9106 0.8362 0.9696
0.8907 0.8052 0.8696 0.9532 1.0000 1.0965 1.2021 1.1042 1.0748 1.0521 1.1326 1.0923 1.0298 0.9203 0.8493 0.9235
0.8196 0.8700 0.8600 0.8814 1.0220 1.0307 1.1354 1.0449 1.0743 1.1035 1.0329 1.0882 0.9870 1.0310 0.9182 0.8451
0.6836 0.7457 0.8544 0.9802 1.0061 1.0258 1.0413 1.1036 0.9746 1.0132 1.1518 0.9559 0.9277 0.9751 1.0171 1.0242
0.7165 0.6494 0.7457 0.8056 0.9424 1.0477 1.1593 1.0284 1.0096 1.0510 1.0186 0.9610 1.0215 0.9866 0.8555 0.9758
0.7408 0.8449 0.9272 0.9934 1.1804 1.1456 1.1329 0.8673 1.0286 1.2286 1.0737 0.9639 0.9443 1.0000 1.0000 0.6959
0.9435 0.9076 0.9058 1.0159 1.1431 1.1032 1.1544 1.0175 1.1136 1.0280 1.0703 1.0239 0.9943 0.8409 0.8381 0.9758
0.9108 0.9107 0.9625 1.0079 0.9906 1.0900 1.1662 1.1399 1.0801 1.0519 1.1401 0.9350 0.9581 1.0000 0.8454 0.8038
0.6816 0.7417 0.8699 0.9158 1.0029 1.2060 1.0882 1.0557 1.0383 1.0482 1.0934 1.1118 0.9908 0.8465 0.9042 0.8265
0.7017 0.8189 0.9339 0.9993 0.9872 1.0365 1.0813 1.0420 1.0750 1.0111 1.0029 1.0745 0.9914 0.9744 0.9225 0.8688
0.8911 0.7623 0.8748 0.8835 1.0352 1.1702 0.9811 1.1724 1.1294 1.1682 1.0500 1.0297 1.1067 0.9297 0.8949 0.9222
0.7029 0.7920 0.8000 0.8253 1.0140 0.9964 1.1186 0.9978 0.9911 1.1027 1.0768 1.0594 1.0331 1.0186 0.8986 0.9168
0.6917 1.0000 0.9057 0.9282 0.9852 1.1393 1.1248 1.0500 1.0644 1.1555 1.0784 0.9013 0.9899 0.8949 0.8811 0.9021
0.8242 0.8134 0.9405 0.8397 1.0513 1.1562 1.0169 1.0722 1.0490 1.1615 1.0318 1.1200 1.0000 0.9638 0.9749 0.9427
0.8761 0.8962 0.8819 0.9510 0.9440 1.1049 1.0677 1.0357 1.0347 0.9524 1.0537 1.1143 1.0026 0.9970 1.0280 0.9656
0.6282 0.7707 0.9132 0.9952 1.0000 1.0669 1.0596 1.0592 1.0228 1.0959 1.0061 1.0476 0.9872 0.9142 1.0000 0.8297
0.8374 0.7790 0.9724 0.9446 1.0559 1.1542 1.1550 0.9398 1.0691 1.1335 1.1624 1.0277 1.0446 0.9420 0.8872 0.8510
0.7780 0.7872 0.8754 0.9487 1.2248 1.0000 1.0784 1.1736 1.1011 1.0554 1.2139 0.9424 0.9415 0.9401 0.9736 0.9733
0.8398 0.9344 0.8849 0.9668 1.0979 1.1105 1.1896 1.1824 1.1794 1.1639 1.0769 0.9668 0.9668 0.8948 0.7792 0.7667
