1.4060 1.4136 1.2904 1.2911 1.1098 1.0015 1.0952 1.0107 1.0141 1.0031 0.7983 0.8103 0.8151 0.7342 0.6176 0.6342
1.0000 0.7579 0.9149 0.9200 0.9343 0.9121 1.0715 1.0121 0.9966 1.1015 1.0867 0.9559 1.0331 1.2653 1.1379 1.0000
1.3151 1.2533 1.5026 2.0334 1.0820 1.1813 1.0000 0.9060 1.1575 1.0415 0.9157 0.7483 0.9099 1.0222 0.7513 0.7712
0.9758 0.7678 0.8199 1.0162 0.8412 0.8998 0.9390 0.9173 1.1298 1.0541 1.0437 1.0520 1.0614 1.0297 1.0679 1.5876
1.2608 1.1476 0.9260 0.9205 0.9439 1.0428 1.3140 1.2059 0.9817 1.1673 1.1060 0.9994 0.9838 1.0138 0.9920 0.9953
0.7227 0.8571 0.6963 0.7817 0.8177 0.9510 1.1172 1.0189 0.9020 1.2240 1.0150 1.3110 1.1589 1.1151 1.2417 1.4703
1.7121 1.3433 1.3350 1.2063 1.1722 1.0341 0.9859 0.8745 0.8831 0.8119 0.8054 0.7733 0.8062 0.9707 1.0000 0.7856
0.9440 0.9222 0.9641 0.9346 0.8218 0.9963 1.0645 1.1712 1.2171 1.0015 0.9865 1.0429 0.9082 0.9194 1.0037 1.1438
1.0692 1.0008 1.2052 1.1123 1.0338 1.2536 0.9812 1.1818 1.1306 0.9932 1.0627 0.9753 1.0159 0.8851 1.0855 1.0545
1.0234 0.8715 1.1355 0.8820 0.9381 1.0167 0.9157 1.1482 0.8963 1.0345 0.9346 1.0120 1.2121 1.0919 1.1696 1.6047
0.7305 1.0950 1.1379 0.9123 1.0750 1.1664 1.0564 1.1477 1.0834 0.9111 0.8457 0.8723 0.9528 0.8687 0.7643 1.3891
0.8648 0.8255 0.9166 0.9245 0.8182 0.9457 1.0389 0.9348 0.9728 1.1067 1.1128 1.1337 1.1103 1.2278 1.1960 0.9848
1.1174 1.1061 0.9864 1.1421 1.1243 1.1620 1.1452 1.4939 0.7732 1.2389 1.0461 0.7908 0.7600 0.8083 0.7981 0.9027
1.0758 0.8654 1.0491 0.8700 0.7470 0.8466 0.8422 1.0146 1.0425 1.0769 1.1441 1.0107 1.0641 1.0629 1.1647 1.0980
1.5174 1.3895 1.0342 1.1483 1.2786 1.0320 1.1734 1.1043 0.9555 0.7862 0.8657 0.8001 0.7365 0.6978 0.6665 0.7083
0.6686 0.9120 0.8314 0.7630 0.8284 0.8573 0.9687 0.8392 1.0000 0.9579 1.1537 1.2376 1.0000 1.4560 1.5359 1.5690
1.1129 0.8985 1.1958 1.0000 0.9528 1.0279 1.0935 1.0073 0.9390 0.9874 0.9606 0.9770 0.9052 0.9729 1.0915 0.9792
0.8530 0.8393 0.8063 0.9235 0.8076 0.8205 1.0255 0.9291 0.9625 1.0000 1.0000 1.2069 1.0000 1.1620 1.2777 1.2548
1.6191 1.2671 1.7903 1.1774 1.0271 1.1535 1.1003 1.0417 0.9778 0.9085 0.8755 0.7879 0.7347 0.7276 0.8822 0.8320
0.8489 0.8725 1.1613 1.0021 0.9468 1.0281 1.0635 1.0843 1.2663 1.2890 1.2355 1.0450 1.1283 1.1064 0.7976 0.6236
1.4703 1.2174 1.0000 1.0925 1.2526 1.1991 1.0889 1.0319 1.0138 0.9897 0.8764 1.0083 0.8507 0.9615 0.8585 0.9107
0.7392 0.6846 0.7729 0.6276 0.8113 0.8749 0.9550 0.9742 1.0288 1.0236 1.0968 1.3177 1.2406 1.1478 1.1822 1.5716
1.0369 1.1198 1.1221 0.9259 1.0279 1.0829 1.1735 1.1555 1.0000 1.5193 0.9746 0.8469 0.8938 0.6802 0.6210 0.7939
0.7106 0.7971 0.8440 0.8582 0.8265 0.8596 0.8590 1.0192 1.1462 1.0546 1.0980 1.1531 1.2804 1.3262 -0.8609 1.5363
1.3936 1.4053 1.2126 1.3598 1.1262 1.1854 1.3275 1.1423 1.0826 0.8565 0.9920 0.9719 0.9215 0.9646 0.8584 0.9368
