0.7905 0.8136 0.9066 0.9249 1.0118 1.0567 1.0218 1.1419 1.1246 1.1569 1.0301 0.9721 1.1093 1.0772 0.9366 0.9345
0.8764 0.8945 1.0051 1.0517 1.1059 1.2228 1.1912 0.9421 0.9822 0.9227 1.0815 1.0366 0.9571 0.8570 0.9989 0.7930
0.6704 0.7381 0.9232 0.9467 0.9571 1.0904 1.1418 1.0624 1.0665 1.2312 1.0102 0.9955 0.9368 0.9461 0.9449 0.7425
0.6776 0.7296 0.8521 0.9326 0.9378 1.0572 1.0811 1.0237 0.9622 1.1774 1.1372 1.0147 1.0844 0.9402 0.9965 0.7689
0.7962 0.8975 0.8356 0.9009 1.0000 1.0607 1.0918 1.0525 1.1356 1.1971 1.0378 1.0667 0.9521 1.0405 0.9595 0.8272
0.8876 0.8993 0.8913 0.9583 1.1289 1.0606 1.1470 1.0703 1.1590 1.0871 1.0536 1.0045 0.9817 0.9518 0.8857 0.8350
0.7644 0.8347 0.8915 0.9480 1.0128 1.0355 1.1386 1.1237 1.0861 1.0780 1.0884 1.0619 0.9879 0.9130 0.8403 0.9561
0.9062 0.8222 0.8728 0.9343 1.0000 1.0902 1.1874 1.0817 1.1024 1.0651 1.1596 1.0696 1.0412 0.9407 0.8425 0.8857
0.8312 0.8947 0.8525 0.8800 0.9949 1.0184 1.1383 1.0256 1.0763 1.1216 1.0581 1.1305 1.0038 1.0478 0.9068 0.8629
0.7263 0.7930 0.9138 1.0121 1.0164 1.0410 1.0448 1.1484 1.0162 1.0698 1.1387 0.9694 0.9153 0.9550 0.9776 0.9471
0.7781 0.7318 0.8126 0.8643 0.9865 1.0953 1.1682 1.0729 1.0659 1.1227 1.0622 1.0149 1.0875 1.0263 0.8947 0.9435
0.7449 0.8717 0.9297 1.0007 1.1650 1.1066 1.1036 0.8524 1.0031 1.2090 1.0699 0.9846 0.9511 1.0000 1.0000 0.6680
0.9403 0.8840 0.9314 0.9949 1.1319 1.1098 1.0990 0.9865 1.0855 0.9532 1.0465 0.9921 0.9796 0.8166 0.7941 0.9328
0.9165 0.9158 0.9488 1.0269 0.9892 1.0695 1.1243 1.1005 1.0672 1.0437 1.1205 0.9174 0.9413 1.0000 0.8163 0.7962
0.7164 0.7983 0.8821 0.9360 1.0028 1.1690 1.0863 1.0634 1.0579 1.0574 1.1355 1.1593 1.0370 0.8310 0.8931 0.7538
0.7353 0.8572 0.9695 1.0025 0.9712 1.0396 1.0504 1.0359 1.0524 1.0131 1.0252 1.1070 1.0006 0.9627 0.9194 0.8563
0.8710 0.8071 0.9093 0.8957 1.0355 1.1499 0.9515 1.1075 1.1137 1.1774 1.0266 1.0425 1.1214 0.9361 0.9150 0.9165
0.7316 0.8194 0.8445 0.8637 1.0175 1.0210 1.1220 1.0282 1.0242 1.1198 1.1080 1.0634 1.0322 1.0195 0.9687 0.9547
0.7001 1.0000 0.9031 0.8938 0.9538 1.1192 1.1289 1.0598 1.0456 1.1594 1.0838 0.9188 0.9845 0.9131 0.9232 0.9166
0.8909 0.8702 1.0087 0.9072 1.0590 1.1592 1.0050 1.0838 1.0832 1.1876 1.0063 1.0856 1.0000 0.9229 0.8924 0.8038
0.8890 0.8835 0.9213 0.9740 0.9621 1.0804 1.0654 1.0454 1.0353 0.9656 1.0579 1.1259 1.0503 1.0119 1.0079 0.8939
0.6037 0.7558 0.9214 0.9778 1.0000 1.0224 1.0219 1.0173 0.9882 1.0716 1.0077 1.0650 0.9836 0.9181 1.0000 0.7645
0.8904 0.8174 1.0035 0.9628 1.0904 1.1108 1.1488 0.9357 1.0547 1.1084 1.1332 1.0266 1.0787 0.9341 0.8943 0.8316
0.7570 0.7944 0.8705 0.9227 1.1791 1.0000 1.0587 1.1921 1.0831 1.0290 1.2118 0.9597 0.9662 0.9427 1.0159 1.0170
0.8535 0.9427 0.8910 0.9804 1.0826 1.1156 1.1619 1.2028 1.1386 1.1777 1.0497 0.9614 0.9199 0.8496 0.6885 0.6350
