1.2699 1.1713 1.0936 1.1174 1.0218 0.9654 1.0845 0.8983 1.1438 1.1621 0.8764 0.8338 0.9432 0.7755 0.7883 0.8556
1.0000 1.0606 1.1471 1.2552 1.1233 0.9741 1.0229 0.9890 0.9009 0.9836 0.9271 0.8936 0.9205 0.9752 0.8340 1.0000
1.1542 0.9882 0.9816 1.3766 0.9098 1.0148 1.0000 0.9384 0.9881 1.0708 1.0181 0.9247 1.0042 0.9654 1.0467 1.0208
1.2875 1.1069 1.1012 1.1323 1.0192 1.0371 1.0765 0.9243 0.9969 0.9367 0.9329 0.9471 0.8779 0.9362 0.8342 0.9567
1.3396 1.0598 0.9532 1.0439 0.9247 0.9476 0.9767 0.9448 0.8421 0.9357 1.0019 1.1198 0.9364 1.0921 1.0714 1.3026
1.1190 1.0895 0.9656 1.0869 0.9508 1.0754 1.1254 0.9917 0.8612 1.0596 0.9186 0.9482 0.8999 0.8847 0.9760 1.0366
1.2439 1.1082 1.0745 1.0129 0.9739 0.9395 1.0176 0.9373 0.9038 1.0510 0.9945 0.8330 0.9749 1.0197 1.0000 1.0115
1.2380 1.2451 1.0343 1.0834 1.0889 1.1005 1.0804 1.0114 1.0808 0.9122 0.9386 0.8826 0.8326 0.7847 0.8008 0.8969
0.7024 0.7313 0.9445 0.7728 0.9146 0.9903 0.8562 1.0510 1.0727 0.9454 1.0756 1.0027 1.2145 0.9269 1.2462 1.0914
1.0093 0.9745 0.8823 1.0792 0.9971 0.9988 0.9646 1.0260 0.8918 0.9628 0.9442 0.9572 1.0943 1.0269 1.1160 1.2295
0.6128 0.7434 0.8548 0.8336 0.9123 0.9923 0.9220 1.1101 1.0438 0.9676 1.0153 0.9490 1.1771 1.1285 0.9771 1.1467
1.2415 1.1037 1.1244 1.1709 1.0416 1.1032 1.1306 0.9904 1.0065 0.8834 0.8596 0.9012 0.8819 0.8666 0.9024 0.7888
0.9607 0.9361 0.9140 1.0183 0.9726 0.8753 0.8010 1.1214 0.9476 1.0280 1.1018 0.8957 1.0378 1.1562 1.1144 1.4042
1.0914 0.9936 1.0564 0.8570 0.8785 0.9829 0.9377 1.0739 0.9527 0.9300 0.9887 0.9408 1.0611 0.9698 1.0993 1.1493
1.3052 1.1798 0.9931 0.9787 1.0563 1.0813 1.0514 1.0637 0.9652 0.8346 0.9706 0.9598 0.9197 0.7470 0.7418 0.7870
0.9397 0.9555 1.0543 0.9153 0.9425 1.0309 1.0139 0.9713 1.0000 0.9077 1.0032 0.9881 1.0000 1.0583 1.1083 1.2801
0.9559 0.9195 0.9650 1.0000 0.9781 0.9650 1.0456 0.9626 1.0031 1.0401 1.0561 1.0375 1.0277 1.0398 1.1841 1.3019
1.3732 1.3191 1.0294 1.2377 0.9629 0.9880 1.1169 0.9350 0.8786 1.0000 1.0000 0.9422 1.0000 0.8315 0.9787 0.9634
1.4032 1.0086 1.2783 0.9944 0.8476 1.1307 1.0282 1.0169 1.0803 0.9704 0.9064 0.9882 0.8789 0.8494 0.9053 1.0715
1.1221 1.1027 1.1589 1.1595 0.9872 1.0232 0.9668 0.9722 1.0402 1.0492 0.9174 0.8306 0.8374 0.7680 0.5460 0.5264
1.3831 1.0230 1.0000 1.0060 1.1569 1.0965 0.9338 0.9949 0.9771 0.9001 0.9205 1.0583 0.9189 1.0844 1.0043 0.9850
0.5900 0.7028 0.9724 0.9906 0.9887 1.0047 0.9980 0.9873 0.9945 1.0240 0.9810 1.1000 1.0753 0.9483 0.9597 1.2482
1.0203 0.8632 0.9208 0.8914 0.8880 0.9390 0.9041 0.9681 1.0000 1.2183 0.9797 0.9662 1.1130 1.2098 1.1734 1.1920
1.0109 0.9889 0.8463 1.0039 0.8993 0.9947 0.9157 0.9394 1.1437 0.9647 1.0242 1.0595 1.0140 1.0277 0.5458 1.1059
1.3996 1.1335 1.0817 1.1499 1.1078 1.1329 1.1923 1.0364 1.0401 0.8797 1.0040 0.8613 0.9191 0.7831 0.7709 0.8583
