0.8504 0.9249 0.9394 0.9432 1.0223 1.1177 1.0359 1.1808 1.1513 1.1418 1.0092 0.8818 1.0666 1.0212 0.8379 0.8836
0.9440 0.9400 1.0735 1.0999 1.1759 1.2577 1.2369 0.8654 0.9198 0.8642 1.0842 0.9660 0.9283 0.8166 0.9538 0.7348
0.6958 0.8055 0.9440 0.9925 1.0250 1.1538 1.1003 1.0911 1.0612 1.2250 0.9833 0.9266 0.9124 0.9025 0.8993 0.6595
0.7040 0.8016 0.9036 1.0022 1.0069 1.0983 1.1295 1.0223 0.9767 1.1313 1.1544 0.9557 1.0066 0.8948 0.8821 0.6834
0.7924 0.8849 0.9091 0.9181 1.0000 1.0954 1.1730 1.0677 1.1048 1.2273 1.0010 0.9882 0.9416 1.0286 0.9130 0.8527
0.8785 0.9444 0.9503 1.0030 1.1563 1.1331 1.1587 0.9881 1.2145 1.1019 1.0558 0.9554 0.9567 0.8997 0.8072 0.7925
0.7691 0.9035 0.9400 0.9546 1.0531 1.0414 1.1476 1.1313 1.1257 1.0566 1.0892 1.0426 0.9439 0.8462 0.8069 0.9142
0.9728 0.8450 0.9162 0.9778 1.0000 1.1097 1.1777 1.0513 1.1188 1.0803 1.1247 1.0471 1.0407 0.9097 0.7799 0.8358
0.8363 0.9400 0.8880 0.9539 1.0534 1.0025 1.1736 1.0166 1.1486 1.1253 1.0485 1.0194 0.9530 1.0264 0.8426 0.7556
0.7464 0.8215 0.9453 1.0622 1.0570 1.1088 1.0759 1.1745 0.9321 1.0385 1.1357 0.8516 0.8482 0.9807 0.9626 0.9339
0.8171 0.7460 0.8655 0.8722 1.0563 1.1190 1.2105 1.0749 1.0421 1.1176 1.0266 1.0154 1.0411 0.9533 0.8505 0.8761
0.7803 0.8785 0.9022 1.0324 1.1385 1.1200 1.1448 0.9147 1.0023 1.2066 1.0218 0.9479 0.9089 1.0000 1.0000 0.5912
0.9491 0.8968 0.9417 1.0122 1.1714 1.0646 1.1024 0.9111 1.1017 1.0154 1.0444 0.9381 1.0107 0.7839 0.7446 0.9132
0.9287 0.9840 0.9884 0.9898 0.9805 1.1561 1.1611 1.0481 1.0583 0.9968 1.0970 0.9056 0.9144 1.0000 0.7891 0.7473
0.6879 0.7990 0.8724 0.9179 1.0446 1.2213 1.0819 1.0597 1.0329 1.0574 1.1420 1.1274 1.0102 0.8269 0.8783 0.7864
0.7786 0.9187 0.9609 1.0825 1.0242 1.0459 1.1079 1.0247 1.0756 0.9803 1.0106 1.0402 0.9565 0.9021 0.8659 0.7960
0.9327 0.7546 0.8738 0.8537 1.1373 1.2712 0.9924 1.1898 1.0643 1.1631 1.0036 1.0093 1.1283 0.8895 0.8302 0.8754
0.7152 0.9044 0.8341 0.8274 1.0677 0.9975 1.1681 1.0968 1.0339 1.1438 1.1151 1.0141 0.9827 0.9677 0.9123 0.8807
0.7517 1.0000 0.9474 0.9182 0.9731 1.1740 1.1585 1.0378 1.0497 1.1515 1.1105 0.9025 0.9595 0.8915 0.8801 0.8524
0.8991 0.8907 1.0141 0.9114 1.0864 1.2301 0.9691 1.0984 1.0900 1.1513 0.9615 1.0943 1.0000 0.8991 0.8998 0.7925
0.9436 0.9661 0.9405 0.9937 0.9259 1.1277 1.0838 1.0702 1.0437 0.9610 1.0429 1.1212 0.9872 0.9705 0.9440 0.8076
0.6647 0.8178 0.9567 1.0104 1.0000 1.0206 1.0441 1.0412 1.0212 1.0742 0.9651 1.0369 0.9655 0.8631 1.0000 0.7440
0.8111 0.8067 1.0222 1.0423 1.0578 1.1738 1.1619 0.9203 1.1067 1.1696 1.1515 1.0268 1.0585 0.8897 0.8250 0.7922
0.8560 0.8292 0.8913 0.9853 1.2541 1.0000 1.1051 1.1941 1.0886 1.0207 1.1606 0.9233 0.9339 0.8688 0.9585 0.9323
0.8388 0.9988 0.8594 1.0145 1.1178 1.0951 1.1819 1.1701 1.1343 1.1491 1.0420 0.9493 0.9352 0.8327 0.7044 0.6710
