1.3642 1.1862 1.0368 1.0805 0.9735 0.9425 1.0521 0.8991 1.0952 1.1383 0.8361 0.8445 0.9414 0.8682 0.8250 0.9450
1.0000 1.0928 1.3424 1.2769 1.1272 0.9921 1.0976 0.9530 0.8703 0.9102 0.8505 0.8453 0.8658 0.9068 0.8568 1.0000
1.0529 0.9132 0.8619 1.2017 0.8528 0.9624 1.0000 0.9439 0.9820 1.0368 0.9390 0.9462 1.0411 1.2093 1.1016 1.2607
1.3608 1.2148 1.1701 1.1412 1.0096 1.0636 1.0934 0.9189 0.9572 0.8669 0.8964 0.9439 0.8131 0.9313 0.7843 1.0085
1.2254 0.9802 0.8950 1.0177 0.9511 1.0287 0.9953 0.9083 1.0585 1.1186 0.8905 1.0746 0.9034 1.0784 1.0426 1.2587
1.2473 1.0586 1.0026 1.1480 0.9807 1.0617 1.0591 0.9590 0.9482 0.9909 1.0056 0.8568 0.8543 0.8314 1.0187 0.9649
1.2123 1.1030 1.0596 0.9941 0.9664 0.9577 1.0231 0.9643 0.8852 1.0342 0.9613 0.8293 0.9780 1.0671 1.0000 1.0766
1.3680 1.2259 1.1869 1.1191 1.1281 1.1239 1.0508 1.0157 1.0552 0.9068 0.8883 0.8123 0.7901 0.7872 0.7618 0.8107
0.6428 0.6911 0.8692 0.7296 0.9308 0.9446 0.8186 1.0040 0.9934 0.8745 1.0125 0.9452 1.1791 1.0207 1.1812 1.2752
1.1827 1.0185 1.0225 1.0985 1.0089 0.9752 0.9408 1.2168 0.8740 0.8659 0.9402 0.8803 0.9912 0.9751 1.0590 1.0231
0.7204 0.7451 0.9124 0.8074 0.9805 0.9917 0.8953 1.0207 0.9664 0.9518 1.0998 0.9033 1.2619 1.0879 0.9470 1.3334
1.2829 1.1394 1.1903 1.2112 1.0878 1.1107 1.1380 0.9703 1.0185 0.8811 0.8389 0.8715 0.8478 0.8044 0.8385 0.8002
1.0015 0.7876 0.7809 0.8740 0.8322 0.9141 0.8434 1.0507 0.9654 1.1028 1.1952 1.0098 1.1257 1.2262 1.2178 1.5466
1.2830 1.0860 1.1139 1.0466 0.8463 1.0064 1.0551 1.0119 0.9508 0.8554 0.9127 0.8563 0.9791 0.8615 1.0245 1.0858
1.1332 1.1754 0.9277 0.9119 1.0602 1.0259 0.9876 1.0660 1.0080 0.9676 0.9446 0.9827 0.9768 0.8143 0.9033 0.9922
1.0678 0.8907 1.0759 0.9048 1.0089 1.0520 0.9668 0.9876 1.0000 0.9048 0.9212 1.1008 1.0000 0.9885 0.9813 1.1201
0.9298 0.9196 0.9205 1.0000 1.0052 0.9203 1.0517 1.1417 1.0129 0.9822 1.0364 0.9747 1.0363 1.0669 1.2566 1.2405
1.4894 1.3616 1.0570 1.2866 0.9780 0.9917 1.1296 0.9852 0.9128 1.0000 1.0000 0.8963 1.0000 0.8571 0.9371 0.9110
1.5141 0.9950 1.1632 0.9117 0.7946 1.1146 1.0046 0.9847 1.0853 1.0459 0.9379 1.0009 0.9116 0.9001 1.0139 1.1735
1.1438 1.1258 1.1549 1.2165 0.9824 1.0515 0.9469 0.9069 1.0048 1.0287 0.9016 0.8129 0.8595 0.8043 0.5451 0.5499
1.1689 0.9992 1.0000 0.9541 1.1137 1.0503 0.9464 1.0174 0.9764 1.0307 0.9039 1.0094 0.9255 1.0486 0.9661 1.0889
0.7842 0.7781 0.9962 1.0122 1.1121 1.0085 0.9826 0.9523 0.9459 1.0595 0.9481 0.9896 0.9896 0.9826 0.9694 1.1790
1.0553 0.8972 0.9139 0.9843 0.8559 0.9192 0.8731 0.9222 1.0000 1.1036 0.9473 0.9854 1.1878 1.3759 1.4512 1.8911
1.0522 1.1147 0.9109 1.0603 0.8993 0.9957 0.9671 1.0289 1.1008 0.8839 0.9723 1.0125 0.9037 1.0346 0.5458 1.0554
1.0435 0.8958 0.8534 0.8851 0.9027 0.9330 1.0121 0.9884 0.9620 0.8826 1.0163 1.0282 1.1397 1.0148 1.1046 1.2559
