1.2996 1.1733 1.0581 1.0896 0.9943 0.9577 1.0946 0.8904 1.1285 1.1396 0.8823 0.8336 0.9407 0.8167 0.8061 0.8933
1.0000 1.0717 1.2338 1.2641 1.1223 1.0110 1.0751 1.0008 0.9020 0.9322 0.9021 0.8793 0.8826 0.9142 0.8371 1.0000
1.0663 0.9180 0.9352 1.2576 0.8748 0.9844 1.0000 0.9510 0.9909 1.0489 0.9862 0.9493 1.0500 1.0791 1.0539 1.1924
1.2558 1.1777 1.1558 1.1215 1.0230 1.0479 1.0813 0.9031 0.9894 0.9008 0.9067 0.9693 0.8233 0.9365 0.8142 0.9756
1.3396 1.0271 0.9418 1.0596 0.9424 0.9778 0.9947 0.9169 0.9051 1.0068 0.9441 1.0961 0.8896 1.0960 1.0650 1.3224
1.1967 1.1012 0.9884 1.1109 0.9503 1.0507 1.0553 0.9496 0.8903 1.0332 0.9618 0.8996 0.8978 0.8938 1.0182 1.0123
1.2124 1.1053 1.0523 0.9923 0.9615 0.9274 1.0269 0.9630 0.8892 1.0368 0.9519 0.8226 0.9850 1.0906 1.0000 1.0485
1.3236 1.2232 1.1065 1.0739 1.0908 1.0660 1.0764 1.0070 1.0756 0.9182 0.9211 0.8488 0.8252 0.7713 0.8007 0.8451
0.6759 0.7299 0.9119 0.7749 0.9440 0.9538 0.8333 1.0661 1.0252 0.9109 1.0634 1.0116 1.2271 0.9971 1.2275 1.1442
1.1211 0.9424 0.9405 1.0776 0.9934 0.9646 0.9630 1.1074 0.8851 0.9124 0.9492 0.9034 1.0372 1.0079 1.1116 1.1651
0.6919 0.7407 0.8944 0.8114 0.9470 0.9820 0.9215 1.0313 0.9756 0.9678 1.0744 0.9212 1.1990 1.1325 0.9956 1.2198
1.2157 1.1096 1.1639 1.2044 1.0536 1.1032 1.1289 0.9918 1.0210 0.8759 0.8628 0.8882 0.8526 0.8148 0.8750 0.8357
0.9886 0.8824 0.8376 0.9459 0.8993 0.8853 0.8022 1.1364 0.9501 1.0601 1.1648 0.9670 1.0796 1.1475 1.1092 1.4826
1.1440 1.0590 1.1208 0.9676 0.8732 0.9825 0.9838 1.0273 0.9483 0.9178 0.9650 0.8880 1.0243 0.9038 1.0536 1.0927
1.2302 1.1497 0.9620 0.9481 1.0604 1.0857 1.0164 1.0676 0.9894 0.8994 0.9407 0.9579 0.9356 0.7728 0.7543 0.8888
0.9912 0.9719 1.0538 0.8866 0.9650 1.0397 0.9722 1.0065 1.0000 0.9144 0.9539 1.0424 1.0000 1.0350 1.0602 1.2026
0.9487 0.9493 0.9492 1.0000 0.9573 0.9297 1.0471 1.0310 0.9879 1.0171 1.0585 0.9886 1.0767 1.0547 1.2786 1.2961
1.4161 1.3085 1.0241 1.2606 0.9554 0.9986 1.1226 0.9543 0.9057 1.0000 1.0000 0.9183 1.0000 0.8580 0.9424 0.9251
1.4452 1.0085 1.2130 0.9518 0.8138 1.1152 1.0264 0.9789 1.0688 1.0111 0.9145 1.0058 0.8870 0.8751 0.9622 1.1392
1.1612 1.1123 1.1488 1.2017 0.9709 1.0384 0.9600 0.9397 1.0038 1.0289 0.9203 0.8236 0.8159 0.7588 0.5441 0.5182
1.3396 0.9577 1.0000 0.9386 1.1174 1.0905 0.9261 1.0232 0.9899 0.9693 0.9410 1.0636 0.8929 1.0635 1.0018 1.0436
0.6512 0.7204 0.9865 0.9771 1.0373 1.0088 1.0155 0.9610 0.9399 1.1014 0.9419 1.0121 1.0489 0.9564 1.0185 1.2413
1.0061 0.8412 0.8893 0.9260 0.8659 0.9241 0.8855 0.9390 1.0000 1.1561 0.9283 0.9491 1.1383 1.2545 1.3241 1.4962
1.0255 1.0405 0.8565 1.0374 0.8798 0.9836 0.9225 0.9855 1.1366 0.9254 1.0189 1.0389 0.9801 1.0267 0.5458 1.0916
1.2953 1.1069 0.9912 1.0628 1.0639 1.0599 1.1189 1.0193 1.0190 0.8686 1.0046 0.9120 0.9842 0.9092 0.8693 0.9634
