0.8294 0.8569 0.9336 0.9362 1.0208 1.0747 1.0370 1.1667 1.1650 1.1582 1.0324 0.9012 1.0929 1.0367 0.8853 0.8868
0.9205 0.9325 1.0383 1.0966 1.1647 1.2341 1.2082 0.8861 0.9535 0.8944 1.0725 0.9753 0.9483 0.8396 0.9695 0.7588
0.6819 0.7906 0.9355 0.9663 0.9734 1.0982 1.1252 1.0633 1.0732 1.2399 1.0128 0.9641 0.9382 0.9304 0.9057 0.7007
0.7072 0.7832 0.8839 0.9749 0.9681 1.0883 1.1088 1.0073 0.9791 1.1439 1.1266 0.9935 1.0433 0.9206 0.9382 0.7272
0.8074 0.9097 0.8985 0.9212 1.0000 1.0899 1.1383 1.0650 1.1350 1.2465 1.0241 1.0201 0.9702 1.0210 0.9293 0.7655
0.8829 0.9331 0.9439 0.9676 1.1300 1.1129 1.1576 1.0323 1.1535 1.1024 1.0454 0.9812 0.9691 0.9283 0.8419 0.8216
0.7728 0.8533 0.9365 0.9686 1.0200 1.0318 1.1144 1.1142 1.1032 1.0905 1.1051 1.0663 0.9597 0.8632 0.8264 0.9451
0.9418 0.8401 0.8833 0.9575 1.0000 1.0947 1.1662 1.0532 1.1349 1.0802 1.1621 1.0469 1.0294 0.9119 0.8289 0.8835
0.8325 0.9193 0.8700 0.9195 1.0254 1.0031 1.1504 1.0289 1.1131 1.1262 1.0696 1.0669 0.9805 1.0283 0.8775 0.8228
0.7355 0.8404 0.9526 1.0798 1.0151 1.0657 1.0599 1.1454 0.9787 1.0512 1.1553 0.9060 0.8896 0.9578 0.9472 0.9258
0.7923 0.7346 0.8340 0.8764 1.0088 1.1122 1.1826 1.0766 1.0643 1.1289 1.0390 1.0059 1.0495 0.9832 0.8709 0.8892
0.7913 0.8552 0.9043 1.0088 1.1706 1.1121 1.1176 0.8795 1.0094 1.2052 1.0461 0.9474 0.9424 1.0000 1.0000 0.6107
0.9351 0.8765 0.9397 0.9906 1.1482 1.0972 1.0974 0.9524 1.0919 1.0099 1.0631 0.9574 0.9970 0.8024 0.7698 0.9243
0.9305 0.9404 0.9542 1.0046 0.9686 1.0908 1.1627 1.0763 1.0775 1.0190 1.1036 0.9305 0.9313 1.0000 0.8076 0.7499
0.7044 0.8070 0.9017 0.9411 1.0246 1.1877 1.1024 1.0779 1.0527 1.0533 1.1093 1.1350 0.9990 0.8140 0.8697 0.7801
0.8099 0.8918 0.9457 1.0176 0.9855 1.0542 1.0693 1.0337 1.0577 1.0156 1.0305 1.0644 0.9625 0.9523 0.9192 0.8313
0.8956 0.7660 0.8877 0.8749 1.0742 1.2069 0.9969 1.1549 1.0853 1.2010 1.0210 1.0572 1.1158 0.9039 0.8600 0.8829
0.7044 0.8639 0.8267 0.8556 1.0446 1.0252 1.1268 1.0231 1.0504 1.1484 1.1089 1.0457 0.9987 0.9807 0.9585 0.9005
0.7303 1.0000 0.9263 0.9085 0.9875 1.1749 1.1325 1.0465 1.0500 1.1438 1.1078 0.9112 0.9663 0.8893 0.8827 0.8717
0.8786 0.9261 1.0100 0.8838 1.0908 1.1999 0.9925 1.0779 1.0976 1.1638 0.9869 1.1029 1.0000 0.9171 0.8973 0.7902
0.9148 0.9227 0.9274 0.9882 0.9273 1.1135 1.0598 1.0647 1.0346 0.9618 1.0513 1.1007 1.0309 1.0091 0.9867 0.8633
0.6423 0.7819 0.9159 0.9864 1.0000 1.0228 1.0141 1.0175 1.0081 1.0786 0.9979 1.0698 0.9892 0.9029 1.0000 0.7647
0.8408 0.8054 1.0127 1.0019 1.0835 1.1524 1.1541 0.9163 1.0947 1.1719 1.1492 1.0367 1.0644 0.8913 0.8541 0.7983
0.8209 0.8041 0.8947 0.9676 1.2071 1.0000 1.0837 1.1803 1.1086 1.0218 1.1939 0.9427 0.9430 0.8999 0.9692 0.9650
0.8517 0.9458 0.8886 0.9913 1.1099 1.0983 1.1464 1.1593 1.1676 1.1521 1.0620 0.9494 0.9340 0.8502 0.7188 0.6797
