1.4914 1.4164 1.2562 1.3354 1.0684 0.9937 1.1533 0.9893 0.9803 1.0200 0.8060 0.7645 0.7901 0.7581 0.5971 0.6958
1.0000 0.7904 1.0580 1.0049 0.9038 0.9310 1.1627 1.0272 1.0289 1.0681 1.0421 0.8883 0.9117 1.1057 1.0904 1.0000
1.2697 1.2391 1.5614 2.0291 0.9398 1.1559 1.0000 0.9000 1.0976 1.0573 0.8404 0.8315 0.9326 1.0504 0.8672 0.9815
1.0731 0.9148 0.8444 0.9544 0.8610 0.9373 0.9678 0.8804 1.0459 0.9667 1.0510 1.0777 1.0064 1.0019 1.0084 1.5953
1.3605 1.2768 0.9717 0.9289 0.8863 1.0347 1.2437 1.1232 1.0165 1.1976 1.4361 0.9320 0.9926 0.9592 0.9498 0.9493
0.7989 0.8271 0.7247 0.9380 0.9059 0.9223 1.1101 0.9941 0.9448 1.0628 1.1207 1.1831 1.0617 1.0216 1.2448 1.2883
1.5400 1.3693 1.3036 1.1493 1.1661 1.0722 1.0316 0.8924 0.8702 0.7934 0.8177 0.7278 0.8052 0.9249 1.0000 0.8407
1.0571 0.8903 1.0578 0.8959 0.8387 1.0445 1.0250 1.0905 1.2334 0.9767 0.9656 0.9892 0.8469 0.9533 0.9914 1.1054
1.0070 0.9431 1.1805 1.0462 1.1301 1.2487 0.9052 1.1352 1.0872 0.9406 0.9889 1.0103 0.9860 1.0328 1.0183 1.2086
1.0849 0.8347 1.1700 0.9203 0.9716 0.9800 0.8647 1.2162 0.8919 1.0134 0.8774 0.9200 1.0899 1.0061 1.0718 1.4191
0.7275 1.0986 1.2668 0.7912 1.1556 1.1694 1.0365 1.0012 0.9941 0.8997 0.9760 0.8448 1.0766 0.8978 0.8136 1.4398
0.8492 0.8401 0.9075 0.9487 0.8875 0.9747 1.0159 0.9105 0.9556 1.1072 1.0833 1.0949 1.1283 1.2021 1.2546 1.0229
1.1308 0.9389 0.8682 1.0394 0.9077 1.1813 1.1326 1.3777 0.8070 1.2500 1.1231 0.8302 0.9166 0.8917 0.8765 1.0221
1.1905 0.9835 1.1938 0.9935 0.7412 0.9640 0.9017 1.0241 1.0352 1.0035 1.1034 0.9725 0.9539 1.0078 1.0779 1.0400
1.4126 1.4838 0.9951 1.0814 1.2438 1.0480 1.1060 1.0984 0.9417 0.8212 0.8277 0.8180 0.7541 0.6778 0.6522 0.7689
0.7833 1.0454 0.8572 0.8207 0.9467 0.9122 0.9587 0.9463 1.0000 0.9626 1.0965 1.3113 1.0000 1.3008 1.3817 1.3558
1.0545 0.9342 1.1719 1.0000 1.0311 0.9796 1.0463 1.0860 0.9643 0.9205 0.9393 0.9522 0.9323 0.9632 1.1971 0.9984
0.8745 0.8328 0.8067 0.9137 0.7641 0.7696 0.9839 0.9777 1.0070 1.0000 1.0000 1.1821 1.0000 1.2018 1.1995 1.2901
1.7811 1.3207 1.6687 1.3035 0.9985 1.1801 1.0686 1.0650 0.9731 0.9445 0.9270 0.7730 0.6986 0.7057 0.9304 0.9086
0.9235 0.9797 1.0471 1.1664 0.9262 0.9605 1.0045 1.0308 1.2520 1.0616 0.9857 0.9845 1.0154 1.0373 0.6174 0.6085
1.4343 1.0975 1.0000 1.0687 1.1861 1.1005 0.9988 1.0136 0.9572 0.9595 0.9066 0.9987 0.8695 0.9360 0.8649 1.0181
0.7382 0.5703 0.7883 0.7003 0.9412 0.9162 0.9328 0.9327 0.9655 1.1004 1.0898 1.1737 1.2034 1.1385 1.1852 1.5139
0.9810 1.0374 1.0813 0.9532 0.9854 1.0449 1.0909 1.1347 1.0000 1.5858 0.9787 0.8579 0.8531 0.8090 0.8013 0.9818
0.7603 0.8219 0.8658 0.9254 0.8323 0.8388 0.8611 1.0616 1.1610 0.9873 1.0621 1.0387 1.1400 1.2951 0.6605 1.3539
1.2581 1.1443 1.0783 1.1361 1.1148 1.2745 1.1942 1.2699 0.9138 0.8730 0.9036 0.9641 0.9707 0.8047 0.7106 0.9358
