0.7534 0.8073 0.8864 0.9135 1.0510 1.0966 1.0455 1.1757 1.1364 1.1410 1.0021 0.9651 1.0546 1.0163 0.8586 0.8652
0.8670 0.8866 0.9955 1.0791 1.1198 1.2561 1.2032 0.9359 0.9690 0.9151 1.0782 0.9743 0.9250 0.8380 0.9913 0.7647
0.6628 0.7368 0.9221 0.9326 0.9606 1.0983 1.1148 1.0758 1.0500 1.2116 1.0102 0.9752 0.9092 0.9073 0.9123 0.7170
0.6622 0.7443 0.8664 0.9811 0.9752 1.0844 1.0983 1.0266 0.9685 1.1451 1.1272 0.9767 1.0366 0.8993 0.9362 0.7537
0.7575 0.7976 0.8318 0.9238 1.0000 1.0437 1.0875 1.0467 1.1444 1.2202 1.0221 1.0230 0.9519 1.0386 0.9676 0.8660
0.8421 0.8791 0.8853 0.9593 1.1593 1.1112 1.1660 1.0631 1.1488 1.0840 1.0535 1.0154 0.9671 0.9326 0.8650 0.8684
0.7377 0.8339 0.8700 0.9520 1.0448 1.0361 1.1350 1.1364 1.1011 1.0584 1.0766 1.0539 0.9791 0.9095 0.8438 0.9729
0.8908 0.8137 0.8737 0.9600 1.0000 1.0906 1.1798 1.0953 1.0766 1.0498 1.1249 1.0797 1.0347 0.9387 0.8504 0.9421
0.8076 0.8776 0.8838 0.8880 1.0263 1.0286 1.1310 1.0413 1.0762 1.1055 1.0371 1.0791 0.9819 1.0339 0.8913 0.8396
0.6872 0.7777 0.8809 1.0005 1.0110 1.0383 1.0580 1.1304 0.9702 0.9955 1.1586 0.9329 0.9040 0.9766 0.9971 1.0210
0.7367 0.6738 0.7724 0.8235 0.9756 1.0602 1.1599 1.0293 0.9978 1.0535 0.9921 0.9585 1.0241 0.9580 0.8681 0.9781
0.7466 0.8656 0.9077 0.9949 1.1794 1.1642 1.1445 0.8686 1.0121 1.2153 1.0734 0.9567 0.9356 1.0000 1.0000 0.6812
0.9579 0.9074 0.9438 1.0173 1.1592 1.1104 1.1536 1.0011 1.1245 1.0163 1.0540 1.0188 1.0015 0.8302 0.8162 0.9676
0.9392 0.9288 0.9786 1.0423 1.0141 1.1012 1.1417 1.1256 1.0772 1.0397 1.1259 0.9243 0.9347 1.0000 0.8251 0.8001
0.6803 0.7609 0.8770 0.9220 1.0277 1.2184 1.1150 1.0775 1.0466 1.0489 1.0479 1.0721 0.9551 0.8608 0.8976 0.8262
0.6988 0.8120 0.9014 0.9795 0.9859 1.0255 1.1022 1.0478 1.0696 0.9952 1.0045 1.0807 1.0111 0.9672 0.9426 0.8846
0.9014 0.7621 0.8777 0.8899 1.0514 1.1958 0.9612 1.1719 1.1227 1.1580 1.0379 1.0231 1.1141 0.9327 0.8878 0.9145
0.6938 0.8089 0.8057 0.8246 1.0054 0.9789 1.1306 1.0042 0.9879 1.1084 1.0855 1.0545 1.0086 1.0219 0.9111 0.9231
0.6856 1.0000 0.9133 0.9330 0.9677 1.1443 1.1306 1.0479 1.0499 1.1555 1.0734 0.9121 0.9918 0.8856 0.8909 0.9033
0.8372 0.8286 0.9444 0.8787 1.0605 1.1554 0.9959 1.0570 1.0549 1.1561 1.0169 1.1170 1.0000 0.9635 0.9668 0.9257
0.8663 0.8901 0.8984 0.9695 0.9342 1.1048 1.0499 1.0249 1.0119 0.9596 1.0282 1.1430 1.0084 1.0137 1.0268 0.9711
0.6346 0.7767 0.9132 0.9947 1.0000 1.0605 1.0601 1.0574 1.0145 1.0779 1.0099 1.0669 0.9817 0.9184 1.0000 0.8418
0.8521 0.7811 0.9892 0.9548 1.0478 1.1487 1.1467 0.9326 1.0583 1.1244 1.1522 1.0499 1.0530 0.9336 0.8893 0.8372
0.7715 0.7975 0.8996 0.9417 1.2296 1.0000 1.0727 1.1839 1.0904 1.0383 1.2263 0.9357 0.9372 0.9328 0.9825 0.9592
0.8349 0.9354 0.8814 0.9825 1.1064 1.1183 1.2056 1.1813 1.1568 1.1470 1.0689 0.9588 0.9670 0.9019 0.7767 0.7755
