0.7587 0.8120 0.8886 0.9059 1.0335 1.0944 1.0501 1.1598 1.1292 1.1484 1.0160 0.9679 1.0543 1.0246 0.8620 0.8750
0.8750 0.8755 0.9906 1.0749 1.1169 1.2563 1.2047 0.9314 0.9705 0.9100 1.0758 0.9837 0.9345 0.8440 0.9904 0.7734
0.6602 0.7452 0.9122 0.9288 0.9577 1.0996 1.0994 1.0625 1.0493 1.2182 1.0102 0.9767 0.9147 0.9311 0.9250 0.7197
0.6629 0.7412 0.8737 0.9758 0.9806 1.0823 1.0956 1.0198 0.9730 1.1292 1.1137 0.9874 1.0436 0.8980 0.9490 0.7690
0.7465 0.8007 0.8351 0.9210 1.0000 1.0325 1.0964 1.0522 1.1365 1.2142 1.0150 1.0233 0.9530 1.0394 0.9687 0.8687
0.8365 0.8805 0.8932 0.9562 1.1518 1.1039 1.1770 1.0629 1.1444 1.0884 1.0451 1.0068 0.9830 0.9283 0.8673 0.8797
0.7328 0.8304 0.8913 0.9585 1.0437 1.0352 1.1354 1.1277 1.0872 1.0621 1.0818 1.0395 0.9730 0.9096 0.8437 0.9797
0.8902 0.8116 0.8815 0.9604 1.0000 1.0910 1.1904 1.0976 1.0785 1.0419 1.1194 1.0789 1.0298 0.9361 0.8654 0.9282
0.8107 0.8817 0.8732 0.8983 1.0305 1.0295 1.1492 1.0296 1.0755 1.0973 1.0337 1.0710 0.9870 1.0262 0.8963 0.8470
0.6782 0.7617 0.8741 0.9902 1.0209 1.0236 1.0545 1.1271 0.9579 1.0020 1.1374 0.9250 0.9036 0.9780 1.0178 1.0366
0.7276 0.6669 0.7609 0.8225 0.9663 1.0457 1.1426 1.0234 0.9927 1.0431 0.9885 0.9618 1.0353 0.9943 0.8778 0.9872
0.7497 0.8537 0.8982 0.9861 1.1777 1.1539 1.1277 0.8705 1.0100 1.2260 1.0753 0.9776 0.9551 1.0000 1.0000 0.7001
0.9576 0.8911 0.9249 1.0156 1.1404 1.1014 1.1646 1.0071 1.1169 1.0263 1.0785 1.0070 1.0068 0.8449 0.8244 0.9649
0.9350 0.9289 0.9888 1.0310 0.9918 1.1079 1.1638 1.1250 1.0785 1.0335 1.1330 0.9178 0.9408 1.0000 0.8307 0.7942
0.6772 0.7539 0.8636 0.9105 1.0166 1.2048 1.1101 1.0717 1.0521 1.0511 1.0451 1.0836 0.9716 0.8601 0.9113 0.8536
0.6936 0.7987 0.9040 0.9768 0.9693 1.0290 1.0914 1.0333 1.0725 0.9924 1.0043 1.0784 1.0070 0.9929 0.9516 0.8983
0.8945 0.7601 0.8663 0.8756 1.0402 1.1829 0.9661 1.1751 1.1337 1.1543 1.0380 1.0379 1.1040 0.9459 0.8858 0.9383
0.6973 0.7996 0.7905 0.8287 1.0009 0.9865 1.1198 0.9990 0.9974 1.1048 1.0902 1.0491 1.0010 1.0218 0.9200 0.9468
0.6935 1.0000 0.9041 0.9163 0.9792 1.1268 1.1431 1.0219 1.0640 1.1495 1.0802 0.9050 0.9987 0.9059 0.8850 0.9178
0.8196 0.8049 0.9490 0.8633 1.0611 1.1485 1.0045 1.0704 1.0455 1.1572 1.0210 1.1319 1.0000 0.9650 0.9764 0.9400
0.8677 0.8996 0.9141 0.9623 0.9267 1.0853 1.0504 1.0198 1.0259 0.9416 1.0367 1.1362 1.0122 1.0120 1.0376 0.9765
0.6158 0.7740 0.9209 0.9939 1.0000 1.0571 1.0447 1.0373 1.0042 1.0873 1.0158 1.0764 1.0068 0.9170 1.0000 0.8344
0.8453 0.7947 0.9813 0.9566 1.0474 1.1405 1.1396 0.9445 1.0666 1.1277 1.1525 1.0432 1.0540 0.9270 0.8942 0.8452
0.7782 0.7986 0.8910 0.9628 1.2212 1.0000 1.0660 1.1745 1.0709 1.0304 1.2159 0.9347 0.9424 0.9328 0.9972 0.9860
0.8261 0.9311 0.8860 0.9858 1.1080 1.1078 1.2010 1.1623 1.1568 1.1454 1.0824 0.9631 0.9685 0.9051 0.7790 0.7841
