1.3238 1.1907 1.0451 1.0976 0.9875 0.9543 1.0916 0.8949 1.1260 1.1335 0.8688 0.8436 0.9446 0.8183 0.7913 0.8860
1.0000 1.0948 1.2718 1.2619 1.1489 1.0198 1.0605 0.9760 0.8894 0.9356 0.8896 0.8761 0.8795 0.9015 0.8062 1.0000
1.0643 0.9206 0.8967 1.2299 0.8818 0.9782 1.0000 0.9504 0.9968 1.0430 0.9520 0.9248 1.0375 1.1004 1.0702 1.1844
1.2712 1.1716 1.1453 1.1262 0.9994 1.0513 1.0904 0.8925 0.9968 0.9105 0.9202 0.9624 0.8359 0.9513 0.8051 0.9568
1.3231 1.0031 0.9273 1.0283 0.9664 0.9739 0.9856 0.8888 0.9345 1.0218 1.0108 1.0997 0.9024 1.0852 1.0749 1.3155
1.1612 1.0709 1.0024 1.0913 0.9794 1.0674 1.0774 0.9847 0.9042 1.0515 0.9601 0.8889 0.8960 0.8722 1.0096 0.9826
1.1866 1.0920 1.0495 1.0024 0.9650 0.9433 1.0181 0.9681 0.8891 1.0618 0.9690 0.8264 0.9810 1.0796 1.0000 1.0179
1.3435 1.2337 1.1417 1.0852 1.1225 1.0883 1.0587 1.0015 1.0899 0.8911 0.9107 0.8231 0.8041 0.7776 0.7795 0.8371
0.6660 0.7133 0.8844 0.7518 0.9424 0.9675 0.8384 1.0369 1.0606 0.9233 1.0624 0.9998 1.2057 0.9803 1.2148 1.1996
1.1069 0.9702 0.9524 1.0851 1.0030 0.9598 0.9628 1.1442 0.8730 0.8835 0.9347 0.8868 1.0149 0.9999 1.1368 1.1237
0.6649 0.7330 0.8983 0.8238 0.9659 0.9880 0.9282 0.9985 0.9698 0.9766 1.0826 0.9240 1.1989 1.1039 0.9871 1.2110
1.2315 1.1161 1.1648 1.1872 1.0590 1.0745 1.1156 0.9945 1.0420 0.8550 0.8782 0.9016 0.8654 0.8195 0.8645 0.8258
0.9997 0.8665 0.8321 0.9264 0.8703 0.8825 0.7870 1.1072 0.9426 1.0829 1.1875 1.0015 1.0858 1.1985 1.1259 1.5091
1.1319 1.0380 1.0888 0.9563 0.8597 0.9809 1.0016 1.0594 0.9663 0.9211 0.9812 0.8932 1.0269 0.9050 1.0516 1.1033
1.2463 1.1549 0.9476 0.9223 1.0410 1.0682 1.0095 1.0458 1.0031 0.8969 0.9566 0.9754 0.9685 0.7735 0.7778 0.8871
1.0149 0.9571 1.0499 0.9022 1.0101 1.0461 0.9825 0.9988 1.0000 0.8868 0.9472 1.0449 1.0000 1.0154 1.0387 1.1872
0.9489 0.9492 0.9330 1.0000 0.9880 0.9286 1.0092 1.0464 0.9920 1.0210 1.0318 1.0054 1.0476 1.0730 1.2502 1.2703
1.4558 1.3729 1.0283 1.2505 0.9523 0.9778 1.1289 0.9716 0.9107 1.0000 1.0000 0.9178 1.0000 0.8406 0.9329 0.9225
1.4568 1.0495 1.1965 0.9451 0.8145 1.1034 1.0185 0.9760 1.0661 1.0174 0.9115 1.0111 0.8896 0.8800 0.9622 1.1259
1.1619 1.1123 1.1491 1.2159 0.9852 1.0327 0.9433 0.9493 0.9892 0.9950 0.9226 0.8187 0.7956 0.7666 0.5407 0.5098
1.2983 0.9572 1.0000 0.9630 1.1252 1.0697 0.9340 1.0193 0.9957 1.0030 0.9346 1.0511 0.9009 1.0693 0.9819 1.0095
0.6533 0.7190 0.9714 1.0025 1.0729 1.0147 1.0013 0.9665 0.9484 1.0847 0.9386 1.0274 1.0313 0.9767 0.9807 1.2245
1.0486 0.8740 0.9194 0.9422 0.8355 0.9188 0.8696 0.9357 1.0000 1.1283 0.9385 0.9481 1.1596 1.2742 1.2954 1.5104
1.0501 1.0388 0.8634 1.0351 0.8826 0.9661 0.9432 0.9871 1.0996 0.9351 1.0260 1.0491 0.9639 1.0262 0.5458 1.0736
1.2781 1.0920 0.9951 1.0412 1.0690 1.0102 1.0745 0.9987 1.0340 0.8717 1.0239 0.9158 1.0124 0.9082 0.9131 0.9824
