1.3345 1.1541 1.0560 1.0758 1.0078 0.9605 1.0887 0.8922 1.1295 1.1455 0.8785 0.8409 0.9255 0.8274 0.8067 0.8809
1.0000 1.0551 1.2241 1.2725 1.1350 1.0044 1.0805 0.9861 0.8929 0.9540 0.8948 0.8737 0.8815 0.9127 0.8307 1.0000
1.0909 0.9236 0.9095 1.3059 0.8832 0.9840 1.0000 0.9409 0.9769 1.0390 0.9847 0.9460 1.0324 1.0524 1.0605 1.1672
1.2651 1.1447 1.1426 1.1189 1.0124 1.0418 1.0854 0.9065 1.0061 0.9309 0.9135 0.9787 0.8431 0.9146 0.8264 0.9675
1.3390 1.0356 0.9392 1.0334 0.9270 0.9547 1.0010 0.9221 0.8927 0.9845 0.9721 1.0753 0.8965 1.1249 1.0746 1.3322
1.1571 1.0863 0.9793 1.1071 0.9791 1.0664 1.0610 0.9762 0.8895 1.0550 0.9529 0.9172 0.9030 0.8633 1.0068 0.9988
1.2078 1.1051 1.0427 1.0070 0.9559 0.9669 1.0168 0.9591 0.9013 1.0444 0.9664 0.8482 0.9625 1.0639 1.0000 1.0336
1.2929 1.2101 1.1037 1.0987 1.0967 1.0844 1.0790 1.0306 1.0979 0.9228 0.9123 0.8490 0.8231 0.7796 0.7683 0.8461
0.6550 0.7057 0.8993 0.7703 0.9232 0.9658 0.8583 1.0408 1.0592 0.9309 1.0863 1.0098 1.2155 0.9548 1.2386 1.1494
1.0674 0.9321 0.9199 1.0772 0.9962 0.9642 0.9688 1.0939 0.8829 0.9318 0.9539 0.9356 1.0298 1.0205 1.1284 1.1755
0.6701 0.7384 0.9006 0.8282 0.9327 0.9854 0.9318 1.0472 0.9975 0.9729 1.0558 0.9299 1.1661 1.1135 0.9888 1.2078
1.2445 1.0965 1.1725 1.1670 1.0749 1.0912 1.1308 0.9806 1.0218 0.8711 0.8411 0.8732 0.8757 0.8299 0.8886 0.8411
0.9770 0.8786 0.8456 0.9510 0.8988 0.8831 0.7979 1.1583 0.9259 1.0347 1.1627 0.9460 1.0919 1.1745 1.1376 1.4998
1.1337 1.0321 1.1043 0.9577 0.8636 0.9748 1.0265 1.0366 0.9564 0.9082 0.9619 0.9063 1.0318 0.9155 1.0763 1.1043
1.2845 1.1655 0.9406 0.9468 1.0752 1.0778 1.0258 1.0726 0.9718 0.8825 0.9415 0.9566 0.9399 0.7710 0.7649 0.8733
0.9841 0.9259 1.0438 0.8914 0.9662 1.0547 0.9760 1.0163 1.0000 0.9351 0.9791 1.0331 1.0000 1.0468 1.0582 1.2414
0.9387 0.9368 0.9325 1.0000 0.9580 0.9417 1.0276 1.0096 0.9770 1.0430 1.0584 1.0354 1.0605 1.0793 1.2471 1.2837
1.4317 1.3157 1.0347 1.2654 0.9540 0.9944 1.1351 0.9490 0.8851 1.0000 1.0000 0.9300 1.0000 0.8544 0.9214 0.9241
1.4774 1.0312 1.1717 0.9536 0.8220 1.1349 1.0159 0.9966 1.1236 1.0169 0.9054 1.0110 0.8703 0.8646 0.9488 1.0811
1.1318 1.0976 1.1562 1.1858 0.9906 1.0285 0.9682 0.9515 1.0184 1.0996 0.9344 0.8088 0.8101 0.7707 0.5374 0.5179
1.3338 0.9605 1.0000 0.9468 1.1223 1.0971 0.9239 1.0130 1.0003 0.9470 0.9510 1.0810 0.9030 1.0591 1.0134 1.0145
0.6472 0.7168 0.9891 0.9746 1.0574 1.0354 0.9912 0.9896 0.9347 1.0613 0.9566 1.0217 1.0434 0.9769 0.9749 1.2601
1.0647 0.8795 0.9106 0.9372 0.8625 0.9259 0.8769 0.9319 1.0000 1.1370 0.9539 0.9518 1.1105 1.2533 1.2874 1.4669
1.0160 1.0244 0.8432 1.0320 0.8856 0.9991 0.9058 1.0005 1.1151 0.9188 1.0115 1.0493 1.0000 1.0313 0.5458 1.0978
1.2980 1.1228 0.9919 1.0300 1.0193 1.0403 1.1245 0.9907 1.0474 0.8830 1.0419 0.9364 1.0120 0.9067 0.8770 0.9520
