0.7464 0.8002 0.8868 0.9093 1.0317 1.0987 1.0461 1.1556 1.1421 1.1547 1.0093 0.9483 1.0558 1.0214 0.8771 0.8721
0.8572 0.8585 0.9787 1.0602 1.1131 1.2614 1.2024 0.9349 0.9718 0.9060 1.0907 0.9871 0.9465 0.8485 1.0082 0.7772
0.6540 0.7304 0.9017 0.9228 0.9700 1.0896 1.0994 1.0624 1.0500 1.2133 1.0090 0.9735 0.9072 0.9339 0.9372 0.7392
0.6645 0.7432 0.8703 0.9781 0.9829 1.0848 1.0962 1.0275 0.9690 1.1345 1.1141 0.9836 1.0340 0.8937 0.9467 0.7499
0.7588 0.8000 0.8320 0.9178 1.0000 1.0541 1.0915 1.0520 1.1174 1.2092 1.0113 1.0236 0.9492 1.0558 0.9640 0.8662
0.8545 0.8928 0.8919 0.9542 1.1487 1.0964 1.1768 1.0741 1.1360 1.0815 1.0483 1.0035 0.9896 0.9187 0.8630 0.8712
0.7312 0.8297 0.8871 0.9495 1.0450 1.0460 1.1284 1.1356 1.0946 1.0538 1.0862 1.0487 0.9748 0.9062 0.8419 0.9741
0.9022 0.8241 0.8758 0.9556 1.0000 1.0858 1.2042 1.0899 1.0825 1.0343 1.1252 1.0732 1.0223 0.9374 0.8613 0.9320
0.8106 0.8797 0.8720 0.8990 1.0354 1.0274 1.1513 1.0339 1.0778 1.0992 1.0423 1.0548 0.9838 1.0278 0.8916 0.8499
0.6707 0.7636 0.8727 0.9895 1.0214 1.0298 1.0582 1.1090 0.9550 0.9996 1.1336 0.9373 0.9063 0.9812 1.0120 1.0400
0.7213 0.6681 0.7591 0.8140 0.9491 1.0303 1.1279 1.0214 0.9851 1.0387 0.9927 0.9541 1.0344 0.9957 0.8917 1.0114
0.7429 0.8489 0.8950 0.9880 1.1761 1.1380 1.1313 0.8679 1.0265 1.2167 1.0941 0.9888 0.9578 1.0000 1.0000 0.7107
0.9528 0.8975 0.9445 0.9996 1.1675 1.1066 1.1491 0.9990 1.1099 1.0212 1.0921 1.0195 1.0026 0.8396 0.8336 0.9807
0.9247 0.9219 0.9856 1.0200 0.9994 1.1187 1.1660 1.1220 1.0697 1.0359 1.1334 0.9378 0.9495 1.0000 0.8269 0.8038
0.6567 0.7438 0.8578 0.8985 1.0126 1.1996 1.0954 1.0777 1.0309 1.0298 1.0695 1.0957 0.9814 0.8700 0.9124 0.8601
0.7073 0.8027 0.9108 0.9810 0.9667 1.0349 1.0849 1.0449 1.0699 0.9905 1.0053 1.0716 1.0106 0.9804 0.9522 0.8968
0.8739 0.7597 0.8665 0.8879 1.0439 1.1932 0.9768 1.1581 1.1163 1.1552 1.0436 1.0428 1.1065 0.9398 0.8909 0.9440
0.6771 0.7864 0.7908 0.8312 0.9964 0.9940 1.1186 0.9966 0.9926 1.1071 1.0865 1.0459 1.0058 1.0151 0.9280 0.9285
0.6946 1.0000 0.8961 0.9319 0.9876 1.1254 1.1266 1.0332 1.0682 1.1468 1.0847 0.9025 0.9900 0.8976 0.8956 0.9168
0.8187 0.8044 0.9410 0.8575 1.0388 1.1308 0.9954 1.0565 1.0651 1.1457 1.0154 1.1225 1.0000 0.9692 1.0129 0.9621
0.8827 0.9063 0.9073 0.9621 0.9354 1.0778 1.0409 1.0387 1.0139 0.9233 1.0276 1.1415 1.0105 1.0191 1.0313 0.9859
0.6302 0.7765 0.9196 0.9966 1.0000 1.0376 1.0431 1.0373 1.0143 1.0844 1.0109 1.0759 1.0139 0.9306 1.0000 0.8515
0.8527 0.7890 0.9802 0.9542 1.0583 1.1439 1.1442 0.9395 1.0583 1.1251 1.1506 1.0412 1.0437 0.9267 0.8936 0.8488
0.7737 0.7916 0.8950 0.9557 1.2171 1.0000 1.0715 1.1824 1.0757 1.0355 1.2172 0.9292 0.9287 0.9337 1.0056 0.9901
0.8211 0.9254 0.8908 0.9730 1.1017 1.1204 1.1874 1.1715 1.1600 1.1321 1.0751 0.9606 0.9675 0.9109 0.8009 0.8164
