0.8146 0.8398 0.9282 0.9351 1.0284 1.0832 1.0426 1.1503 1.1522 1.1622 1.0233 0.9125 1.1019 1.0336 0.8908 0.8989
0.9160 0.9128 1.0211 1.0944 1.1512 1.2258 1.2083 0.9099 0.9642 0.8910 1.0630 1.0043 0.9455 0.8445 0.9661 0.7605
0.6896 0.7761 0.9337 0.9673 0.9960 1.0996 1.1295 1.0779 1.0833 1.2341 1.0155 0.9560 0.9172 0.9239 0.8973 0.7157
0.7123 0.7859 0.8944 0.9677 0.9689 1.0980 1.1056 1.0202 0.9522 1.1544 1.1204 0.9839 1.0452 0.9142 0.9363 0.7325
0.8356 0.9126 0.9051 0.9077 1.0000 1.1034 1.1318 1.0568 1.1407 1.2056 1.0064 1.0397 0.9542 1.0178 0.9085 0.7566
0.8747 0.9215 0.9375 0.9716 1.1405 1.1168 1.1562 1.0517 1.1368 1.1029 1.0427 0.9867 0.9460 0.9325 0.8453 0.8285
0.7752 0.8528 0.9114 0.9817 1.0288 1.0544 1.1315 1.1085 1.1061 1.1006 1.0877 1.0639 0.9663 0.8659 0.8231 0.9218
0.9326 0.8349 0.9015 0.9598 1.0000 1.1108 1.1742 1.0589 1.1160 1.0682 1.1557 1.0388 1.0109 0.9058 0.8245 0.8842
0.8410 0.9191 0.8698 0.9084 1.0281 1.0345 1.1780 1.0414 1.0878 1.1188 1.0450 1.0663 0.9832 1.0057 0.8731 0.8217
0.7368 0.8422 0.9331 1.0581 1.0524 1.0881 1.0857 1.1395 0.9861 1.0302 1.1342 0.9141 0.8752 0.9363 0.9356 0.9199
0.7955 0.7399 0.8325 0.8833 1.0011 1.1156 1.1826 1.0712 1.0580 1.1177 1.0400 0.9954 1.0553 0.9925 0.8757 0.9037
0.7977 0.8732 0.9085 1.0111 1.1769 1.1203 1.1361 0.8560 0.9868 1.1996 1.0495 0.9607 0.9264 1.0000 1.0000 0.6313
0.9426 0.8648 0.9432 1.0116 1.1365 1.0937 1.1196 0.9622 1.0921 0.9966 1.0604 0.9658 0.9769 0.8140 0.7594 0.9054
0.9313 0.9427 0.9482 1.0319 0.9880 1.0896 1.1335 1.0881 1.0714 1.0267 1.0881 0.9226 0.9216 1.0000 0.8132 0.7608
0.6973 0.8107 0.8991 0.9548 1.0563 1.2063 1.1250 1.0883 1.0613 1.0306 1.0795 1.1167 0.9909 0.8062 0.8644 0.7495
0.7963 0.8766 0.9506 1.0128 0.9764 1.0486 1.1053 1.0305 1.0451 1.0188 1.0155 1.0662 0.9847 0.9572 0.9039 0.8380
0.9080 0.7812 0.9093 0.8939 1.0738 1.1985 0.9823 1.1437 1.0830 1.1802 1.0079 1.0581 1.0979 0.9036 0.8685 0.8772
0.7082 0.8417 0.8417 0.8674 1.0375 1.0406 1.1382 1.0245 1.0328 1.1381 1.0935 1.0507 1.0120 0.9901 0.9431 0.9128
0.7339 1.0000 0.9348 0.9196 1.0008 1.1548 1.1388 1.0573 1.0554 1.1404 1.0837 0.9108 0.9705 0.8793 0.8826 0.8720
0.8988 0.9055 1.0215 0.9072 1.0965 1.2214 1.0087 1.0686 1.0797 1.1677 0.9665 1.0886 1.0000 0.8890 0.8702 0.7795
0.9100 0.9087 0.9203 0.9906 0.9478 1.1159 1.0664 1.0630 1.0207 0.9458 1.0427 1.0924 1.0344 1.0045 1.0057 0.8718
0.6244 0.7740 0.9126 0.9870 1.0000 1.0282 1.0117 1.0153 0.9955 1.0861 1.0067 1.0651 0.9827 0.9125 1.0000 0.7715
0.8411 0.7945 1.0014 0.9869 1.1084 1.1595 1.1572 0.9243 1.0713 1.1664 1.1387 1.0222 1.0710 0.8979 0.8656 0.7987
0.8078 0.8060 0.9122 0.9595 1.1966 1.0000 1.0551 1.1886 1.1065 1.0040 1.2072 0.9284 0.9498 0.9214 0.9960 0.9528
0.8670 0.9389 0.8910 0.9971 1.1179 1.1374 1.1840 1.1529 1.1273 1.1249 1.0717 0.9342 0.9332 0.8440 0.7021 0.6681
