1.3061 1.1869 1.0514 1.0994 0.9988 0.9624 1.0747 0.8936 1.1061 1.1282 0.8673 0.8314 0.9371 0.8280 0.8050 0.9192
1.0000 1.0803 1.3231 1.2732 1.1398 0.9910 1.0875 0.9806 0.8772 0.9065 0.8837 0.8772 0.8678 0.9048 0.8213 1.0000
1.0457 0.8990 0.8948 1.2040 0.8340 0.9538 1.0000 0.9406 0.9702 1.0223 0.9596 0.9476 1.0588 1.1620 1.0705 1.2679
1.2799 1.2001 1.1528 1.1506 1.0280 1.0635 1.1025 0.9011 0.9761 0.8901 0.8935 0.9406 0.8156 0.9265 0.7961 0.9759
1.2760 0.9987 0.9024 1.0306 0.9277 0.9735 0.9685 0.9069 0.9604 1.0616 0.9872 1.0817 0.8954 1.1068 1.0632 1.3652
1.1980 1.0717 0.9973 1.1118 0.9704 1.0621 1.0667 0.9790 0.9017 1.0285 0.9834 0.8630 0.8868 0.8554 1.0247 0.9862
1.1888 1.1034 1.0339 1.0056 0.9465 0.9578 1.0279 0.9620 0.8802 1.0520 0.9654 0.8361 0.9536 1.1245 1.0000 1.0387
1.3531 1.2435 1.1386 1.1116 1.0939 1.1067 1.0418 1.0017 1.0880 0.9152 0.8893 0.8356 0.8060 0.7852 0.7672 0.8143
0.6591 0.7117 0.8987 0.7571 0.9496 0.9560 0.8352 1.0534 1.0239 0.9254 1.0767 1.0009 1.1983 1.0227 1.2120 1.1650
1.1557 0.9968 0.9746 1.1030 0.9880 0.9731 0.9623 1.1403 0.8748 0.8865 0.9176 0.9009 1.0025 0.9924 1.0730 1.0844
0.6816 0.7411 0.8796 0.8091 0.9592 0.9653 0.8967 1.0514 0.9961 0.9675 1.0626 0.9151 1.2715 1.0825 0.9494 1.2678
1.2653 1.1365 1.1832 1.1735 1.0683 1.1003 1.1312 0.9930 1.0051 0.8817 0.8361 0.8746 0.8545 0.8190 0.8622 0.8069
1.0309 0.8528 0.8247 0.9218 0.8604 0.8904 0.7990 1.0398 0.9167 1.1139 1.1426 1.0035 1.1079 1.2082 1.1504 1.5393
1.2092 1.0824 1.1148 1.0045 0.8443 0.9960 1.0311 1.0220 0.9403 0.8822 0.9480 0.8769 0.9994 0.8898 1.0304 1.0924
1.1925 1.1699 0.9229 0.9066 1.0387 1.0425 1.0035 1.0649 1.0125 0.9301 0.9625 0.9628 0.9500 0.8068 0.7918 0.9337
1.0150 0.9592 1.0555 0.9051 0.9772 1.0423 0.9535 0.9826 1.0000 0.9119 0.9598 1.0949 1.0000 1.0234 1.0164 1.1720
0.9641 0.9537 0.9384 1.0000 0.9819 0.9167 1.0125 1.0733 0.9788 1.0167 1.0455 0.9806 1.0507 1.0889 1.2729 1.2968
1.5038 1.3490 1.0363 1.2588 0.9610 0.9871 1.1172 0.9618 0.8935 1.0000 1.0000 0.8869 1.0000 0.8525 0.9220 0.9363
1.5046 1.0313 1.2502 0.9182 0.7971 1.0882 0.9894 0.9577 1.0565 1.0301 0.8946 0.9990 0.8817 0.8905 0.9905 1.1703
1.1648 1.1371 1.1710 1.1991 0.9945 1.0465 0.9688 0.9310 0.9719 0.9828 0.8956 0.7965 0.8039 0.7617 0.5269 0.5205
1.2452 0.9317 1.0000 0.9080 1.1178 1.0712 0.9005 0.9933 0.9702 1.0415 0.9505 1.0511 0.9133 1.0936 1.0274 1.0827
0.7024 0.7374 0.9884 0.9865 1.0954 1.0269 1.0031 0.9553 0.9092 1.0812 0.9598 0.9715 1.0536 0.9911 0.9837 1.1965
1.0429 0.8640 0.8969 0.9475 0.8335 0.9192 0.8731 0.9110 1.0000 1.1308 0.9452 0.9367 1.1578 1.2517 1.3450 1.6052
1.0261 1.0696 0.8802 1.0443 0.8763 0.9678 0.9405 0.9920 1.1273 0.9145 1.0197 1.0354 0.9423 1.0355 0.5458 1.0875
1.2295 1.0209 0.9639 0.9967 1.0099 1.0362 1.0764 1.0155 1.0139 0.8891 1.0261 0.9376 1.0294 0.9248 0.9469 1.0457
