1.3419 1.1982 1.0453 1.0931 0.9816 0.9485 1.0711 0.8928 1.1097 1.1330 0.8482 0.8378 0.9238 0.8411 0.7907 0.9258
1.0000 1.1123 1.3244 1.2873 1.1443 0.9931 1.1018 0.9629 0.8824 0.8977 0.8675 0.8454 0.8679 0.8952 0.8163 1.0000
1.0135 0.9083 0.9889 1.1427 0.8466 0.9467 1.0000 0.9573 0.9732 1.0456 0.9425 0.9555 1.0398 1.1587 1.0645 1.2052
1.3442 1.2041 1.2016 1.1301 1.0244 1.0721 1.0806 0.9030 0.9535 0.8579 0.9002 0.9475 0.8069 0.9333 0.7765 0.9930
1.2597 0.9731 0.9223 1.0315 0.9675 1.0167 1.0009 0.8972 1.0055 1.0967 0.9503 1.0753 0.8830 1.0731 1.0335 1.2759
1.2833 1.0992 1.0426 1.1552 0.9911 1.0857 1.0501 0.9560 0.9203 0.9922 0.9920 0.8449 0.8558 0.8216 0.9967 0.9440
1.1869 1.0972 1.0498 1.0039 0.9411 0.9542 1.0212 0.9781 0.8934 1.0367 0.9543 0.8438 0.9818 1.0661 1.0000 1.0400
1.3731 1.2574 1.1929 1.1015 1.1625 1.1095 1.0824 1.0108 1.0907 0.8863 0.8890 0.8234 0.7881 0.7617 0.7226 0.7628
0.6500 0.7030 0.8782 0.7203 0.9258 0.9382 0.8359 1.0155 0.9953 0.8946 1.0317 0.9782 1.1896 0.9953 1.1709 1.2640
1.1461 0.9864 0.9944 1.1029 1.0071 0.9587 0.9508 1.2096 0.8843 0.8744 0.9323 0.8866 0.9908 0.9830 1.0474 1.0369
0.7071 0.7439 0.8907 0.8236 0.9752 0.9727 0.9150 1.0056 0.9621 0.9572 1.1076 0.9248 1.2088 1.1071 0.9681 1.3156
1.2970 1.1527 1.2099 1.2357 1.1144 1.1304 1.1272 0.9641 0.9824 0.8885 0.8380 0.8832 0.8433 0.7818 0.8240 0.7772
0.9674 0.8213 0.8031 0.9042 0.8690 0.9254 0.8384 1.0718 0.9598 1.1198 1.1906 1.0243 1.1175 1.2012 1.1588 1.5249
1.2307 1.0742 1.1339 1.0467 0.8556 1.0023 1.0459 1.0281 0.9476 0.8760 0.9278 0.8729 0.9937 0.8661 1.0141 1.0630
1.1592 1.1711 0.9451 0.9151 1.0459 1.0335 0.9832 1.0554 1.0005 0.9448 0.9602 0.9903 0.9579 0.8141 0.7957 0.9847
1.0602 0.9144 1.0645 0.9017 1.0059 1.0680 0.9654 1.0059 1.0000 0.9116 0.9263 1.1113 1.0000 0.9889 0.9723 1.1113
0.9406 0.9309 0.9099 1.0000 0.9743 0.9190 1.0272 1.1068 1.0099 1.0092 1.0343 0.9991 1.0489 1.0824 1.2452 1.2628
1.5036 1.3710 1.0719 1.2778 0.9790 0.9928 1.1235 0.9702 0.9108 1.0000 1.0000 0.8909 1.0000 0.8221 0.8860 0.8884
1.5055 1.0236 1.1550 0.9298 0.8076 1.1061 1.0266 0.9793 1.0765 1.0413 0.9376 0.9974 0.9021 0.8858 0.9926 1.1542
1.1648 1.1042 1.1398 1.2315 0.9759 1.0440 0.9534 0.9236 1.0087 1.0287 0.9050 0.8069 0.8105 0.7854 0.5321 0.5346
1.1996 0.9764 1.0000 0.9685 1.1247 1.0798 0.9328 1.0286 0.9823 1.0097 0.9328 1.0382 0.8902 1.0462 0.9608 1.0337
0.7485 0.7677 0.9939 1.0057 1.1099 1.0122 0.9789 0.9555 0.9461 1.0632 0.9768 0.9961 1.0101 0.9881 0.9589 1.1971
1.0561 0.8986 0.9270 0.9877 0.8647 0.9296 0.8727 0.9263 1.0000 1.1611 0.9515 0.9266 1.1603 1.2788 1.3674 1.7124
1.0325 1.0827 0.8976 1.0474 0.9020 0.9969 0.9701 1.0197 1.0916 0.8967 0.9839 1.0333 0.9301 1.0381 0.5458 1.0326
1.0836 0.9324 0.8682 0.9128 0.9345 0.9505 1.0438 0.9895 0.9719 0.8820 1.0389 0.9982 1.1101 0.9932 1.0630 1.2129
