1.2913 1.1557 1.0586 1.1085 1.0237 0.9573 1.0859 0.8850 1.1252 1.1459 0.8619 0.8460 0.9591 0.8163 0.8040 0.8648
1.0000 1.0663 1.1667 1.2876 1.1307 0.9916 1.0441 0.9790 0.8708 0.9719 0.9116 0.8704 0.9260 0.9563 0.8477 1.0000
1.0916 0.9693 0.9827 1.3670 0.8949 0.9930 1.0000 0.9527 0.9811 1.0789 1.0052 0.9486 1.0263 0.9905 1.0074 1.0413
1.2605 1.1333 1.1092 1.1458 1.0161 1.0363 1.1183 0.9234 0.9821 0.9326 0.9239 0.9376 0.8560 0.9220 0.8382 0.9601
1.3477 1.0371 0.9730 1.0508 0.9360 0.9715 1.0002 0.9377 0.8739 0.9518 0.9359 1.1125 0.8984 1.0725 1.0788 1.3179
1.0992 1.0861 0.9652 1.0543 0.9459 1.0473 1.0800 0.9845 0.8519 1.1072 0.9096 0.9356 0.9266 0.8964 1.0183 1.0797
1.2943 1.1142 1.0854 1.0424 0.9858 0.9416 0.9999 0.9233 0.8863 1.0576 0.9640 0.8212 0.9862 1.0188 1.0000 1.0180
1.2248 1.2150 1.0381 1.0668 1.1147 1.0908 1.0598 1.0218 1.1154 0.9240 0.9285 0.8564 0.8496 0.7901 0.8280 0.8710
0.6756 0.7104 0.9171 0.7788 0.9101 0.9175 0.8434 1.0611 1.0732 0.9534 1.0850 1.0235 1.2219 0.9256 1.2512 1.1452
1.0070 0.9245 0.8771 1.0416 0.9743 0.9633 0.9662 1.0481 0.9033 0.9513 0.9415 0.9593 1.0833 1.0306 1.1712 1.2364
0.6211 0.7535 0.8767 0.8376 0.9243 0.9823 0.9411 1.1012 1.0261 0.9738 1.0236 0.9612 1.1686 1.1219 0.9780 1.1546
1.2245 1.0978 1.1437 1.1533 1.0554 1.1011 1.1170 0.9870 1.0363 0.8952 0.8443 0.8781 0.8837 0.8474 0.9275 0.8012
1.0057 0.9545 0.9185 1.0115 0.9607 0.8754 0.8008 1.1130 0.9352 1.0039 1.1243 0.9063 1.0502 1.1705 1.0866 1.4028
1.0951 1.0258 1.0780 0.8497 0.8932 0.9806 0.9627 1.0810 0.9822 0.9430 1.0021 0.9225 1.0199 0.9393 1.0942 1.0893
1.2886 1.1236 0.9677 0.9745 1.0264 1.0767 1.0339 1.0978 0.9921 0.8484 0.9737 0.9425 0.9580 0.7536 0.7441 0.8173
0.9614 0.9601 1.0329 0.8995 0.9392 1.0377 0.9948 0.9933 1.0000 0.9122 0.9810 0.9855 1.0000 1.0607 1.1130 1.3099
0.9763 0.9345 0.9628 1.0000 0.9940 0.9728 1.0098 0.9579 1.0251 1.0444 1.0562 1.0061 1.0357 1.0164 1.1721 1.2897
1.3341 1.3535 0.9579 1.2582 0.9470 0.9822 1.1248 0.9403 0.8918 1.0000 1.0000 0.9397 1.0000 0.8559 0.9624 0.9834
1.4235 1.0381 1.2522 0.9647 0.8148 1.1393 1.0260 1.0164 1.0746 1.0026 0.8965 0.9676 0.8994 0.8569 0.9312 1.0871
1.0968 1.0711 1.1831 1.1594 0.9877 1.0500 0.9417 0.9647 1.0257 1.0768 0.9255 0.8509 0.8469 0.7722 0.5567 0.5218
1.3731 0.9937 1.0000 0.9347 1.1503 1.0833 0.9114 0.9980 0.9837 0.9168 0.9339 1.1020 0.9437 1.0959 1.0025 0.9892
0.5656 0.7120 0.9741 1.0029 0.9947 1.0081 1.0200 0.9837 0.9452 1.0399 0.9914 1.0687 1.0669 0.9447 0.9716 1.2651
1.0359 0.8853 0.9188 0.8969 0.8889 0.9480 0.8929 0.9790 1.0000 1.1415 0.9530 0.9440 1.0879 1.2383 1.1977 1.2150
0.9922 1.0109 0.8609 0.9975 0.8689 0.9781 0.9102 0.9267 1.1364 0.9498 1.0510 1.0992 1.0121 1.0373 0.5458 1.1249
1.3837 1.1338 1.0400 1.1303 1.1027 1.0786 1.1552 1.0211 1.0279 0.8574 0.9973 0.8657 0.9467 0.8431 0.8196 0.8730
