1.3396 1.2262 1.2651 1.3029 1.1362 1.0496 1.1130 0.9471 1.0528 1.0477 0.9086 0.7872 0.8229 0.7358 0.6486 0.6523
1.0000 0.8347 0.9206 0.9994 1.0200 0.9632 1.0077 0.9983 0.9215 1.0885 1.0633 0.9826 1.0380 1.1698 0.9579 1.0000
1.3966 1.2148 1.2911 2.0651 1.1587 1.2458 1.0000 0.8386 1.0934 1.0181 0.8959 0.7837 0.9174 0.9515 0.7508 0.7854
1.0049 0.7724 0.8958 1.0508 0.9026 0.9761 1.0526 0.9941 1.0931 1.1205 0.9722 0.9849 1.0246 0.9035 0.9960 1.2485
1.5138 1.1949 1.2088 1.0703 0.9559 1.0173 1.0985 1.0990 0.8623 1.0162 1.0925 0.9506 0.9001 0.9529 0.9903 1.0864
0.8133 0.9171 0.7570 0.9059 0.8583 0.9283 1.1749 1.0070 0.7937 1.1647 0.9139 1.1607 1.0258 0.9903 1.1137 1.3637
1.5910 1.2581 1.2321 1.1775 1.1600 0.9364 0.9634 0.8213 0.8708 0.9161 0.9171 0.8521 0.8735 1.0483 1.0000 0.8198
0.9347 1.0219 0.8427 0.9972 0.8981 1.0545 1.1244 1.1941 1.1943 1.0125 1.0017 1.0372 0.8754 0.8246 0.9201 1.0799
0.9182 0.8867 1.1033 0.9923 0.9456 1.1285 0.9487 1.1496 1.1281 0.9761 1.0931 0.9877 1.0318 0.8092 1.0811 1.0452
0.9096 0.7705 1.0276 0.9272 0.9703 0.9983 0.9253 0.9864 0.9696 1.0414 0.9183 1.0770 1.2343 1.0882 1.1126 1.5796
0.6238 1.0173 0.9991 0.8964 0.9336 1.0650 1.0720 1.2111 1.0901 0.9933 0.8442 0.9318 0.9608 1.0020 0.8317 1.2130
0.9220 0.8492 0.9135 0.9870 0.9099 0.9765 1.0852 0.9530 1.0248 1.0283 1.0567 1.0836 1.0603 1.1035 1.1469 0.8650
1.1186 1.1363 1.1148 1.2166 1.1265 1.0614 1.0343 1.3445 0.8087 1.1020 1.0377 0.7460 0.7358 0.7960 0.7284 0.9387
0.9482 0.8298 0.9578 0.7799 0.8055 0.8424 0.7958 1.0881 0.9889 1.0774 1.1257 1.0411 1.1364 1.1056 1.2219 1.1631
1.5048 1.3237 1.0825 1.1422 1.1951 1.1048 1.1431 1.0600 0.9345 0.7222 0.9316 0.9061 0.7673 0.6536 0.6556 0.6574
0.7439 0.9568 0.9074 0.8178 0.8554 0.9374 1.0130 0.9528 1.0000 0.9442 1.0854 1.0439 1.0000 1.2757 1.3439 1.4741
1.1518 0.8838 1.1396 1.0000 0.9108 1.0185 1.0627 0.8972 0.9813 1.0876 1.0091 0.9892 0.9105 0.9540 1.0422 1.0486
0.9448 0.9350 0.7779 1.0730 0.8227 0.9121 1.0881 0.9841 0.9196 1.0000 1.0000 1.1241 1.0000 1.0158 1.0921 1.2087
1.4613 1.1915 1.6304 1.2423 0.9418 1.2072 1.0758 1.0812 1.0747 0.8977 0.8902 0.8276 0.7644 0.7256 0.7714 0.7633
0.8508 0.8946 1.1024 1.0335 0.9649 1.0335 1.0058 1.0541 1.1470 1.5207 1.0855 0.9975 0.8768 0.9190 0.6286 0.6524
1.5712 1.1796 1.0000 1.1532 1.2274 1.1626 1.0530 1.0238 0.9911 0.8113 0.9259 1.0632 0.8620 0.9674 0.9071 0.8322
0.6378 0.5685 0.8506 0.7010 0.8180 0.9400 1.0159 1.0240 1.0658 0.9617 1.0739 1.3072 1.2149 1.0153 1.0829 1.4435
1.0797 0.9733 1.0750 0.8966 1.0374 1.0576 1.1182 1.1572 1.0000 1.3811 1.0255 0.8914 0.8673 0.8027 0.6935 0.7196
0.7815 0.7193 0.7155 0.8494 0.7559 0.8564 0.7909 0.9024 1.1155 1.1023 1.1072 1.2156 1.3355 1.2517 0.5458 1.4981
1.3298 1.2569 1.1573 1.3018 1.2411 1.1374 1.0780 1.1167 1.0033 0.8615 0.9133 0.9858 1.0848 1.0394 0.9649 1.0580
