0.7464 0.7951 0.8663 0.8693 1.0110 1.0959 1.0419 1.1793 1.1738 1.1636 1.0387 1.0294 1.0423 1.0298 0.8556 0.8372
0.8406 0.8522 0.9434 1.0277 1.0851 1.2157 1.2151 0.9962 1.0533 0.9823 1.1135 1.0003 0.9246 0.8599 0.9552 0.7351
0.6573 0.6863 0.8905 0.9031 0.9489 1.0627 1.1470 1.0935 1.0976 1.2380 1.0262 0.9952 0.9010 0.9016 0.8727 0.7043
0.6731 0.7507 0.8532 0.9559 0.9704 1.0903 1.1214 1.0558 0.9924 1.1880 1.1496 0.9614 1.0252 0.8604 0.9054 0.7289
0.7117 0.7683 0.8195 0.8833 1.0000 1.0192 1.1048 1.0634 1.1198 1.2368 1.0913 1.0580 0.9576 1.0054 0.8920 0.7664
0.8268 0.8470 0.8800 0.9603 1.1235 1.0639 1.1827 1.1485 1.1820 1.1254 1.0749 1.0159 0.9458 0.9326 0.8451 0.8423
0.7684 0.7938 0.8510 0.9341 1.0067 1.0541 1.1824 1.1867 1.1186 1.1055 1.1114 1.0532 0.9642 0.9167 0.8043 0.9175
0.8650 0.8068 0.8609 0.9472 1.0000 1.1319 1.2210 1.1604 1.0605 1.0551 1.1635 1.1055 1.0139 0.9088 0.8220 0.8850
0.8109 0.8570 0.8414 0.8940 1.0084 1.0240 1.1369 1.0420 1.1055 1.1288 1.0612 1.1344 0.9632 1.0096 0.8802 0.8163
0.6797 0.7482 0.8341 0.9738 0.9810 1.0254 1.0629 1.0980 1.0268 1.0825 1.1969 1.0133 0.9242 0.9975 0.9395 0.9397
0.7344 0.6571 0.7386 0.7769 0.9441 1.0243 1.1445 1.0446 1.0549 1.0668 1.0381 0.9713 0.9963 0.9731 0.8419 0.9687
0.7471 0.8149 0.9211 0.9777 1.1535 1.1168 1.1235 0.8985 1.0640 1.2086 1.0839 0.9574 0.9265 1.0000 1.0000 0.6740
0.9458 0.8794 0.9292 1.0195 1.1374 1.1597 1.1807 1.0393 1.1434 1.0402 1.0673 1.0324 0.9642 0.8274 0.8142 0.8880
0.8807 0.8830 0.9652 1.0121 0.9952 1.1032 1.1640 1.1458 1.1254 1.0659 1.1821 0.9513 0.9353 1.0000 0.8147 0.7757
0.6976 0.7649 0.8891 0.8956 1.0283 1.1554 1.0731 1.0480 1.0452 1.0707 1.1652 1.1682 1.0074 0.8700 0.8367 0.7633
0.6836 0.8114 0.9333 0.9980 0.9946 1.0660 1.0851 1.0512 1.0913 1.0272 1.0306 1.0589 0.9837 0.9555 0.8895 0.8312
0.8520 0.8125 0.8657 0.9134 1.0391 1.1748 1.0139 1.1777 1.1382 1.1945 1.0805 1.0285 1.0583 0.9324 0.8615 0.8522
0.7310 0.7701 0.8102 0.8176 1.0075 1.0113 1.1104 1.0083 1.0225 1.0959 1.0807 1.0259 1.0216 1.0172 0.8507 0.8601
0.7080 1.0000 0.8841 0.9209 0.9915 1.1533 1.1445 1.1089 1.0788 1.1521 1.0931 0.9150 0.9570 0.8981 0.8469 0.8528
0.8358 0.8103 0.9435 0.8694 1.0245 1.1205 1.0042 1.0998 1.0797 1.2077 1.0678 1.1184 1.0000 0.9931 0.9125 0.8913
0.8524 0.8678 0.8768 0.9969 0.9730 1.1187 1.0909 1.0537 1.0633 1.0194 1.0683 1.1118 1.0125 0.9917 0.9679 0.8693
0.6183 0.7576 0.8960 0.9781 1.0000 1.0623 1.0708 1.0792 1.0686 1.1122 1.0511 1.0394 0.9860 0.8979 1.0000 0.7636
0.8629 0.7962 0.9403 0.9385 1.0670 1.1617 1.1801 0.9957 1.1050 1.1562 1.1681 1.0082 1.0167 0.9318 0.8440 0.8199
0.7515 0.7991 0.8743 0.9305 1.2082 1.0000 1.0927 1.2112 1.1134 1.0725 1.2352 0.9748 0.9474 0.9261 0.9433 0.9166
0.8534 0.9125 0.9072 0.9782 1.0944 1.1073 1.1501 1.1590 1.1600 1.1648 1.1078 0.9814 0.9554 0.8983 0.7767 0.7711
