0.7523 0.8029 0.8870 0.9096 1.0345 1.0985 1.0429 1.1562 1.1419 1.1491 1.0121 0.9521 1.0602 1.0211 0.8722 0.8716
0.8611 0.8609 0.9833 1.0627 1.1146 1.2586 1.2059 0.9323 0.9676 0.9084 1.0922 0.9836 0.9462 0.8486 1.0015 0.7755
0.6568 0.7343 0.9072 0.9288 0.9696 1.0903 1.1015 1.0619 1.0515 1.2121 1.0079 0.9742 0.9091 0.9301 0.9286 0.7329
0.6663 0.7448 0.8690 0.9779 0.9785 1.0850 1.0945 1.0264 0.9655 1.1393 1.1143 0.9864 1.0389 0.8928 0.9479 0.7577
0.7553 0.7996 0.8346 0.9246 1.0000 1.0491 1.0932 1.0485 1.1206 1.2067 1.0133 1.0265 0.9489 1.0535 0.9631 0.8674
0.8523 0.8906 0.8937 0.9557 1.1497 1.0946 1.1778 1.0701 1.1409 1.0827 1.0459 1.0056 0.9890 0.9173 0.8622 0.8743
0.7320 0.8306 0.8873 0.9499 1.0460 1.0448 1.1242 1.1317 1.0970 1.0559 1.0887 1.0480 0.9732 0.9072 0.8427 0.9727
0.8996 0.8199 0.8733 0.9603 1.0000 1.0856 1.1949 1.0924 1.0813 1.0369 1.1270 1.0786 1.0265 0.9362 0.8646 0.9278
0.8123 0.8806 0.8726 0.8991 1.0347 1.0294 1.1501 1.0337 1.0763 1.0978 1.0364 1.0613 0.9816 1.0292 0.8897 0.8537
0.6712 0.7644 0.8719 0.9916 1.0226 1.0282 1.0547 1.1115 0.9570 0.9971 1.1325 0.9388 0.9056 0.9808 1.0142 1.0383
0.7194 0.6649 0.7604 0.8178 0.9523 1.0326 1.1317 1.0251 0.9820 1.0423 0.9919 0.9553 1.0333 0.9918 0.8893 1.0115
0.7432 0.8525 0.8939 0.9849 1.1771 1.1442 1.1280 0.8684 1.0206 1.2219 1.0881 0.9903 0.9571 1.0000 1.0000 0.7059
0.9563 0.8968 0.9422 1.0029 1.1628 1.1046 1.1490 0.9996 1.1129 1.0245 1.0899 1.0190 1.0010 0.8432 0.8269 0.9711
0.9315 0.9265 0.9911 1.0246 1.0009 1.1155 1.1611 1.1197 1.0686 1.0347 1.1341 0.9341 0.9457 1.0000 0.8237 0.7994
0.6640 0.7460 0.8599 0.8988 1.0167 1.2015 1.0960 1.0788 1.0395 1.0351 1.0652 1.0912 0.9770 0.8674 0.9133 0.8541
0.7048 0.8028 0.9096 0.9823 0.9645 1.0297 1.0875 1.0417 1.0725 0.9893 1.0033 1.0691 1.0146 0.9823 0.9567 0.8987
0.8812 0.7638 0.8660 0.8881 1.0469 1.1844 0.9772 1.1609 1.1168 1.1575 1.0417 1.0405 1.1070 0.9390 0.8876 0.9416
0.6850 0.7907 0.7894 0.8300 0.9976 0.9907 1.1227 0.9921 0.9944 1.1068 1.0858 1.0457 1.0068 1.0163 0.9300 0.9331
0.6928 1.0000 0.8974 0.9267 0.9839 1.1276 1.1283 1.0311 1.0681 1.1471 1.0848 0.9013 0.9928 0.8988 0.8965 0.9167
0.8184 0.8031 0.9407 0.8573 1.0434 1.1352 0.9962 1.0600 1.0620 1.1458 1.0160 1.1244 1.0000 0.9675 1.0091 0.9620
0.8829 0.9012 0.9070 0.9626 0.9326 1.0816 1.0448 1.0370 1.0193 0.9239 1.0278 1.1415 1.0093 1.0145 1.0357 0.9853
0.6238 0.7752 0.9206 0.9980 1.0000 1.0417 1.0410 1.0367 1.0115 1.0840 1.0114 1.0754 1.0106 0.9293 1.0000 0.8487
0.8505 0.7870 0.9801 0.9511 1.0536 1.1446 1.1423 0.9392 1.0591 1.1272 1.1535 1.0419 1.0447 0.9268 0.8957 0.8513
0.7738 0.7927 0.8941 0.9554 1.2233 1.0000 1.0715 1.1822 1.0765 1.0332 1.2140 0.9283 0.9279 0.9354 1.0036 0.9918
0.8158 0.9222 0.8934 0.9731 1.1025 1.1184 1.1956 1.1705 1.1659 1.1355 1.0783 0.9602 0.9668 0.9045 0.7986 0.8082
