0.8359 0.8607 0.9363 0.9467 1.0467 1.0845 1.0306 1.1527 1.1481 1.1603 1.0173 0.9025 1.0965 1.0280 0.8817 0.8874
0.9385 0.9254 1.0301 1.1158 1.1709 1.2394 1.2107 0.8968 0.9615 0.8879 1.0506 0.9710 0.9377 0.8326 0.9602 0.7517
0.6943 0.7885 0.9511 0.9827 0.9972 1.0947 1.1381 1.0682 1.0708 1.2230 1.0070 0.9496 0.9138 0.9236 0.9024 0.7096
0.7107 0.7914 0.8944 0.9813 0.9744 1.0955 1.1043 1.0172 0.9560 1.1480 1.1222 0.9838 1.0515 0.9130 0.9283 0.7257
0.8617 0.9333 0.9254 0.9432 1.0000 1.1292 1.1300 1.0601 1.1183 1.2067 0.9983 1.0116 0.9569 1.0087 0.9022 0.7654
0.8931 0.9369 0.9569 0.9870 1.1548 1.1273 1.1577 1.0406 1.1271 1.0939 1.0399 0.9822 0.9376 0.9207 0.8363 0.8137
0.7821 0.8679 0.9338 0.9865 1.0365 1.0494 1.1302 1.1055 1.0894 1.0948 1.0830 1.0537 0.9553 0.8685 0.8267 0.9246
0.9574 0.8530 0.9182 0.9730 1.0000 1.1156 1.1713 1.0517 1.1206 1.0595 1.1466 1.0317 1.0003 0.8997 0.8230 0.8754
0.8482 0.9242 0.8923 0.9285 1.0426 1.0273 1.1754 1.0321 1.0771 1.1254 1.0387 1.0660 0.9729 1.0093 0.8706 0.8171
0.7753 0.8812 0.9647 1.1138 1.0810 1.1029 1.0799 1.1483 0.9637 1.0236 1.1361 0.8733 0.8646 0.9301 0.9148 0.8970
0.8131 0.7530 0.8553 0.8963 1.0161 1.1303 1.1823 1.0604 1.0484 1.1149 1.0289 0.9867 1.0392 0.9842 0.8794 0.9070
0.8022 0.8780 0.9137 1.0224 1.1909 1.1256 1.1285 0.8659 0.9886 1.1804 1.0348 0.9382 0.9271 1.0000 1.0000 0.6276
0.9500 0.8847 0.9516 1.0210 1.1519 1.0969 1.1155 0.9633 1.0920 0.9834 1.0468 0.9509 0.9690 0.8032 0.7550 0.9019
0.9478 0.9549 0.9552 1.0445 0.9938 1.0896 1.1331 1.0795 1.0716 1.0133 1.0691 0.9133 0.9170 1.0000 0.8079 0.7564
0.7255 0.8209 0.9303 0.9761 1.0744 1.2268 1.1379 1.0811 1.0544 1.0225 1.0607 1.0996 0.9720 0.7968 0.8497 0.7386
0.8115 0.8906 0.9625 1.0216 0.9888 1.0507 1.1000 1.0283 1.0417 1.0101 1.0182 1.0696 0.9763 0.9486 0.9014 0.8338
0.9240 0.7862 0.9136 0.8991 1.0885 1.2076 0.9900 1.1504 1.0694 1.1735 1.0070 1.0530 1.0973 0.8960 0.8593 0.8660
0.7203 0.8620 0.8572 0.8707 1.0433 1.0494 1.1459 1.0157 1.0273 1.1401 1.0907 1.0406 1.0069 0.9824 0.9344 0.8885
0.7446 1.0000 0.9507 0.9261 1.0026 1.1742 1.1371 1.0567 1.0547 1.1360 1.0752 0.9043 0.9677 0.8751 0.8697 0.8612
0.9150 0.9445 1.0490 0.9219 1.1265 1.2237 0.9881 1.0654 1.0742 1.1470 0.9541 1.0640 1.0000 0.8821 0.8572 0.7731
0.9281 0.9156 0.9275 1.0099 0.9471 1.1405 1.0572 1.0609 1.0193 0.9375 1.0336 1.0851 1.0270 1.0037 0.9929 0.8641
0.6356 0.7889 0.9231 0.9889 1.0000 1.0415 1.0115 1.0070 0.9933 1.0853 1.0008 1.0665 0.9728 0.9092 1.0000 0.7620
0.8476 0.8119 1.0141 1.0043 1.1120 1.1559 1.1595 0.9278 1.0695 1.1509 1.1400 1.0171 1.0717 0.8906 0.8544 0.7967
0.8210 0.8079 0.9246 0.9646 1.2220 1.0000 1.0590 1.1735 1.1065 1.0023 1.1996 0.9218 0.9402 0.9175 0.9920 0.9484
0.8945 0.9672 0.9115 1.0213 1.1438 1.1369 1.1772 1.1463 1.1191 1.0943 1.0479 0.9184 0.9248 0.8390 0.7025 0.6809
