0.7363 0.7842 0.8518 0.8844 1.0408 1.0701 1.0669 1.1851 1.1917 1.1620 1.0425 1.0120 1.0341 1.0068 0.8640 0.8507
0.8467 0.8396 0.9420 1.0251 1.1024 1.2193 1.2074 0.9859 1.0586 0.9862 1.1221 1.0057 0.9192 0.8518 0.9622 0.7479
0.6634 0.7025 0.9199 0.9081 0.9632 1.0746 1.1601 1.0905 1.0993 1.2405 1.0119 0.9706 0.8913 0.9191 0.8645 0.7081
0.6756 0.7487 0.8691 0.9580 0.9708 1.0806 1.1261 1.0532 1.0019 1.1603 1.1227 0.9687 1.0247 0.8787 0.9036 0.7353
0.7173 0.8193 0.8156 0.8850 1.0000 1.0326 1.1022 1.0465 1.1332 1.2034 1.0590 1.0338 0.9614 1.0339 0.9213 0.8097
0.8439 0.8409 0.8696 0.9531 1.1197 1.0927 1.1589 1.1491 1.1700 1.1249 1.0697 1.0229 0.9497 0.9420 0.8511 0.8366
0.7695 0.7996 0.8638 0.9493 1.0332 1.0679 1.1629 1.1631 1.0980 1.0793 1.1084 1.0619 0.9671 0.9152 0.8179 0.9010
0.8835 0.8084 0.8573 0.9492 1.0000 1.1144 1.2359 1.1158 1.0710 1.0706 1.1622 1.0970 0.9983 0.9077 0.8235 0.8927
0.8284 0.8679 0.8587 0.8863 1.0106 1.0275 1.1277 1.0483 1.0828 1.1446 1.0605 1.1040 0.9682 1.0224 0.8710 0.8175
0.6915 0.7588 0.8558 0.9980 0.9884 1.0265 1.0790 1.1200 1.0145 1.0427 1.1893 0.9957 0.9023 0.9796 0.9480 0.9476
0.7352 0.6571 0.7560 0.8037 0.9533 1.0386 1.1349 1.0435 1.0543 1.0606 1.0319 0.9640 1.0006 0.9733 0.8616 0.9525
0.7539 0.8370 0.9219 0.9836 1.1407 1.1127 1.1186 0.9032 1.0550 1.2023 1.0969 0.9672 0.9226 1.0000 1.0000 0.6942
0.9488 0.8847 0.9139 1.0231 1.1154 1.1108 1.1880 1.0441 1.1268 1.0560 1.0590 1.0145 0.9753 0.8495 0.8214 0.9213
0.9080 0.9072 0.9639 1.0074 1.0086 1.1049 1.1476 1.1450 1.1047 1.0527 1.1711 0.9532 0.9216 1.0000 0.8110 0.7879
0.7139 0.7525 0.8628 0.9080 1.0084 1.1583 1.0827 1.0575 1.0748 1.0522 1.1436 1.1325 0.9687 0.8554 0.8781 0.7777
0.6883 0.8025 0.9123 0.9819 0.9930 1.0551 1.1054 1.0659 1.0818 1.0250 1.0354 1.0683 0.9848 0.9632 0.8966 0.8318
0.8620 0.8071 0.8911 0.9070 1.0513 1.1521 1.0136 1.1777 1.1452 1.1650 1.0689 1.0333 1.0688 0.9226 0.8649 0.8618
0.7148 0.7613 0.7961 0.8121 1.0039 1.0194 1.1124 1.0134 1.0276 1.0947 1.0753 1.0464 0.9826 1.0291 0.8548 0.8781
0.7111 1.0000 0.9049 0.9235 0.9909 1.1522 1.1388 1.0997 1.0823 1.1551 1.0714 0.9179 0.9590 0.9069 0.8409 0.8505
0.8703 0.8435 0.9428 0.8845 1.0279 1.1572 1.0182 1.0782 1.0684 1.1790 1.0616 1.1207 1.0000 0.9753 0.9072 0.8766
0.8708 0.8869 0.8808 0.9791 0.9841 1.1197 1.0768 1.0495 1.0336 1.0206 1.0810 1.1333 0.9975 0.9789 0.9646 0.8844
0.6255 0.7593 0.9036 0.9638 1.0000 1.0838 1.0581 1.0774 1.0661 1.1009 1.0228 1.0211 0.9790 0.9125 1.0000 0.8110
0.8856 0.8245 0.9276 0.9317 1.0700 1.1666 1.1980 0.9797 1.1017 1.1536 1.1548 1.0165 1.0186 0.9213 0.8453 0.8097
0.7542 0.7926 0.8796 0.9478 1.2234 1.0000 1.0846 1.1958 1.1031 1.0713 1.2353 0.9609 0.9327 0.9337 0.9430 0.9335
0.8705 0.9292 0.8941 0.9486 1.0679 1.1014 1.1570 1.1780 1.1762 1.1776 1.1008 0.9922 0.9654 0.8986 0.7859 0.7538
