0.7147 0.7852 0.8532 0.8849 1.0382 1.0918 1.0541 1.1800 1.1632 1.1886 1.0406 1.0229 1.0310 1.0094 0.8563 0.8443
0.8435 0.8578 0.9325 1.0292 1.0857 1.2399 1.2109 0.9868 1.0498 0.9636 1.1273 1.0122 0.9164 0.8588 0.9758 0.7445
0.6580 0.6972 0.9027 0.9144 0.9421 1.0741 1.1501 1.0991 1.0827 1.2353 1.0286 0.9584 0.9066 0.9017 0.8796 0.7153
0.6673 0.7378 0.8448 0.9397 0.9699 1.0883 1.1094 1.0429 1.0284 1.2086 1.1379 0.9600 1.0191 0.8752 0.8925 0.7549
0.7089 0.8002 0.7943 0.9112 1.0000 1.0478 1.1067 1.0512 1.1825 1.2202 1.0243 1.0077 0.9743 1.0223 0.9293 0.8426
0.8297 0.8470 0.8744 0.9435 1.1085 1.0656 1.1666 1.1532 1.1591 1.1205 1.0599 1.0383 0.9668 0.9318 0.8705 0.8552
0.7896 0.7975 0.8489 0.9482 1.0119 1.0537 1.1687 1.1712 1.1129 1.0997 1.1089 1.0491 0.9723 0.9190 0.8163 0.9238
0.8792 0.7950 0.8550 0.9304 1.0000 1.1008 1.2188 1.1357 1.0723 1.0907 1.1645 1.0897 1.0129 0.9145 0.8382 0.9001
0.8154 0.8679 0.8400 0.8703 1.0182 1.0122 1.1314 1.0414 1.1015 1.1228 1.0461 1.1193 0.9741 1.0119 0.9012 0.8321
0.6950 0.7528 0.8604 0.9747 0.9779 1.0167 1.0433 1.1114 1.0185 1.0409 1.1898 0.9882 0.9306 0.9912 0.9821 0.9648
0.7226 0.6525 0.7372 0.8084 0.9537 1.0461 1.1202 1.0634 1.0420 1.0685 1.0361 0.9566 0.9927 0.9589 0.8543 0.9631
0.7541 0.8174 0.9133 0.9634 1.1473 1.1327 1.1372 0.9018 1.0613 1.1953 1.0861 0.9676 0.9346 1.0000 1.0000 0.6880
0.9313 0.8849 0.9067 1.0216 1.1442 1.1389 1.1785 1.0397 1.1512 1.0651 1.0510 1.0075 0.9786 0.8548 0.8151 0.9062
0.8984 0.8813 0.9558 1.0075 1.0011 1.0954 1.1877 1.1352 1.1283 1.0632 1.1639 0.9359 0.9263 1.0000 0.8257 0.7899
0.7024 0.7300 0.8545 0.9044 1.0105 1.1699 1.0915 1.0675 1.0683 1.0550 1.0972 1.1041 0.9670 0.8759 0.8851 0.8244
0.6620 0.7801 0.8920 0.9572 0.9915 1.0697 1.0887 1.0668 1.0954 1.0151 1.0263 1.0771 0.9987 0.9779 0.8991 0.8453
0.8455 0.7906 0.8869 0.9097 1.0273 1.1631 1.0159 1.1802 1.1668 1.1723 1.0743 1.0430 1.0773 0.9195 0.8678 0.8605
0.7138 0.7562 0.7872 0.8040 0.9936 1.0064 1.1268 1.0096 1.0179 1.1085 1.0576 1.0418 0.9936 1.0133 0.8643 0.8901
0.6932 1.0000 0.8714 0.9225 0.9791 1.1316 1.1483 1.0995 1.0808 1.1541 1.1118 0.9259 0.9636 0.8970 0.8657 0.8536
0.8332 0.8273 0.9068 0.8478 1.0569 1.1423 1.0150 1.0482 1.0758 1.1756 1.0581 1.1481 1.0000 0.9831 0.9358 0.9361
0.8484 0.8715 0.8725 0.9885 0.9861 1.1062 1.0800 1.0575 1.0584 0.9858 1.0657 1.1296 1.0099 0.9956 0.9870 0.8951
0.6132 0.7558 0.9016 0.9698 1.0000 1.0699 1.0735 1.0604 1.0607 1.1001 1.0229 1.0321 0.9917 0.9126 1.0000 0.7955
0.8854 0.7991 0.9297 0.9448 1.0687 1.1580 1.2017 0.9906 1.0855 1.1397 1.1606 1.0122 1.0272 0.9396 0.8657 0.8182
0.7399 0.7909 0.8705 0.9322 1.2165 1.0000 1.1009 1.2091 1.1194 1.0800 1.2373 0.9743 0.9401 0.9278 0.9467 0.9311
0.8238 0.9180 0.8870 0.9516 1.0974 1.1216 1.1714 1.1703 1.1847 1.1712 1.1075 0.9761 0.9626 0.9073 0.7672 0.7725
