1.2916 1.1757 1.1851 1.2461 1.0664 1.0407 1.0985 0.8869 1.0939 1.0655 0.9043 0.8217 0.9075 0.7312 0.7988 0.6964
1.0000 0.9641 0.9431 1.0978 1.1328 0.9808 0.9743 0.9817 0.8818 1.0924 1.0155 0.9626 1.0133 1.0839 0.8701 1.0000
1.3149 1.1767 1.1886 1.7189 1.0440 1.0643 1.0000 0.9212 1.0136 1.0655 0.9962 0.8739 0.9657 0.9519 0.8462 0.8328
1.0348 0.8697 0.9775 1.0899 1.0018 1.0240 1.1227 0.9905 1.0962 1.0560 0.9949 0.9796 0.9516 0.8726 0.9370 1.0171
1.6159 1.1638 1.0781 1.0769 0.9660 0.9613 1.0094 1.0288 0.8011 0.8768 1.0293 1.0753 0.9201 0.9732 0.9873 1.2016
0.9243 1.0395 0.8520 0.9658 0.8875 1.0020 1.1575 1.0102 0.8316 1.1888 0.9089 1.1065 0.9663 0.9870 1.0005 1.1945
1.4010 1.1661 1.1644 1.0949 1.0715 0.8920 0.9626 0.8437 0.8745 1.0025 0.9440 0.8693 0.9464 1.0961 1.0000 0.9548
1.0380 1.1901 0.8667 1.0223 1.0032 1.0712 1.1144 1.0986 1.1395 0.9767 0.9891 0.9782 0.8651 0.7904 0.8730 0.9785
0.8050 0.8316 1.0501 0.8802 0.8760 0.9951 0.9074 1.1017 1.1457 0.9756 1.1190 1.0020 1.1204 0.7837 1.2311 0.9841
0.8437 0.7332 0.8198 0.9861 0.9607 1.0055 0.9661 0.9429 0.8964 1.1147 0.9343 1.0448 1.1918 1.0936 1.2084 1.5320
0.5834 0.7942 0.8830 0.8821 0.8686 1.0194 1.0667 1.1700 1.1225 1.0190 0.8526 1.0100 1.0260 1.0896 0.9323 1.0410
1.0551 0.9550 0.9947 1.0664 0.9802 1.0727 1.1406 0.9780 1.0140 0.9514 0.9508 1.0116 0.9788 0.9733 1.0468 0.8063
0.9634 1.1316 1.0836 1.2173 1.1176 0.9425 0.9213 1.3012 0.8792 1.0574 1.0551 0.7892 0.7852 0.9069 0.8260 0.9954
0.9529 0.8730 0.9858 0.7518 0.8905 0.8947 0.8587 1.1351 0.9878 1.0473 1.0956 1.0152 1.1143 1.0601 1.2049 1.1110
1.4316 1.1411 1.0367 1.0481 1.0918 1.1381 1.1115 1.1166 0.9795 0.7546 0.9460 0.8847 0.8274 0.6498 0.6526 0.6896
0.8184 0.9108 0.9996 0.8789 0.8431 1.0027 1.0351 1.0203 1.0000 0.9426 1.0466 0.9390 1.0000 1.1703 1.2486 1.3540
1.0862 0.8795 1.0560 1.0000 0.9278 1.0355 1.0628 0.8778 1.0152 1.0925 1.0456 1.0199 0.9494 0.9271 0.9967 1.0830
1.1613 1.1488 0.8503 1.1916 0.8775 0.9530 1.1198 0.8870 0.8759 1.0000 1.0000 1.0850 1.0000 0.9679 1.0469 1.1113
1.3707 1.0548 1.4201 1.1392 0.9504 1.2019 1.1057 1.0650 1.1222 0.8909 0.8704 0.9449 0.8424 0.7661 0.7387 0.8704
0.9441 1.0117 1.1535 1.1473 0.9904 1.0256 0.9527 1.0105 1.0739 1.0651 0.9903 0.9128 0.9013 0.8343 0.6264 0.5721
1.4545 1.0836 1.0000 1.0334 1.2294 1.1328 1.0319 1.0227 0.9879 0.8035 0.9229 1.0927 0.8879 0.9986 0.9117 0.8465
0.5691 0.5713 0.8862 0.8343 0.8721 0.9636 1.0108 1.0877 1.0293 0.9557 1.0415 1.2370 1.1617 0.9427 1.0002 1.3198
1.1269 0.9605 1.0407 0.8291 0.9693 0.9854 0.9919 1.0632 1.0000 1.2209 0.9888 0.9467 0.9522 1.0184 0.8989 0.8455
0.8837 0.8298 0.7190 0.8863 0.8259 0.9885 0.8463 0.9155 1.1508 1.0443 1.0825 1.1686 1.2240 1.1021 0.5458 1.2431
1.5311 1.3757 1.1869 1.2718 1.1681 1.1370 1.1781 0.9906 0.9719 0.8247 0.9189 0.9318 0.9080 0.8728 0.7706 0.8939
