1.3535 1.2762 1.3023 1.3150 1.1544 1.0844 1.0779 0.9703 1.0436 1.0255 0.8682 0.8085 0.8554 0.7038 0.6454 0.6291
1.0000 0.8005 0.9155 0.9525 0.9453 0.9066 1.0420 1.0072 0.9828 1.1115 1.0782 0.9782 1.0159 1.2168 1.0403 1.0000
1.3455 1.2292 1.3717 2.0409 1.1294 1.2479 1.0000 0.8410 1.1105 1.0498 0.8969 0.8673 0.8939 0.9386 0.8189 0.8586
0.9731 0.7912 0.8166 0.9962 0.8565 0.9587 0.9507 0.9687 1.1248 1.1067 1.0434 1.0289 1.0551 0.9857 1.0019 1.4615
1.3850 1.2040 1.0846 1.0894 0.9483 1.0351 1.2114 1.1751 0.9368 1.0973 1.0976 0.9789 0.9679 0.9398 0.9789 0.9866
0.7566 0.8229 0.7059 0.8404 0.8385 0.9512 1.1821 1.0109 0.8715 1.1563 0.9653 1.2570 1.0791 1.0989 1.1717 1.3399
1.6980 1.3661 1.3092 1.2391 1.2145 0.9803 1.0127 0.8589 0.8660 0.8451 0.8422 0.7580 0.8062 0.9734 1.0000 0.7741
0.9144 0.9064 0.9031 0.9260 0.8581 1.0175 1.1064 1.1851 1.2058 1.0178 0.9687 1.0656 0.9129 0.8925 0.9884 1.1100
0.9797 0.9122 1.1797 1.0679 1.0020 1.1784 1.0034 1.1196 1.1237 0.9830 1.0479 0.9562 0.9749 0.8314 1.0321 1.2832
0.9366 0.7422 0.9288 0.8489 0.9024 0.9905 0.8709 0.9894 0.9481 1.0746 0.9512 1.0645 1.2473 1.1762 1.2397 1.7405
0.7062 1.0522 1.1017 0.8942 0.9939 1.1800 1.0384 1.1935 1.0956 0.9747 0.8482 0.9070 0.9877 0.8896 0.7992 1.3001
0.8410 0.8024 0.8841 0.9225 0.8651 0.9670 1.0235 0.9354 1.0055 1.1090 1.1055 1.1395 1.1063 1.1593 1.1981 0.9287
1.2005 1.2633 1.1411 1.2768 1.1319 1.2273 1.0370 1.4731 0.8271 1.1294 1.0335 0.7658 0.7678 0.7374 0.6866 0.8118
1.0138 0.8973 1.0697 0.8472 0.7882 0.9146 0.8488 1.0481 1.0517 1.0615 1.1134 1.0265 1.0764 1.0444 1.1743 0.9909
1.5871 1.4483 1.1271 1.2487 1.2665 1.0330 1.1153 1.1008 0.8774 0.8059 0.7716 0.7867 0.7108 0.7221 0.6669 0.6623
0.6971 0.9744 0.8444 0.8101 0.8619 0.8970 0.9662 0.9671 1.0000 0.9427 1.1459 1.1439 1.0000 1.3329 1.4107 1.5480
1.1787 0.9347 1.1867 1.0000 0.9011 1.0349 1.0279 0.9556 0.9669 1.0170 0.9412 0.9619 0.8851 0.9618 1.0570 1.0103
0.8787 0.8744 0.8166 1.0185 0.8295 0.8676 1.0524 0.9392 0.9412 1.0000 1.0000 1.1687 1.0000 1.0932 1.2206 1.2484
1.5047 1.2029 1.6993 1.2199 0.9878 1.2064 1.1432 1.1089 1.0661 0.9070 0.8701 0.7613 0.6917 0.6750 0.7805 0.7417
0.8081 0.8587 1.1233 0.9531 0.9833 0.9881 1.0327 1.0297 1.1884 1.4563 1.1356 1.0055 1.1207 1.0403 0.7042 0.6587
1.3921 1.1177 1.0000 1.0956 1.1154 1.1723 1.0622 0.9748 0.9869 0.9114 0.9296 1.0606 0.8841 0.9605 0.8870 0.9276
0.7280 0.5892 0.8426 0.6756 0.8497 0.9209 1.0409 1.0042 1.0170 0.9722 1.0500 1.3324 1.2406 1.0789 1.0312 1.4508
1.0221 1.0353 1.0677 0.9154 1.0566 1.0737 1.1319 1.1460 1.0000 1.4185 0.9806 0.8461 0.8228 0.7259 0.5987 0.7386
0.7141 0.7389 0.6987 0.7978 0.7538 0.8088 0.8189 0.9764 1.1179 1.1127 1.1505 1.2232 1.2426 1.2948 1.2512 1.4816
1.3866 1.5005 1.1353 1.2584 1.1681 1.2941 1.4048 1.0971 0.9363 0.9459 0.9128 0.9948 0.9066 0.7786 0.8028 0.8341
