0.7574 0.8071 0.8831 0.9144 1.0404 1.0906 1.0531 1.1730 1.1382 1.1479 1.0089 0.9611 1.0538 1.0134 0.8646 0.8689
0.8701 0.8789 0.9992 1.0678 1.1235 1.2707 1.2117 0.9305 0.9692 0.9100 1.0721 0.9707 0.9268 0.8377 0.9920 0.7626
0.6613 0.7433 0.9206 0.9308 0.9590 1.1083 1.1061 1.0693 1.0470 1.2168 1.0018 0.9765 0.9079 0.9183 0.9196 0.7079
0.6650 0.7466 0.8698 0.9881 0.9813 1.0821 1.0956 1.0249 0.9762 1.1308 1.1181 0.9824 1.0368 0.8971 0.9452 0.7562
0.7519 0.8082 0.8398 0.9195 1.0000 1.0421 1.0910 1.0509 1.1399 1.2285 1.0166 1.0157 0.9506 1.0402 0.9655 0.8552
0.8402 0.8795 0.8895 0.9611 1.1505 1.1095 1.1739 1.0569 1.1457 1.0940 1.0479 1.0206 0.9691 0.9274 0.8619 0.8715
0.7349 0.8288 0.8818 0.9539 1.0476 1.0344 1.1420 1.1344 1.0873 1.0578 1.0747 1.0512 0.9788 0.9068 0.8401 0.9785
0.8810 0.8188 0.8784 0.9618 1.0000 1.0989 1.1879 1.1035 1.0635 1.0489 1.1154 1.0737 1.0296 0.9337 0.8594 0.9454
0.8025 0.8830 0.8772 0.8886 1.0377 1.0295 1.1335 1.0387 1.0690 1.1053 1.0418 1.0631 0.9820 1.0289 0.9011 0.8455
0.6824 0.7650 0.8800 0.9945 1.0182 1.0202 1.0558 1.1216 0.9696 1.0010 1.1541 0.9395 0.9080 0.9750 1.0018 1.0303
0.7342 0.6701 0.7700 0.8214 0.9777 1.0507 1.1458 1.0310 0.9944 1.0457 0.9907 0.9616 1.0300 0.9806 0.8647 0.9824
0.7426 0.8519 0.9015 0.9931 1.1821 1.1651 1.1473 0.8674 1.0208 1.2167 1.0717 0.9680 0.9403 1.0000 1.0000 0.6929
0.9509 0.8946 0.9362 1.0139 1.1531 1.1064 1.1583 0.9955 1.1242 1.0266 1.0727 1.0160 1.0066 0.8335 0.8242 0.9682
0.9309 0.9276 0.9782 1.0253 1.0061 1.1075 1.1674 1.1376 1.0877 1.0360 1.1191 0.9240 0.9392 1.0000 0.8243 0.7882
0.6771 0.7573 0.8786 0.9108 1.0219 1.2070 1.1155 1.0795 1.0426 1.0501 1.0407 1.0860 0.9549 0.8673 0.9088 0.8360
0.6930 0.8070 0.9069 0.9673 0.9730 1.0250 1.1047 1.0451 1.0697 1.0023 1.0089 1.0834 1.0035 0.9809 0.9385 0.8893
0.8978 0.7605 0.8718 0.8819 1.0421 1.2076 0.9690 1.1777 1.1318 1.1523 1.0387 1.0258 1.1049 0.9348 0.8860 0.9172
0.6946 0.8039 0.7966 0.8209 1.0005 0.9895 1.1280 1.0077 0.9877 1.1085 1.0874 1.0504 1.0026 1.0208 0.9110 0.9331
0.6892 1.0000 0.9059 0.9306 0.9758 1.1365 1.1374 1.0309 1.0702 1.1655 1.0692 0.9043 0.9922 0.8873 0.8841 0.9152
0.8227 0.8197 0.9502 0.8674 1.0618 1.1496 1.0035 1.0673 1.0447 1.1678 1.0109 1.1286 1.0000 0.9590 0.9708 0.9357
0.8673 0.9054 0.9053 0.9635 0.9337 1.0990 1.0417 1.0290 1.0201 0.9479 1.0371 1.1373 1.0074 1.0195 1.0286 0.9599
0.6267 0.7750 0.9147 0.9972 1.0000 1.0465 1.0559 1.0433 1.0103 1.0796 1.0147 1.0727 0.9976 0.9250 1.0000 0.8394
0.8447 0.7945 0.9870 0.9563 1.0602 1.1512 1.1512 0.9308 1.0605 1.1200 1.1537 1.0472 1.0506 0.9277 0.8859 0.8322
0.7716 0.7951 0.8983 0.9580 1.2328 1.0000 1.0755 1.1720 1.0784 1.0439 1.2161 0.9363 0.9367 0.9231 0.9925 0.9685
0.8275 0.9325 0.8831 0.9847 1.0955 1.1106 1.2086 1.1832 1.1391 1.1551 1.0681 0.9616 0.9815 0.9082 0.7788 0.7823
