1.3070 1.1635 1.0937 1.0881 1.0176 0.9590 1.0883 0.8825 1.1242 1.1476 0.8853 0.8408 0.9320 0.7886 0.8073 0.8664
1.0000 1.0709 1.2102 1.2758 1.1623 1.0260 1.0658 0.9843 0.8845 0.9613 0.9003 0.8624 0.8677 0.9199 0.8209 1.0000
1.0716 0.9401 0.9157 1.2975 0.8859 0.9720 1.0000 0.9335 0.9732 1.0420 1.0139 0.9536 1.0543 1.0476 1.0701 1.1310
1.2436 1.1598 1.1001 1.1401 1.0044 1.0573 1.0779 0.9308 0.9989 0.9253 0.9252 0.9538 0.8545 0.9351 0.8213 0.9598
1.3595 1.0111 0.9675 1.0347 0.9341 0.9172 0.9974 0.9291 0.8877 0.9610 0.9957 1.1084 0.9062 1.1012 1.0926 1.3390
1.1548 1.0980 0.9936 1.0914 0.9625 1.0769 1.0557 0.9748 0.8567 1.0409 0.9338 0.9106 0.8964 0.8981 1.0185 1.0184
1.2269 1.0961 1.0738 1.0105 0.9605 0.9492 1.0118 0.9657 0.8908 1.0539 0.9698 0.8441 0.9635 1.0502 1.0000 1.0307
1.2829 1.2257 1.0567 1.0864 1.0955 1.0771 1.0902 1.0302 1.1241 0.9042 0.9143 0.8458 0.8134 0.7774 0.8054 0.8680
0.6816 0.7095 0.9022 0.7741 0.9229 0.9774 0.8507 1.0520 1.0576 0.9273 1.0842 0.9952 1.2180 0.9640 1.2388 1.1523
1.0622 0.9599 0.9198 1.1001 0.9760 0.9693 0.9438 1.0801 0.8976 0.9342 0.9458 0.9149 1.0527 1.0097 1.1216 1.1978
0.6504 0.7368 0.8729 0.8253 0.9303 0.9967 0.9356 1.0466 1.0251 0.9808 1.0650 0.9327 1.1578 1.1172 0.9795 1.1940
1.2391 1.1173 1.1270 1.1570 1.0895 1.0797 1.1285 0.9854 1.0107 0.8803 0.8539 0.9152 0.8751 0.8367 0.8990 0.7928
0.9970 0.8684 0.8597 0.9588 0.8989 0.8685 0.7960 1.1537 0.9368 1.0587 1.1728 0.9479 1.0610 1.1786 1.1167 1.4600
1.1099 1.0398 1.0895 0.9076 0.8721 0.9585 0.9777 1.0573 0.9572 0.9387 0.9688 0.9193 1.0424 0.9505 1.0728 1.0978
1.2342 1.1446 0.9735 0.9521 1.0337 1.0625 1.0151 1.0792 1.0075 0.8778 0.9500 0.9700 0.9609 0.7575 0.7568 0.8548
0.9587 0.9716 1.0238 0.9026 0.9354 1.0292 0.9854 1.0060 1.0000 0.9135 0.9865 1.0180 1.0000 1.0600 1.0802 1.2585
0.9593 0.9466 0.9462 1.0000 0.9620 0.9462 1.0472 0.9920 0.9873 1.0248 1.0654 1.0228 1.0318 1.0748 1.2442 1.3320
1.4080 1.3562 1.0174 1.2569 0.9514 1.0017 1.1494 0.9546 0.8915 1.0000 1.0000 0.9225 1.0000 0.8535 0.9194 0.9496
1.4519 1.0452 1.2154 0.9597 0.8211 1.1392 1.0285 0.9939 1.0759 0.9810 0.8852 0.9997 0.8900 0.8577 0.9434 1.1085
1.1176 1.1528 1.1540 1.1848 0.9846 1.0314 0.9436 0.9496 1.0056 1.0563 0.9282 0.8285 0.8161 0.7567 0.5398 0.5109
1.4049 1.0068 1.0000 0.9797 1.1547 1.1032 0.8978 1.0055 0.9722 0.9073 0.9401 1.0798 0.8606 1.0614 1.0175 0.9848
0.6370 0.7107 0.9869 0.9669 1.0312 1.0305 0.9976 0.9882 0.9428 1.0611 0.9650 1.0522 1.0785 0.9399 0.9550 1.2705
1.0443 0.8548 0.9075 0.9334 0.8456 0.9045 0.8805 0.9418 1.0000 1.1462 0.9346 0.9623 1.1404 1.2634 1.2686 1.3763
1.0198 1.0380 0.8418 0.9998 0.8660 0.9650 0.8994 0.9637 1.1184 0.9090 1.0513 1.0773 1.0096 1.0531 0.5458 1.1246
1.3397 1.0893 1.0078 1.0676 1.0368 1.0303 1.0957 0.9945 1.0272 0.8666 1.0248 0.9000 1.0263 0.8929 0.8948 0.9850
