1.3554 1.1856 1.0417 1.0885 0.9779 0.9378 1.0722 0.8898 1.1003 1.1425 0.8453 0.8509 0.9354 0.8309 0.7940 0.9358
1.0000 1.0831 1.3019 1.2638 1.1403 0.9934 1.1107 0.9767 0.8799 0.9085 0.8710 0.8519 0.8701 0.8905 0.8280 1.0000
1.0210 0.8810 0.9088 1.1472 0.8461 0.9602 1.0000 0.9629 0.9831 1.0503 0.9575 0.9613 1.0276 1.1765 1.0738 1.2816
1.3321 1.2267 1.1755 1.1297 1.0233 1.0686 1.0894 0.9045 0.9668 0.8694 0.8859 0.9371 0.8031 0.9218 0.7740 0.9785
1.2251 0.9549 0.9090 1.0525 0.9792 1.0035 0.9856 0.9190 1.0150 1.0743 1.0413 1.0601 0.8704 1.0652 1.0195 1.2737
1.2406 1.0842 1.0156 1.1347 0.9825 1.0726 1.0371 0.9611 0.9332 1.0203 1.0104 0.8620 0.8672 0.8199 0.9928 0.9449
1.1895 1.1031 1.0586 0.9988 0.9498 0.9539 1.0282 0.9633 0.8784 1.0541 0.9708 0.8505 0.9800 1.0220 1.0000 1.0632
1.3944 1.2524 1.1683 1.1188 1.1523 1.1100 1.0590 0.9945 1.0445 0.8858 0.8837 0.7932 0.7904 0.7574 0.7478 0.7979
0.6491 0.7105 0.8779 0.7374 0.9309 0.9627 0.8304 1.0309 1.0315 0.9058 1.0421 0.9879 1.1971 0.9995 1.2087 1.2074
1.1473 0.9896 0.9952 1.1068 1.0013 0.9796 0.9488 1.1877 0.8931 0.8778 0.9447 0.9016 0.9854 0.9770 1.0580 1.0432
0.7132 0.7559 0.9238 0.8375 0.9895 0.9820 0.9145 1.0245 0.9688 0.9639 1.1056 0.9309 1.1808 1.1064 0.9532 1.2886
1.2755 1.1434 1.1840 1.2243 1.0922 1.1103 1.1410 0.9711 0.9864 0.8816 0.8466 0.8864 0.8478 0.7867 0.8211 0.7769
0.9973 0.8301 0.8085 0.9114 0.8593 0.9356 0.8352 1.0516 0.9660 1.1234 1.1833 1.0119 1.1226 1.1979 1.1548 1.4926
1.2359 1.0876 1.1312 1.0455 0.8562 0.9936 1.0324 1.0288 0.9540 0.8776 0.9545 0.8731 0.9783 0.8625 1.0032 1.0549
1.1741 1.1635 0.9232 0.9159 1.0418 1.0496 0.9853 1.0710 0.9955 0.9436 0.9547 0.9798 0.9678 0.8012 0.7754 0.9630
1.0412 0.9114 1.0485 0.9056 1.0022 1.0636 0.9725 0.9988 1.0000 0.9158 0.9531 1.1154 1.0000 0.9972 0.9889 1.1292
0.9126 0.9205 0.9290 1.0000 0.9886 0.9469 1.0115 1.0862 1.0026 1.0134 1.0469 1.0039 1.0538 1.0929 1.2411 1.2494
1.4702 1.3714 1.0388 1.2897 0.9711 0.9846 1.1243 0.9599 0.9087 1.0000 1.0000 0.8797 1.0000 0.8500 0.8934 0.9049
1.5233 1.0330 1.1519 0.9095 0.7901 1.1236 1.0181 0.9692 1.0567 1.0339 0.9001 1.0145 0.8982 0.8925 0.9983 1.1685
1.1617 1.1211 1.1697 1.1982 0.9974 1.0388 0.9450 0.9181 0.9935 1.0473 0.9038 0.8000 0.8265 0.7613 0.5191 0.5156
1.2669 0.9341 1.0000 0.9511 1.2101 1.0167 0.9435 1.0201 0.9744 1.0067 0.9214 1.0424 0.8875 1.0653 0.9750 1.0805
0.7236 0.7281 0.9701 1.0060 1.0929 1.0263 0.9896 0.9740 0.9435 1.0635 0.9782 0.9751 1.0146 0.9801 0.9906 1.1622
1.0333 0.8848 0.9241 0.9988 0.8608 0.9383 0.8711 0.9155 1.0000 1.1531 0.9481 0.9530 1.1715 1.2758 1.3575 1.7386
1.0358 1.0848 0.9058 1.0502 0.9103 0.9882 0.9608 1.0092 1.1020 0.8931 1.0025 1.0354 0.9331 1.0193 0.5458 1.0471
1.0878 0.9656 0.8820 0.9350 0.9509 0.9691 1.0206 0.9903 0.9774 0.8883 1.0459 0.9772 1.1000 0.9930 1.0706 1.1916
