0.7268 0.7853 0.8566 0.8733 1.0498 1.0963 1.0583 1.1840 1.1739 1.1853 1.0301 1.0273 1.0299 1.0077 0.8472 0.8459
0.8311 0.8505 0.9424 1.0158 1.0877 1.2295 1.2056 0.9874 1.0537 0.9796 1.1169 1.0209 0.9269 0.8470 0.9839 0.7647
0.6454 0.6973 0.9127 0.9094 0.9565 1.0600 1.1480 1.0810 1.0920 1.2496 1.0237 0.9450 0.8824 0.9199 0.8938 0.7293
0.6599 0.7362 0.8390 0.9663 0.9671 1.0861 1.1175 1.0362 0.9990 1.1682 1.1386 0.9700 1.0592 0.8781 0.9150 0.7502
0.7245 0.7914 0.8193 0.8982 1.0000 1.0480 1.0755 1.0136 1.1775 1.2179 1.0698 1.0291 0.9894 1.0460 0.9209 0.8091
0.8182 0.8424 0.8717 0.9290 1.1250 1.0854 1.1749 1.1431 1.1960 1.1395 1.0427 1.0407 0.9737 0.9296 0.8489 0.8439
0.7629 0.7932 0.8572 0.9392 1.0273 1.0428 1.1695 1.1664 1.1156 1.0914 1.1010 1.0408 0.9745 0.9120 0.8264 0.9312
0.8827 0.7955 0.8574 0.9516 1.0000 1.1194 1.2125 1.1427 1.1023 1.0598 1.1479 1.0734 1.0160 0.9091 0.8343 0.8895
0.8256 0.8762 0.8476 0.8803 1.0258 1.0273 1.1318 1.0256 1.1000 1.1240 1.0359 1.1080 0.9703 1.0259 0.8828 0.8460
0.6808 0.7144 0.8470 0.9607 0.9511 1.0474 1.0567 1.1161 1.0533 1.0523 1.2007 0.9961 0.9170 0.9850 0.9821 0.9632
0.7257 0.6410 0.7306 0.7778 0.9533 1.0564 1.1392 1.0522 1.0289 1.0522 1.0193 0.9549 1.0131 0.9804 0.8509 0.9733
0.7428 0.8124 0.8892 0.9596 1.1443 1.1374 1.1216 0.8824 1.0588 1.2124 1.1028 0.9801 0.9563 1.0000 1.0000 0.7206
0.9587 0.8903 0.8988 1.0204 1.1410 1.1114 1.1815 1.0482 1.1386 1.0553 1.0430 1.0201 0.9724 0.8470 0.8161 0.9195
0.9001 0.8668 0.9734 0.9959 1.0032 1.1156 1.1787 1.1530 1.1328 1.0638 1.1624 0.9424 0.9370 1.0000 0.8156 0.7754
0.6809 0.7391 0.8793 0.8923 0.9943 1.1608 1.0626 1.0621 1.0843 1.0763 1.1217 1.1615 0.9928 0.8664 0.8572 0.7738
0.6761 0.7969 0.9208 0.9727 1.0140 1.0479 1.0832 1.0493 1.0803 1.0188 1.0229 1.0577 0.9895 0.9747 0.9234 0.8501
0.8560 0.7942 0.8736 0.8957 1.0451 1.1669 1.0155 1.1677 1.1524 1.1788 1.0686 1.0327 1.0604 0.9255 0.8704 0.8797
0.7199 0.7486 0.7887 0.7997 1.0062 1.0081 1.1113 1.0155 1.0053 1.1248 1.0675 1.0352 1.0037 1.0046 0.8771 0.8635
0.7077 1.0000 0.8890 0.9152 1.0001 1.1278 1.1465 1.0983 1.0839 1.1648 1.0953 0.9126 0.9552 0.8896 0.8548 0.8697
0.8301 0.8344 0.9235 0.8497 1.0410 1.1477 0.9992 1.0835 1.0738 1.1768 1.0555 1.1402 1.0000 0.9871 0.9410 0.9125
0.8519 0.8780 0.8727 0.9660 0.9707 1.1209 1.0916 1.0593 1.0435 0.9788 1.0602 1.1165 1.0151 0.9869 0.9927 0.9303
0.6140 0.7655 0.8941 0.9686 1.0000 1.0782 1.0492 1.0838 1.0403 1.1025 1.0584 1.0296 0.9741 0.9179 1.0000 0.7980
0.8624 0.7922 0.9342 0.9296 1.0799 1.1645 1.2105 0.9837 1.0821 1.1498 1.1501 1.0082 1.0295 0.9373 0.8795 0.8148
0.7492 0.7861 0.8696 0.9384 1.2093 1.0000 1.0961 1.2166 1.1007 1.0707 1.2565 0.9573 0.9438 0.9215 0.9392 0.9486
0.8420 0.9321 0.8866 0.9709 1.0811 1.1222 1.1636 1.1817 1.1757 1.1946 1.0902 0.9772 0.9562 0.8855 0.7914 0.7268
