1.3317 1.1771 1.0439 1.0836 0.9894 0.9747 1.0658 0.8987 1.1151 1.1285 0.8586 0.8346 0.9409 0.8263 0.7999 0.9306
1.0000 1.0384 1.3041 1.2815 1.1486 1.0060 1.0817 0.9700 0.8941 0.9153 0.8913 0.8619 0.8630 0.9121 0.8428 1.0000
1.0303 0.9113 0.9371 1.2081 0.8551 0.9578 1.0000 0.9365 0.9604 1.0266 0.9708 0.9319 1.0450 1.1489 1.0732 1.2670
1.2869 1.2026 1.1678 1.1398 1.0182 1.0714 1.1063 0.8921 0.9707 0.8865 0.8908 0.9442 0.8089 0.9416 0.7919 0.9681
1.2478 0.9890 0.9059 1.0338 0.9192 0.9857 0.9804 0.9080 0.9438 1.0535 0.9996 1.0761 0.8983 1.1134 1.0735 1.3447
1.2060 1.1069 1.0032 1.1261 0.9696 1.0740 1.0791 0.9531 0.9047 1.0111 0.9738 0.8786 0.8897 0.8514 1.0063 0.9673
1.1881 1.0808 1.0422 0.9996 0.9484 0.9616 1.0163 0.9848 0.8995 1.0330 0.9669 0.8405 0.9546 1.1017 1.0000 1.0432
1.3697 1.2470 1.1564 1.1179 1.1164 1.0994 1.0629 1.0179 1.0942 0.8976 0.8770 0.8130 0.7887 0.7547 0.7680 0.8098
0.6687 0.7167 0.8914 0.7520 0.9548 0.9532 0.8383 1.0372 1.0452 0.9038 1.0581 0.9883 1.2153 1.0213 1.2217 1.2451
1.1427 0.9736 0.9701 1.0788 0.9859 0.9591 0.9367 1.1603 0.8688 0.8901 0.9275 0.9013 1.0208 1.0057 1.1018 1.1103
0.6649 0.7294 0.8838 0.8095 0.9331 0.9751 0.8925 1.0382 1.0226 0.9729 1.0686 0.9163 1.2636 1.0993 0.9464 1.2534
1.2801 1.1533 1.1716 1.1746 1.0894 1.0998 1.1046 0.9644 0.9836 0.8856 0.8529 0.9064 0.8608 0.8224 0.8509 0.8094
1.0256 0.8654 0.8228 0.9083 0.8626 0.8928 0.8000 1.0602 0.9372 1.1083 1.1613 1.0126 1.1022 1.1757 1.1339 1.5059
1.2128 1.0627 1.1031 1.0055 0.8513 1.0030 1.0165 1.0275 0.9431 0.8993 0.9456 0.8808 0.9910 0.9036 1.0396 1.0724
1.1876 1.1586 0.9346 0.9189 1.0446 1.0521 0.9972 1.0640 0.9981 0.9146 0.9787 0.9621 0.9716 0.7942 0.7787 0.9195
1.0162 0.9681 1.0731 0.9026 0.9709 1.0646 0.9717 0.9763 1.0000 0.9121 0.9285 1.0769 1.0000 1.0135 1.0214 1.1427
0.9568 0.9259 0.9137 1.0000 0.9747 0.9204 1.0313 1.0808 1.0019 1.0116 1.0461 0.9784 1.0546 1.1111 1.2684 1.2950
1.4370 1.3340 1.0450 1.2406 0.9802 1.0118 1.1123 0.9647 0.8963 1.0000 1.0000 0.9030 1.0000 0.8439 0.9209 0.9218
1.4966 0.9976 1.2519 0.9156 0.7883 1.0967 0.9952 0.9737 1.0468 1.0323 0.9019 1.0010 0.8992 0.9015 0.9947 1.1625
1.1785 1.1090 1.1657 1.2325 0.9939 1.0478 0.9606 0.9265 1.0080 1.0815 0.8918 0.7922 0.8012 0.7434 0.5240 0.5128
1.2893 0.9554 1.0000 0.9309 1.1184 1.0816 0.9235 1.0176 0.9854 1.0344 0.9171 1.0411 0.8956 1.0714 0.9886 1.0621
0.6913 0.7336 0.9813 0.9755 1.0932 1.0062 1.0123 0.9500 0.9455 1.0767 0.9559 0.9906 1.0417 0.9738 1.0058 1.2167
1.0167 0.8566 0.9090 0.9626 0.8320 0.9316 0.8702 0.9089 1.0000 1.1529 0.9512 0.9351 1.1527 1.2382 1.3337 1.6297
1.0348 1.0562 0.8907 1.0432 0.8755 0.9859 0.9344 1.0074 1.1109 0.9074 0.9990 1.0449 0.9419 1.0494 0.5458 1.0814
1.2244 1.0333 0.9435 1.0031 1.0011 1.0174 1.0357 1.0029 1.0123 0.8881 1.0384 0.9473 1.0458 0.9387 0.9719 1.0667
