0.7293 0.7713 0.8596 0.8935 1.0323 1.0880 1.0504 1.1760 1.1689 1.1802 1.0270 1.0138 1.0492 1.0130 0.8596 0.8611
0.8313 0.8581 0.9464 1.0424 1.0774 1.2428 1.2216 0.9785 1.0325 0.9644 1.1106 0.9951 0.9303 0.8627 0.9805 0.7600
0.6378 0.7060 0.9036 0.9238 0.9598 1.0845 1.1566 1.0747 1.0794 1.2391 1.0220 0.9539 0.8997 0.9061 0.8759 0.7192
0.6489 0.7379 0.8447 0.9593 0.9726 1.0698 1.1154 1.0503 1.0116 1.1614 1.1287 0.9690 1.0275 0.8781 0.9180 0.7664
0.7013 0.7747 0.8099 0.9100 1.0000 0.9905 1.0738 1.0477 1.1747 1.2379 1.0585 1.0378 0.9744 1.0457 0.9276 0.8348
0.8250 0.8414 0.8627 0.9591 1.1448 1.0818 1.1777 1.1225 1.1862 1.1130 1.0659 1.0049 0.9753 0.9302 0.8603 0.8450
0.7653 0.8111 0.8577 0.9310 1.0343 1.0408 1.1704 1.1695 1.1086 1.0862 1.0918 1.0260 0.9790 0.9242 0.8250 0.9449
0.8733 0.7962 0.8554 0.9293 1.0000 1.1047 1.2188 1.1302 1.0993 1.0851 1.1559 1.0759 1.0215 0.9355 0.8321 0.8979
0.8159 0.8752 0.8639 0.8595 1.0228 1.0158 1.1227 1.0439 1.0970 1.1165 1.0487 1.0996 0.9702 1.0321 0.8875 0.8575
0.6951 0.7461 0.8607 0.9727 0.9814 1.0222 1.0614 1.1111 1.0037 1.0897 1.1985 0.9719 0.9189 0.9938 0.9837 0.9865
0.7161 0.6548 0.7382 0.7980 0.9660 1.0552 1.1249 1.0620 1.0324 1.0747 1.0345 0.9553 1.0031 0.9700 0.8439 0.9644
0.7302 0.8194 0.9089 0.9699 1.1459 1.1514 1.1230 0.8944 1.0369 1.2203 1.0873 0.9555 0.9529 1.0000 1.0000 0.6908
0.9458 0.8949 0.9113 1.0269 1.1305 1.1215 1.1842 1.0275 1.1204 1.0667 1.0656 0.9992 0.9906 0.8392 0.8331 0.9401
0.9014 0.8944 0.9626 1.0034 0.9958 1.0979 1.1624 1.1536 1.1020 1.0637 1.1671 0.9374 0.9463 1.0000 0.8120 0.7889
0.7013 0.7304 0.8448 0.9223 0.9919 1.1486 1.0623 1.0660 1.0635 1.0722 1.1200 1.1112 1.0103 0.8739 0.8750 0.8301
0.6779 0.8032 0.9197 0.9750 0.9936 1.0352 1.1047 1.0471 1.0835 1.0072 1.0158 1.0451 0.9833 0.9831 0.9336 0.8662
0.8572 0.7971 0.8746 0.9031 1.0586 1.1694 1.0007 1.1789 1.1442 1.1762 1.0463 1.0317 1.0895 0.9199 0.8750 0.8838
0.7024 0.7454 0.7807 0.8109 1.0062 0.9976 1.1231 1.0008 1.0037 1.1143 1.0664 1.0368 1.0028 1.0112 0.8746 0.8788
0.6881 1.0000 0.8868 0.9083 0.9731 1.1232 1.1429 1.0752 1.0892 1.1746 1.0824 0.9319 0.9774 0.8882 0.8689 0.8781
0.8231 0.8168 0.9050 0.8473 1.0213 1.1489 1.0259 1.0770 1.0756 1.1888 1.0659 1.1143 1.0000 0.9962 0.9700 0.9407
0.8435 0.8918 0.8995 0.9782 0.9600 1.1187 1.0868 1.0573 1.0533 0.9817 1.0637 1.1071 1.0079 0.9649 0.9887 0.9247
0.6311 0.7670 0.8945 0.9694 1.0000 1.0733 1.0633 1.0779 1.0534 1.1045 1.0350 1.0425 0.9750 0.8988 1.0000 0.8062
0.8742 0.7990 0.9434 0.9386 1.0669 1.1591 1.1950 0.9833 1.0828 1.1275 1.1608 1.0191 1.0354 0.9392 0.8937 0.8064
0.7465 0.7913 0.8558 0.9473 1.2212 1.0000 1.0930 1.1840 1.0964 1.0757 1.2390 0.9543 0.9453 0.9481 0.9592 0.9502
0.8349 0.9212 0.8867 0.9667 1.0971 1.1001 1.1875 1.1668 1.1827 1.1894 1.0978 0.9482 0.9590 0.9129 0.7843 0.7593
