# Tort parameters for EXES in high-low configuration
#   note: dates are in yy.mmdd format 
#   and mark the endpoint of applicability
#
# date   hrfl0      xdfl0  slitrot  krot  brl   x0brl y0brl hrr      detrot
16.0101  101.00     85.0   -0.220  -0.03  0.00  0.00  0.00  9.8      0.10
18.1201  100.7455   85.0   -0.160  -0.03  0.00  0.00  0.00  9.95     0.095
19.0601  101.50     85.0   -0.150  -0.03  0.00  0.00  0.00  9.82     0.095
20.0301  100.7455   85.0   -0.150  -0.03  0.00  0.00  0.00  10.0     0.095
21.0701  100.00     85.0   -0.140  -0.03  0.00  0.00  0.00  10.08    0.095
21.1205  100.00     85.0   -0.170  -0.03  0.00  0.00  0.00  10.0525  0.095
22.0331  100.00     85.0   -0.160  -0.03  0.00  0.00  0.00  10.0525  0.095
22.0510  100.00     85.0   -0.170  -0.03  0.00  0.00  0.00  10.0525  0.095
9999     101.00     85.0   -0.220  -0.03  0.00  0.00  0.00  9.8      0.10
