0.7174 0.7791 0.8640 0.8997 1.0161 1.0909 1.0283 1.1701 1.1709 1.1769 1.0211 1.0180 1.0349 1.0155 0.8519 0.8746
0.8274 0.8429 0.9525 1.0369 1.0946 1.2418 1.2126 0.9595 1.0290 0.9559 1.1090 0.9935 0.9307 0.8550 0.9972 0.7650
0.6466 0.7040 0.9057 0.9198 0.9446 1.0856 1.1311 1.0735 1.0857 1.2436 1.0080 0.9703 0.9012 0.9084 0.8998 0.7289
0.6492 0.7297 0.8374 0.9589 0.9784 1.0725 1.1130 1.0536 0.9946 1.1695 1.1207 0.9789 1.0494 0.8740 0.9239 0.7535
0.7054 0.7643 0.7920 0.8899 1.0000 1.0017 1.0765 1.0514 1.1948 1.2317 1.0617 1.0544 0.9617 1.0286 0.9414 0.8605
0.8138 0.8450 0.8606 0.9484 1.1277 1.0799 1.1796 1.1330 1.1769 1.1097 1.0716 1.0301 0.9770 0.9318 0.8596 0.8526
0.7430 0.8050 0.8462 0.9266 1.0251 1.0402 1.1813 1.1487 1.1067 1.0993 1.0996 1.0409 0.9779 0.9231 0.8332 0.9445
0.8637 0.8058 0.8527 0.9280 1.0000 1.0910 1.1975 1.1289 1.1031 1.0751 1.1405 1.0856 1.0280 0.9348 0.8470 0.9189
0.7963 0.8590 0.8534 0.8665 1.0138 1.0231 1.1295 1.0398 1.0960 1.1256 1.0514 1.1021 0.9802 1.0369 0.8960 0.8394
0.6822 0.7472 0.8255 0.9547 0.9795 1.0212 1.0516 1.1215 0.9848 1.0604 1.1984 0.9721 0.9173 0.9817 1.0002 1.0002
0.7242 0.6554 0.7319 0.7923 0.9548 1.0382 1.1375 1.0365 1.0374 1.0712 1.0261 0.9655 1.0118 0.9717 0.8719 0.9447
0.7303 0.8220 0.9171 0.9892 1.1583 1.1521 1.1274 0.8776 1.0463 1.2320 1.0882 0.9693 0.9546 1.0000 1.0000 0.7171
0.9161 0.8757 0.8929 1.0209 1.1411 1.1256 1.1723 1.0358 1.1211 1.0699 1.0722 1.0160 0.9920 0.8301 0.8378 0.9533
0.8971 0.8993 0.9585 1.0002 0.9926 1.0960 1.1752 1.1430 1.1176 1.0655 1.1502 0.9430 0.9308 1.0000 0.8349 0.7949
0.6785 0.7207 0.8355 0.9070 0.9825 1.1548 1.0815 1.0704 1.0734 1.0890 1.1106 1.1240 1.0098 0.8653 0.8861 0.7920
0.6697 0.8030 0.9175 0.9872 0.9730 1.0386 1.0980 1.0404 1.0943 1.0235 1.0100 1.0613 0.9913 0.9694 0.9308 0.8701
0.8699 0.7826 0.8475 0.8865 1.0402 1.1715 0.9854 1.1787 1.1384 1.1774 1.0592 1.0236 1.1006 0.9323 0.8969 0.9110
0.6924 0.7549 0.7808 0.8055 1.0044 1.0124 1.1149 1.0019 1.0122 1.1176 1.0907 1.0648 1.0248 1.0293 0.8830 0.8913
0.6814 1.0000 0.8997 0.9194 0.9563 1.1366 1.1407 1.0627 1.0759 1.1746 1.0860 0.9103 0.9877 0.8995 0.8674 0.8894
0.8311 0.8130 0.8929 0.8288 1.0188 1.1492 1.0142 1.0705 1.0890 1.1978 1.0674 1.1174 1.0000 0.9823 0.9615 0.9152
0.8570 0.8817 0.8907 0.9715 0.9514 1.0894 1.0779 1.0552 1.0594 0.9773 1.0607 1.1075 1.0048 0.9597 0.9950 0.9554
0.6465 0.7748 0.9009 0.9663 1.0000 1.0601 1.0638 1.0742 1.0432 1.1091 1.0331 1.0593 0.9889 0.9016 1.0000 0.8019
0.8673 0.7842 0.9397 0.9388 1.0777 1.1497 1.1804 0.9697 1.0756 1.1255 1.1587 1.0090 1.0338 0.9305 0.8958 0.8288
0.7570 0.7830 0.8643 0.9321 1.2012 1.0000 1.0915 1.1997 1.1099 1.0835 1.2310 0.9422 0.9447 0.9346 0.9638 0.9616
0.8401 0.9213 0.8739 0.9762 1.0856 1.1005 1.1840 1.1819 1.2004 1.1878 1.1024 0.9776 0.9571 0.8919 0.7667 0.7444
