1.3311 1.1848 1.0472 1.0976 0.9786 0.9403 1.0615 0.8755 1.0898 1.1462 0.8609 0.8509 0.9463 0.8515 0.7959 0.9376
1.0000 1.0835 1.3094 1.2686 1.1481 0.9863 1.1002 0.9552 0.8881 0.9019 0.8804 0.8681 0.8711 0.9004 0.8269 1.0000
1.0238 0.9055 0.9122 1.1526 0.8536 0.9686 1.0000 0.9752 0.9823 1.0560 0.9619 0.9418 1.0266 1.1765 1.0618 1.2666
1.3268 1.2128 1.1705 1.1379 1.0278 1.0646 1.0892 0.9072 0.9625 0.8736 0.8875 0.9468 0.7990 0.9261 0.7766 0.9727
1.2685 0.9978 0.9176 1.0573 0.9709 1.0147 0.9812 0.8990 1.0072 1.0590 0.9948 1.0884 0.8598 1.0785 1.0429 1.2796
1.2376 1.0813 1.0068 1.1322 0.9934 1.0639 1.0534 0.9727 0.9248 0.9956 1.0110 0.8584 0.8764 0.8361 1.0031 0.9414
1.1633 1.0949 1.0287 0.9989 0.9548 0.9418 1.0306 0.9761 0.9013 1.0533 0.9723 0.8543 0.9813 1.0327 1.0000 1.0431
1.3647 1.2302 1.1368 1.1070 1.1406 1.0940 1.0715 1.0194 1.0934 0.8966 0.9000 0.8299 0.8008 0.7668 0.7430 0.8017
0.6484 0.7043 0.8672 0.7393 0.9355 0.9521 0.8322 1.0242 1.0302 0.8971 1.0516 0.9844 1.2141 1.0082 1.1901 1.2128
1.1668 1.0102 0.9926 1.1137 1.0038 0.9605 0.9436 1.1843 0.8851 0.8715 0.9344 0.8960 0.9817 0.9794 1.0556 1.0476
0.7045 0.7305 0.8903 0.8102 0.9693 0.9671 0.9081 1.0324 0.9879 0.9512 1.1028 0.9335 1.2041 1.1252 0.9534 1.3309
1.2537 1.1398 1.2032 1.2141 1.0874 1.1133 1.1385 0.9783 1.0000 0.8899 0.8554 0.8839 0.8487 0.7832 0.8272 0.7859
0.9915 0.8390 0.8085 0.9034 0.8643 0.9059 0.8501 1.0579 0.9571 1.1234 1.1799 1.0251 1.0991 1.2011 1.1432 1.5595
1.2417 1.0957 1.1450 1.0633 0.8700 1.0047 1.0360 1.0128 0.9577 0.8633 0.9360 0.8746 0.9773 0.8641 0.9987 1.0468
1.1660 1.1664 0.9319 0.9234 1.0392 1.0550 0.9862 1.0616 1.0091 0.9226 0.9715 0.9810 0.9710 0.8071 0.7827 0.9518
1.0435 0.9315 1.0365 0.9105 1.0030 1.0561 0.9709 1.0060 1.0000 0.9132 0.9445 1.1246 1.0000 0.9897 0.9764 1.1246
0.9202 0.9227 0.8932 1.0000 0.9719 0.9315 1.0163 1.1037 1.0105 1.0382 1.0739 0.9953 1.0273 1.0791 1.2385 1.2249
1.4667 1.3454 1.0316 1.2627 0.9993 0.9916 1.1191 0.9621 0.9083 1.0000 1.0000 0.8901 1.0000 0.8373 0.8879 0.8940
1.4903 1.0221 1.1389 0.9076 0.7739 1.1170 1.0127 0.9838 1.0805 1.0421 0.9191 1.0177 0.9029 0.8895 0.9963 1.1632
1.1496 1.1047 1.1628 1.2087 0.9917 1.0385 0.9579 0.9222 1.0024 1.0409 0.9063 0.8122 0.8279 0.7767 0.5212 0.5201
1.2095 0.9337 1.0000 0.9049 1.1274 1.0670 0.9321 1.0352 0.9981 1.0571 0.9343 1.0792 0.9222 1.0549 0.9683 1.0732
0.7747 0.7543 0.9970 0.9955 1.0893 1.0016 0.9973 0.9504 0.9265 1.0873 0.9698 0.9878 1.0183 0.9887 0.9728 1.2086
1.0405 0.8893 0.9237 0.9866 0.8495 0.9159 0.8652 0.9268 1.0000 1.1175 0.9606 0.9510 1.1704 1.2836 1.3594 1.7052
1.0427 1.0951 0.8911 1.0422 0.8948 0.9826 0.9489 1.0094 1.1093 0.8932 0.9898 1.0280 0.9321 1.0396 0.5458 1.0468
1.1358 0.9748 0.8890 0.9295 0.9459 0.9928 1.0341 0.9948 0.9837 0.8848 1.0303 0.9681 1.0977 0.9675 1.0225 1.1735
