0.8345 0.9227 0.9218 0.9373 1.0478 1.1053 1.0715 1.1712 1.0563 1.1684 0.9873 1.0005 1.0556 1.0642 0.8304 0.8276
0.8859 0.9307 1.0273 1.0968 1.1528 1.2580 1.2049 0.8897 0.9185 0.8707 1.1053 0.9641 0.9674 0.8368 1.0309 0.7880
0.6947 0.7901 0.9862 0.9815 1.0087 1.1489 1.0294 1.0997 1.0286 1.2881 0.9744 0.8468 0.9314 0.9288 1.0277 0.6444
0.6720 0.8084 0.9113 1.0115 1.0377 1.1014 1.1737 1.0845 0.9282 1.0871 1.1488 0.9344 0.9971 0.8588 0.9232 0.6370
0.7722 0.8390 0.8732 0.9065 1.0000 1.0669 1.1105 1.0457 1.1541 1.2147 1.0104 0.9652 0.9713 1.0766 1.0446 0.8821
0.8617 0.9292 0.9243 1.0039 1.1500 1.1191 1.1989 0.9547 1.1727 1.1191 1.0445 1.0208 0.9677 0.9033 0.8210 0.8141
0.7302 0.8697 0.9613 0.9541 1.0950 0.9426 1.2276 1.2142 1.0714 0.9963 1.0622 0.9987 0.9886 0.9219 0.8456 0.8504
0.9553 0.8547 0.9084 0.9956 1.0000 1.1107 1.2078 1.0437 1.1014 1.0814 1.0555 1.1301 1.0403 0.8811 0.8305 0.8108
0.8506 0.9358 0.8773 0.9086 1.0558 1.0515 1.1412 1.0122 1.1018 1.0929 1.0397 1.0190 1.0419 1.0169 0.8599 0.7563
0.7636 0.8081 0.9085 1.0289 1.0343 1.0724 1.0772 1.1400 0.9707 1.0238 1.1496 0.8044 0.8354 1.0157 1.0627 1.0551
0.8201 0.7385 0.8494 0.8522 1.0491 1.1659 1.2174 1.0511 1.0265 1.1165 0.9907 1.0058 1.0546 1.0055 0.8818 0.8418
0.8160 0.8696 0.8847 1.0684 1.1707 1.1964 1.1888 0.9275 0.9420 1.1793 0.9632 0.8959 0.8981 1.0000 1.0000 0.6120
0.9489 0.9108 0.9254 1.0099 1.1376 1.0689 1.1106 0.8938 1.0690 0.9775 1.0132 0.9864 1.0136 0.8225 0.7693 0.9642
0.9449 0.9455 0.9821 1.0021 0.9487 1.0939 1.1750 1.1119 1.0517 0.9682 1.0867 0.9152 0.9329 1.0000 0.8464 0.7144
0.6675 0.7947 0.8296 0.8780 1.0318 1.2335 1.0619 1.1257 1.0036 1.0524 1.1264 1.1773 1.0224 0.8565 0.9549 0.8261
0.7199 0.8975 0.9813 1.0622 1.0298 1.0220 1.0716 0.9673 1.1197 0.9349 0.9751 1.0326 1.0700 0.9594 0.8832 0.7888
0.9085 0.6825 0.8262 0.8372 1.0640 1.1729 0.9997 1.1763 1.0863 1.1432 1.0369 1.0255 1.1704 0.9444 0.8546 1.0105
0.7113 0.9098 0.8348 0.8287 1.0504 0.9901 1.2340 1.0989 1.0245 1.1697 1.0994 0.9964 0.9292 0.9060 0.9632 0.9342
0.7306 1.0000 0.9521 0.8974 0.9942 1.1309 1.1248 0.9626 1.0868 1.1668 1.1208 0.8657 1.0135 0.8892 0.9174 0.8813
0.8617 0.8497 0.9718 0.8677 1.0937 1.2065 1.0104 1.0932 1.0497 1.1278 1.0125 1.1560 1.0000 0.9254 0.9898 0.8098
0.9400 0.9542 0.9349 0.9467 0.8842 1.1150 1.0405 1.0942 1.0548 0.9590 1.0405 1.1853 0.9860 1.0208 0.9640 0.8017
0.6604 0.8732 0.9758 1.0464 1.0000 1.0647 1.0452 1.0565 0.9839 1.0332 0.9360 1.0620 0.9261 0.8765 1.0000 0.7158
0.8132 0.8269 0.9936 0.9785 1.0423 1.1478 1.1822 0.9117 1.0606 1.1208 1.1438 1.0525 1.0656 0.9543 0.8627 0.8612
0.8514 0.8587 0.9281 0.9842 1.2587 1.0000 1.1021 1.1165 1.0932 1.0330 1.2322 0.8497 0.9370 0.9340 0.9295 0.9004
0.8519 0.9284 0.8564 0.9770 1.1462 1.0955 1.1795 1.1707 1.1440 1.1594 1.0877 0.9248 0.9559 0.8445 0.7310 0.7392
