0.7395 0.7973 0.8601 0.8847 1.0230 1.0779 1.0410 1.1762 1.1505 1.1705 1.0189 1.0028 1.0455 1.0234 0.8640 0.8795
0.8485 0.8434 0.9657 1.0315 1.0944 1.2136 1.2019 0.9653 1.0247 0.9511 1.1065 1.0037 0.9304 0.8583 0.9939 0.7724
0.6560 0.7008 0.9204 0.9178 0.9597 1.0892 1.1198 1.0737 1.0735 1.2223 1.0001 0.9702 0.9004 0.9167 0.9231 0.7282
0.6576 0.7363 0.8526 0.9629 0.9820 1.0919 1.1085 1.0262 0.9789 1.1606 1.1328 0.9641 1.0364 0.8947 0.9369 0.7494
0.7137 0.7682 0.8049 0.8934 1.0000 1.0325 1.0770 1.0620 1.1837 1.2145 1.0285 1.0397 0.9603 1.0476 0.9420 0.8696
0.8320 0.8528 0.8593 0.9402 1.1501 1.0859 1.1792 1.1029 1.1606 1.1152 1.0553 1.0257 0.9784 0.9298 0.8624 0.8658
0.7527 0.8104 0.8632 0.9421 1.0412 1.0405 1.1519 1.1601 1.1060 1.0778 1.0841 1.0476 0.9870 0.9168 0.8336 0.9377
0.8934 0.8170 0.8658 0.9400 1.0000 1.0907 1.1816 1.1129 1.0946 1.0780 1.1441 1.0821 1.0110 0.9190 0.8549 0.9166
0.8153 0.8667 0.8719 0.8697 1.0195 1.0150 1.1232 1.0484 1.0817 1.1163 1.0409 1.0907 0.9904 1.0326 0.9109 0.8404
0.6839 0.7560 0.8643 0.9747 1.0080 1.0220 1.0536 1.1341 0.9909 1.0202 1.1713 0.9566 0.9081 0.9528 0.9957 1.0090
0.7239 0.6566 0.7505 0.7885 0.9642 1.0456 1.1405 1.0340 1.0183 1.0639 1.0096 0.9605 1.0158 0.9844 0.8590 0.9663
0.7553 0.8410 0.9167 0.9746 1.1518 1.1406 1.1408 0.8728 1.0361 1.2362 1.0868 0.9666 0.9435 1.0000 1.0000 0.6937
0.9303 0.8813 0.8978 1.0095 1.1462 1.1182 1.1669 1.0147 1.1209 1.0416 1.0619 1.0305 0.9961 0.8504 0.8387 0.9724
0.9068 0.8942 0.9656 1.0224 0.9951 1.1056 1.1618 1.1195 1.0929 1.0521 1.1496 0.9422 0.9454 1.0000 0.8446 0.8110
0.6685 0.7402 0.8562 0.9014 0.9989 1.1909 1.0780 1.0548 1.0504 1.0520 1.1004 1.1271 0.9971 0.8639 0.8961 0.8308
0.6828 0.7935 0.9081 0.9939 0.9807 1.0374 1.0891 1.0421 1.0852 1.0130 1.0049 1.0709 1.0006 0.9768 0.9306 0.8708
0.8724 0.7707 0.8687 0.8885 1.0317 1.1682 0.9730 1.1749 1.1358 1.1754 1.0508 1.0380 1.1074 0.9354 0.8873 0.9228
0.6932 0.7765 0.7975 0.8238 0.9999 0.9992 1.1203 1.0091 0.9992 1.1247 1.0927 1.0554 1.0097 1.0131 0.8942 0.9062
0.6835 1.0000 0.8909 0.9237 0.9766 1.1271 1.1210 1.0481 1.0657 1.1727 1.0854 0.9217 0.9909 0.8985 0.8800 0.8987
0.8309 0.8169 0.9176 0.8579 1.0250 1.1319 1.0225 1.0549 1.0660 1.1678 1.0439 1.1300 1.0000 0.9830 0.9671 0.9241
0.8754 0.8950 0.8934 0.9577 0.9492 1.0960 1.0439 1.0353 1.0424 0.9609 1.0561 1.1160 1.0070 0.9944 1.0199 0.9553
0.6323 0.7765 0.9112 0.9792 1.0000 1.0720 1.0602 1.0616 1.0309 1.1003 1.0076 1.0627 0.9773 0.9172 1.0000 0.8175
0.8399 0.7825 0.9583 0.9427 1.0657 1.1565 1.1740 0.9465 1.0752 1.1341 1.1486 1.0316 1.0453 0.9332 0.8833 0.8368
0.7629 0.7870 0.8731 0.9502 1.2105 1.0000 1.0857 1.1831 1.0945 1.0566 1.2356 0.9307 0.9408 0.9496 0.9739 0.9608
0.8296 0.9102 0.8892 0.9658 1.0959 1.0992 1.1816 1.1726 1.1747 1.1708 1.0979 0.9730 0.9665 0.9144 0.7867 0.7920
