0.7057 0.7616 0.8599 0.8905 1.0403 1.0958 1.0654 1.1873 1.1730 1.1667 1.0181 1.0230 1.0332 1.0064 0.8609 0.8589
0.8339 0.8465 0.9441 1.0316 1.0885 1.2452 1.2024 0.9873 1.0292 0.9754 1.1091 0.9977 0.9295 0.8593 0.9873 0.7692
0.6457 0.7061 0.9127 0.9066 0.9619 1.0851 1.1579 1.0970 1.0714 1.2208 1.0102 0.9632 0.9080 0.8943 0.8660 0.7455
0.6618 0.7323 0.8436 0.9634 0.9839 1.0828 1.1139 1.0531 1.0114 1.1682 1.1123 0.9608 1.0370 0.8858 0.8998 0.7395
0.7143 0.7780 0.8192 0.9061 1.0000 1.0091 1.0415 1.0294 1.1843 1.2244 1.0651 1.0275 0.9711 1.0295 0.9356 0.8511
0.8229 0.8448 0.8759 0.9497 1.1314 1.0830 1.1815 1.1451 1.1970 1.1219 1.0477 1.0193 0.9751 0.9154 0.8632 0.8344
0.7540 0.7992 0.8511 0.9334 1.0336 1.0487 1.1788 1.1800 1.1109 1.0877 1.1159 1.0430 0.9701 0.9175 0.8189 0.9167
0.8860 0.7994 0.8625 0.9446 1.0000 1.1077 1.2237 1.1235 1.0897 1.0790 1.1569 1.0952 0.9996 0.9130 0.8274 0.8913
0.8187 0.8649 0.8439 0.8761 1.0167 1.0513 1.1161 1.0296 1.0913 1.1297 1.0429 1.1248 0.9711 1.0269 0.8834 0.8479
0.6856 0.7396 0.8467 0.9503 0.9692 1.0286 1.0665 1.1039 1.0315 1.0721 1.1893 0.9852 0.9168 0.9844 0.9704 0.9891
0.7188 0.6631 0.7285 0.8126 0.9478 1.0440 1.1299 1.0546 1.0479 1.0695 1.0224 0.9634 0.9924 0.9683 0.8585 0.9551
0.7414 0.8220 0.9200 0.9637 1.1517 1.1279 1.1311 0.8936 1.0494 1.2083 1.0851 0.9689 0.9435 1.0000 1.0000 0.7042
0.9369 0.8897 0.9120 1.0050 1.1197 1.1167 1.1902 1.0393 1.1295 1.0645 1.0516 1.0156 0.9758 0.8579 0.8358 0.9459
0.9045 0.8841 0.9626 0.9985 1.0048 1.1017 1.1826 1.1463 1.1061 1.0481 1.1630 0.9377 0.9306 1.0000 0.8168 0.8016
0.6962 0.7429 0.8588 0.9295 0.9957 1.1641 1.0755 1.0526 1.0805 1.0603 1.1425 1.1249 0.9846 0.8750 0.8566 0.7863
0.6795 0.7908 0.9150 0.9851 1.0202 1.0601 1.0935 1.0652 1.0827 0.9967 1.0125 1.0833 0.9831 0.9673 0.9020 0.8413
0.8687 0.7836 0.8726 0.8889 1.0326 1.1586 1.0112 1.1830 1.1623 1.1818 1.0546 1.0291 1.0896 0.9245 0.8711 0.8773
0.7125 0.7566 0.7936 0.8144 1.0025 1.0078 1.0964 1.0155 1.0083 1.1010 1.0724 1.0422 1.0046 1.0344 0.8655 0.8556
0.7053 1.0000 0.8862 0.9186 0.9786 1.1525 1.1339 1.0914 1.0702 1.1626 1.1018 0.9186 0.9706 0.8903 0.8635 0.8633
0.8390 0.8266 0.9149 0.8471 1.0333 1.1486 1.0110 1.0662 1.0615 1.1783 1.0521 1.1290 1.0000 0.9902 0.9656 0.9204
0.8598 0.8875 0.8891 0.9811 0.9601 1.0908 1.0840 1.0593 1.0472 1.0007 1.0477 1.1320 0.9980 0.9857 0.9785 0.9207
0.6441 0.7622 0.9056 0.9557 1.0000 1.0878 1.0626 1.0912 1.0515 1.0775 1.0486 1.0355 0.9827 0.9007 1.0000 0.8071
0.8664 0.8053 0.9250 0.9402 1.0729 1.1449 1.1971 0.9887 1.0977 1.1365 1.1443 1.0285 1.0270 0.9522 0.8799 0.8250
0.7395 0.7834 0.8508 0.9496 1.2219 1.0000 1.1034 1.1901 1.1081 1.0706 1.2440 0.9650 0.9415 0.9250 0.9503 0.9374
0.8259 0.9061 0.8910 0.9456 1.0941 1.1181 1.1701 1.1650 1.1943 1.2037 1.1104 0.9888 0.9656 0.8926 0.7732 0.7483
