0.7358 0.7895 0.8508 0.8875 1.0317 1.0897 1.0572 1.1753 1.1438 1.1829 1.0248 0.9969 1.0344 1.0284 0.8529 0.8632
0.8299 0.8444 0.9602 1.0437 1.0899 1.2264 1.2011 0.9687 1.0096 0.9583 1.1061 0.9949 0.9472 0.8580 0.9894 0.7635
0.6550 0.6963 0.9065 0.9201 0.9408 1.0799 1.1208 1.0760 1.0747 1.2433 0.9990 0.9757 0.9025 0.9204 0.9132 0.7261
0.6498 0.7367 0.8537 0.9598 0.9870 1.0726 1.1094 1.0465 0.9791 1.1548 1.1253 0.9643 1.0397 0.8908 0.9350 0.7544
0.7132 0.7657 0.8032 0.9015 1.0000 1.0091 1.0715 1.0544 1.1872 1.2396 1.0430 1.0400 0.9626 1.0391 0.9603 0.8690
0.8300 0.8530 0.8586 0.9459 1.1454 1.0787 1.1685 1.1117 1.1797 1.1268 1.0655 1.0157 0.9786 0.9332 0.8594 0.8569
0.7439 0.8127 0.8533 0.9278 1.0368 1.0378 1.1584 1.1475 1.1097 1.0815 1.0975 1.0529 0.9851 0.9196 0.8339 0.9449
0.8855 0.8032 0.8701 0.9369 1.0000 1.0868 1.1921 1.1024 1.0963 1.0629 1.1435 1.0935 1.0290 0.9294 0.8525 0.9151
0.8132 0.8695 0.8648 0.8536 1.0214 1.0111 1.1322 1.0517 1.0907 1.1114 1.0491 1.0927 0.9778 1.0385 0.9145 0.8405
0.6828 0.7546 0.8471 0.9633 0.9987 1.0113 1.0653 1.1100 0.9719 1.0303 1.1696 0.9714 0.9135 0.9763 1.0074 1.0145
0.7190 0.6473 0.7361 0.8055 0.9452 1.0338 1.1312 1.0278 1.0312 1.0711 1.0182 0.9649 1.0228 0.9843 0.8637 0.9621
0.7447 0.8425 0.9180 0.9893 1.1640 1.1352 1.1299 0.8842 1.0319 1.2357 1.0733 0.9702 0.9409 1.0000 1.0000 0.7046
0.9268 0.8849 0.8996 1.0051 1.1464 1.0983 1.1666 1.0203 1.1322 1.0544 1.0614 1.0323 1.0068 0.8464 0.8424 0.9593
0.8993 0.9092 0.9519 1.0092 0.9934 1.0991 1.1660 1.1249 1.0880 1.0572 1.1640 0.9351 0.9534 1.0000 0.8412 0.8146
0.6635 0.7322 0.8487 0.8950 0.9864 1.1741 1.0827 1.0660 1.0536 1.0776 1.0961 1.1313 1.0028 0.8629 0.8959 0.8212
0.6735 0.7951 0.9209 0.9955 0.9798 1.0417 1.0962 1.0397 1.0816 1.0152 1.0008 1.0570 0.9999 0.9824 0.9184 0.8689
0.8730 0.7730 0.8657 0.8842 1.0340 1.1581 0.9821 1.1794 1.1370 1.1759 1.0507 1.0398 1.1117 0.9370 0.8858 0.9098
0.6960 0.7756 0.7914 0.8187 1.0099 0.9990 1.1211 0.9998 1.0059 1.1075 1.0770 1.0570 1.0192 1.0261 0.8902 0.9107
0.6894 1.0000 0.8892 0.9235 0.9719 1.1185 1.1282 1.0429 1.0839 1.1489 1.0865 0.9044 1.0031 0.9087 0.8890 0.8983
0.8323 0.8082 0.9099 0.8449 1.0352 1.1481 1.0001 1.0782 1.0740 1.1808 1.0495 1.1316 1.0000 0.9663 0.9648 0.9257
0.8790 0.8873 0.8864 0.9486 0.9428 1.0911 1.0715 1.0495 1.0442 0.9646 1.0516 1.1181 1.0154 0.9929 1.0041 0.9561
0.6146 0.7740 0.9148 0.9758 1.0000 1.0554 1.0631 1.0645 1.0357 1.0956 1.0145 1.0665 0.9926 0.9069 1.0000 0.8169
0.8523 0.7900 0.9477 0.9390 1.0636 1.1530 1.1733 0.9456 1.0778 1.1372 1.1612 1.0290 1.0354 0.9335 0.8851 0.8394
0.7597 0.7912 0.8764 0.9484 1.2181 1.0000 1.0763 1.1825 1.1020 1.0574 1.2353 0.9453 0.9275 0.9416 0.9733 0.9689
0.8390 0.9176 0.8791 0.9444 1.0873 1.0962 1.1858 1.1869 1.1847 1.1658 1.1051 0.9776 0.9704 0.8976 0.7829 0.7777
