0.7340 0.8064 0.8633 0.8724 1.0260 1.1031 1.0627 1.1667 1.1653 1.1899 1.0520 1.0092 1.0227 1.0150 0.8486 0.8669
0.8550 0.8547 0.9692 1.0427 1.0901 1.2169 1.2160 0.9702 1.0308 0.9786 1.1106 0.9955 0.9231 0.8566 0.9535 0.7366
0.6623 0.6987 0.9129 0.9155 0.9586 1.0571 1.1587 1.0761 1.0891 1.2412 1.0335 0.9772 0.8842 0.9108 0.8650 0.7163
0.6766 0.7532 0.8581 0.9612 0.9814 1.0794 1.1176 1.0528 1.0141 1.1840 1.1516 0.9522 1.0202 0.8861 0.8741 0.7364
0.7447 0.7946 0.8284 0.9029 1.0000 1.0069 1.1062 1.0866 1.1838 1.2365 1.0544 1.0374 0.9710 1.0257 0.9271 0.7755
0.8292 0.8453 0.8719 0.9560 1.1176 1.0666 1.1876 1.1636 1.1826 1.1356 1.0756 1.0204 0.9516 0.9180 0.8427 0.8387
0.7696 0.8001 0.8587 0.9255 1.0238 1.0783 1.1910 1.1900 1.1053 1.1004 1.1042 1.0520 0.9565 0.9015 0.8084 0.9109
0.8708 0.8072 0.8518 0.9341 1.0000 1.1288 1.2258 1.1582 1.0252 1.0650 1.1750 1.1055 1.0065 0.9237 0.8164 0.8889
0.8126 0.8579 0.8583 0.8951 1.0103 1.0221 1.1274 1.0560 1.1032 1.1171 1.0757 1.1050 0.9640 1.0136 0.8603 0.8363
0.6868 0.7611 0.8928 0.9810 1.0020 1.0595 1.1025 1.1037 1.0258 1.0847 1.1990 0.9930 0.8994 0.9627 0.9348 0.9023
0.7204 0.6504 0.7411 0.7727 0.9456 1.0334 1.1300 1.0395 1.0553 1.0755 1.0551 0.9668 0.9847 0.9550 0.8232 1.0075
0.7403 0.8202 0.9176 0.9775 1.1598 1.1173 1.1265 0.9012 1.0649 1.2021 1.0926 0.9595 0.9241 1.0000 1.0000 0.6988
0.9343 0.8940 0.9281 1.0160 1.1589 1.1405 1.1837 1.0428 1.1491 1.0494 1.0836 1.0194 0.9544 0.8231 0.8085 0.8822
0.9101 0.9220 0.9691 0.9989 0.9987 1.1079 1.1782 1.1443 1.1131 1.0658 1.1426 0.9355 0.9145 1.0000 0.7929 0.7715
0.6921 0.7591 0.8584 0.9069 1.0236 1.1733 1.0753 1.0484 1.0653 1.0788 1.1712 1.1573 1.0118 0.8527 0.8313 0.7425
0.6991 0.8197 0.9403 1.0199 0.9938 1.0600 1.0860 1.0678 1.0907 1.0099 1.0302 1.0597 0.9814 0.9550 0.8809 0.8219
0.8562 0.7983 0.8640 0.8949 1.0354 1.1612 1.0192 1.1713 1.1467 1.1991 1.0895 1.0415 1.0718 0.9192 0.8546 0.8708
0.7119 0.7554 0.8010 0.8129 0.9975 0.9969 1.1176 1.0236 1.0122 1.1125 1.0904 1.0312 1.0005 1.0113 0.8557 0.8538
0.7023 1.0000 0.8777 0.9278 0.9832 1.1691 1.1503 1.1140 1.0648 1.1639 1.1099 0.9118 0.9525 0.8990 0.8422 0.8464
0.8619 0.8353 0.9083 0.8861 1.0478 1.1332 1.0174 1.0908 1.0743 1.1896 1.0702 1.1173 1.0000 0.9776 0.8999 0.8952
0.8684 0.8697 0.8843 0.9763 0.9653 1.1036 1.0659 1.0629 1.0663 1.0329 1.0803 1.1303 1.0024 0.9881 0.9662 0.8818
0.6062 0.7691 0.8995 0.9634 1.0000 1.0651 1.0550 1.0791 1.0694 1.1116 1.0253 1.0497 0.9977 0.9045 1.0000 0.7859
0.8927 0.8138 0.9305 0.9556 1.0609 1.1931 1.1915 0.9978 1.0925 1.1527 1.1750 1.0126 1.0133 0.9227 0.8351 0.8050
0.7647 0.7909 0.8601 0.9339 1.2033 1.0000 1.0999 1.2039 1.1277 1.0897 1.2412 0.9743 0.9412 0.9221 0.9323 0.9103
0.8709 0.9164 0.9001 0.9662 1.0955 1.0937 1.1627 1.1677 1.1886 1.1770 1.1011 0.9840 0.9645 0.8987 0.7538 0.7388
