1.2940 1.1692 1.0810 1.1377 1.0117 0.9651 1.0824 0.9028 1.1449 1.1451 0.8659 0.8352 0.9303 0.7832 0.7907 0.8569
1.0000 1.0515 1.1946 1.2681 1.1720 1.0149 1.0910 0.9912 0.8618 0.9613 0.8840 0.8644 0.8822 0.9395 0.8358 1.0000
1.1055 0.9551 0.9206 1.3350 0.8966 0.9923 1.0000 0.9399 0.9918 1.0474 1.0032 0.9602 1.0344 1.0236 1.0611 1.1154
1.2710 1.1307 1.0998 1.1267 0.9872 1.0640 1.1108 0.9309 0.9739 0.9183 0.9218 0.9641 0.8590 0.9435 0.8334 0.9739
1.3613 1.0293 0.9323 1.0291 0.9403 0.9546 1.0010 0.9274 0.8786 0.9781 0.9550 1.1221 0.9130 1.1183 1.1001 1.2831
1.1378 1.1131 0.9873 1.0957 0.9525 1.0644 1.0545 0.9755 0.8618 1.0497 0.9286 0.9195 0.9281 0.8933 1.0199 1.0194
1.2675 1.1086 1.0759 1.0051 0.9568 0.9507 1.0258 0.9549 0.8907 1.0419 0.9657 0.8538 0.9732 1.0432 1.0000 1.0252
1.2676 1.2747 1.0762 1.0791 1.0994 1.0658 1.0732 1.0188 1.0838 0.8969 0.9073 0.8586 0.8198 0.7756 0.8135 0.8716
0.7026 0.7342 0.9185 0.7770 0.9276 0.9615 0.8458 1.0841 1.0833 0.9327 1.0822 0.9887 1.2109 0.9365 1.2477 1.1226
1.0577 0.9535 0.9047 1.1081 0.9837 0.9709 0.9558 1.0723 0.8930 0.9416 0.9399 0.9259 1.0634 0.9935 1.1288 1.2056
0.6452 0.7345 0.8964 0.8252 0.9092 0.9838 0.9288 1.0717 1.0345 0.9595 1.0367 0.9389 1.2046 1.1234 0.9742 1.1923
1.2402 1.0857 1.1116 1.1741 1.0577 1.0886 1.1492 0.9697 1.0248 0.8873 0.8576 0.9092 0.8851 0.8399 0.9049 0.8015
0.9843 0.9107 0.8949 0.9934 0.9415 0.8787 0.8081 1.1599 0.9106 1.0560 1.1290 0.9106 1.0588 1.1564 1.1085 1.4039
1.1019 1.0177 1.0750 0.8938 0.8453 0.9460 0.9796 1.0633 0.9774 0.9352 0.9869 0.9406 1.0484 0.9457 1.1013 1.1130
1.2632 1.1436 0.9847 0.9794 1.0622 1.0986 1.0151 1.0830 0.9926 0.8486 0.9473 0.9454 0.9475 0.7421 0.7360 0.8244
0.9742 0.9441 1.0085 0.8919 0.9393 1.0443 0.9932 1.0155 1.0000 0.9260 0.9826 1.0189 1.0000 1.0606 1.0812 1.2850
0.9558 0.9369 0.9702 1.0000 0.9650 0.9485 1.0285 0.9731 0.9949 1.0310 1.0534 1.0358 1.0511 1.0568 1.2105 1.3456
1.3578 1.3440 0.9973 1.2482 0.9558 0.9600 1.1308 0.9481 0.8926 1.0000 1.0000 0.9393 1.0000 0.8696 0.9553 0.9614
1.4525 1.0126 1.2368 0.9413 0.8394 1.1000 1.0005 1.0018 1.0985 1.0072 0.9063 1.0110 0.8864 0.8601 0.9339 1.1110
1.1357 1.1116 1.1641 1.1643 0.9755 1.0154 0.9341 0.9502 1.0349 1.1550 0.9554 0.8326 0.8404 0.7609 0.5415 0.5181
1.3720 0.9829 1.0000 0.9596 1.1543 1.0944 0.9299 1.0090 0.9886 0.9549 0.9512 1.0967 0.8829 1.0629 0.9858 0.9695
0.6286 0.7121 0.9892 0.9876 1.0101 1.0322 0.9805 0.9875 0.9633 1.0562 0.9785 1.0242 1.0458 0.9583 0.9824 1.2624
1.0425 0.8603 0.9059 0.9193 0.8596 0.9413 0.8830 0.9544 1.0000 1.1547 0.9439 0.9585 1.1445 1.2403 1.2803 1.3436
0.9962 1.0347 0.8602 1.0298 0.9096 1.0031 0.8950 0.9478 1.1025 0.9111 1.0291 1.0734 0.9923 1.0373 0.5458 1.1273
1.3677 1.1116 1.0457 1.0823 1.0680 1.0636 1.1554 1.0096 1.0088 0.8658 0.9984 0.8775 0.9734 0.8673 0.8657 0.9304
