0.7336 0.8088 0.8635 0.8692 1.0257 1.1016 1.0573 1.1673 1.1651 1.1889 1.0502 1.0105 1.0274 1.0138 0.8471 0.8711
0.8538 0.8521 0.9655 1.0393 1.0859 1.2144 1.2166 0.9725 1.0272 0.9807 1.1083 0.9988 0.9248 0.8595 0.9560 0.7391
0.6593 0.7006 0.9092 0.9171 0.9590 1.0531 1.1579 1.0803 1.0898 1.2415 1.0322 0.9780 0.8849 0.9103 0.8657 0.7128
0.6772 0.7497 0.8609 0.9601 0.9842 1.0805 1.1156 1.0531 1.0162 1.1817 1.1520 0.9515 1.0204 0.8851 0.8724 0.7313
0.7530 0.8052 0.8276 0.9046 1.0000 1.0119 1.1121 1.0899 1.1925 1.2270 1.0489 1.0313 0.9669 1.0274 0.9223 0.7748
0.8329 0.8432 0.8733 0.9597 1.1135 1.0658 1.1843 1.1629 1.1843 1.1349 1.0750 1.0216 0.9529 0.9169 0.8461 0.8380
0.7686 0.7982 0.8604 0.9248 1.0252 1.0773 1.1942 1.1882 1.1065 1.1003 1.1049 1.0523 0.9559 0.8988 0.8083 0.9090
0.8727 0.8090 0.8519 0.9336 1.0000 1.1273 1.2268 1.1571 1.0247 1.0679 1.1742 1.1064 1.0064 0.9264 0.8166 0.8873
0.8140 0.8587 0.8591 0.8948 1.0089 1.0233 1.1288 1.0550 1.1050 1.1153 1.0766 1.1017 0.9668 1.0143 0.8623 0.8343
0.6847 0.7572 0.8978 0.9822 1.0011 1.0561 1.0998 1.1097 1.0304 1.0911 1.1998 0.9904 0.8970 0.9588 0.9415 0.9064
0.7194 0.6500 0.7412 0.7746 0.9464 1.0377 1.1289 1.0385 1.0572 1.0762 1.0554 0.9662 0.9837 0.9546 0.8254 1.0005
0.7430 0.8199 0.9206 0.9764 1.1589 1.1168 1.1250 0.9005 1.0619 1.2041 1.0954 0.9577 0.9223 1.0000 1.0000 0.6989
0.9315 0.8928 0.9286 1.0137 1.1612 1.1347 1.1809 1.0440 1.1514 1.0532 1.0865 1.0181 0.9576 0.8229 0.8109 0.8814
0.9123 0.9211 0.9662 0.9983 0.9965 1.1099 1.1772 1.1459 1.1147 1.0672 1.1460 0.9362 0.9171 1.0000 0.7901 0.7732
0.6849 0.7617 0.8560 0.9011 1.0238 1.1760 1.0759 1.0503 1.0694 1.0781 1.1670 1.1554 1.0054 0.8523 0.8303 0.7443
0.6992 0.8184 0.9386 1.0178 0.9939 1.0579 1.0877 1.0702 1.0926 1.0127 1.0303 1.0591 0.9809 0.9540 0.8785 0.8198
0.8570 0.7989 0.8643 0.8961 1.0360 1.1621 1.0166 1.1742 1.1488 1.1973 1.0901 1.0394 1.0720 0.9206 0.8522 0.8694
0.7097 0.7533 0.8019 0.8122 0.9945 0.9983 1.1182 1.0267 1.0140 1.1115 1.0928 1.0309 1.0018 1.0118 0.8555 0.8516
0.7053 1.0000 0.8777 0.9270 0.9810 1.1721 1.1489 1.1130 1.0655 1.1616 1.1096 0.9123 0.9552 0.8974 0.8442 0.8475
0.8677 0.8349 0.9113 0.8933 1.0487 1.1339 1.0197 1.0895 1.0732 1.1885 1.0695 1.1151 1.0000 0.9680 0.9013 0.8899
0.8671 0.8675 0.8824 0.9751 0.9631 1.1008 1.0631 1.0666 1.0650 1.0361 1.0817 1.1331 0.9995 0.9867 0.9700 0.8819
0.6049 0.7686 0.8992 0.9595 1.0000 1.0658 1.0548 1.0812 1.0669 1.1089 1.0319 1.0472 0.9967 0.9032 1.0000 0.7830
0.8888 0.8123 0.9310 0.9556 1.0577 1.1880 1.1908 1.0009 1.0930 1.1542 1.1757 1.0141 1.0133 0.9243 0.8365 0.8063
0.7633 0.7906 0.8600 0.9312 1.2018 1.0000 1.1019 1.2041 1.1288 1.0893 1.2436 0.9733 0.9393 0.9210 0.9318 0.9106
0.8750 0.9199 0.8992 0.9770 1.0966 1.0952 1.1611 1.1681 1.1896 1.1807 1.1049 0.9831 0.9557 0.8912 0.7507 0.7355
