0.8215 0.8374 0.9046 0.9342 1.0155 1.0700 1.0351 1.1543 1.1506 1.1584 1.0297 0.9270 1.1043 1.0566 0.9017 0.8942
0.9208 0.9132 1.0153 1.0699 1.1265 1.2292 1.1962 0.9096 0.9712 0.9090 1.0776 1.0110 0.9518 0.8414 0.9677 0.7645
0.6777 0.7559 0.9378 0.9697 0.9912 1.0886 1.1342 1.0730 1.0668 1.2203 1.0022 0.9824 0.9183 0.9322 0.9045 0.7128
0.7087 0.7655 0.8789 0.9591 0.9532 1.0920 1.0885 1.0151 0.9646 1.1741 1.1292 0.9997 1.0606 0.9173 0.9514 0.7519
0.8298 0.9133 0.8810 0.9239 1.0000 1.1002 1.1123 1.0659 1.1262 1.2126 1.0013 1.0183 0.9812 1.0055 0.9424 0.8034
0.8883 0.9042 0.9189 0.9706 1.1319 1.0936 1.1425 1.0595 1.1518 1.1000 1.0692 1.0002 0.9607 0.9303 0.8418 0.8308
0.7763 0.8560 0.9034 0.9782 1.0246 1.0491 1.1258 1.1129 1.0898 1.0915 1.0809 1.0698 0.9665 0.8829 0.8203 0.9427
0.9212 0.8358 0.8911 0.9491 1.0000 1.1004 1.1758 1.0554 1.1016 1.0730 1.1423 1.0585 1.0331 0.9206 0.8208 0.9063
0.8405 0.9113 0.8782 0.8976 1.0208 1.0265 1.1675 1.0250 1.0713 1.1392 1.0477 1.0832 0.9875 1.0266 0.8902 0.8326
0.7475 0.8257 0.9320 1.0653 1.0282 1.0592 1.0658 1.1315 0.9965 1.0416 1.1430 0.9118 0.8936 0.9447 0.9746 0.9253
0.7819 0.7435 0.8254 0.8639 0.9910 1.0963 1.1697 1.0615 1.0559 1.1169 1.0459 1.0152 1.0581 1.0160 0.8917 0.9256
0.7854 0.8620 0.9022 0.9901 1.1775 1.1019 1.1122 0.8573 1.0106 1.2123 1.0706 0.9733 0.9375 1.0000 1.0000 0.6485
0.9368 0.8681 0.9257 0.9917 1.1198 1.0970 1.1014 0.9648 1.1122 0.9840 1.0533 0.9852 0.9954 0.8069 0.7905 0.9358
0.9247 0.9266 0.9399 1.0292 0.9931 1.0866 1.1171 1.0849 1.0673 1.0408 1.1144 0.9190 0.9270 1.0000 0.8197 0.7963
0.6899 0.7985 0.8870 0.9314 1.0213 1.1721 1.0992 1.0719 1.0642 1.0431 1.1072 1.1537 1.0154 0.8286 0.8773 0.7490
0.7697 0.8672 0.9495 0.9999 0.9764 1.0427 1.0917 1.0230 1.0473 1.0192 1.0302 1.0803 0.9889 0.9600 0.9216 0.8678
0.8989 0.7887 0.9030 0.8901 1.0617 1.1694 0.9705 1.1387 1.0966 1.1912 1.0125 1.0432 1.1124 0.9214 0.8803 0.8925
0.7199 0.8385 0.8343 0.8474 1.0306 1.0156 1.1294 1.0248 1.0313 1.1191 1.0956 1.0594 1.0187 1.0320 0.9512 0.9310
0.7284 1.0000 0.9146 0.9063 0.9770 1.1464 1.1262 1.0555 1.0539 1.1459 1.0816 0.9108 0.9781 0.8928 0.9006 0.8967
0.8945 0.8909 1.0132 0.9018 1.0878 1.1922 0.9927 1.0932 1.0883 1.1689 0.9916 1.0964 1.0000 0.9139 0.8769 0.7818
0.9038 0.9033 0.9196 0.9775 0.9413 1.0902 1.0446 1.0496 1.0329 0.9451 1.0572 1.1168 1.0389 1.0250 1.0132 0.8961
0.6181 0.7630 0.9159 0.9694 1.0000 1.0253 1.0063 1.0105 1.0075 1.0674 1.0073 1.0731 0.9941 0.9248 1.0000 0.7841
0.8477 0.8001 1.0117 0.9899 1.0923 1.1386 1.1492 0.9296 1.0770 1.1525 1.1334 1.0344 1.0684 0.9077 0.8709 0.8118
0.7935 0.8009 0.8978 0.9427 1.1965 1.0000 1.0632 1.1793 1.1068 1.0145 1.2143 0.9486 0.9455 0.9271 1.0114 0.9654
0.8611 0.9241 0.8865 0.9821 1.1089 1.1138 1.1734 1.1924 1.1346 1.1313 1.0581 0.9676 0.9442 0.8402 0.7040 0.6491
