0.8590 0.9407 0.9388 0.9472 1.0352 1.1089 1.0531 1.1858 1.1352 1.1478 0.9990 0.8833 1.0678 1.0194 0.8156 0.8678
0.9269 0.9385 1.0792 1.1101 1.1854 1.2623 1.2457 0.8682 0.9253 0.8680 1.0894 0.9605 0.9162 0.7999 0.9512 0.7309
0.6849 0.8150 0.9476 0.9898 1.0306 1.1720 1.0936 1.1007 1.0672 1.2303 0.9646 0.9014 0.9063 0.8993 0.9129 0.6361
0.7026 0.8070 0.9091 1.0184 1.0079 1.1124 1.1376 1.0433 0.9727 1.1282 1.1541 0.9479 0.9928 0.8673 0.8623 0.6689
0.7934 0.8798 0.9221 0.9315 1.0000 1.0963 1.1691 1.0790 1.1258 1.2218 1.0044 0.9757 0.9457 1.0399 0.9277 0.8264
0.8825 0.9420 0.9525 1.0231 1.1768 1.1459 1.1661 0.9817 1.2288 1.1064 1.0532 0.9490 0.9414 0.8787 0.7941 0.7797
0.7601 0.9108 0.9533 0.9691 1.0799 1.0370 1.1728 1.1251 1.1244 1.0494 1.0778 1.0356 0.9407 0.8325 0.7959 0.8903
0.9706 0.8538 0.9321 0.9812 1.0000 1.1284 1.1911 1.0586 1.0900 1.0862 1.0981 1.0544 1.0401 0.9036 0.7702 0.8297
0.8310 0.9458 0.8897 0.9611 1.0573 1.0252 1.1951 1.0238 1.1554 1.1248 1.0403 1.0062 0.9453 0.9994 0.8274 0.7332
0.7309 0.8189 0.9412 1.0655 1.0545 1.0987 1.0760 1.1713 0.9488 1.0284 1.1393 0.8445 0.8370 0.9786 0.9700 0.9574
0.8197 0.7430 0.8704 0.8675 1.0720 1.1421 1.2241 1.0677 1.0447 1.1122 1.0199 1.0041 1.0297 0.9534 0.8362 0.8521
0.7811 0.8728 0.8985 1.0340 1.1443 1.1327 1.1645 0.9136 0.9956 1.2140 1.0116 0.9354 0.8929 1.0000 1.0000 0.5841
0.9477 0.9035 0.9475 1.0117 1.1680 1.0775 1.1193 0.9062 1.1149 1.0155 1.0351 0.9411 0.9934 0.7752 0.7241 0.9028
0.9224 0.9885 0.9852 1.0029 0.9865 1.1564 1.1534 1.0479 1.0577 1.0028 1.0881 0.9056 0.9014 1.0000 0.8044 0.7291
0.6889 0.8021 0.8726 0.9065 1.0451 1.2258 1.0802 1.0684 1.0287 1.0695 1.1208 1.1397 1.0165 0.8355 0.8586 0.7826
0.7611 0.9109 0.9583 1.0906 1.0290 1.0389 1.1053 1.0179 1.0940 0.9657 1.0110 1.0404 0.9775 0.9027 0.8585 0.7858
0.9271 0.7424 0.8767 0.8594 1.1410 1.2668 0.9966 1.1970 1.0693 1.1433 0.9994 1.0071 1.1342 0.8895 0.8251 0.8951
0.7061 0.9291 0.8400 0.8297 1.0600 0.9939 1.1833 1.1197 1.0422 1.1561 1.1068 1.0029 0.9683 0.9492 0.8972 0.8775
0.7524 1.0000 0.9503 0.9205 0.9793 1.1606 1.1623 1.0438 1.0593 1.1745 1.1062 0.8973 0.9631 0.8876 0.8657 0.8296
0.8956 0.8855 1.0237 0.9125 1.0863 1.2301 0.9745 1.1057 1.0815 1.1710 0.9554 1.1076 1.0000 0.8941 0.8929 0.7867
0.9354 0.9645 0.9334 0.9845 0.9190 1.1305 1.0825 1.0715 1.0509 0.9615 1.0434 1.1451 0.9774 0.9709 0.9523 0.8040
0.6584 0.8269 0.9525 1.0136 1.0000 1.0225 1.0512 1.0481 1.0279 1.0688 0.9533 1.0411 0.9593 0.8586 1.0000 0.7399
0.8089 0.8051 1.0325 1.0464 1.0634 1.1690 1.1615 0.9089 1.1193 1.1642 1.1608 1.0265 1.0622 0.8892 0.8127 0.7967
0.8549 0.8388 0.8954 0.9958 1.2606 1.0000 1.1104 1.1998 1.0984 1.0212 1.1826 0.9106 0.9169 0.8519 0.9531 0.9160
0.8223 0.9896 0.8560 1.0092 1.1227 1.1020 1.2084 1.1886 1.1324 1.1692 1.0522 0.9326 0.9249 0.8238 0.7013 0.6728
