0.7334 0.7845 0.8711 0.8875 1.0131 1.0807 1.0440 1.1834 1.1644 1.1745 1.0282 1.0175 1.0329 1.0222 0.8580 0.8555
0.8385 0.8341 0.9484 1.0327 1.0883 1.2354 1.2076 0.9705 1.0272 0.9526 1.1174 1.0038 0.9312 0.8557 0.9920 0.7660
0.6438 0.6959 0.8993 0.9111 0.9512 1.0895 1.1383 1.0773 1.0807 1.2363 0.9938 0.9662 0.9075 0.9226 0.9074 0.7250
0.6573 0.7319 0.8463 0.9530 0.9750 1.0697 1.1093 1.0486 0.9984 1.1677 1.1250 0.9668 1.0397 0.8907 0.9347 0.7641
0.7129 0.7488 0.7924 0.8960 1.0000 0.9973 1.0857 1.0687 1.1916 1.2375 1.0327 1.0377 0.9617 1.0362 0.9527 0.8571
0.8222 0.8403 0.8499 0.9382 1.1377 1.0883 1.1858 1.1066 1.1776 1.1347 1.0699 1.0242 0.9818 0.9209 0.8577 0.8603
0.7446 0.8193 0.8611 0.9239 1.0298 1.0242 1.1621 1.1698 1.1028 1.0758 1.0934 1.0409 0.9844 0.9296 0.8339 0.9488
0.8615 0.8010 0.8532 0.9274 1.0000 1.0887 1.1973 1.1120 1.1040 1.0787 1.1520 1.0946 1.0342 0.9345 0.8453 0.9216
0.8141 0.8700 0.8714 0.8614 1.0165 1.0153 1.1424 1.0337 1.1036 1.1166 1.0478 1.0955 0.9889 1.0250 0.8919 0.8361
0.6992 0.7555 0.8565 0.9507 0.9880 1.0125 1.0498 1.1168 1.0040 1.0380 1.1893 0.9771 0.9073 0.9835 0.9980 1.0109
0.7155 0.6429 0.7286 0.7865 0.9357 1.0290 1.1349 1.0397 1.0217 1.0813 1.0315 0.9711 1.0191 0.9763 0.8674 0.9611
0.7411 0.8319 0.9179 0.9694 1.1652 1.1337 1.1199 0.8811 1.0427 1.2359 1.0869 0.9909 0.9447 1.0000 1.0000 0.6912
0.9233 0.8725 0.8951 1.0035 1.1391 1.0884 1.1770 1.0356 1.1195 1.0430 1.0782 1.0366 1.0001 0.8545 0.8370 0.9646
0.8869 0.8967 0.9575 1.0059 0.9928 1.1113 1.1777 1.1401 1.1064 1.0560 1.1623 0.9353 0.9338 1.0000 0.8417 0.8057
0.6636 0.7336 0.8486 0.8953 0.9891 1.1617 1.0690 1.0417 1.0694 1.0743 1.1062 1.1135 1.0019 0.8947 0.9083 0.8329
0.6733 0.7912 0.9167 0.9934 0.9851 1.0305 1.0960 1.0293 1.0924 0.9968 1.0108 1.0688 1.0116 0.9611 0.9236 0.8786
0.8847 0.7660 0.8686 0.8834 1.0226 1.1504 0.9947 1.1755 1.1566 1.1906 1.0549 1.0311 1.0941 0.9421 0.8832 0.9103
0.6978 0.7611 0.7843 0.8214 1.0148 0.9957 1.1288 0.9932 0.9958 1.0814 1.0927 1.0574 1.0180 1.0448 0.8963 0.9203
0.6960 1.0000 0.8832 0.9154 0.9792 1.1346 1.1061 1.0590 1.0833 1.1734 1.0740 0.9104 0.9905 0.9094 0.8802 0.9105
0.8312 0.8075 0.9147 0.8336 1.0423 1.1310 1.0147 1.0784 1.0637 1.1783 1.0613 1.1267 1.0000 0.9730 0.9660 0.9326
0.8552 0.8672 0.8743 0.9663 0.9414 1.0895 1.0747 1.0570 1.0637 0.9647 1.0691 1.1229 0.9984 0.9785 1.0122 0.9436
0.6237 0.7700 0.9057 0.9799 1.0000 1.0803 1.0552 1.0693 1.0394 1.1002 1.0279 1.0594 0.9837 0.9082 1.0000 0.7982
0.8602 0.7868 0.9495 0.9524 1.0666 1.1623 1.1660 0.9648 1.0874 1.1271 1.1541 1.0178 1.0308 0.9274 0.8801 0.8218
0.7613 0.7841 0.8553 0.9410 1.2107 1.0000 1.0918 1.1946 1.1112 1.0675 1.2383 0.9438 0.9454 0.9284 0.9622 0.9679
0.8188 0.9269 0.8708 0.9683 1.0765 1.0946 1.1645 1.1949 1.2042 1.1859 1.0992 0.9903 0.9812 0.8931 0.7793 0.7430
