0.7351 0.8124 0.8658 0.8621 1.0232 1.0982 1.0437 1.1697 1.1665 1.1833 1.0436 1.0159 1.0393 1.0112 0.8446 0.8755
0.8498 0.8469 0.9554 1.0303 1.0756 1.2095 1.2184 0.9795 1.0227 0.9844 1.1033 1.0057 0.9288 0.8661 0.9614 0.7446
0.6521 0.7026 0.8974 0.9184 0.9583 1.0452 1.1537 1.0924 1.0923 1.2423 1.0294 0.9820 0.8893 0.9076 0.8694 0.7054
0.6792 0.7427 0.8666 0.9553 0.9878 1.0842 1.1117 1.0545 1.0180 1.1778 1.1526 0.9523 1.0213 0.8793 0.8741 0.7186
0.7666 0.8236 0.8257 0.9055 1.0000 1.0259 1.1253 1.0941 1.2024 1.2018 1.0420 1.0225 0.9538 1.0281 0.9072 0.7751
0.8398 0.8385 0.8774 0.9687 1.1054 1.0630 1.1770 1.1586 1.1880 1.1315 1.0745 1.0232 0.9552 0.9172 0.8535 0.8375
0.7663 0.7932 0.8628 0.9251 1.0262 1.0715 1.1991 1.1832 1.1107 1.1011 1.1076 1.0532 0.9565 0.8950 0.8077 0.9064
0.8757 0.8122 0.8531 0.9348 1.0000 1.1232 1.2283 1.1549 1.0267 1.0729 1.1717 1.1089 1.0079 0.9302 0.8179 0.8839
0.8185 0.8607 0.8586 0.8946 1.0062 1.0257 1.1336 1.0509 1.1102 1.1134 1.0762 1.0982 0.9726 1.0156 0.8689 0.8277
0.6785 0.7489 0.8999 0.9847 0.9947 1.0444 1.0901 1.1225 1.0420 1.1038 1.2009 0.9879 0.8948 0.9559 0.9563 0.9184
0.7194 0.6502 0.7408 0.7796 0.9471 1.0447 1.1288 1.0371 1.0615 1.0767 1.0539 0.9654 0.9836 0.9560 0.8331 0.9799
0.7497 0.8188 0.9274 0.9751 1.1553 1.1157 1.1217 0.8985 1.0550 1.2095 1.1009 0.9536 0.9191 1.0000 1.0000 0.6959
0.9263 0.8888 0.9299 1.0091 1.1629 1.1260 1.1736 1.0461 1.1552 1.0601 1.0910 1.0150 0.9667 0.8231 0.8169 0.8805
0.9120 0.9141 0.9586 1.0003 0.9912 1.1131 1.1732 1.1498 1.1205 1.0695 1.1586 0.9423 0.9251 1.0000 0.7870 0.7782
0.6704 0.7666 0.8556 0.8852 1.0242 1.1800 1.0776 1.0531 1.0745 1.0764 1.1569 1.1543 0.9917 0.8529 0.8266 0.7511
0.6980 0.8145 0.9345 1.0115 0.9933 1.0536 1.0909 1.0724 1.0967 1.0200 1.0303 1.0585 0.9803 0.9518 0.8755 0.8177
0.8576 0.8018 0.8647 0.9008 1.0371 1.1656 1.0103 1.1801 1.1527 1.1925 1.0905 1.0333 1.0710 0.9258 0.8487 0.8642
0.7068 0.7513 0.8044 0.8102 0.9892 1.0034 1.1189 1.0306 1.0192 1.1072 1.0966 1.0303 1.0070 1.0137 0.8547 0.8476
0.7121 1.0000 0.8788 0.9240 0.9760 1.1763 1.1456 1.1102 1.0685 1.1555 1.1083 0.9146 0.9624 0.8935 0.8488 0.8499
0.8769 0.8316 0.9231 0.9052 1.0473 1.1340 1.0202 1.0853 1.0724 1.1882 1.0690 1.1115 1.0000 0.9505 0.9073 0.8781
0.8627 0.8625 0.8764 0.9746 0.9602 1.0961 1.0606 1.0738 1.0614 1.0403 1.0833 1.1370 0.9952 0.9839 0.9784 0.8803
0.6040 0.7654 0.8990 0.9534 1.0000 1.0670 1.0567 1.0849 1.0613 1.1037 1.0497 1.0402 0.9931 0.8987 1.0000 0.7729
0.8768 0.8064 0.9342 0.9542 1.0505 1.1724 1.1878 1.0068 1.0955 1.1582 1.1772 1.0166 1.0131 0.9288 0.8409 0.8100
0.7574 0.7907 0.8615 0.9244 1.2002 1.0000 1.1061 1.2050 1.1290 1.0859 1.2487 0.9718 0.9359 0.9194 0.9315 0.9114
0.8821 0.9276 0.8979 1.0025 1.1006 1.0998 1.1570 1.1670 1.1892 1.1865 1.1126 0.9804 0.9352 0.8746 0.7460 0.7329
