1.3654 1.1907 1.0610 1.1025 0.9932 0.9429 1.0648 0.8858 1.1147 1.1430 0.8406 0.8327 0.9279 0.8124 0.7958 0.9124
1.0000 1.0829 1.3120 1.2844 1.1271 1.0096 1.0901 0.9660 0.8848 0.9218 0.8722 0.8620 0.8679 0.8972 0.8229 1.0000
1.0318 0.9002 0.9540 1.1961 0.8480 0.9638 1.0000 0.9569 0.9687 1.0339 0.9378 0.9267 1.0286 1.1456 1.0649 1.2412
1.3177 1.2075 1.1519 1.1481 1.0081 1.0699 1.0946 0.9049 0.9584 0.8711 0.8829 0.9348 0.8147 0.9374 0.8018 0.9790
1.2488 0.9618 0.9047 1.0195 0.9578 1.0134 0.9973 0.9120 0.9797 1.0714 0.9467 1.0996 0.8896 1.0973 1.0330 1.3041
1.2125 1.1031 1.0222 1.1291 0.9770 1.0693 1.0517 0.9443 0.9033 1.0140 0.9936 0.8659 0.8816 0.8432 1.0074 0.9660
1.1962 1.0707 1.0396 1.0046 0.9382 0.9465 1.0240 0.9867 0.9013 1.0502 0.9774 0.8551 0.9685 1.0392 1.0000 1.0678
1.3367 1.2157 1.1495 1.0705 1.1300 1.0789 1.0514 1.0006 1.0793 0.8850 0.9129 0.8370 0.8123 0.7982 0.7771 0.8354
0.6638 0.7055 0.8697 0.7594 0.9303 0.9632 0.8426 1.0390 1.0392 0.9088 1.0655 1.0047 1.2175 1.0284 1.2061 1.2180
1.1547 1.0037 0.9813 1.1216 1.0017 0.9832 0.9571 1.1645 0.8889 0.8805 0.9248 0.8962 1.0045 0.9481 1.0526 1.0490
0.6816 0.7302 0.8877 0.8038 0.9500 0.9719 0.9052 1.0749 1.0225 0.9538 1.0682 0.9132 1.2269 1.0853 0.9456 1.3316
1.2467 1.1398 1.1748 1.1940 1.0903 1.1265 1.1394 0.9853 0.9981 0.8924 0.8298 0.8823 0.8538 0.7985 0.8431 0.8117
1.0129 0.8386 0.8203 0.9206 0.8725 0.9079 0.8199 1.0314 0.9280 1.1440 1.2023 1.0124 1.1119 1.1921 1.1390 1.5344
1.1979 1.0916 1.0979 1.0240 0.8655 0.9837 1.0302 1.0412 0.9634 0.8947 0.9399 0.8881 0.9783 0.8768 1.0087 1.0705
1.1815 1.1672 0.9455 0.9165 1.0373 1.0303 0.9893 1.0644 0.9941 0.9446 0.9579 0.9675 0.9438 0.8041 0.7707 0.9210
1.0427 0.9624 1.0603 0.9055 0.9927 1.0604 0.9703 0.9955 1.0000 0.8837 0.9300 1.0989 1.0000 1.0055 0.9905 1.1474
0.9432 0.9331 0.9221 1.0000 0.9693 0.9249 1.0302 1.0720 1.0045 1.0204 1.0425 0.9958 1.0640 1.0911 1.2522 1.2645
1.4592 1.3177 1.0361 1.2607 0.9612 0.9882 1.1197 0.9930 0.9105 1.0000 1.0000 0.9159 1.0000 0.8256 0.9106 0.8851
1.5188 1.0120 1.1751 0.9078 0.7903 1.0949 0.9968 0.9769 1.0862 1.0262 0.9173 1.0166 0.8950 0.8782 1.0062 1.1527
1.1751 1.1102 1.1402 1.2166 0.9739 1.0184 0.9521 0.9474 1.0046 1.0198 0.9118 0.8154 0.8168 0.7684 0.5261 0.5177
1.2377 0.9567 1.0000 0.9465 1.0841 1.0485 0.9218 1.0254 0.9561 1.0540 0.9270 1.0559 0.9000 1.0558 0.9977 1.0895
0.7451 0.7535 0.9984 0.9871 1.1134 1.0236 0.9709 0.9778 0.9206 1.0685 0.9672 0.9590 1.0130 0.9912 1.0022 1.1804
1.0463 0.8808 0.9011 0.9595 0.8567 0.9542 0.8721 0.9345 1.0000 1.1602 0.9140 0.9413 1.1360 1.2633 1.3282 1.6805
1.0390 1.0910 0.9061 1.0646 0.8985 0.9940 0.9559 0.9882 1.0992 0.8864 1.0002 1.0236 0.9391 1.0299 0.5458 1.0685
1.1566 0.9918 0.9019 0.9525 0.9678 0.9803 1.0607 0.9994 0.9901 0.8775 1.0397 0.9652 1.0681 0.9573 1.0438 1.1577
