1.3346 1.1882 1.0664 1.0832 0.9955 0.9416 1.0860 0.9023 1.1090 1.1301 0.8673 0.8404 0.9302 0.8248 0.7981 0.9101
1.0000 1.0864 1.3105 1.2690 1.1386 0.9943 1.0979 0.9736 0.8769 0.9080 0.8815 0.8778 0.8690 0.9152 0.8284 1.0000
1.0488 0.8908 0.9074 1.2269 0.8529 0.9601 1.0000 0.9480 0.9719 1.0404 0.9530 0.9554 1.0578 1.1686 1.0673 1.2647
1.2967 1.1926 1.1610 1.1513 1.0205 1.0739 1.1116 0.8973 0.9707 0.8904 0.8977 0.9428 0.8144 0.9268 0.7911 0.9604
1.2642 0.9834 0.8997 1.0280 0.9611 0.9871 0.9789 0.9094 0.9707 1.0500 0.9772 1.1005 0.8933 1.0947 1.0730 1.3357
1.1910 1.0930 1.0063 1.1284 0.9829 1.0654 1.0651 0.9742 0.9037 1.0335 0.9899 0.8754 0.8884 0.8485 0.9903 0.9745
1.2045 1.1165 1.0638 0.9871 0.9381 0.9329 1.0246 0.9633 0.8825 1.0500 0.9577 0.8506 0.9690 1.0928 1.0000 1.0450
1.3940 1.2358 1.1678 1.0866 1.1123 1.0869 1.0632 0.9954 1.0796 0.8697 0.8914 0.8252 0.8089 0.7844 0.7850 0.8287
0.6752 0.7169 0.8997 0.7477 0.9407 0.9681 0.8435 1.0448 1.0390 0.9228 1.0593 0.9940 1.2022 0.9967 1.2359 1.2119
1.1345 0.9854 0.9635 1.1004 0.9874 0.9717 0.9573 1.1611 0.8754 0.8953 0.9253 0.8937 1.0111 0.9818 1.0945 1.0805
0.6588 0.7217 0.8800 0.8169 0.9567 0.9766 0.8999 1.0576 1.0066 0.9679 1.0639 0.9122 1.2590 1.0994 0.9564 1.2265
1.2392 1.1219 1.1544 1.2062 1.0752 1.0999 1.1429 0.9831 1.0062 0.8861 0.8503 0.9011 0.8682 0.8184 0.8504 0.7971
1.0291 0.8548 0.8323 0.9215 0.8598 0.8859 0.7961 1.0568 0.9372 1.1079 1.1660 0.9678 1.1127 1.2015 1.1435 1.5368
1.2072 1.0709 1.0852 0.9995 0.8524 0.9882 1.0428 1.0486 0.9513 0.8982 0.9510 0.8867 0.9922 0.9000 1.0266 1.0722
1.1736 1.1721 0.9407 0.9097 1.0474 1.0429 0.9887 1.0824 1.0168 0.9183 0.9388 0.9805 0.9568 0.8112 0.7825 0.9154
1.0104 0.9570 1.0609 0.9038 0.9741 1.0517 0.9655 0.9700 1.0000 0.9095 0.9514 1.0875 1.0000 1.0209 1.0265 1.1630
0.9424 0.9477 0.9374 1.0000 0.9745 0.9055 1.0291 1.0802 0.9721 1.0096 1.0461 0.9957 1.0542 1.1104 1.2868 1.2775
1.4980 1.3642 1.0350 1.2557 0.9528 1.0119 1.1271 0.9638 0.8893 1.0000 1.0000 0.8984 1.0000 0.8319 0.9184 0.9276
1.4927 1.0173 1.2598 0.9098 0.8050 1.1039 0.9816 0.9671 1.0638 1.0211 0.9149 1.0100 0.8858 0.8926 0.9886 1.1571
1.1729 1.1477 1.1622 1.2084 0.9853 1.0431 0.9520 0.9303 0.9854 1.0404 0.8957 0.7856 0.7985 0.7625 0.5298 0.5165
1.2599 0.9463 1.0000 0.9340 1.1145 1.0617 0.9246 1.0278 0.9745 1.0165 0.9202 1.0695 0.8886 1.0820 1.0073 1.0567
0.6751 0.7446 0.9890 0.9915 1.1067 1.0352 0.9973 0.9401 0.9246 1.0991 0.9644 0.9820 1.0296 0.9615 0.9892 1.2312
1.0304 0.8629 0.9176 0.9676 0.8281 0.9445 0.8638 0.9119 1.0000 1.1163 0.9280 0.9160 1.1367 1.2462 1.3133 1.5998
1.0503 1.0811 0.8668 1.0499 0.8822 0.9774 0.9618 0.9970 1.1276 0.9044 1.0167 1.0223 0.9171 1.0247 0.5458 1.0646
1.2208 1.0545 0.9535 1.0190 1.0291 1.0271 1.0763 1.0058 1.0055 0.8823 1.0221 0.9115 1.0274 0.9273 0.9495 1.0477
