1.3343 1.2196 1.0494 1.1091 0.9989 0.9413 1.0802 0.8850 1.0958 1.1368 0.8454 0.8321 0.9316 0.8288 0.7798 0.9281
1.0000 1.0892 1.3237 1.2815 1.1372 1.0129 1.1101 0.9697 0.8877 0.9080 0.8670 0.8673 0.8559 0.8809 0.8102 1.0000
0.9991 0.8787 0.9156 1.1454 0.8435 0.9459 1.0000 0.9536 0.9783 1.0728 0.9695 0.9595 1.0461 1.1795 1.0591 1.2472
1.3173 1.2196 1.1582 1.1354 1.0194 1.0768 1.0811 0.8919 0.9503 0.8744 0.8898 0.9528 0.8127 0.9441 0.7794 0.9622
1.2479 0.9591 0.9095 1.0274 0.9789 0.9927 0.9894 0.9103 1.0175 1.0805 0.9692 1.1009 0.8852 1.0878 1.0449 1.2934
1.2170 1.0844 1.0174 1.1467 0.9790 1.0763 1.0451 0.9685 0.9427 1.0173 1.0155 0.8654 0.8746 0.8263 0.9995 0.9348
1.1654 1.1088 1.0446 0.9908 0.9563 0.9558 1.0298 0.9822 0.8928 1.0556 0.9751 0.8391 0.9704 1.0129 1.0000 1.0425
1.3625 1.2258 1.1560 1.0986 1.1362 1.1040 1.0779 0.9890 1.0702 0.9111 0.8915 0.8206 0.8082 0.7892 0.7478 0.8047
0.6343 0.7020 0.8596 0.7315 0.9345 0.9534 0.8254 1.0312 1.0370 0.9004 1.0528 0.9888 1.2054 1.0234 1.1818 1.2248
1.1698 1.0083 0.9961 1.1336 0.9944 0.9553 0.9378 1.1805 0.8890 0.8719 0.9342 0.8885 0.9851 0.9692 1.0524 1.0503
0.7001 0.7371 0.8849 0.8167 0.9675 0.9795 0.9115 1.0254 0.9698 0.9574 1.1099 0.9311 1.2060 1.1081 0.9572 1.3292
1.2671 1.1340 1.1821 1.2370 1.0699 1.1179 1.1595 0.9706 1.0041 0.8770 0.8294 0.8795 0.8567 0.7952 0.8289 0.7962
0.9981 0.8098 0.7940 0.8946 0.8550 0.9187 0.8214 1.0461 0.9635 1.1239 1.2235 1.0301 1.1151 1.2176 1.1763 1.5607
1.2202 1.0840 1.1388 1.0512 0.8613 0.9897 1.0271 1.0321 0.9436 0.8788 0.9487 0.8688 0.9783 0.8774 1.0108 1.0744
1.1366 1.1531 0.9184 0.9177 1.0496 1.0537 0.9898 1.0669 1.0019 0.9544 0.9640 0.9768 0.9670 0.8100 0.7715 0.9543
1.0543 0.9264 1.0438 0.9146 1.0076 1.0682 0.9671 1.0000 1.0000 0.9140 0.9441 1.1148 1.0000 0.9834 0.9779 1.1294
0.9392 0.9475 0.9259 1.0000 0.9825 0.9370 1.0131 1.0958 0.9952 1.0084 1.0376 0.9909 1.0441 1.0743 1.2450 1.2398
1.4571 1.3471 1.0386 1.2630 0.9848 0.9927 1.1097 0.9881 0.9038 1.0000 1.0000 0.8846 1.0000 0.8295 0.8899 0.8900
1.4982 1.0130 1.1319 0.8878 0.7787 1.1202 1.0160 0.9894 1.0655 1.0522 0.9206 1.0308 0.9037 0.8893 0.9949 1.1736
1.1726 1.1186 1.1476 1.1960 0.9844 1.0336 0.9562 0.9131 1.0022 1.0135 0.9070 0.8141 0.8260 0.7808 0.5357 0.5268
1.2537 0.9492 1.0000 0.9348 1.1093 1.0700 0.9188 1.0090 0.9868 1.0356 0.9123 1.0493 0.9021 1.0708 1.0098 1.0796
0.7607 0.7525 1.0041 0.9919 1.1007 1.0170 0.9751 0.9548 0.9283 1.0989 0.9842 0.9819 1.0032 0.9775 1.0055 1.2102
1.0379 0.8862 0.9132 0.9732 0.8437 0.9131 0.8746 0.9251 1.0000 1.1486 0.9565 0.9529 1.1604 1.2942 1.3696 1.7258
1.0386 1.0840 0.8996 1.0482 0.8942 0.9759 0.9470 1.0240 1.1135 0.8941 1.0172 1.0297 0.9387 1.0337 0.5458 1.0419
1.1010 0.9747 0.8867 0.9247 0.9590 0.9824 1.0563 0.9967 0.9803 0.8830 1.0395 0.9862 1.0946 0.9731 1.0277 1.1671
