1.4656 1.4063 1.3153 1.3356 1.0906 0.9957 1.1482 1.0112 0.9850 0.9794 0.8023 0.8036 0.7956 0.7466 0.6369 0.6215
1.0000 0.7801 1.0326 0.9943 0.9196 0.9362 1.0893 1.0067 0.9873 1.0858 1.0678 0.8989 0.9807 1.1520 1.0723 1.0000
1.4379 1.3503 1.5005 2.0591 1.0497 1.1679 1.0000 0.8460 1.0787 1.0541 0.8355 0.8062 0.8524 0.9059 0.8060 0.8209
1.0619 0.8378 0.7997 0.9581 0.8106 0.9286 0.9318 0.9069 1.1141 0.9922 1.0526 1.0754 0.9917 0.9886 1.0994 1.6616
1.2529 1.1012 1.2202 1.0321 1.1234 1.2036 1.2369 1.1712 1.0006 1.1941 1.2141 1.0052 0.9879 0.9554 0.9714 0.8897
0.7549 0.8232 0.6950 0.8746 0.8383 0.9357 1.1215 1.0135 0.9370 1.1116 1.0713 1.2330 1.1566 1.1304 1.1772 1.3745
1.6992 1.4170 1.3266 1.2345 1.1927 1.0375 1.0594 0.8826 0.8730 0.8143 0.8072 0.7551 0.7497 0.9660 1.0000 0.7424
1.0084 0.9225 0.9958 0.9288 0.8443 1.0268 1.0513 1.0833 1.1957 0.9594 0.9982 1.0240 0.9168 0.9283 1.0428 1.1144
1.0801 1.0021 1.2928 1.0882 1.1060 1.2800 0.9865 1.1462 1.1150 0.9094 1.0154 0.8822 0.9295 0.9294 0.9801 1.1079
1.0006 0.8124 1.0550 0.8476 0.9394 0.9507 0.8526 1.1716 0.8912 1.0420 0.9965 1.0509 1.1338 1.2444 1.1583 1.6161
0.7115 1.0935 1.1641 0.8404 1.1110 1.1365 1.0475 1.0048 1.0895 0.9115 0.8915 0.8764 1.0238 0.8782 0.7500 1.3726
0.7837 0.7701 0.8582 0.8755 0.8267 0.9202 1.0007 0.8930 1.0154 1.1567 1.1011 1.1166 1.1416 1.2190 1.2160 1.0255
1.1526 1.0736 0.9705 1.0739 1.0473 1.2045 1.1142 1.4531 0.7776 1.2471 1.0344 0.7865 0.8383 0.7809 0.7066 0.9330
1.0847 0.9287 1.1855 0.9071 0.7598 0.9016 0.8708 1.0226 1.0702 1.0404 1.0865 0.9984 1.0455 0.9854 1.0732 1.0699
1.4148 1.4361 1.0963 1.1741 1.2313 1.0632 1.1114 1.0859 0.9437 0.8022 0.8595 0.7913 0.6712 0.6138 0.6480 0.6724
0.7311 0.8233 0.9079 0.8120 0.9067 0.8646 0.9854 0.9386 1.0000 0.9385 1.2114 1.2370 1.0000 1.3658 1.3929 1.4416
1.1046 0.9280 1.2116 1.0000 1.0290 0.9848 1.0781 1.0817 0.9627 0.9357 0.9367 0.9679 0.8846 0.9074 1.1253 0.9360
0.8029 0.7497 0.8313 0.9048 0.7962 0.8067 1.0283 0.9721 0.9798 1.0000 1.0000 1.2226 1.0000 1.1893 1.1837 1.2790
1.6224 1.2995 1.6990 1.2113 0.9850 1.1527 1.0637 1.0459 0.9802 0.9236 0.8191 0.8135 0.7124 0.7149 0.8605 0.8315
0.7977 0.8357 0.9327 1.0187 0.8757 0.9759 1.0709 1.0249 1.2802 1.1479 1.1910 0.9977 1.0983 1.1266 0.6735 0.6775
1.3462 1.1048 1.0000 1.0243 1.1552 1.1301 1.0158 1.0003 0.9860 0.9351 0.9221 1.0524 0.8891 0.9856 0.9420 1.0177
0.7664 0.5872 0.7627 0.6472 0.8884 0.8872 0.9870 0.9439 0.9823 1.0310 1.0838 1.2838 1.2188 1.1395 1.1127 1.5836
0.9845 1.0360 1.0999 0.9412 1.0027 1.0423 1.1272 1.1218 1.0000 1.5174 0.9680 0.8477 0.8653 0.7055 0.6344 0.8759
0.7362 0.7240 0.7580 0.9057 0.7970 0.7912 0.8087 1.0193 1.2020 1.0601 1.1178 1.0933 1.2543 1.3448 0.6856 1.5408
1.4966 1.2701 1.1396 1.2646 1.2244 1.3006 1.3071 1.2152 1.0196 0.8491 0.8711 0.9647 0.9534 0.7868 0.6930 0.8641
