1.3418 1.2007 1.0387 1.0977 0.9853 0.9435 1.0629 0.8971 1.1095 1.1519 0.8596 0.8411 0.9321 0.8257 0.7830 0.9476
1.0000 1.0804 1.3112 1.2650 1.1413 1.0006 1.1093 0.9559 0.8944 0.9264 0.8773 0.8688 0.8569 0.8941 0.8160 1.0000
1.0151 0.8803 0.9177 1.1369 0.8423 0.9452 1.0000 0.9518 0.9645 1.0477 0.9586 0.9575 1.0475 1.1743 1.0637 1.2609
1.3055 1.2122 1.1695 1.1451 1.0191 1.0759 1.0902 0.8978 0.9481 0.8717 0.8903 0.9327 0.8157 0.9370 0.7897 0.9752
1.2330 0.9704 0.9188 1.0389 0.9616 1.0006 0.9893 0.9024 1.0268 1.0821 1.0152 1.0867 0.8801 1.0670 1.0392 1.2991
1.2130 1.0840 1.0191 1.1500 0.9869 1.0710 1.0484 0.9646 0.9296 1.0077 1.0090 0.8553 0.8777 0.8400 0.9956 0.9452
1.1561 1.1022 1.0575 0.9962 0.9507 0.9474 1.0332 0.9741 0.8934 1.0653 0.9700 0.8538 0.9745 1.0239 1.0000 1.0280
1.3364 1.2266 1.1403 1.1046 1.1272 1.0935 1.0643 1.0080 1.0850 0.8965 0.9128 0.8299 0.8130 0.7922 0.7540 0.8155
0.6515 0.7060 0.8892 0.7372 0.9390 0.9502 0.8208 1.0410 1.0268 0.8925 1.0405 0.9905 1.2013 1.0194 1.1812 1.1853
1.1583 1.0037 1.0142 1.1234 1.0150 0.9636 0.9475 1.1945 0.8914 0.8862 0.9274 0.8774 0.9680 0.9667 1.0402 1.0429
0.6848 0.7297 0.8871 0.8144 0.9587 0.9762 0.9047 1.0192 0.9729 0.9621 1.1076 0.9286 1.2194 1.1031 0.9581 1.3449
1.2421 1.1463 1.1867 1.2075 1.0826 1.1008 1.1426 0.9603 0.9910 0.8832 0.8446 0.8934 0.8793 0.7924 0.8389 0.8022
0.9851 0.8341 0.7949 0.8984 0.8588 0.9112 0.8270 1.0558 0.9684 1.1287 1.2016 1.0298 1.1155 1.2146 1.1544 1.5583
1.2129 1.0831 1.1301 1.0513 0.8612 0.9866 1.0308 1.0418 0.9550 0.8728 0.9496 0.8779 0.9818 0.8755 1.0061 1.0685
1.1418 1.1521 0.9310 0.9082 1.0331 1.0486 0.9862 1.0697 1.0139 0.9436 0.9681 0.9880 0.9740 0.8104 0.7787 0.9450
1.0403 0.9269 1.0309 0.9044 0.9991 1.0691 0.9678 0.9957 1.0000 0.9169 0.9481 1.1265 1.0000 0.9981 0.9793 1.1387
0.9276 0.9209 0.9098 1.0000 0.9789 0.9376 1.0205 1.0994 0.9987 1.0116 1.0684 0.9996 1.0443 1.0910 1.2636 1.2607
1.4603 1.3570 1.0544 1.2823 0.9798 0.9971 1.1263 0.9795 0.9073 1.0000 1.0000 0.8804 1.0000 0.8286 0.8909 0.8990
1.5128 1.0228 1.1533 0.9115 0.7839 1.1086 1.0167 0.9777 1.0681 1.0500 0.9125 1.0266 0.9012 0.8799 0.9813 1.1677
1.1653 1.1232 1.1551 1.2190 0.9887 1.0270 0.9565 0.9109 1.0094 0.9788 0.9040 0.8067 0.8126 0.7731 0.5249 0.5195
1.2603 0.9226 1.0000 0.9293 1.1348 1.0564 0.9188 1.0053 0.9881 1.0417 0.9161 1.0870 0.8984 1.0735 0.9802 1.0814
0.7715 0.7462 0.9993 0.9930 1.1268 1.0122 0.9948 0.9483 0.9155 1.0903 0.9802 0.9795 0.9981 0.9992 0.9817 1.2077
1.0206 0.8686 0.9106 0.9867 0.8562 0.9451 0.8780 0.9307 1.0000 1.1125 0.9434 0.9544 1.1551 1.2863 1.3427 1.7109
1.0382 1.0904 0.8874 1.0486 0.8929 0.9937 0.9571 1.0283 1.1177 0.8912 0.9960 1.0346 0.9256 1.0239 0.5458 1.0236
1.0903 0.9621 0.8692 0.9151 0.9552 0.9894 1.0394 0.9929 1.0030 0.8891 1.0494 0.9814 1.1073 0.9624 1.0535 1.1650
