1.3481 1.1760 1.0342 1.0804 0.9733 0.9380 1.0714 0.8881 1.1085 1.1461 0.8435 0.8565 0.9393 0.8313 0.8023 0.9458
1.0000 1.0828 1.3004 1.2589 1.1371 0.9959 1.1023 0.9747 0.8868 0.9159 0.8688 0.8489 0.8701 0.8978 0.8287 1.0000
1.0153 0.8896 0.9141 1.1456 0.8444 0.9542 1.0000 0.9599 0.9872 1.0552 0.9545 0.9640 1.0272 1.1727 1.0674 1.2672
1.3343 1.2260 1.1746 1.1276 1.0237 1.0659 1.0867 0.9052 0.9598 0.8704 0.8812 0.9336 0.8078 0.9208 0.7768 0.9846
1.2237 0.9651 0.9135 1.0457 0.9815 1.0048 0.9848 0.9105 1.0152 1.0682 1.0237 1.0637 0.8764 1.0668 1.0348 1.2768
1.2524 1.0856 1.0253 1.1443 0.9951 1.0829 1.0340 0.9566 0.9354 1.0206 1.0041 0.8523 0.8605 0.8166 0.9847 0.9420
1.1929 1.1016 1.0594 1.0042 0.9523 0.9496 1.0223 0.9682 0.8814 1.0528 0.9657 0.8505 0.9776 1.0237 1.0000 1.0570
1.3972 1.2527 1.1607 1.1129 1.1467 1.0930 1.0454 0.9949 1.0373 0.8839 0.8919 0.7964 0.8033 0.7665 0.7514 0.8058
0.6545 0.7078 0.8805 0.7439 0.9277 0.9606 0.8316 1.0340 1.0314 0.9073 1.0475 0.9830 1.1968 0.9972 1.2026 1.1982
1.1438 0.9947 0.9990 1.1114 0.9967 0.9717 0.9523 1.1897 0.8911 0.8798 0.9447 0.9013 0.9861 0.9723 1.0508 1.0327
0.7083 0.7497 0.9274 0.8323 0.9888 0.9786 0.9144 1.0235 0.9688 0.9614 1.1028 0.9352 1.1855 1.1059 0.9506 1.2971
1.2813 1.1538 1.1833 1.2256 1.0997 1.1152 1.1386 0.9727 0.9879 0.8740 0.8478 0.8840 0.8402 0.7842 0.8149 0.7748
0.9940 0.8317 0.8173 0.9190 0.8600 0.9410 0.8370 1.0537 0.9590 1.1163 1.1753 1.0101 1.1120 1.1971 1.1536 1.4929
1.2384 1.0946 1.1361 1.0531 0.8635 0.9899 1.0318 1.0336 0.9509 0.8724 0.9415 0.8659 0.9788 0.8650 1.0057 1.0552
1.1742 1.1638 0.9274 0.9230 1.0470 1.0491 0.9908 1.0713 0.9959 0.9398 0.9497 0.9726 0.9639 0.7958 0.7769 0.9606
1.0366 0.9075 1.0488 0.9064 1.0055 1.0589 0.9715 1.0001 1.0000 0.9176 0.9543 1.1187 1.0000 0.9982 0.9917 1.1313
0.9233 0.9242 0.9342 1.0000 0.9904 0.9507 1.0225 1.0880 1.0017 1.0056 1.0424 0.9983 1.0433 1.0868 1.2296 1.2438
1.4609 1.3702 1.0329 1.2875 0.9733 0.9863 1.1315 0.9583 0.9084 1.0000 1.0000 0.8875 1.0000 0.8513 0.8904 0.9063
1.5162 1.0313 1.1514 0.9041 0.7890 1.1222 1.0160 0.9655 1.0583 1.0409 0.9036 1.0128 0.9001 0.8946 0.9942 1.1650
1.1702 1.1295 1.1688 1.1963 0.9979 1.0370 0.9396 0.9141 0.9907 1.0287 0.9039 0.7951 0.8305 0.7633 0.5194 0.5185
1.2567 0.9257 1.0000 0.9272 1.1770 1.0079 0.9309 1.0036 0.9694 0.9993 0.9056 1.0594 0.8879 1.0851 1.0104 1.1027
0.7205 0.7380 0.9830 1.0021 1.0858 1.0344 0.9949 0.9859 0.9495 1.0565 0.9715 0.9726 1.0083 0.9771 0.9815 1.1573
1.0420 0.8932 0.9256 1.0008 0.8615 0.9350 0.8676 0.9172 1.0000 1.1418 0.9419 0.9492 1.1703 1.2877 1.3676 1.7395
1.0455 1.0893 0.9038 1.0523 0.9095 0.9925 0.9538 1.0088 1.0918 0.8929 0.9947 1.0337 0.9322 1.0205 0.5458 1.0468
1.0793 0.9566 0.8766 0.9257 0.9486 0.9704 1.0246 0.9897 0.9811 0.8910 1.0527 0.9808 1.1029 0.9975 1.0729 1.1981
