1.2255 1.1579 1.1605 1.1888 1.0820 1.0177 1.1097 0.9160 1.1295 1.1127 0.8988 0.8302 0.9098 0.7316 0.7663 0.7345
1.0000 0.9743 0.9769 1.1730 1.1606 0.9679 0.9750 0.9771 0.8941 1.0377 0.9910 0.9743 0.9919 1.0707 0.8508 1.0000
1.1999 1.0962 0.9837 1.6006 1.0214 1.0422 1.0000 0.8831 1.0256 1.0755 1.0262 0.8940 0.9713 0.9297 0.8776 0.8852
1.1138 0.9671 1.0403 1.1209 1.0266 1.0327 1.1279 0.9772 1.0544 1.0009 0.9518 0.9267 0.9284 0.8790 0.9110 0.9967
1.4987 1.1333 1.0663 1.0818 0.9567 0.9661 1.0388 1.0081 0.8176 0.8837 1.0295 1.0964 0.8929 0.9337 0.9948 1.2011
0.9681 1.0254 0.8521 0.9499 0.8684 1.0178 1.1230 1.0029 0.8194 1.1912 0.9281 1.0683 1.0060 1.0144 0.9878 1.1580
1.3082 1.1248 1.1484 1.0658 1.0437 0.8948 0.9839 0.8373 0.8963 1.0218 0.9819 0.8568 0.9537 1.0732 1.0000 0.9785
1.0700 1.2117 0.9349 1.0655 1.0242 1.0743 1.0771 1.0890 1.1315 0.9362 0.9544 0.9711 0.8659 0.7829 0.8578 0.9548
0.7623 0.7722 0.9904 0.8633 0.8831 0.9699 0.8717 1.1271 1.0881 0.9690 1.1237 1.0660 1.1750 0.7861 1.2590 0.9589
0.8717 0.7910 0.8103 1.0184 0.9736 0.9830 1.0190 0.9239 0.9289 1.0732 0.9516 1.0107 1.1730 1.0879 1.1727 1.4072
0.6160 0.8040 0.8985 0.8780 0.9179 1.0164 1.0296 1.1446 1.0906 1.0308 0.8870 1.0001 1.0248 1.1198 0.9588 1.0165
1.1451 1.0554 1.0601 1.1353 1.0172 1.0804 1.1395 0.9774 1.0272 0.9133 0.8915 0.9784 0.9343 0.9099 0.9603 0.7713
0.9745 1.0854 1.0705 1.1243 1.0716 0.8961 0.8483 1.2553 0.8748 1.0307 1.0901 0.7818 0.8908 1.0403 0.9092 1.1127
0.9749 0.9306 0.9732 0.7788 0.9212 0.9245 0.8890 1.1241 0.9823 1.0363 1.0574 1.0121 1.0960 1.0038 1.1482 1.1014
1.4006 1.1389 1.0183 1.0474 1.1025 1.1291 1.0995 1.0931 0.9904 0.7653 0.9419 0.9116 0.8802 0.6555 0.6381 0.6693
0.8436 0.9052 1.0831 0.8696 0.8654 1.0328 1.0598 1.0258 1.0000 0.9253 1.0396 0.9394 1.0000 1.1305 1.1472 1.3431
1.0500 0.9209 1.0150 1.0000 0.9014 0.9853 1.0662 0.8817 1.0152 1.1027 1.0715 1.0315 0.9849 0.9629 1.0469 1.1209
1.2060 1.1981 0.8865 1.2324 0.9274 0.9720 1.1299 0.9112 0.8870 1.0000 1.0000 1.0293 1.0000 0.9070 1.0302 1.0436
1.3793 1.0567 1.3930 1.0649 0.8917 1.1505 1.0503 1.0552 1.0950 0.9098 0.8969 0.9363 0.8781 0.8107 0.8074 0.9673
1.0336 1.0453 1.1168 1.1639 0.9914 1.0355 0.9908 0.9779 1.0451 1.2117 0.9685 0.8623 0.7753 0.7780 0.5926 0.5324
1.4506 1.1143 1.0000 1.0509 1.2093 1.0830 0.9592 1.0223 0.9815 0.7937 0.9445 1.1168 0.9238 1.0414 1.0000 0.8562
0.5505 0.5957 0.9396 0.9096 0.8933 0.9984 1.0177 1.0601 1.0124 0.9727 1.0120 1.1810 1.1452 0.9244 0.9433 1.2701
1.1144 0.8926 0.9568 0.8549 0.9334 0.9622 0.9671 1.0387 1.0000 1.2292 1.0081 0.9534 1.0264 1.1128 0.9785 0.8890
0.9489 0.8663 0.7759 0.9298 0.8276 0.9926 0.8536 0.8844 1.1438 1.0249 1.1060 1.1324 1.1367 1.0913 0.5458 1.2027
1.5682 1.2943 1.1573 1.3083 1.2072 1.1209 1.2217 0.9986 0.9946 0.8352 0.9108 0.8084 0.8600 0.7783 0.7458 0.7777
