0.8154 0.8187 0.9065 0.9336 1.0109 1.0570 1.0242 1.1398 1.1506 1.1610 1.0260 0.9398 1.1146 1.0658 0.9221 0.9212
0.8932 0.8997 0.9967 1.0603 1.1142 1.2187 1.2042 0.9252 0.9759 0.9203 1.0791 1.0226 0.9670 0.8571 0.9871 0.7864
0.6744 0.7495 0.9232 0.9521 0.9708 1.0758 1.1371 1.0827 1.0709 1.2414 1.0160 0.9967 0.9271 0.9433 0.9120 0.7264
0.6969 0.7543 0.8665 0.9496 0.9418 1.0809 1.0920 1.0222 0.9606 1.1944 1.1270 1.0015 1.0695 0.9264 0.9731 0.7649
0.8172 0.8715 0.8816 0.9239 1.0000 1.0725 1.1340 1.0759 1.1443 1.2038 1.0116 1.0373 1.0011 1.0465 0.9480 0.7688
0.8737 0.8832 0.8995 0.9629 1.1290 1.0866 1.1462 1.0588 1.1581 1.1059 1.0696 1.0092 0.9873 0.9376 0.8650 0.8296
0.7567 0.8378 0.8993 0.9624 1.0078 1.0507 1.1303 1.1205 1.0884 1.0967 1.0881 1.0640 0.9705 0.8939 0.8281 0.9743
0.8916 0.8199 0.8718 0.9269 1.0000 1.0838 1.1880 1.0798 1.0943 1.0659 1.1540 1.0796 1.0433 0.9319 0.8498 0.9172
0.8292 0.8977 0.8621 0.8946 1.0101 1.0283 1.1626 1.0370 1.0689 1.1486 1.0335 1.0894 0.9990 1.0409 0.9007 0.8431
0.7432 0.8324 0.9336 1.0558 1.0050 1.0651 1.0784 1.1435 0.9828 1.0470 1.1498 0.9087 0.8941 0.9466 0.9873 0.9329
0.7704 0.7328 0.8165 0.8554 0.9840 1.0817 1.1644 1.0609 1.0561 1.1089 1.0527 1.0117 1.0733 1.0228 0.8940 0.9535
0.7744 0.8660 0.8964 0.9918 1.1723 1.1093 1.1228 0.8502 1.0134 1.2138 1.0626 0.9857 0.9483 1.0000 1.0000 0.6471
0.9457 0.8643 0.9320 0.9971 1.1211 1.1147 1.1083 0.9650 1.0970 0.9749 1.0633 0.9809 0.9905 0.8063 0.7952 0.9317
0.9070 0.9224 0.9327 1.0216 0.9703 1.0844 1.1335 1.0952 1.0720 1.0427 1.1289 0.9280 0.9370 1.0000 0.8219 0.7905
0.6917 0.7937 0.8687 0.9264 1.0175 1.1773 1.1082 1.0776 1.0653 1.0622 1.1060 1.1424 1.0365 0.8420 0.8754 0.7556
0.7653 0.8681 0.9500 1.0008 0.9743 1.0394 1.0906 1.0293 1.0533 1.0008 1.0197 1.0800 1.0044 0.9666 0.9233 0.8771
0.8973 0.7807 0.9098 0.8964 1.0580 1.1526 0.9733 1.1288 1.1053 1.1870 1.0147 1.0401 1.1141 0.9311 0.8955 0.8995
0.7221 0.8240 0.8389 0.8424 1.0155 1.0214 1.1410 1.0200 1.0244 1.1255 1.1035 1.0536 1.0413 1.0323 0.9540 0.9393
0.7253 1.0000 0.9155 0.9123 0.9645 1.1480 1.1296 1.0558 1.0439 1.1573 1.0918 0.9050 0.9782 0.8979 0.9088 0.8993
0.9158 0.8960 1.0083 0.9039 1.0707 1.1802 1.0113 1.0911 1.0894 1.1875 0.9871 1.1021 1.0000 0.9108 0.8816 0.7813
0.8852 0.8871 0.8962 0.9800 0.9418 1.0804 1.0391 1.0575 1.0502 0.9566 1.0570 1.1230 1.0587 1.0188 1.0302 0.9065
0.6133 0.7589 0.9108 0.9688 1.0000 1.0237 1.0079 1.0017 0.9908 1.0858 1.0089 1.0687 1.0026 0.9250 1.0000 0.7948
0.8550 0.7925 1.0066 0.9658 1.0857 1.1388 1.1491 0.9284 1.0715 1.1379 1.1369 1.0331 1.0664 0.9203 0.8873 0.8326
0.7774 0.7902 0.8863 0.9178 1.1874 1.0000 1.0560 1.1943 1.1057 1.0231 1.2248 0.9558 0.9533 0.9372 1.0206 0.9731
0.8394 0.9322 0.8909 0.9970 1.1082 1.1163 1.1750 1.1865 1.1301 1.1394 1.0573 0.9561 0.9413 0.8538 0.6900 0.6429
