1.3586 1.1725 1.0317 1.0867 0.9617 0.9362 1.0688 0.8925 1.0984 1.1300 0.8446 0.8488 0.9290 0.8652 0.8069 0.9439
1.0000 1.0793 1.3159 1.2543 1.1235 0.9919 1.0928 0.9735 0.8760 0.8980 0.8797 0.8483 0.8774 0.9037 0.8274 1.0000
1.0363 0.9007 0.9000 1.1395 0.8479 0.9516 1.0000 0.9548 0.9656 1.0688 0.9783 0.9764 1.0659 1.1874 1.0907 1.2716
1.3774 1.2050 1.1854 1.1174 1.0160 1.0724 1.0767 0.9101 0.9589 0.8687 0.8909 0.9409 0.8212 0.9386 0.7891 0.9914
1.2506 0.9776 0.9043 1.0177 0.9781 1.0266 0.9800 0.8964 1.0331 1.1084 1.0083 1.0765 0.8776 1.0642 1.0238 1.2553
1.2339 1.0745 1.0041 1.1399 0.9862 1.0668 1.0496 0.9571 0.9345 0.9932 1.0087 0.8507 0.8648 0.8437 1.0110 0.9354
1.2067 1.1020 1.0462 0.9971 0.9483 0.9579 1.0205 0.9652 0.8868 1.0426 0.9673 0.8399 0.9668 1.0739 1.0000 1.0554
1.3296 1.2490 1.1626 1.1298 1.1333 1.1064 1.0784 1.0196 1.0649 0.8804 0.8903 0.8171 0.7964 0.7612 0.7363 0.7898
0.6573 0.7128 0.8970 0.7490 0.9526 0.9563 0.8385 1.0192 1.0051 0.8761 1.0193 0.9576 1.1803 0.9990 1.1616 1.2651
1.1682 1.0212 1.0138 1.0985 1.0181 0.9884 0.9479 1.1843 0.8767 0.8625 0.9245 0.8768 0.9724 0.9727 1.0338 1.0044
0.7257 0.7451 0.8953 0.8193 0.9765 0.9768 0.9044 1.0168 0.9638 0.9596 1.1134 0.9281 1.2350 1.1091 0.9673 1.3168
1.2567 1.1392 1.1738 1.2252 1.0925 1.1025 1.1318 0.9638 0.9942 0.8793 0.8302 0.8841 0.8434 0.7753 0.8200 0.7775
1.0161 0.8378 0.8129 0.8877 0.8468 0.9124 0.8452 1.0745 0.9395 1.1268 1.2162 1.0397 1.1299 1.2316 1.1832 1.5540
1.2227 1.0653 1.1358 1.0467 0.8620 1.0061 1.0410 1.0251 0.9369 0.8588 0.9274 0.8597 0.9869 0.8594 1.0012 1.0524
1.1284 1.1718 0.9383 0.9074 1.0415 1.0345 0.9840 1.0615 1.0091 0.9518 0.9635 0.9806 0.9666 0.8087 0.7905 0.9736
1.0386 0.8917 1.0351 0.9112 1.0054 1.0556 0.9756 0.9934 1.0000 0.9081 0.9212 1.1115 1.0000 0.9830 0.9869 1.1290
0.9520 0.9235 0.9133 1.0000 1.0059 0.9361 1.0159 1.1216 1.0037 1.0042 1.0468 0.9832 1.0521 1.0607 1.2368 1.2467
1.4713 1.3455 1.0744 1.2847 0.9897 1.0172 1.1363 0.9764 0.9195 1.0000 1.0000 0.8951 1.0000 0.8360 0.8956 0.8940
1.5018 0.9864 1.1486 0.9069 0.7885 1.1051 1.0248 0.9868 1.0803 1.0446 0.8995 1.0160 0.9103 0.8942 0.9992 1.1812
1.1600 1.1058 1.1324 1.2187 0.9832 1.0362 0.9472 0.9116 1.0035 1.0287 0.9100 0.8165 0.8446 0.7922 0.5355 0.5333
1.2134 0.9536 1.0000 0.9535 1.1203 1.0526 0.9485 1.0170 0.9796 1.0210 0.9183 1.0563 0.8706 1.0406 0.9514 1.0496
0.7184 0.7311 0.9675 1.0056 1.0833 1.0084 0.9910 0.9561 0.9624 1.0646 0.9604 0.9742 1.0231 0.9984 0.9881 1.1423
1.0523 0.9006 0.9325 0.9884 0.8521 0.9217 0.8638 0.9223 1.0000 1.1199 0.9295 0.9316 1.1678 1.2988 1.3742 1.7473
1.0290 1.0912 0.8989 1.0566 0.9029 0.9836 0.9722 1.0312 1.1045 0.9017 0.9860 1.0322 0.9239 1.0489 0.5458 1.0386
1.0813 0.9336 0.8817 0.9110 0.9299 0.9432 1.0515 0.9878 0.9602 0.8993 1.0220 1.0015 1.1232 0.9769 1.0698 1.2139
