1.3252 1.1711 1.0550 1.0851 1.0021 0.9600 1.0675 0.8808 1.1239 1.1543 0.8732 0.8410 0.9447 0.8116 0.7947 0.9044
1.0000 1.0594 1.2806 1.2669 1.1350 1.0381 1.0947 0.9684 0.8873 0.9326 0.8687 0.8908 0.8794 0.9002 0.8145 1.0000
1.0714 0.9268 0.9097 1.1956 0.8820 0.9771 1.0000 0.9608 0.9856 1.0314 0.9444 0.9343 1.0250 1.1238 1.0717 1.2127
1.2825 1.1974 1.1323 1.1256 1.0161 1.0520 1.1183 0.8928 0.9862 0.8913 0.9265 0.9458 0.8265 0.9282 0.7927 0.9539
1.2892 1.0049 0.9245 1.0302 0.9439 0.9797 0.9784 0.8990 0.9314 1.0362 0.9661 1.0942 0.8818 1.1150 1.0782 1.3106
1.1768 1.0732 0.9815 1.1174 0.9822 1.0767 1.0686 0.9742 0.9178 1.0287 0.9666 0.8858 0.8915 0.8688 1.0012 0.9824
1.1792 1.1024 1.0417 0.9955 0.9731 0.9694 1.0340 0.9591 0.9030 1.0509 0.9529 0.8386 0.9498 1.0729 1.0000 1.0258
1.3697 1.2145 1.1436 1.0932 1.0909 1.0967 1.0594 1.0022 1.0940 0.8877 0.9045 0.8470 0.8102 0.7791 0.7697 0.8351
0.6575 0.7125 0.8755 0.7432 0.9238 0.9519 0.8395 1.0480 1.0456 0.9134 1.0800 1.0116 1.2094 0.9916 1.2279 1.2504
1.1274 0.9935 0.9774 1.1115 1.0139 0.9773 0.9467 1.1357 0.8695 0.8933 0.9348 0.8781 1.0195 0.9837 1.0921 1.0794
0.6667 0.7112 0.8821 0.8079 0.9599 0.9882 0.9145 1.0363 0.9812 0.9748 1.0658 0.9182 1.2280 1.1035 0.9799 1.2375
1.2637 1.1359 1.1580 1.1897 1.0612 1.0979 1.1235 0.9780 1.0249 0.8870 0.8362 0.8789 0.8615 0.8234 0.8715 0.8099
1.0404 0.8934 0.8516 0.9603 0.9022 0.9030 0.7688 0.9267 0.9448 0.9897 1.1271 0.9884 1.1456 1.2363 1.1843 1.5706
1.1794 1.0780 0.9815 0.9340 0.8625 1.0092 1.0227 1.0621 0.9666 0.9062 0.9531 0.9139 0.9963 0.9243 1.0556 1.1110
1.1932 1.1636 0.9389 0.9381 1.0452 1.0503 1.0039 1.0834 1.0071 0.9090 0.9508 0.9593 0.9603 0.7734 0.7647 0.9095
1.0060 0.9476 1.0398 0.9100 0.9950 1.0624 0.9919 0.9943 1.0000 0.9174 0.9539 1.0216 1.0000 1.0153 1.0279 1.1779
0.9233 0.9229 0.9181 1.0000 0.9666 0.9291 1.0166 1.0835 0.9934 1.0317 1.0512 1.0046 1.0476 1.1004 1.2720 1.2858
1.4434 1.3565 1.0386 1.2355 0.9741 0.9879 1.1183 0.9733 0.9233 1.0000 1.0000 0.8921 1.0000 0.8497 0.9027 0.9226
1.4517 1.0096 1.2155 0.9063 0.7913 1.1185 0.9990 1.0002 1.0841 1.0239 0.9115 1.0088 0.8894 0.8789 0.9740 1.1545
1.1685 1.1179 1.1558 1.2081 0.9869 1.0415 0.9461 0.9467 0.9975 1.0193 0.9102 0.8004 0.8071 0.7524 0.5331 0.5044
1.2731 0.9757 1.0000 0.9657 1.1720 1.0849 0.9181 1.0179 0.9677 0.9905 0.9202 1.0724 0.8561 1.0508 0.9778 1.0440
0.5548 0.7299 1.0114 1.0001 1.0878 1.0222 0.9722 0.9368 0.9247 1.0836 0.9686 0.9919 1.0477 0.9704 0.9827 1.2165
1.0242 0.8604 0.9011 0.9432 0.8442 0.9205 0.8782 0.9157 1.0000 1.1290 0.9533 0.9501 1.1339 1.2711 1.2850 1.5756
1.0389 1.0637 0.8901 1.0338 0.8883 0.9699 0.9378 1.0057 1.1046 0.9236 1.0147 1.0314 0.9493 1.0319 0.5458 1.0774
1.2565 1.0947 0.9784 1.0296 1.0528 1.0629 1.0843 1.0051 1.0121 0.8641 1.0274 0.9267 0.9935 0.9059 0.9119 1.0065
