1.3064 1.1867 1.0348 1.1058 0.9971 0.9800 1.0743 0.9053 1.1235 1.1540 0.8657 0.8374 0.9256 0.8251 0.8013 0.8900
1.0000 1.0612 1.2344 1.2480 1.1390 1.0088 1.0970 0.9738 0.8954 0.9351 0.8912 0.8959 0.8866 0.9214 0.8276 1.0000
1.0835 0.9272 0.9066 1.2514 0.8522 0.9653 1.0000 0.9459 0.9588 1.0344 0.9636 0.9323 1.0420 1.1070 1.0711 1.1943
1.2847 1.1677 1.1355 1.1247 1.0243 1.0796 1.1035 0.8943 0.9666 0.9010 0.9185 0.9575 0.8305 0.9347 0.8083 0.9678
1.3236 1.0258 0.9350 1.0345 0.9497 0.9713 1.0001 0.9051 0.9068 1.0034 0.9825 1.0793 0.8854 1.1210 1.0736 1.3199
1.1712 1.0874 0.9872 1.0855 0.9663 1.0695 1.0583 0.9915 0.9069 1.0450 0.9563 0.8928 0.9026 0.8683 1.0198 0.9972
1.2056 1.1072 1.0439 1.0318 0.9608 0.9598 1.0212 0.9579 0.8850 1.0443 0.9566 0.8401 0.9801 1.0876 1.0000 1.0033
1.3421 1.2084 1.1078 1.0803 1.1061 1.0994 1.0607 1.0273 1.1098 0.8956 0.8912 0.8482 0.8193 0.7643 0.8032 0.8357
0.6643 0.7145 0.8939 0.7729 0.9460 0.9770 0.8354 1.0585 1.0433 0.9179 1.0792 0.9984 1.2269 0.9590 1.2243 1.1611
1.1179 0.9496 0.9193 1.0971 0.9923 0.9566 0.9349 1.1487 0.8770 0.8842 0.9247 0.9210 1.0354 1.0187 1.1418 1.1596
0.6596 0.7297 0.8961 0.8300 0.9332 0.9800 0.9319 1.0090 0.9796 0.9752 1.0749 0.9262 1.1828 1.1264 0.9719 1.2553
1.2624 1.1035 1.1539 1.1905 1.0801 1.0934 1.1234 0.9730 1.0016 0.8779 0.8556 0.8851 0.8798 0.8210 0.8759 0.8188
1.0137 0.8862 0.8475 0.9525 0.8785 0.8823 0.7980 1.1262 0.9271 1.0522 1.1786 0.9777 1.0773 1.1651 1.1170 1.4927
1.1209 1.0467 1.1045 0.9589 0.8538 0.9694 1.0158 1.0651 0.9630 0.9193 0.9663 0.8928 1.0099 0.9119 1.0574 1.1077
1.2127 1.1565 0.9471 0.9102 1.0222 1.0756 1.0286 1.0711 1.0015 0.9117 0.9667 0.9704 0.9260 0.7894 0.7676 0.9063
0.9813 0.9395 1.0431 0.8805 0.9725 1.0376 0.9861 1.0141 1.0000 0.9083 0.9611 1.0724 1.0000 1.0291 1.0515 1.2127
0.9463 0.9375 0.9405 1.0000 0.9758 0.9453 1.0294 1.0331 0.9957 1.0289 1.0585 0.9847 1.0644 1.0520 1.2469 1.2936
1.4386 1.3784 1.0124 1.2629 0.9573 0.9930 1.1239 0.9749 0.9018 1.0000 1.0000 0.8992 1.0000 0.8437 0.9256 0.9592
1.4442 1.0196 1.1682 0.9346 0.8266 1.1098 1.0291 0.9818 1.0965 1.0254 0.8936 0.9990 0.8748 0.8821 0.9726 1.1345
1.1471 1.1013 1.1449 1.2204 0.9930 1.0440 0.9492 0.9513 1.0161 1.0533 0.9090 0.8108 0.7813 0.7619 0.5463 0.5182
1.3550 0.9617 1.0000 0.9286 1.1295 1.0568 0.9206 0.9894 0.9927 0.9684 0.9541 1.1005 0.8933 1.0511 1.0057 1.0558
0.6374 0.7157 0.9816 0.9479 1.0436 1.0239 1.0053 0.9582 0.9222 1.0941 0.9581 1.0178 1.0744 0.9758 0.9876 1.2838
1.0265 0.8636 0.9108 0.9541 0.8555 0.9384 0.8859 0.9422 1.0000 1.1663 0.9382 0.9241 1.1344 1.2645 1.2443 1.5009
1.0214 1.0405 0.8587 1.0264 0.8866 0.9884 0.9227 0.9772 1.1042 0.9366 1.0086 1.0443 0.9803 1.0601 0.5458 1.0912
1.3123 1.0691 1.0024 1.0547 1.0606 1.0703 1.1192 1.0334 1.0318 0.8613 1.0019 0.9006 0.9875 0.8891 0.8740 0.9717
