1.3187 1.2473 1.2974 1.3291 1.1486 1.0451 1.1368 0.9511 1.0868 1.0590 0.8413 0.8076 0.8297 0.7138 0.6299 0.6209
1.0000 0.8157 0.8878 0.9876 0.9874 0.9351 1.0378 0.9965 0.9579 1.1166 1.0687 0.9856 1.0519 1.1647 1.0176 1.0000
1.3731 1.3259 1.3654 2.1238 1.1033 1.2075 1.0000 0.8995 1.0756 1.0147 0.8483 0.7615 0.8571 0.9036 0.7135 0.7354
0.9478 0.7644 0.8814 0.9632 0.8628 0.9506 0.9892 0.9442 1.1253 1.1102 1.0276 1.0058 1.0203 1.0039 1.0357 1.3377
1.4396 1.1366 1.0574 0.9753 0.9550 1.0773 1.1656 1.1513 0.9265 1.0487 1.0046 0.9812 0.9116 0.9217 0.8937 1.0112
0.7854 0.8254 0.7319 0.8573 0.8651 0.9478 1.1766 1.0294 0.8755 1.2055 1.0262 1.2180 1.1038 1.0655 1.0926 1.3394
1.6533 1.2799 1.2552 1.2154 1.1820 0.9482 0.9635 0.8435 0.8960 0.9126 0.8647 0.8208 0.8456 0.9884 1.0000 0.7892
0.9685 1.0131 0.8951 0.9549 0.8793 1.0380 1.0743 1.1715 1.1665 1.0014 0.9845 1.0457 0.8955 0.8591 0.9589 1.0811
0.9517 0.9156 1.1327 0.9763 0.9917 1.1210 0.9262 1.1424 1.0947 0.9407 1.0807 0.9980 1.0271 0.8402 1.0800 1.0016
0.9192 0.7318 1.0575 0.8519 0.9538 0.9925 0.8834 1.0218 0.9193 1.0812 0.9132 1.0652 1.2664 1.1598 1.1653 1.7547
0.6586 1.0144 1.0339 0.8966 0.9561 1.0980 1.0965 1.1264 1.1089 1.0038 0.8768 0.9360 0.9740 0.9391 0.8167 1.2366
0.8672 0.8129 0.8843 0.9483 0.8953 0.9780 1.0336 0.9377 1.0043 1.0680 1.0391 1.1330 1.0932 1.1796 1.2308 0.9066
1.1466 1.1829 1.1102 1.2426 1.0358 1.0957 1.0875 1.4978 0.7236 1.1652 1.1008 0.7729 0.6914 0.8225 0.6761 0.9181
0.9984 0.8266 0.9987 0.7907 0.7728 0.8470 0.8133 1.0541 1.0140 1.0658 1.1256 1.0705 1.1360 1.0993 1.2604 1.1587
1.4844 1.2675 1.0476 1.1288 1.1789 1.0694 1.1552 1.0643 0.9139 0.8020 0.8848 0.8488 0.7649 0.6322 0.6440 0.6437
0.7737 0.9284 0.9038 0.8539 0.8744 0.9009 1.0041 0.9499 1.0000 0.9538 1.0897 1.0803 1.0000 1.2783 1.3324 1.4109
1.1414 0.9314 1.1446 1.0000 0.9298 1.0246 1.0445 0.9230 0.9907 1.0404 0.9817 0.9375 0.9059 0.9677 1.0519 0.9995
0.8664 0.8944 0.7738 0.9828 0.8351 0.8624 1.1033 0.9607 0.9441 1.0000 1.0000 1.1699 1.0000 1.0809 1.1753 1.1863
1.5086 1.2122 1.6990 1.2787 1.0172 1.2323 1.1434 1.0997 1.0359 0.8704 0.9233 0.7637 0.6904 0.7141 0.7481 0.7572
0.8229 0.9126 1.0372 0.9411 0.9716 1.0214 1.0191 1.0488 1.1963 1.5368 1.1060 1.0126 1.0266 0.9706 0.6703 0.6023
1.5028 1.1774 1.0000 1.1467 1.2433 1.2133 1.0891 1.0206 0.9927 0.8636 0.8979 1.0041 0.8630 0.9298 0.8578 0.8472
0.6675 0.5697 0.7969 0.6926 0.8049 0.9218 0.9868 1.0033 1.0577 0.9786 1.0554 1.3411 1.2498 1.0554 1.1378 1.5255
1.0505 0.9794 1.0838 0.8973 0.9880 1.0716 1.1230 1.1307 1.0000 1.4953 1.0021 0.9061 0.8731 0.7779 0.6328 0.7200
0.7488 0.7177 0.7188 0.7774 0.7897 0.8449 0.8400 0.9620 1.1501 1.0931 1.1362 1.1811 1.2724 1.2734 0.5458 1.4304
1.4823 1.3817 1.1660 1.3221 1.2022 1.1622 1.2813 1.0695 0.9870 0.9374 0.9517 0.9665 0.9413 0.9345 1.0984 0.9007
