1.3356 1.1856 1.0360 1.0946 0.9801 0.9356 1.0681 0.8979 1.1084 1.1475 0.8504 0.8367 0.9401 0.8301 0.8178 0.9296
1.0000 1.0900 1.3005 1.2717 1.1372 1.0115 1.0982 0.9598 0.8798 0.9170 0.8738 0.8607 0.8770 0.8988 0.8308 1.0000
1.0446 0.9152 0.9354 1.2020 0.8452 0.9493 1.0000 0.9274 0.9711 1.0493 0.9460 0.9474 1.0247 1.1728 1.0834 1.2573
1.3491 1.2114 1.1653 1.1468 1.0034 1.0594 1.0912 0.9038 0.9640 0.8826 0.8985 0.9353 0.8050 0.9199 0.7938 0.9777
1.2573 0.9725 0.8927 1.0146 0.9577 0.9824 0.9680 0.9000 1.0058 1.0556 0.9829 1.0782 0.8831 1.1065 1.0562 1.3087
1.1913 1.0662 0.9953 1.0985 0.9648 1.0649 1.0743 0.9779 0.9254 1.0400 1.0058 0.8829 0.9011 0.8368 1.0057 0.9759
1.1849 1.0965 1.0315 0.9847 0.9425 0.9699 1.0246 0.9763 0.9006 1.0502 0.9835 0.8336 0.9677 1.0545 1.0000 1.0456
1.3483 1.2320 1.1422 1.0794 1.0778 1.0940 1.0395 0.9996 1.0727 0.9038 0.9045 0.8404 0.8258 0.8001 0.7704 0.8468
0.6618 0.7184 0.8799 0.7503 0.9541 0.9679 0.8193 1.0360 1.0429 0.9148 1.0786 0.9850 1.1966 1.0139 1.2103 1.2678
1.1634 0.9952 0.9903 1.1034 0.9983 0.9668 0.9549 1.1578 0.8564 0.8743 0.9194 0.8924 0.9845 0.9922 1.0773 1.0997
0.6655 0.7323 0.8799 0.7968 0.9554 0.9482 0.8848 1.0779 1.0200 0.9439 1.0706 0.9134 1.2600 1.0784 0.9565 1.3059
1.2566 1.1420 1.1787 1.2160 1.0928 1.1140 1.1463 0.9796 0.9982 0.8798 0.8384 0.8736 0.8454 0.8038 0.8302 0.7978
1.0215 0.8461 0.8177 0.9154 0.8665 0.9047 0.8224 1.0151 0.9321 1.1296 1.1824 1.0172 1.1063 1.1851 1.1290 1.5320
1.2134 1.0751 1.1180 1.0144 0.8580 0.9979 1.0348 1.0323 0.9628 0.8888 0.9419 0.8881 0.9747 0.8743 1.0000 1.0925
1.2175 1.1613 0.9208 0.9009 1.0399 1.0243 0.9865 1.0634 1.0121 0.9354 0.9665 0.9714 0.9568 0.8061 0.7778 0.9347
1.0412 0.9519 1.0653 0.9207 0.9942 1.0525 0.9652 0.9759 1.0000 0.8995 0.9345 1.0734 1.0000 1.0032 1.0031 1.1797
0.9585 0.9501 0.9281 1.0000 0.9808 0.9296 1.0385 1.0832 0.9811 1.0081 1.0338 0.9908 1.0395 1.0753 1.2429 1.2888
1.4992 1.3429 1.0442 1.2755 0.9959 1.0092 1.1201 0.9672 0.8949 1.0000 1.0000 0.8881 1.0000 0.8227 0.8861 0.9049
1.5264 1.0270 1.1979 0.9246 0.8051 1.1098 0.9996 0.9704 1.0770 1.0261 0.8950 1.0151 0.9007 0.8711 0.9910 1.1341
1.1712 1.1287 1.1653 1.2219 0.9926 1.0366 0.9515 0.9266 0.9841 1.0051 0.9093 0.8054 0.7938 0.7548 0.5231 0.5122
1.2628 0.9413 1.0000 0.9423 1.0405 1.0184 0.9020 0.9941 0.9671 1.0351 0.9324 1.0930 0.9117 1.1012 1.0237 1.1204
0.7433 0.7439 0.9897 1.0114 1.1051 1.0128 0.9523 0.9380 0.9415 1.0765 0.9535 0.9750 1.0478 0.9946 1.0110 1.2185
1.0364 0.8782 0.9032 0.9560 0.8623 0.9256 0.8522 0.9291 1.0000 1.1348 0.9170 0.9303 1.1469 1.2580 1.3419 1.6475
1.0407 1.0898 0.9157 1.0554 0.8900 0.9794 0.9561 0.9891 1.0845 0.8919 1.0056 1.0189 0.9284 1.0341 0.5458 1.0791
1.1896 1.0192 0.9351 0.9783 1.0035 1.0091 1.0795 0.9881 0.9857 0.8898 1.0330 0.9609 1.0381 0.9541 1.0048 1.1170
