0.7192 0.7897 0.8337 0.8737 1.0105 1.0845 1.0560 1.1816 1.1669 1.1740 1.0464 1.0284 1.0605 1.0135 0.8564 0.8597
0.8260 0.8622 0.9353 1.0304 1.0893 1.2310 1.2214 0.9741 1.0573 0.9805 1.1068 1.0070 0.9277 0.8519 0.9675 0.7444
0.6550 0.7081 0.9219 0.9154 0.9585 1.0693 1.1524 1.0897 1.0769 1.2489 1.0262 0.9480 0.8898 0.9020 0.8805 0.7178
0.6604 0.7548 0.8339 0.9497 0.9771 1.0907 1.0951 1.0405 1.0006 1.1821 1.1475 0.9554 1.0395 0.8747 0.9186 0.7616
0.7138 0.7723 0.7969 0.9085 1.0000 1.0304 1.0823 1.0776 1.1436 1.2065 1.0793 1.0322 1.0093 1.0306 0.9231 0.8202
0.8260 0.8524 0.8667 0.9397 1.1353 1.0757 1.1718 1.1384 1.1778 1.1147 1.0568 1.0308 0.9705 0.9343 0.8525 0.8444
0.7759 0.8047 0.8624 0.9431 1.0274 1.0316 1.1745 1.1662 1.1226 1.1140 1.0937 1.0511 0.9612 0.9097 0.8268 0.9143
0.8724 0.8032 0.8593 0.9434 1.0000 1.1282 1.2084 1.1297 1.0826 1.0748 1.1595 1.0797 1.0080 0.9084 0.8412 0.9023
0.8144 0.8669 0.8312 0.8923 0.9934 1.0047 1.1258 1.0260 1.1135 1.1366 1.0473 1.1234 0.9850 1.0205 0.8903 0.8457
0.6918 0.7665 0.8587 0.9526 0.9815 1.0333 1.0311 1.0893 1.0209 1.0538 1.2155 1.0064 0.9268 0.9859 0.9870 0.9796
0.7129 0.6407 0.7433 0.7825 0.9552 1.0461 1.1175 1.0613 1.0252 1.0772 1.0481 0.9533 1.0108 0.9631 0.8397 0.9716
0.7371 0.8237 0.9086 0.9538 1.1587 1.1280 1.1230 0.8909 1.0454 1.2294 1.0803 0.9591 0.9581 1.0000 1.0000 0.7010
0.9177 0.8889 0.9118 1.0186 1.1328 1.1188 1.1984 1.0501 1.1464 1.0729 1.0584 1.0369 0.9661 0.8571 0.8086 0.9164
0.8815 0.8808 0.9390 1.0036 0.9899 1.0953 1.1597 1.1560 1.1094 1.0691 1.1803 0.9587 0.9363 1.0000 0.8264 0.7977
0.7008 0.7440 0.8871 0.9152 0.9900 1.1636 1.0672 1.0688 1.0514 1.0881 1.0966 1.1350 0.9760 0.8799 0.8762 0.8117
0.6531 0.7772 0.9006 0.9527 0.9951 1.0499 1.1029 1.0614 1.0855 1.0345 1.0254 1.0444 0.9803 0.9857 0.9402 0.8522
0.8557 0.7917 0.8802 0.8995 1.0344 1.1554 1.0113 1.1815 1.1684 1.1753 1.0562 1.0336 1.0724 0.9214 0.8765 0.8840
0.7102 0.7481 0.7895 0.8075 0.9920 1.0161 1.1212 1.0024 1.0128 1.1004 1.0631 1.0487 1.0075 1.0087 0.8655 0.8839
0.6885 1.0000 0.8849 0.8941 0.9632 1.1221 1.1336 1.0967 1.0972 1.1816 1.1089 0.9310 0.9598 0.9012 0.8598 0.8622
0.8010 0.8228 0.9009 0.8356 1.0118 1.1401 1.0190 1.0800 1.0905 1.1962 1.0795 1.1382 1.0000 0.9716 0.9506 0.9441
0.8465 0.8842 0.8729 0.9775 0.9785 1.1176 1.0749 1.0630 1.0465 0.9790 1.0691 1.1207 0.9950 0.9892 0.9879 0.9111
0.6077 0.7591 0.9065 0.9686 1.0000 1.0848 1.0554 1.0834 1.0603 1.1142 1.0398 1.0258 0.9781 0.8977 1.0000 0.8020
0.8673 0.8017 0.9403 0.9499 1.0692 1.1682 1.1989 0.9832 1.0956 1.1258 1.1546 1.0203 1.0185 0.9310 0.8739 0.8070
0.7483 0.7960 0.8667 0.9370 1.2232 1.0000 1.0967 1.2027 1.1253 1.0735 1.2304 0.9500 0.9197 0.9158 0.9538 0.9494
0.8541 0.9037 0.8785 0.9499 1.0862 1.1299 1.1831 1.1983 1.2116 1.1618 1.1038 0.9623 0.9677 0.8929 0.7777 0.7307
