1.3729 1.1887 1.0285 1.0862 0.9680 0.9386 1.0492 0.8971 1.0957 1.1380 0.8359 0.8472 0.9345 0.8693 0.8298 0.9451
1.0000 1.0913 1.3378 1.2726 1.1241 0.9849 1.1030 0.9528 0.8755 0.9097 0.8509 0.8449 0.8649 0.8955 0.8505 1.0000
1.0682 0.9231 0.8331 1.2053 0.8660 0.9716 1.0000 0.9560 0.9967 1.0293 0.9354 0.9549 1.0438 1.1952 1.0849 1.2528
1.3611 1.2218 1.1724 1.1446 1.0114 1.0593 1.0944 0.9181 0.9566 0.8655 0.8996 0.9468 0.8120 0.9312 0.7866 1.0057
1.2206 0.9868 0.8932 1.0209 0.9648 1.0254 0.9854 0.9052 1.0495 1.1192 0.9035 1.0678 0.8967 1.0652 1.0390 1.2626
1.2529 1.0592 1.0019 1.1492 0.9826 1.0686 1.0586 0.9566 0.9455 0.9861 1.0115 0.8564 0.8569 0.8329 1.0175 0.9659
1.2172 1.0990 1.0622 0.9931 0.9668 0.9546 1.0233 0.9670 0.8851 1.0292 0.9597 0.8226 0.9745 1.0601 1.0000 1.0786
1.3799 1.2309 1.1816 1.1123 1.1360 1.1187 1.0533 1.0082 1.0579 0.9044 0.8938 0.8151 0.7885 0.7805 0.7502 0.8051
0.6411 0.6871 0.8599 0.7296 0.9404 0.9470 0.8140 1.0092 0.9989 0.8710 1.0088 0.9461 1.1836 1.0204 1.1848 1.2683
1.1753 1.0154 1.0147 1.0976 1.0068 0.9720 0.9451 1.2145 0.8746 0.8580 0.9345 0.8784 0.9910 0.9765 1.0605 1.0189
0.7177 0.7468 0.9100 0.8054 0.9849 0.9875 0.8932 1.0071 0.9631 0.9515 1.1036 0.9045 1.2623 1.0936 0.9421 1.3311
1.2842 1.1347 1.1851 1.2221 1.0808 1.1057 1.1377 0.9633 1.0112 0.8827 0.8411 0.8776 0.8416 0.8008 0.8365 0.8025
1.0048 0.7876 0.7841 0.8673 0.8317 0.9136 0.8399 1.0534 0.9673 1.1082 1.1891 1.0186 1.1279 1.2283 1.2236 1.5456
1.2783 1.0801 1.1198 1.0507 0.8405 1.0043 1.0463 1.0144 0.9468 0.8562 0.9187 0.8615 0.9813 0.8607 1.0261 1.0901
1.1354 1.1775 0.9308 0.9155 1.0586 1.0268 0.9850 1.0633 1.0112 0.9701 0.9463 0.9724 0.9703 0.8061 0.9127 0.9842
1.0702 0.8873 1.0949 0.9047 1.0051 1.0463 0.9626 0.9864 1.0000 0.9038 0.9212 1.1027 1.0000 0.9917 0.9814 1.1240
0.9234 0.9229 0.9211 1.0000 0.9997 0.9229 1.0445 1.1349 1.0459 0.9871 1.0408 0.9796 1.0366 1.0675 1.2584 1.2486
1.5112 1.3805 1.0619 1.2876 0.9675 0.9884 1.1267 0.9845 0.9180 1.0000 1.0000 0.9011 1.0000 0.8552 0.9197 0.8970
1.5184 0.9984 1.1524 0.9022 0.7846 1.1124 0.9994 0.9787 1.0824 1.0462 0.9363 1.0107 0.9155 0.9002 1.0115 1.1833
1.1670 1.1256 1.1646 1.2183 0.9789 1.0481 0.9417 0.9093 0.9986 1.0287 0.9036 0.8066 0.8466 0.8030 0.5363 0.5453
1.1566 0.9522 1.0000 0.9295 1.1074 1.0473 0.9194 1.0032 0.9590 1.0283 0.9049 1.0552 0.9051 1.0676 0.9719 1.0955
0.7828 0.7799 1.0016 1.0040 1.1043 1.0022 0.9921 0.9542 0.9414 1.0721 0.9456 0.9972 1.0040 0.9863 0.9826 1.1692
1.0698 0.9094 0.9172 0.9916 0.8540 0.9234 0.8686 0.9007 1.0000 1.0842 0.9378 0.9744 1.1804 1.3404 1.4397 1.8474
1.0501 1.1139 0.9075 1.0659 0.9015 0.9890 0.9701 1.0328 1.0984 0.8808 0.9756 1.0111 0.9053 1.0341 0.5458 1.0526
1.0467 0.8977 0.8520 0.8843 0.9091 0.9327 1.0025 0.9837 0.9575 0.8919 1.0149 1.0364 1.1434 1.0217 1.0985 1.2541
