1.3122 1.1635 1.0748 1.1090 1.0156 0.9805 1.0747 0.8849 1.1344 1.1220 0.8699 0.8373 0.9316 0.7914 0.8150 0.8808
1.0000 1.0884 1.1880 1.2641 1.1464 1.0291 1.0611 0.9756 0.8776 0.9704 0.9023 0.8763 0.8787 0.9339 0.8211 1.0000
1.1068 0.9671 0.9042 1.3290 0.9075 0.9735 1.0000 0.9394 0.9686 1.0265 0.9707 0.9326 1.0342 1.0364 1.0737 1.1375
1.2663 1.1452 1.0929 1.1334 1.0100 1.0473 1.0866 0.9123 0.9827 0.9372 0.9122 0.9572 0.8597 0.9565 0.8255 0.9709
1.3581 1.0350 0.9858 1.0430 0.9470 0.9512 0.9940 0.9205 0.8762 0.9742 0.9885 1.1104 0.9043 1.0963 1.0765 1.3229
1.1356 1.0972 0.9931 1.0916 0.9653 1.0800 1.0669 0.9719 0.8542 1.0556 0.9278 0.9320 0.8989 0.8928 1.0069 1.0170
1.2087 1.1067 1.0865 1.0008 0.9653 0.9372 1.0157 0.9478 0.8934 1.0434 0.9617 0.8479 0.9814 1.0358 1.0000 1.0445
1.2967 1.2287 1.0628 1.0741 1.0967 1.0699 1.0764 1.0088 1.1082 0.9138 0.9180 0.8616 0.8215 0.7686 0.8339 0.8759
0.6792 0.7254 0.8921 0.7681 0.9436 0.9574 0.8426 1.0644 1.0644 0.9206 1.0686 1.0046 1.2133 0.9693 1.2427 1.1148
1.0696 0.9533 0.9364 1.1095 0.9900 0.9914 0.9717 1.0852 0.8873 0.9170 0.9414 0.9176 1.0338 0.9897 1.1110 1.1829
0.6508 0.7510 0.8847 0.8351 0.9270 0.9992 0.9429 1.0698 1.0342 0.9638 1.0571 0.9180 1.1380 1.1047 0.9872 1.1794
1.2607 1.0937 1.1162 1.1449 1.0505 1.0979 1.1248 0.9824 0.9913 0.8789 0.8599 0.9299 0.9065 0.8420 0.9043 0.8109
0.9742 0.8866 0.8589 0.9581 0.9202 0.8717 0.7958 1.1555 0.9261 1.0638 1.1697 0.9501 1.0733 1.1694 1.1127 1.4400
1.1053 1.0413 1.0815 0.9184 0.8609 0.9511 1.0035 1.0852 0.9722 0.9426 0.9835 0.9086 1.0323 0.9307 1.0779 1.0874
1.2906 1.1473 0.9609 0.9472 1.0417 1.0871 1.0168 1.0627 0.9916 0.8701 0.9555 0.9617 0.9584 0.7613 0.7601 0.8618
0.9804 0.9556 1.0194 0.8894 0.9315 1.0378 0.9903 1.0008 1.0000 0.9123 0.9720 1.0369 1.0000 1.0599 1.0925 1.2475
0.9602 0.9188 0.9483 1.0000 0.9476 0.9372 1.0349 0.9836 0.9754 1.0418 1.0682 1.0406 1.0662 1.0659 1.2567 1.3315
1.3649 1.3159 1.0033 1.2321 0.9452 0.9739 1.1375 0.9326 0.8901 1.0000 1.0000 0.9431 1.0000 0.8615 0.9537 0.9722
1.4299 1.0320 1.2214 0.9547 0.8427 1.1213 1.0412 0.9952 1.0897 0.9745 0.8938 1.0120 0.8874 0.8569 0.9412 1.0930
1.1060 1.1219 1.1681 1.1890 0.9914 1.0347 0.9409 0.9431 1.0114 1.1053 0.9350 0.8172 0.8403 0.7591 0.5388 0.5123
1.3362 0.9988 1.0000 0.9825 1.1563 1.1094 0.8959 1.0237 1.0117 0.9544 0.9390 1.1002 0.8687 1.0657 0.9520 0.9648
0.6351 0.7181 0.9729 0.9659 1.0500 1.0578 0.9885 1.0027 0.9375 1.0459 0.9643 1.0267 1.0711 0.9386 0.9652 1.2687
1.0162 0.8435 0.9056 0.9298 0.8498 0.9365 0.8875 0.9452 1.0000 1.1699 0.9543 0.9656 1.1496 1.2490 1.2888 1.3776
1.0258 1.0289 0.8549 1.0345 0.8748 0.9762 0.9038 0.9445 1.1221 0.9225 1.0216 1.0713 0.9866 1.0497 0.5458 1.1145
1.3478 1.1589 1.0215 1.1047 1.0786 1.0514 1.1134 0.9924 1.0133 0.8648 0.9934 0.8744 0.9934 0.8494 0.8721 0.9361
