0.7098 0.7706 0.8432 0.8746 1.0305 1.0955 1.0530 1.1795 1.1599 1.1675 1.0188 1.0371 1.0546 1.0182 0.8597 0.8748
0.8307 0.8329 0.9534 1.0404 1.0913 1.2549 1.2110 0.9776 1.0384 0.9697 1.1027 1.0076 0.9229 0.8713 0.9862 0.7619
0.6456 0.6954 0.9049 0.9056 0.9648 1.1002 1.1404 1.0902 1.0744 1.2417 1.0162 0.9656 0.9001 0.9001 0.8779 0.7117
0.6535 0.7499 0.8399 0.9626 0.9885 1.0818 1.1174 1.0540 1.0084 1.1587 1.1041 0.9626 1.0336 0.8815 0.9107 0.7436
0.7088 0.7669 0.7787 0.9017 1.0000 1.0330 1.0522 1.0545 1.1680 1.2473 1.0731 1.0464 0.9691 1.0367 0.9898 0.8362
0.8157 0.8396 0.8649 0.9416 1.1398 1.0750 1.1864 1.1501 1.1727 1.1154 1.0581 1.0242 0.9888 0.9146 0.8619 0.8489
0.7603 0.8092 0.8548 0.9419 1.0228 1.0393 1.1989 1.1635 1.0933 1.0868 1.0971 1.0505 0.9765 0.9236 0.8203 0.9227
0.8749 0.7918 0.8501 0.9326 1.0000 1.1081 1.2271 1.1307 1.0817 1.0739 1.1562 1.1007 1.0127 0.9189 0.8369 0.8903
0.8080 0.8702 0.8356 0.8716 1.0182 1.0491 1.1128 1.0316 1.0946 1.1330 1.0283 1.1288 0.9700 1.0329 0.8918 0.8541
0.6935 0.7524 0.8503 0.9399 0.9746 1.0261 1.0683 1.1026 1.0118 1.0434 1.1653 0.9984 0.9076 0.9860 0.9936 0.9851
0.7215 0.6549 0.7383 0.7983 0.9515 1.0400 1.1322 1.0383 1.0374 1.0749 1.0243 0.9853 1.0156 0.9625 0.8497 0.9552
0.7339 0.8086 0.9250 0.9701 1.1458 1.1441 1.1256 0.9020 1.0485 1.2049 1.0927 0.9578 0.9445 1.0000 1.0000 0.7024
0.9268 0.8845 0.9002 1.0033 1.1238 1.1221 1.1721 1.0509 1.1294 1.0603 1.0629 1.0229 0.9697 0.8625 0.8590 0.9457
0.9001 0.8813 0.9617 0.9977 0.9893 1.1062 1.1784 1.1384 1.1071 1.0639 1.1759 0.9460 0.9218 1.0000 0.8242 0.8084
0.6997 0.7258 0.8469 0.8997 1.0096 1.1534 1.0725 1.0666 1.0772 1.1041 1.1244 1.1282 0.9734 0.8736 0.8640 0.8155
0.6689 0.7936 0.8910 0.9633 1.0015 1.0613 1.0909 1.0633 1.0866 1.0063 0.9980 1.0826 0.9898 0.9853 0.9131 0.8629
0.8646 0.7870 0.8602 0.8925 1.0299 1.1612 1.0027 1.1902 1.1712 1.1684 1.0562 1.0231 1.0879 0.9304 0.8890 0.8831
0.6959 0.7508 0.7936 0.8100 0.9953 1.0132 1.0885 0.9954 1.0105 1.1056 1.0629 1.0404 1.0253 1.0355 0.8630 0.9016
0.6966 1.0000 0.8867 0.9113 0.9673 1.1353 1.1433 1.0865 1.0681 1.1538 1.1072 0.9288 0.9764 0.8985 0.8827 0.8560
0.8258 0.8189 0.8910 0.8361 1.0433 1.1390 0.9923 1.0557 1.0937 1.1771 1.0606 1.1217 1.0000 1.0127 0.9787 0.9239
0.8446 0.8857 0.8798 0.9759 0.9611 1.0912 1.0729 1.0639 1.0470 0.9881 1.0477 1.1396 1.0076 0.9806 0.9913 0.9180
0.6416 0.7621 0.8919 0.9626 1.0000 1.0768 1.0813 1.0797 1.0415 1.0842 1.0444 1.0442 0.9912 0.9031 1.0000 0.7982
0.8621 0.7952 0.9219 0.9483 1.0661 1.1533 1.1888 0.9741 1.0966 1.1457 1.1466 1.0293 1.0400 0.9534 0.8877 0.8071
0.7360 0.7932 0.8542 0.9502 1.2132 1.0000 1.1093 1.1910 1.1147 1.0737 1.2268 0.9682 0.9475 0.9174 0.9616 0.9425
0.8296 0.9060 0.8770 0.9782 1.1154 1.1030 1.1671 1.1684 1.2025 1.1931 1.1096 0.9885 0.9595 0.9022 0.7774 0.7450
