1.3269 1.1878 1.0273 1.1042 0.9941 0.9509 1.0706 0.9037 1.1167 1.1377 0.8506 0.8384 0.9375 0.8276 0.7817 0.9402
1.0000 1.0781 1.3015 1.2859 1.1323 0.9880 1.1114 0.9588 0.8807 0.9198 0.8822 0.8806 0.8591 0.9008 0.8180 1.0000
1.0066 0.8780 0.9386 1.1550 0.8467 0.9506 1.0000 0.9509 0.9623 1.0404 0.9502 0.9672 1.0433 1.1794 1.0411 1.2665
1.3130 1.1967 1.1591 1.1444 1.0139 1.0794 1.0752 0.8944 0.9548 0.8809 0.8965 0.9393 0.8247 0.9454 0.7964 0.9788
1.2303 0.9616 0.9093 1.0251 0.9528 0.9906 0.9721 0.9093 1.0240 1.0803 0.9943 1.0961 0.8889 1.0888 1.0661 1.3207
1.2189 1.0665 1.0125 1.1369 0.9780 1.0564 1.0465 0.9635 0.9295 0.9998 1.0174 0.8683 0.8921 0.8416 1.0102 0.9538
1.1676 1.1044 1.0561 0.9911 0.9449 0.9625 1.0249 0.9769 0.8883 1.0532 0.9738 0.8456 0.9741 1.0229 1.0000 1.0387
1.3593 1.2396 1.1512 1.1035 1.1271 1.0995 1.0602 0.9990 1.0680 0.8969 0.8963 0.8198 0.8050 0.7974 0.7516 0.8236
0.6476 0.7005 0.8845 0.7411 0.9575 0.9620 0.8262 1.0256 1.0233 0.8899 1.0449 0.9790 1.1930 1.0225 1.1937 1.1857
1.1478 0.9984 0.9885 1.1158 1.0110 0.9572 0.9402 1.1791 0.9005 0.8896 0.9471 0.8999 0.9816 0.9787 1.0636 1.0438
0.6915 0.7387 0.8927 0.8163 0.9646 0.9807 0.9055 1.0225 0.9833 0.9580 1.1063 0.9316 1.2042 1.1156 0.9476 1.3351
1.2627 1.1279 1.1850 1.2197 1.0685 1.0929 1.1487 0.9664 0.9970 0.8938 0.8463 0.8864 0.8709 0.7957 0.8331 0.7958
1.0009 0.8308 0.8104 0.8944 0.8651 0.9050 0.8307 1.0510 0.9678 1.1165 1.2076 1.0263 1.1092 1.2072 1.1474 1.5668
1.2019 1.0741 1.1190 1.0482 0.8512 0.9924 1.0303 1.0396 0.9533 0.8806 0.9424 0.8901 0.9833 0.8840 1.0224 1.0796
1.1290 1.1691 0.9399 0.9142 1.0311 1.0491 0.9822 1.0707 0.9955 0.9511 0.9704 0.9844 0.9643 0.8164 0.7863 0.9552
1.0288 0.9181 1.0383 0.9035 1.0054 1.0631 0.9695 0.9949 1.0000 0.9104 0.9483 1.1164 1.0000 1.0072 0.9934 1.1462
0.9298 0.9310 0.9148 1.0000 0.9776 0.9428 1.0250 1.0952 1.0086 1.0205 1.0583 0.9819 1.0304 1.0816 1.2467 1.2473
1.4441 1.3531 1.0300 1.2684 0.9800 0.9787 1.1143 0.9772 0.9053 1.0000 1.0000 0.8892 1.0000 0.8263 0.8933 0.9101
1.4900 1.0176 1.1362 0.9067 0.7860 1.1122 1.0246 0.9689 1.0810 1.0507 0.9165 1.0265 0.9074 0.8793 0.9972 1.1610
1.1578 1.1229 1.1562 1.2388 0.9969 1.0314 0.9561 0.9125 0.9967 1.0441 0.8941 0.7927 0.8135 0.7681 0.5211 0.5156
1.3229 0.9635 1.0000 0.9566 1.1635 1.0611 0.9235 1.0162 0.9698 1.0386 0.9126 1.0571 0.9027 1.0533 0.9690 1.0545
0.7561 0.7473 0.9853 0.9754 1.1201 1.0193 0.9885 0.9396 0.9125 1.0841 0.9780 0.9667 1.0171 1.0019 1.0090 1.2150
1.0284 0.8650 0.9013 0.9858 0.8554 0.9193 0.8661 0.9246 1.0000 1.1353 0.9603 0.9575 1.1738 1.2732 1.3600 1.7355
1.0359 1.0865 0.8789 1.0504 0.8914 0.9878 0.9623 1.0210 1.1078 0.8909 1.0077 1.0396 0.9240 1.0186 0.5458 1.0376
1.1199 0.9538 0.8836 0.9266 0.9669 0.9849 1.0278 0.9794 0.9903 0.8814 1.0363 0.9752 1.0945 0.9546 1.0412 1.1790
