1.2779 1.2047 1.1094 1.1388 1.0551 1.0000 1.0595 0.8898 1.1296 1.1090 0.8933 0.8364 0.9380 0.7762 0.7707 0.8251
1.0000 1.0327 1.0865 1.2402 1.1461 1.0095 1.0170 0.9821 0.9064 0.9941 0.9433 0.9098 0.9173 0.9870 0.8344 1.0000
1.1555 1.0003 1.0590 1.4463 0.9088 1.0054 1.0000 0.9389 0.9926 1.0586 1.0159 0.9132 1.0024 0.9736 1.0053 0.9986
1.1807 1.0747 1.0856 1.1592 1.0170 1.0801 1.1082 0.9631 1.0134 0.9369 0.9426 0.9399 0.8661 0.9097 0.8396 0.9347
1.4107 1.0445 1.0135 1.0760 0.9554 0.9854 1.0247 0.9818 0.8227 0.9211 0.9656 1.0670 0.8851 1.0499 1.0428 1.2385
1.0872 1.1241 0.9646 1.0571 0.9666 1.0760 1.1211 1.0002 0.8234 1.0817 0.8835 0.9613 0.9251 0.9366 0.9568 1.0573
1.2527 1.1405 1.1095 1.0134 0.9807 0.9300 0.9964 0.8965 0.8942 1.0391 0.9727 0.8706 0.9503 1.0647 1.0000 1.0378
1.1875 1.2490 0.9953 1.1033 1.0446 1.0868 1.1035 1.0680 1.1306 0.9071 0.9454 0.8614 0.8422 0.7564 0.8185 0.8991
0.7056 0.7507 0.9560 0.7949 0.8897 0.9760 0.8642 1.0571 1.0743 0.9526 1.1000 1.0216 1.1834 0.8750 1.2435 1.0743
0.9779 0.9088 0.8496 1.1014 0.9883 0.9994 0.9992 0.9540 0.9113 0.9421 0.9352 0.9782 1.0964 1.0490 1.1626 1.3036
0.6033 0.7377 0.8724 0.8471 0.8769 0.9945 0.9556 1.1417 1.0564 1.0155 0.9673 0.9801 1.1320 1.1274 0.9703 1.0972
1.2271 1.0972 1.1232 1.1699 1.0691 1.0715 1.1511 0.9631 1.0146 0.8966 0.8783 0.9250 0.8770 0.8579 0.9079 0.7754
1.0103 0.9914 0.9969 1.0770 0.9844 0.8589 0.7911 1.1598 0.9068 0.9648 1.1382 0.8567 1.0134 1.1206 1.0420 1.3361
1.0216 0.9593 0.9957 0.8019 0.9131 0.9495 0.9247 1.1013 0.9824 0.9816 1.0370 0.9854 1.0868 0.9621 1.1198 1.1119
1.3078 1.1567 1.0186 0.9962 1.0590 1.1263 1.0646 1.1017 0.9714 0.8017 0.9549 0.9181 0.8996 0.7183 0.6650 0.7442
0.9245 0.9579 1.0598 0.8914 0.9039 1.0505 0.9975 1.0044 1.0000 0.9334 1.0177 0.9286 1.0000 1.0854 1.1374 1.2915
1.0033 0.9107 0.9763 1.0000 0.9491 0.9618 1.0378 0.9440 0.9988 1.0448 1.0830 1.0113 1.0381 1.0406 1.1330 1.2538
1.3558 1.2835 0.9382 1.2701 0.9468 1.0211 1.1554 0.9496 0.9045 1.0000 1.0000 0.9652 1.0000 0.8328 0.9433 0.9720
1.3907 0.9786 1.3114 0.9776 0.8416 1.1690 1.0063 0.9903 1.0883 0.9971 0.9216 0.9990 0.8861 0.8603 0.8988 1.0463
1.1097 1.0643 1.1344 1.1563 0.9865 1.0395 0.9675 0.9728 1.0307 1.0571 0.9444 0.8543 0.8285 0.7802 0.5566 0.5249
1.3621 1.0213 1.0000 0.9824 1.1474 1.1143 0.9757 1.0254 1.0207 0.8400 0.9366 1.1084 0.9297 1.0709 0.9976 0.9074
0.5485 0.6643 0.9779 0.9241 0.9548 1.0199 1.0517 1.0178 1.0141 0.9831 0.9847 1.1292 1.1027 0.9270 0.9352 1.2620
1.0872 0.8633 0.9402 0.8928 0.8754 0.9654 0.9049 0.9819 1.0000 1.1915 0.9667 0.9538 1.0780 1.1832 1.1345 1.0925
1.0203 0.9724 0.8282 0.9705 0.8571 0.9775 0.8990 0.9298 1.1286 0.9739 1.0591 1.0970 1.0394 1.0247 0.5458 1.1610
1.4401 1.1580 1.0809 1.1744 1.1380 1.1165 1.1874 1.0286 1.0005 0.8680 0.9714 0.8573 0.9444 0.8137 0.7705 0.8584
