0.7910 0.8358 0.9109 0.9591 1.0262 1.0581 1.0291 1.1565 1.1098 1.1672 1.0127 1.0421 1.0896 1.0859 0.8804 0.8460
0.8587 0.9098 1.0040 1.0399 1.1018 1.2018 1.1566 0.9648 1.0183 0.9366 1.0700 1.0312 0.9507 0.8496 0.9953 0.7708
0.7151 0.7619 0.9717 0.9680 0.9550 1.0897 1.0820 1.0819 1.1168 1.2596 1.0166 0.8951 0.9605 0.9199 0.9250 0.6449
0.6833 0.7586 0.8623 0.9335 0.9496 1.0767 1.1038 1.0314 0.9566 1.1930 1.1524 0.9590 1.0490 0.9262 0.9568 0.6225
0.6940 0.7911 0.8186 0.8705 1.0000 1.0505 1.1126 1.0295 1.1739 1.2452 1.0810 1.0436 1.0126 1.0673 0.9974 0.9076
0.8540 0.8795 0.8858 0.9800 1.1537 1.0733 1.1675 1.0275 1.1993 1.1415 1.0295 1.0191 0.9484 0.9511 0.8727 0.8224
0.7463 0.8355 0.9228 0.9751 1.0478 0.9893 1.1640 1.2050 1.1383 1.0142 1.0952 1.0523 0.9984 0.9154 0.8557 0.7960
0.8846 0.8350 0.9021 0.9755 1.0000 1.1435 1.2396 1.0794 1.0550 1.0613 1.1132 1.1038 1.0597 0.8726 0.8768 0.8000
0.8414 0.8878 0.9000 0.8866 1.0300 1.0288 1.1168 1.0208 1.0527 1.1142 1.0003 1.1350 0.9901 1.0668 0.9501 0.8206
0.6932 0.7442 0.8629 0.9791 0.9704 1.0336 1.0599 1.1063 0.9816 1.0456 1.1623 0.8866 0.8943 0.9919 1.0362 1.0893
0.7611 0.7178 0.7957 0.8829 0.9777 1.1118 1.1923 1.0899 1.0943 1.1508 1.0469 1.0103 1.0840 1.0068 0.8567 0.8813
0.7404 0.8758 0.9260 1.0447 1.2021 1.1655 1.1593 0.8730 0.9302 1.2434 1.0087 0.9170 0.9125 1.0000 1.0000 0.6482
0.9335 0.9029 0.9352 1.0286 1.1250 1.0811 1.0963 1.0014 1.0861 0.9699 1.0118 1.0332 0.9679 0.8228 0.7935 0.9458
0.9300 0.9149 0.9653 1.0038 0.9876 1.0582 1.1382 1.1216 1.0952 1.0479 1.0959 0.8991 0.9405 1.0000 0.8013 0.7429
0.7118 0.7518 0.8869 0.9266 0.9973 1.1657 1.1000 1.0856 1.0513 1.0610 1.0897 1.1186 1.0125 0.8127 0.9089 0.8575
0.6797 0.8598 0.9670 1.0046 0.9703 1.0664 1.0703 1.0265 1.0853 0.9746 1.0252 1.0780 0.9886 0.9574 0.9163 0.7648
0.8661 0.7471 0.9219 0.9207 1.0315 1.1704 0.9659 1.1632 1.1276 1.1895 1.0316 1.0514 1.1006 0.9133 0.8741 0.9217
0.7431 0.8432 0.8951 0.9106 1.0788 1.0311 1.1803 1.0475 1.0614 1.1518 1.1152 1.0171 0.8889 0.8445 0.9758 0.9329
0.7000 1.0000 0.9533 0.9311 0.9621 1.1809 1.1369 1.0267 1.0589 1.1562 1.0892 0.8855 0.9704 0.8684 0.8823 0.8872
0.8296 0.8574 0.9521 0.8477 1.0585 1.1580 1.0013 1.0611 1.0667 1.1389 1.0005 1.1165 1.0000 0.9999 0.9682 0.9449
0.9438 0.9167 0.8996 0.9654 0.9305 1.0808 1.0708 1.0634 1.0622 0.9362 1.0781 1.0961 1.0522 1.0246 1.0229 0.7663
0.6128 0.8010 0.9531 1.0141 1.0000 1.1210 1.0937 1.0701 1.0135 1.0227 1.0035 0.9849 0.8678 0.8568 1.0000 0.6303
0.9006 0.8347 0.9615 0.9382 1.0699 1.1003 1.1599 0.9998 1.0503 1.0896 1.1186 1.0155 1.0397 0.9567 0.9333 0.8380
0.7824 0.7834 0.8618 0.9475 1.2436 1.0000 1.0904 1.2327 1.1481 1.0431 1.2201 0.8293 0.9393 0.9383 0.9972 0.9387
0.8181 0.9119 0.8806 0.9610 1.0829 1.0721 1.1918 1.1901 1.1474 1.1511 1.0643 0.9140 0.9581 0.8706 0.7736 0.7898
