0.7337 0.7858 0.8631 0.8845 1.0227 1.0824 1.0509 1.1852 1.1555 1.1815 1.0249 1.0076 1.0299 1.0185 0.8581 0.8627
0.8349 0.8391 0.9547 1.0366 1.0882 1.2354 1.2100 0.9684 1.0172 0.9559 1.1152 1.0022 0.9406 0.8543 0.9828 0.7647
0.6513 0.6965 0.9028 0.9106 0.9495 1.0877 1.1287 1.0769 1.0846 1.2408 0.9928 0.9750 0.9080 0.9157 0.9114 0.7246
0.6526 0.7327 0.8489 0.9559 0.9832 1.0720 1.1111 1.0467 0.9890 1.1616 1.1288 0.9694 1.0360 0.8924 0.9291 0.7645
0.7165 0.7491 0.7964 0.8983 1.0000 0.9960 1.0916 1.0666 1.1876 1.2417 1.0434 1.0389 0.9645 1.0401 0.9503 0.8551
0.8227 0.8424 0.8527 0.9383 1.1379 1.0838 1.1749 1.1072 1.1784 1.1302 1.0679 1.0235 0.9857 0.9296 0.8602 0.8629
0.7397 0.8142 0.8580 0.9219 1.0291 1.0267 1.1664 1.1545 1.1062 1.0713 1.0933 1.0458 0.9895 0.9296 0.8373 0.9563
0.8674 0.7987 0.8591 0.9357 1.0000 1.0854 1.1983 1.1093 1.1002 1.0749 1.1426 1.0963 1.0321 0.9294 0.8501 0.9194
0.8095 0.8726 0.8639 0.8579 1.0221 1.0135 1.1378 1.0376 1.1034 1.1205 1.0475 1.0937 0.9856 1.0258 0.9010 0.8309
0.6920 0.7607 0.8510 0.9542 0.9932 1.0080 1.0554 1.1117 0.9909 1.0386 1.1769 0.9749 0.9068 0.9781 1.0019 1.0164
0.7192 0.6536 0.7332 0.7945 0.9357 1.0325 1.1337 1.0279 1.0223 1.0796 1.0261 0.9698 1.0161 0.9834 0.8643 0.9634
0.7451 0.8382 0.9189 0.9768 1.1623 1.1292 1.1250 0.8767 1.0378 1.2357 1.0782 0.9846 0.9497 1.0000 1.0000 0.7060
0.9223 0.8764 0.8939 1.0046 1.1408 1.0837 1.1690 1.0270 1.1235 1.0462 1.0760 1.0381 1.0051 0.8542 0.8429 0.9632
0.8916 0.8974 0.9546 1.0022 0.9960 1.1079 1.1757 1.1350 1.0984 1.0573 1.1672 0.9366 0.9426 1.0000 0.8418 0.8060
0.6624 0.7309 0.8453 0.9002 0.9959 1.1570 1.0766 1.0449 1.0619 1.0789 1.1037 1.1159 0.9953 0.8859 0.9058 0.8325
0.6743 0.7900 0.9206 0.9876 0.9873 1.0335 1.0937 1.0312 1.0932 1.0066 1.0077 1.0671 1.0068 0.9696 0.9179 0.8736
0.8797 0.7620 0.8741 0.8839 1.0194 1.1507 0.9912 1.1851 1.1515 1.1895 1.0529 1.0314 1.1027 0.9401 0.8830 0.9053
0.6917 0.7623 0.7833 0.8174 1.0104 1.0006 1.1292 0.9938 0.9978 1.0887 1.0904 1.0605 1.0165 1.0393 0.8954 0.9144
0.6954 1.0000 0.8818 0.9160 0.9750 1.1355 1.1119 1.0538 1.0844 1.1636 1.0761 0.9131 0.9957 0.9083 0.8851 0.9041
0.8249 0.8103 0.9140 0.8388 1.0372 1.1374 1.0135 1.0687 1.0705 1.1822 1.0568 1.1240 1.0000 0.9731 0.9634 0.9320
0.8633 0.8734 0.8752 0.9555 0.9459 1.0885 1.0701 1.0591 1.0506 0.9658 1.0648 1.1202 1.0057 0.9832 1.0135 0.9520
0.6153 0.7690 0.9068 0.9711 1.0000 1.0702 1.0634 1.0713 1.0396 1.0942 1.0262 1.0638 0.9881 0.9091 1.0000 0.8052
0.8568 0.7893 0.9517 0.9512 1.0630 1.1627 1.1740 0.9586 1.0870 1.1296 1.1552 1.0186 1.0282 0.9281 0.8794 0.8226
0.7616 0.7863 0.8649 0.9448 1.2201 1.0000 1.0843 1.1928 1.1111 1.0694 1.2340 0.9427 0.9383 0.9270 0.9617 0.9637
0.8225 0.9244 0.8747 0.9568 1.0758 1.0920 1.1660 1.1966 1.1941 1.1764 1.1013 0.9901 0.9826 0.8950 0.7880 0.7561
