1.3460 1.1780 1.0442 1.0793 0.9929 0.9310 1.0774 0.9032 1.1102 1.1376 0.8520 0.8410 0.9412 0.8183 0.7983 0.9358
1.0000 1.0802 1.3151 1.2766 1.1365 1.0096 1.0897 0.9565 0.8889 0.9184 0.8762 0.8647 0.8625 0.9105 0.8269 1.0000
1.0242 0.8872 0.9399 1.1554 0.8360 0.9359 1.0000 0.9216 0.9654 1.0226 0.9303 0.9684 1.0519 1.1782 1.0834 1.2854
1.3355 1.2079 1.1487 1.1421 1.0203 1.0570 1.0804 0.9119 0.9621 0.8693 0.8870 0.9417 0.8160 0.9441 0.7979 0.9886
1.2323 0.9588 0.8886 1.0222 0.9571 0.9858 0.9836 0.9082 0.9887 1.0715 1.0248 1.0929 0.8922 1.1053 1.0482 1.3179
1.1988 1.0622 0.9920 1.1083 0.9669 1.0783 1.0617 0.9651 0.9204 1.0330 1.0181 0.8731 0.8948 0.8475 1.0123 0.9828
1.2003 1.0810 1.0443 1.0098 0.9520 0.9671 1.0268 0.9659 0.9043 1.0486 0.9535 0.8496 0.9649 1.0590 1.0000 1.0406
1.3652 1.2355 1.1405 1.0831 1.0854 1.0868 1.0488 1.0072 1.0852 0.8947 0.9008 0.8467 0.8177 0.7967 0.7730 0.8367
0.6627 0.7069 0.8561 0.7448 0.9296 0.9592 0.8215 1.0491 1.0434 0.9180 1.0775 0.9932 1.2126 1.0244 1.2181 1.2250
1.1616 1.0102 1.0008 1.0868 1.0105 0.9745 0.9502 1.1711 0.8726 0.8791 0.9186 0.8857 0.9921 0.9651 1.0815 1.0771
0.6676 0.7291 0.8667 0.7869 0.9443 0.9519 0.8921 1.0601 1.0216 0.9461 1.0702 0.9237 1.2312 1.0964 0.9588 1.3335
1.2663 1.1428 1.1807 1.1946 1.1014 1.1079 1.1232 0.9876 0.9960 0.8865 0.8541 0.8857 0.8594 0.7921 0.8343 0.7960
1.0166 0.8456 0.8130 0.9055 0.8755 0.8991 0.8187 1.0122 0.9193 1.1527 1.1727 1.0100 1.0963 1.1934 1.1564 1.5154
1.1822 1.0635 1.0933 1.0309 0.8638 1.0018 1.0323 1.0504 0.9575 0.9019 0.9468 0.8953 0.9878 0.8790 1.0106 1.0877
1.1919 1.1635 0.9311 0.9056 1.0268 1.0253 0.9834 1.0336 1.0170 0.9471 0.9814 0.9775 0.9644 0.8269 0.7900 0.9450
1.0436 0.9416 1.0465 0.9089 0.9963 1.0301 0.9688 0.9880 1.0000 0.8996 0.9337 1.1080 1.0000 1.0093 1.0187 1.1624
0.9400 0.9391 0.9243 1.0000 0.9835 0.9333 1.0343 1.0727 0.9971 1.0144 1.0441 1.0025 1.0371 1.0670 1.2504 1.2660
1.4665 1.3560 1.0341 1.2546 0.9693 0.9859 1.1137 0.9550 0.9109 1.0000 1.0000 0.9084 1.0000 0.8428 0.9125 0.9266
1.4969 1.0190 1.1748 0.9132 0.7858 1.0958 1.0076 0.9965 1.0769 1.0263 0.9318 1.0210 0.9098 0.8729 0.9833 1.1370
1.1649 1.1159 1.1550 1.2173 0.9823 1.0456 0.9542 0.9357 0.9803 1.0574 0.9000 0.8092 0.8251 0.7694 0.5246 0.5229
1.2733 0.9574 1.0000 0.9260 1.0926 1.0435 0.9238 1.0143 0.9617 1.0388 0.9164 1.0618 0.8887 1.0634 1.0133 1.1001
0.7417 0.7727 1.0170 0.9935 1.0894 1.0271 0.9728 0.9640 0.9206 1.0610 0.9380 0.9842 1.0384 0.9934 0.9943 1.2249
1.0405 0.8851 0.9077 0.9711 0.8547 0.9226 0.8639 0.9112 1.0000 1.0958 0.9282 0.9316 1.1529 1.2442 1.3616 1.6851
1.0354 1.0870 0.9104 1.0605 0.8885 0.9845 0.9438 0.9836 1.0989 0.8946 0.9866 1.0384 0.9527 1.0474 0.5458 1.0565
1.1821 0.9934 0.9304 0.9767 0.9804 0.9996 1.0488 0.9932 0.9865 0.8714 1.0267 0.9520 1.0404 0.9499 1.0300 1.1348
