1.3756 1.1913 1.0468 1.1038 0.9832 0.9355 1.0724 0.8944 1.0907 1.1230 0.8394 0.8431 0.9205 0.8539 0.7900 0.9347
1.0000 1.0618 1.3317 1.2369 1.1127 0.9782 1.0875 0.9550 0.8872 0.9180 0.8683 0.8634 0.8807 0.9317 0.8742 1.0000
0.9854 0.8696 1.0219 1.1759 0.8224 0.9252 1.0000 0.9391 0.9609 1.0244 0.9206 0.9633 1.0464 1.1875 1.1017 1.2429
1.3550 1.2001 1.1552 1.1179 1.0017 1.0570 1.0964 0.9177 0.9585 0.8760 0.9014 0.9468 0.8254 0.9504 0.7956 1.0094
1.2501 0.9992 0.9144 1.0209 0.9635 1.0325 1.0177 0.9188 1.0209 1.0923 0.8744 1.0571 0.8670 1.0555 0.9869 1.2422
1.2353 1.0686 1.0060 1.1403 0.9805 1.0679 1.0555 0.9510 0.9566 0.9894 1.0256 0.8541 0.8805 0.8482 1.0222 0.9456
1.2123 1.1068 1.0516 0.9894 0.9535 0.9546 1.0188 0.9678 0.8775 1.0645 0.9515 0.8231 0.9588 1.0772 1.0000 1.0424
1.3323 1.1902 1.1659 1.0986 1.1050 1.1031 1.0541 0.9939 1.0851 0.8901 0.8764 0.8444 0.8132 0.8034 0.7875 0.8252
0.6456 0.7130 0.8723 0.7256 0.9187 0.9428 0.8212 1.0005 0.9873 0.8787 0.9905 0.9748 1.1842 1.0197 1.1759 1.2542
1.1722 0.9974 1.0281 1.0906 0.9853 0.9720 0.9316 1.2009 0.8747 0.8459 0.9219 0.8699 0.9877 0.9877 1.0519 1.0261
0.7106 0.7354 0.9027 0.8162 0.9901 0.9832 0.9024 1.0182 0.9657 0.9416 1.1101 0.9046 1.2690 1.0834 0.9674 1.3133
1.2831 1.1429 1.2026 1.1926 1.0841 1.1102 1.1372 0.9741 1.0044 0.8743 0.8282 0.8544 0.8648 0.7925 0.8399 0.7886
1.0157 0.8249 0.8133 0.9063 0.8663 0.9223 0.8613 1.0575 0.9636 1.1188 1.1999 1.0055 1.1132 1.1914 1.1883 1.5333
1.2990 1.0879 1.1008 1.0441 0.8557 1.0129 1.0534 1.0236 0.9359 0.8511 0.9212 0.8425 0.9712 0.8605 1.0157 1.0858
1.1514 1.1898 0.9297 0.9145 1.0615 1.0306 0.9876 1.0747 1.0154 0.9557 0.9520 0.9616 0.9557 0.8008 0.7912 0.9669
1.0655 0.8955 1.0306 0.9050 1.0089 1.0586 0.9686 0.9936 1.0000 0.9123 0.9212 1.0936 1.0000 0.9881 0.9875 1.1164
0.9438 0.9291 0.9223 1.0000 1.0027 0.9377 1.0402 1.1183 0.9966 0.9919 1.0260 0.9884 1.0600 1.0684 1.2635 1.1841
1.4812 1.3220 1.0796 1.2708 1.0014 0.9994 1.1209 0.9801 0.9280 1.0000 1.0000 0.9058 1.0000 0.8287 0.8833 0.8702
1.5350 1.0038 1.2034 0.9420 0.8038 1.1119 1.0239 0.9897 1.0729 1.0316 0.8977 1.0016 0.8704 0.8951 1.0004 1.1356
1.1562 1.1215 1.1460 1.2187 0.9741 1.0520 0.9558 0.9064 1.0122 1.0287 0.8988 0.8257 0.8300 0.7989 0.5302 0.5778
1.1962 1.0058 1.0000 0.9621 1.0820 1.0506 0.8928 0.9994 0.9787 1.0294 0.8802 1.0121 0.9284 1.0552 1.0305 1.1277
0.7782 0.7393 0.9865 1.0063 1.1293 1.0375 0.9926 0.9676 0.9609 1.0760 0.9701 0.9805 1.0153 0.9889 1.0122 1.2453
1.0128 0.9101 0.9344 0.9971 0.8703 0.9650 0.8868 0.9218 1.0000 1.1156 0.9229 0.9270 1.1477 1.2953 1.3357 1.6856
1.0404 1.0939 0.9058 1.0591 0.8663 0.9943 0.9634 1.0322 1.1017 0.9276 0.9835 1.0185 0.9297 1.0425 0.5458 1.0434
1.0287 0.8868 0.8474 0.8818 0.8983 0.9578 1.0361 0.9764 0.9746 0.8879 1.0184 1.0183 1.1165 0.9996 1.1062 1.2827
