1.3269 1.1912 1.0450 1.1055 0.9892 0.9529 1.0972 0.9020 1.1226 1.1351 0.8619 0.8384 0.9476 0.8206 0.7849 0.8740
1.0000 1.1001 1.2688 1.2729 1.1558 1.0282 1.0656 0.9735 0.8873 0.9343 0.8898 0.8694 0.8705 0.9002 0.8085 1.0000
1.0693 0.9220 0.9109 1.2253 0.8774 0.9724 1.0000 0.9480 0.9902 1.0498 0.9631 0.9315 1.0446 1.1043 1.0685 1.1801
1.2578 1.1921 1.1600 1.1290 1.0089 1.0494 1.0865 0.8974 0.9935 0.9159 0.9198 0.9599 0.8317 0.9381 0.7995 0.9528
1.3283 1.0048 0.9264 1.0331 0.9627 0.9780 0.9958 0.8963 0.9390 1.0213 0.9842 1.0916 0.8940 1.0871 1.0702 1.3221
1.1780 1.0779 0.9920 1.1040 0.9867 1.0666 1.0807 0.9859 0.9112 1.0490 0.9540 0.8834 0.8977 0.8624 1.0078 0.9770
1.1827 1.0992 1.0499 0.9991 0.9680 0.9424 1.0169 0.9696 0.8845 1.0561 0.9711 0.8209 0.9813 1.0764 1.0000 1.0215
1.3482 1.2385 1.1378 1.0901 1.1241 1.0997 1.0622 1.0074 1.0879 0.8936 0.9115 0.8121 0.8069 0.7706 0.7786 0.8291
0.6617 0.7197 0.8862 0.7613 0.9403 0.9659 0.8459 1.0438 1.0662 0.9211 1.0595 0.9913 1.2033 0.9745 1.2205 1.2024
1.1203 0.9742 0.9468 1.0892 1.0051 0.9602 0.9657 1.1370 0.8721 0.8823 0.9243 0.8902 1.0171 1.0003 1.1334 1.1200
0.6666 0.7315 0.8940 0.8274 0.9635 0.9841 0.9231 0.9918 0.9642 0.9848 1.0815 0.9308 1.2010 1.1067 0.9824 1.2169
1.2416 1.1185 1.1715 1.1850 1.0619 1.0798 1.1183 0.9982 1.0265 0.8552 0.8707 0.9030 0.8656 0.8078 0.8583 0.8261
0.9898 0.8587 0.8246 0.9239 0.8751 0.8818 0.7863 1.1062 0.9455 1.0750 1.1837 1.0079 1.0890 1.2047 1.1333 1.5160
1.1406 1.0431 1.0904 0.9584 0.8655 0.9901 1.0082 1.0539 0.9710 0.9129 0.9748 0.8917 1.0152 0.9036 1.0447 1.0898
1.2382 1.1369 0.9434 0.9200 1.0343 1.0637 1.0141 1.0585 1.0060 0.9066 0.9585 0.9892 0.9592 0.7682 0.7685 0.8794
1.0140 0.9624 1.0452 0.8982 1.0143 1.0453 0.9850 0.9959 1.0000 0.8934 0.9432 1.0535 1.0000 1.0175 1.0379 1.1847
0.9492 0.9483 0.9412 1.0000 0.9816 0.9238 1.0103 1.0505 0.9944 1.0238 1.0347 1.0043 1.0474 1.0716 1.2516 1.2776
1.4714 1.3801 1.0257 1.2609 0.9541 0.9750 1.1259 0.9779 0.9106 1.0000 1.0000 0.9147 1.0000 0.8371 0.9320 0.9189
1.4487 1.0505 1.1955 0.9448 0.8054 1.1051 1.0169 0.9777 1.0683 1.0192 0.9072 1.0084 0.8919 0.8868 0.9736 1.1165
1.1546 1.1226 1.1460 1.2101 0.9857 1.0312 0.9518 0.9453 0.9951 1.0129 0.9161 0.8211 0.8115 0.7657 0.5401 0.5153
1.2942 0.9601 1.0000 0.9672 1.1352 1.0677 0.9382 1.0200 0.9884 0.9907 0.9335 1.0542 0.8969 1.0600 0.9914 1.0167
0.6505 0.7206 0.9758 0.9951 1.0774 1.0154 1.0124 0.9628 0.9336 1.0796 0.9514 1.0211 1.0384 0.9747 0.9723 1.2179
1.0415 0.8573 0.9108 0.9410 0.8374 0.9147 0.8708 0.9295 1.0000 1.1447 0.9414 0.9509 1.1542 1.2854 1.2924 1.5076
1.0445 1.0371 0.8565 1.0378 0.8777 0.9689 0.9412 0.9830 1.1050 0.9315 1.0321 1.0535 0.9679 1.0275 0.5458 1.0761
1.2742 1.0778 0.9856 1.0319 1.0607 1.0088 1.0738 1.0056 1.0399 0.8763 1.0275 0.9193 1.0177 0.9023 0.9063 0.9758
