1.3507 1.1824 1.0625 1.1036 1.0110 0.9592 1.0781 0.8921 1.1025 1.1342 0.8518 0.8429 0.9388 0.8055 0.7987 0.8898
1.0000 1.0886 1.2985 1.2653 1.1419 1.0178 1.0785 0.9639 0.8730 0.9373 0.8860 0.8723 0.8674 0.8945 0.8251 1.0000
1.0580 0.9151 0.9115 1.1791 0.8666 0.9660 1.0000 0.9598 0.9961 1.0240 0.9430 0.9452 1.0426 1.1259 1.0909 1.2388
1.2736 1.1898 1.1560 1.1441 1.0178 1.0552 1.0999 0.9069 0.9800 0.8981 0.9078 0.9522 0.8319 0.9167 0.8132 0.9626
1.2984 0.9856 0.9116 0.9954 0.9440 0.9695 0.9771 0.9059 0.9653 1.0239 0.9645 1.1127 0.9063 1.1090 1.0871 1.3330
1.1638 1.0902 0.9896 1.0892 0.9721 1.0841 1.0628 0.9717 0.9129 1.0400 0.9699 0.8885 0.8980 0.8618 1.0242 0.9815
1.1763 1.1025 1.0486 0.9939 0.9565 0.9439 1.0302 0.9799 0.8802 1.0559 0.9643 0.8071 0.9559 1.0782 1.0000 1.0386
1.3710 1.2382 1.1385 1.0990 1.0898 1.1148 1.0737 1.0140 1.0940 0.8819 0.8999 0.8096 0.7896 0.7950 0.7639 0.8312
0.6676 0.7092 0.8822 0.7576 0.9469 0.9580 0.8351 1.0481 1.0568 0.9115 1.0647 0.9837 1.2075 0.9957 1.2442 1.2026
1.1275 0.9737 0.9306 1.0822 0.9877 0.9568 0.9610 1.1429 0.8705 0.9004 0.9387 0.9085 1.0425 1.0023 1.1086 1.1017
0.6658 0.7065 0.8835 0.8124 0.9597 0.9856 0.9216 1.0371 0.9812 0.9897 1.0669 0.9276 1.2248 1.1098 0.9621 1.2184
1.2441 1.1555 1.1578 1.1988 1.0787 1.1006 1.1346 0.9705 0.9984 0.8731 0.8467 0.8835 0.8603 0.8234 0.8628 0.8035
1.0198 0.8656 0.8255 0.9375 0.8855 0.9141 0.8041 0.9979 0.9521 1.0335 1.1759 1.0046 1.1291 1.1956 1.1468 1.5378
1.1584 1.0672 1.0597 0.9776 0.8786 0.9982 1.0051 1.0415 0.9626 0.9310 0.9555 0.8961 0.9955 0.8924 1.0503 1.1056
1.2094 1.1461 0.9418 0.9219 1.0572 1.0559 1.0065 1.0654 1.0151 0.9056 0.9830 0.9513 0.9617 0.7675 0.7670 0.9010
1.0208 0.9541 1.0413 0.9192 0.9999 1.0435 0.9662 0.9992 1.0000 0.9096 0.9568 1.0483 1.0000 1.0216 1.0241 1.1724
0.9336 0.9513 0.9259 1.0000 0.9601 0.9139 1.0187 1.0500 0.9950 1.0282 1.0528 1.0040 1.0424 1.1122 1.2968 1.3020
1.4868 1.3570 1.0481 1.2552 0.9557 0.9902 1.1227 0.9636 0.9061 1.0000 1.0000 0.9036 1.0000 0.8516 0.9132 0.9165
1.4592 1.0217 1.1948 0.9050 0.7971 1.1285 1.0060 0.9976 1.0791 1.0321 0.9322 1.0130 0.8878 0.8692 0.9598 1.1322
1.1867 1.1268 1.1899 1.1917 0.9924 1.0341 0.9278 0.9379 0.9818 1.0471 0.9095 0.8070 0.8051 0.7517 0.5272 0.5171
1.2769 0.9454 1.0000 0.9487 1.1129 1.0730 0.9165 1.0056 0.9848 1.0169 0.9434 1.0688 0.8821 1.0741 0.9983 1.0413
0.6232 0.7088 0.9990 0.9803 1.0870 1.0314 0.9994 0.9562 0.9396 1.0737 0.9658 0.9879 1.0189 0.9832 0.9889 1.2434
1.0478 0.8536 0.9144 0.9575 0.8554 0.9317 0.8862 0.9200 1.0000 1.0981 0.9334 0.9223 1.1361 1.3004 1.3030 1.5467
1.0245 1.0601 0.8597 1.0323 0.8764 0.9842 0.9381 0.9981 1.1341 0.9165 1.0246 1.0366 0.9565 1.0282 0.5458 1.0850
1.2767 1.1270 0.9886 1.0401 1.0256 1.0464 1.0811 0.9904 1.0208 0.8698 1.0119 0.9201 1.0109 0.9206 0.9012 0.9927
