1.2720 1.1725 1.1016 1.1683 1.0412 0.9920 1.0707 0.8910 1.1525 1.1192 0.8675 0.8437 0.9302 0.7758 0.7715 0.8236
1.0000 1.0491 1.0914 1.2680 1.1289 1.0065 1.0189 0.9777 0.9004 0.9717 0.9469 0.8977 0.9101 0.9815 0.8544 1.0000
1.1835 0.9907 0.9786 1.4486 0.9639 1.0515 1.0000 0.9638 0.9983 1.0659 1.0220 0.9084 0.9964 0.9620 0.9688 0.9713
1.1890 1.0891 1.1069 1.1303 1.0155 1.0659 1.1120 0.9211 0.9833 0.9386 0.9351 0.9693 0.8836 0.9159 0.8363 0.9681
1.3603 1.0848 0.9819 1.0313 0.9457 0.9502 0.9858 0.9771 0.8071 0.9208 1.0355 1.1120 0.9083 1.0822 1.1016 1.2861
1.0827 1.0746 0.9645 1.0494 0.9503 1.1019 1.1199 0.9899 0.8603 1.1193 0.9078 0.9498 0.9084 0.8974 0.9543 1.0610
1.2545 1.1191 1.1001 1.0741 0.9971 0.9198 1.0014 0.9042 0.8950 1.0490 0.9861 0.8203 0.9536 1.0036 1.0000 1.0181
1.2017 1.2380 1.0025 1.0710 1.0924 1.1061 1.0834 1.0232 1.1031 0.9373 0.9424 0.8893 0.8362 0.7688 0.8188 0.8839
0.6985 0.7549 0.9460 0.8015 0.9110 0.9307 0.8666 1.0687 1.0692 0.9434 1.0847 1.0371 1.2154 0.8953 1.2578 1.0927
0.9963 0.9042 0.8409 1.0755 1.0011 0.9981 0.9527 1.0036 0.8818 0.9666 0.9398 0.9238 1.1121 1.0780 1.1536 1.3304
0.6345 0.7575 0.8824 0.8602 0.9277 0.9979 0.9410 1.0897 1.0454 0.9890 1.0089 0.9593 1.1340 1.1156 0.9881 1.0887
1.2397 1.0726 1.1422 1.1700 1.0651 1.1221 1.1329 1.0036 1.0173 0.8685 0.8613 0.9063 0.8793 0.8418 0.9015 0.7756
0.9859 0.9980 0.9705 1.0472 0.9956 0.8712 0.8029 1.1395 0.9229 0.9720 1.0894 0.8870 1.0172 1.1477 1.0480 1.3492
1.0530 0.9566 1.0012 0.8162 0.8788 0.9861 0.9299 1.0768 0.9794 0.9809 1.0566 0.9546 1.0663 0.9791 1.1119 1.1215
1.2837 1.1479 1.0136 1.0110 1.0759 1.0915 1.0651 1.0735 0.9945 0.8141 0.9675 0.9313 0.8948 0.7078 0.6707 0.7572
0.9340 0.9559 1.0532 0.9315 0.9083 1.0238 1.0077 1.0261 1.0000 0.9168 0.9797 0.9237 1.0000 1.1073 1.1402 1.2714
0.9930 0.9411 0.9761 1.0000 0.9560 0.9741 1.0417 0.9335 1.0081 1.0579 1.0694 1.0146 1.0409 0.9886 1.1708 1.2587
1.3485 1.3247 0.9636 1.2866 0.9562 1.0014 1.1070 0.9356 0.8809 1.0000 1.0000 0.9619 1.0000 0.8846 0.9899 0.9551
1.3728 1.0021 1.3083 0.9865 0.8451 1.1301 1.0316 1.0086 1.0873 0.9963 0.9017 0.9691 0.8888 0.8642 0.8933 1.0633
1.1317 1.1031 1.1548 1.1908 0.9846 1.0505 0.9513 0.9429 0.9962 1.1024 0.9200 0.8398 0.8055 0.7767 0.5480 0.5151
1.3691 0.9964 1.0000 0.9707 1.1470 1.0609 0.9559 0.9804 0.9954 0.8775 0.9445 1.1086 0.9485 1.0820 1.0188 0.9399
0.5486 0.6791 0.9466 0.9711 0.9463 1.0052 1.0221 1.0180 0.9763 1.0464 0.9962 1.0812 1.1099 0.9352 0.9608 1.2636
1.0715 0.8805 0.9294 0.8679 0.8633 0.9320 0.9514 0.9954 1.0000 1.1822 0.9638 0.9329 1.1052 1.2224 1.1671 1.1346
1.0128 0.9628 0.8083 0.9718 0.8502 0.9916 0.8976 0.9159 1.1386 0.9894 1.0668 1.0958 1.0310 1.0408 0.5458 1.1563
1.4069 1.1351 1.0907 1.1976 1.1332 1.0868 1.1443 1.0118 0.9903 0.8192 0.9740 0.8451 0.9407 0.8295 0.7991 0.8849
