1.3245 1.1899 1.0416 1.0899 0.9906 0.9442 1.0671 0.9037 1.1122 1.1456 0.8666 0.8451 0.9371 0.8183 0.7943 0.9239
1.0000 1.0634 1.3066 1.2693 1.1454 1.0128 1.1074 0.9736 0.8934 0.9130 0.8744 0.8697 0.8646 0.9027 0.8185 1.0000
1.0542 0.8989 0.8729 1.1750 0.8585 0.9676 1.0000 0.9561 0.9697 1.0290 0.9553 0.9523 1.0472 1.1568 1.0472 1.2705
1.2983 1.1825 1.1664 1.1293 1.0111 1.0719 1.1063 0.8854 0.9837 0.8939 0.9015 0.9457 0.8102 0.9356 0.7935 0.9719
1.2809 0.9797 0.8944 1.0126 0.9384 1.0127 1.0024 0.9125 0.9743 1.0648 1.0127 1.0701 0.8789 1.0824 1.0532 1.3322
1.2011 1.0837 0.9992 1.1231 0.9782 1.0783 1.0748 0.9585 0.9121 1.0138 0.9968 0.8660 0.8908 0.8512 1.0068 0.9744
1.1952 1.0891 1.0260 0.9948 0.9436 0.9290 1.0415 0.9833 0.9019 1.0586 0.9646 0.8482 0.9686 1.0916 1.0000 1.0335
1.3415 1.2258 1.1544 1.1057 1.1094 1.0894 1.0516 1.0126 1.0834 0.8900 0.9131 0.8254 0.7898 0.7824 0.7805 0.8365
0.6672 0.7133 0.9013 0.7504 0.9482 0.9595 0.8379 1.0243 1.0392 0.9142 1.0570 0.9937 1.2174 1.0078 1.2196 1.2351
1.1555 0.9988 0.9997 1.1077 1.0034 0.9717 0.9404 1.1350 0.8676 0.8850 0.9187 0.8909 1.0090 0.9936 1.0750 1.0765
0.6700 0.7272 0.8797 0.7961 0.9466 0.9532 0.8903 1.0641 0.9987 0.9487 1.0703 0.9151 1.2786 1.0980 0.9482 1.2919
1.2956 1.1314 1.1749 1.2000 1.0914 1.0970 1.1214 0.9674 0.9937 0.8805 0.8366 0.8833 0.8484 0.8102 0.8604 0.8093
1.0470 0.8641 0.8148 0.9228 0.8635 0.9067 0.8086 1.0435 0.9296 1.0958 1.1900 1.0011 1.0825 1.1629 1.1377 1.5498
1.2019 1.0788 1.1191 1.0116 0.8620 1.0025 1.0381 1.0446 0.9487 0.8718 0.9559 0.8738 0.9764 0.8857 1.0162 1.0821
1.2114 1.1758 0.9406 0.9124 1.0301 1.0390 0.9993 1.0573 1.0021 0.9135 0.9593 0.9676 0.9488 0.8046 0.7867 0.9536
1.0120 0.9401 1.0429 0.8985 0.9800 1.0678 0.9864 0.9666 1.0000 0.9155 0.9479 1.0871 1.0000 1.0097 1.0238 1.1573
0.9273 0.9376 0.9107 1.0000 0.9682 0.9214 1.0240 1.1122 1.0050 1.0184 1.0424 0.9876 1.0564 1.0949 1.2679 1.2878
1.4569 1.3673 1.0584 1.2710 1.0051 1.0035 1.1037 0.9678 0.9005 1.0000 1.0000 0.8895 1.0000 0.8228 0.9198 0.9084
1.4822 1.0126 1.2398 0.9112 0.7969 1.1060 0.9983 0.9737 1.0693 1.0427 0.9209 0.9918 0.8950 0.8755 0.9689 1.1624
1.1874 1.1340 1.1500 1.2233 0.9656 1.0382 0.9444 0.9223 1.0054 1.0073 0.9024 0.7985 0.8138 0.7664 0.5337 0.5222
1.2573 0.9536 1.0000 0.9270 1.1112 1.0386 0.9112 1.0057 0.9746 1.0373 0.9251 1.0652 0.8975 1.0897 0.9713 1.0822
0.6821 0.7429 0.9775 0.9879 1.0986 1.0122 0.9951 0.9474 0.9361 1.0752 0.9735 0.9908 1.0241 0.9700 1.0007 1.2193
1.0190 0.8721 0.9048 0.9498 0.8307 0.9262 0.8528 0.9116 1.0000 1.1405 0.9463 0.9317 1.1486 1.2838 1.3405 1.6592
1.0304 1.0647 0.8654 1.0549 0.8949 0.9757 0.9487 0.9987 1.1156 0.9011 1.0206 1.0385 0.9228 1.0418 0.5458 1.0683
1.1973 1.0128 0.9384 0.9814 1.0162 1.0134 1.0680 1.0246 1.0270 0.8999 1.0380 0.9710 1.0377 0.9484 0.9605 1.0479
