1.2886 1.1512 1.0875 1.1280 1.0141 0.9799 1.0509 0.9015 1.1288 1.1308 0.8811 0.8540 0.9720 0.7902 0.7957 0.8599
1.0000 1.0391 1.1121 1.2345 1.1306 1.0001 1.0403 1.0143 0.9090 0.9809 0.9414 0.8892 0.9185 0.9657 0.8335 1.0000
1.1142 1.0009 0.9308 1.3699 0.9344 1.0108 1.0000 0.9574 0.9963 1.0964 1.0010 0.9348 1.0016 1.0097 1.0167 1.0075
1.2076 1.0652 1.1250 1.1345 1.0133 1.0463 1.1245 0.9328 0.9819 0.9378 0.9366 0.9642 0.8833 0.9156 0.8469 0.9682
1.4478 1.0966 1.0183 1.0918 0.9755 0.9869 0.9840 0.9362 0.8340 0.9196 0.9298 1.0691 0.8924 1.0648 1.0525 1.2877
1.1074 1.0708 0.9637 1.0612 0.9459 1.0768 1.0843 0.9710 0.8674 1.1192 0.8978 0.9646 0.9164 0.9251 0.9669 1.0646
1.2379 1.1269 1.0960 1.0440 0.9819 0.9179 0.9873 0.9431 0.8960 1.0593 0.9513 0.8238 0.9642 1.0115 1.0000 1.0354
1.2221 1.2396 1.0149 1.0686 1.1042 1.1229 1.0710 1.0092 1.1119 0.9111 0.9310 0.8693 0.8374 0.7905 0.8089 0.8859
0.6951 0.7568 0.9526 0.7847 0.9097 0.9528 0.8675 1.0535 1.0731 0.9384 1.0848 1.0250 1.2220 0.9026 1.2319 1.1041
1.0166 0.9083 0.8793 1.0666 1.0024 0.9783 0.9665 1.0427 0.8661 0.9570 0.9482 0.9409 1.0915 1.0641 1.1533 1.2670
0.6410 0.7447 0.8586 0.8367 0.9290 0.9815 0.9405 1.0925 1.0344 0.9700 1.0300 0.9422 1.1710 1.1203 0.9977 1.1326
1.2415 1.0773 1.1312 1.1833 1.0589 1.1177 1.1540 0.9786 0.9916 0.8849 0.8576 0.8883 0.8806 0.8477 0.9158 0.8006
1.0013 0.9706 0.9304 1.0278 0.9956 0.8769 0.7799 1.1040 0.9441 0.9416 1.1148 0.9183 1.0339 1.1570 1.0951 1.4046
1.0593 1.0257 1.0548 0.8201 0.8646 0.9698 0.9361 1.0602 0.9778 0.9467 1.0109 0.9606 1.0425 0.9811 1.1021 1.1444
1.3314 1.1512 0.9926 0.9952 1.0871 1.0490 1.0449 1.0753 0.9721 0.8251 0.9749 0.9419 0.9188 0.7455 0.7278 0.7786
0.9570 0.9596 1.0468 0.9344 0.9431 1.0370 0.9867 0.9845 1.0000 0.9359 1.0028 0.9497 1.0000 1.0646 1.1142 1.2863
1.0170 0.9533 0.9870 1.0000 0.9743 0.9779 1.0359 0.9574 1.0064 1.0274 1.0361 1.0076 1.0271 0.9937 1.1729 1.3022
1.3817 1.3229 0.9692 1.2484 0.9233 0.9942 1.1518 0.9231 0.8731 1.0000 1.0000 0.9750 1.0000 0.8827 0.9595 0.9638
1.4233 1.0000 1.2837 0.9960 0.8372 1.1345 1.0211 1.0208 1.0975 0.9862 0.9012 0.9939 0.8758 0.8552 0.8907 1.0586
1.1355 1.1068 1.1203 1.1781 0.9733 1.0483 0.9453 0.9319 1.0204 1.0508 0.9548 0.8372 0.7889 0.7662 0.5470 0.5197
1.3766 0.9937 1.0000 0.9662 1.1664 1.0653 0.9547 1.0216 0.9685 0.8935 0.9109 1.1366 0.9130 1.0637 1.0161 0.9880
0.5382 0.6904 0.9496 0.9688 0.9888 1.0276 1.0228 0.9954 0.9764 1.0578 1.0037 1.0738 1.0924 0.9148 0.9337 1.2276
1.0917 0.8866 0.9152 0.9074 0.8706 0.9591 0.9039 0.9810 1.0000 1.1827 0.9355 0.9335 1.0745 1.2115 1.1716 1.2081
1.0361 0.9955 0.8208 0.9815 0.8564 1.0076 0.9023 0.9467 1.1451 0.9598 1.0446 1.0717 1.0131 1.0346 0.5458 1.1060
1.4536 1.1960 1.0998 1.1461 1.0626 1.0663 1.1387 1.0216 0.9896 0.8132 0.9781 0.8528 0.9466 0.8236 0.8312 0.9131
