1.3397 1.1933 1.0304 1.0849 1.0040 0.9596 1.0881 0.8976 1.1202 1.1447 0.8464 0.8257 0.9337 0.8295 0.7924 0.9108
1.0000 1.0880 1.3111 1.2756 1.1504 1.0104 1.1165 0.9814 0.8866 0.9163 0.8652 0.8421 0.8556 0.8937 0.8164 1.0000
1.0259 0.8920 0.9610 1.1581 0.8270 0.9169 1.0000 0.9400 0.9652 1.0521 0.9693 0.9669 1.0477 1.1679 1.0830 1.2722
1.3212 1.1957 1.1684 1.1480 1.0123 1.0695 1.1080 0.8906 0.9525 0.8826 0.8953 0.9509 0.8097 0.9146 0.7880 0.9732
1.2339 0.9653 0.8987 1.0347 0.9432 1.0086 0.9730 0.9029 1.0013 1.0739 0.9419 1.0935 0.8917 1.0664 1.0398 1.2967
1.2149 1.0888 1.0220 1.1328 0.9734 1.0729 1.0681 0.9473 0.9042 1.0292 0.9919 0.8702 0.8807 0.8214 0.9967 0.9698
1.2045 1.1152 1.0374 0.9854 0.9517 0.9575 1.0220 0.9682 0.8824 1.0478 0.9585 0.8306 0.9839 1.0743 1.0000 1.0472
1.3689 1.2269 1.1627 1.0993 1.1108 1.0907 1.0857 0.9881 1.0704 0.8821 0.8904 0.8230 0.8094 0.7858 0.7610 0.8430
0.6641 0.7065 0.8720 0.7382 0.9537 0.9669 0.8429 1.0237 1.0398 0.9164 1.0650 0.9899 1.1920 1.0043 1.2385 1.2370
1.1528 0.9999 0.9733 1.0881 0.9875 0.9537 0.9399 1.1577 0.8761 0.8894 0.9275 0.9099 1.0233 0.9948 1.0930 1.0791
0.6630 0.7244 0.8746 0.8045 0.9356 0.9513 0.8883 1.0677 1.0004 0.9513 1.0711 0.9119 1.2614 1.0898 0.9503 1.3290
1.2946 1.1335 1.1625 1.2119 1.0680 1.0897 1.1411 0.9750 0.9944 0.8807 0.8364 0.8778 0.8525 0.8096 0.8608 0.8141
1.0312 0.8497 0.8171 0.9006 0.8562 0.8902 0.8057 1.0183 0.9292 1.1155 1.1681 1.0130 1.0998 1.2046 1.1542 1.5568
1.2325 1.0895 1.1181 1.0206 0.8574 0.9950 1.0295 1.0523 0.9485 0.8735 0.9454 0.8729 0.9730 0.8752 0.9946 1.0842
1.2066 1.1923 0.9288 0.9097 1.0449 1.0376 0.9664 1.0534 1.0019 0.9208 0.9639 0.9517 0.9650 0.8040 0.7920 0.9458
1.0354 0.9344 1.0432 0.8885 0.9969 1.0605 0.9690 0.9855 1.0000 0.8956 0.9366 1.1161 1.0000 1.0048 1.0084 1.1811
0.9556 0.9404 0.9221 1.0000 0.9890 0.9394 1.0239 1.0774 0.9859 1.0074 1.0435 0.9978 1.0379 1.0710 1.2688 1.2885
1.5025 1.3477 1.0400 1.2856 0.9716 0.9640 1.1147 0.9662 0.8856 1.0000 1.0000 0.9099 1.0000 0.8485 0.9242 0.9393
1.5058 1.0287 1.2115 0.9079 0.7922 1.1155 1.0049 0.9930 1.0751 1.0275 0.8782 0.9953 0.8944 0.8881 0.9927 1.1468
1.1682 1.1279 1.1690 1.2056 0.9715 1.0424 0.9524 0.9374 1.0029 1.0841 0.8944 0.8025 0.8251 0.7633 0.5253 0.5209
1.2573 0.9053 1.0000 0.9288 1.1458 1.0532 0.9295 0.9984 0.9973 1.0543 0.9216 1.0995 0.8997 1.0474 0.9980 1.0507
0.7021 0.7267 0.9638 1.0095 1.1035 1.0101 0.9735 0.9399 0.9070 1.0939 0.9719 0.9762 1.0471 1.0011 1.0136 1.2313
1.0456 0.8718 0.8909 0.9495 0.8380 0.9195 0.8499 0.9114 1.0000 1.1326 0.9394 0.9356 1.1618 1.2793 1.3203 1.6546
1.0415 1.0848 0.8961 1.0396 0.8839 0.9653 0.9596 1.0056 1.0993 0.8932 1.0133 1.0354 0.9283 1.0311 0.5458 1.0746
1.1769 1.0252 0.9209 0.9770 0.9973 1.0045 1.0646 1.0065 1.0025 0.8823 1.0542 0.9438 1.0496 0.9373 0.9851 1.0819
