1.3367 1.1859 1.0484 1.0870 0.9882 0.9496 1.0789 0.9112 1.0972 1.1549 0.8692 0.8327 0.9313 0.8194 0.7976 0.9131
1.0000 1.0721 1.2794 1.2567 1.1589 1.0214 1.0865 0.9690 0.8795 0.9242 0.8809 0.8799 0.8697 0.9153 0.8164 1.0000
1.0492 0.9208 0.9188 1.1879 0.8724 0.9514 1.0000 0.9462 0.9755 1.0433 0.9570 0.9418 1.0419 1.1148 1.0846 1.2097
1.2637 1.1735 1.1357 1.1577 1.0262 1.0827 1.1176 0.8837 0.9769 0.8884 0.9163 0.9710 0.8130 0.9174 0.7858 0.9705
1.2904 0.9906 0.9319 1.0097 0.9678 0.9749 0.9869 0.9128 0.9382 1.0353 0.9905 1.1100 0.8882 1.0848 1.0532 1.3198
1.1664 1.0871 0.9801 1.1353 0.9840 1.0844 1.0698 0.9665 0.9045 1.0345 0.9714 0.8819 0.8897 0.8571 1.0061 0.9922
1.1744 1.0986 1.0562 0.9884 0.9304 0.9351 1.0243 0.9742 0.8969 1.0728 0.9706 0.8302 0.9686 1.0826 1.0000 1.0358
1.3469 1.2285 1.1471 1.0760 1.1229 1.0952 1.0793 0.9994 1.0832 0.8924 0.9193 0.8350 0.8058 0.7664 0.7880 0.8154
0.6655 0.7110 0.9003 0.7416 0.9394 0.9631 0.8290 1.0339 1.0446 0.9104 1.0548 1.0037 1.2191 0.9952 1.2544 1.1814
1.1310 0.9716 0.9523 1.0796 1.0033 0.9678 0.9434 1.1490 0.8737 0.8891 0.9442 0.8976 1.0302 1.0050 1.1205 1.1008
0.6678 0.7184 0.9016 0.8169 0.9542 0.9904 0.9234 1.0221 0.9776 0.9633 1.0656 0.9197 1.2343 1.1041 0.9692 1.2343
1.2652 1.1245 1.1407 1.1893 1.0739 1.0937 1.1403 0.9567 1.0097 0.9033 0.8452 0.9015 0.8651 0.8071 0.8638 0.8286
1.0028 0.8843 0.8505 0.9329 0.9034 0.9248 0.7908 0.9677 0.9570 1.0134 1.1487 1.0152 1.1118 1.2119 1.1662 1.5434
1.1657 1.0846 1.0327 0.9707 0.8547 0.9927 1.0396 1.0501 0.9715 0.9014 0.9574 0.8948 1.0070 0.9044 1.0448 1.1025
1.1958 1.1577 0.9471 0.9307 1.0556 1.0458 0.9971 1.0678 0.9929 0.9117 0.9456 0.9824 0.9662 0.7798 0.7726 0.9039
1.0106 0.9489 1.0612 0.8789 0.9762 1.0650 0.9979 1.0055 1.0000 0.9281 0.9444 1.0307 1.0000 1.0144 1.0314 1.1663
0.9498 0.9213 0.9022 1.0000 0.9649 0.9194 1.0426 1.0724 0.9807 1.0217 1.0540 1.0096 1.0654 1.0911 1.2746 1.2936
1.4215 1.3509 1.0179 1.2560 0.9714 0.9895 1.1301 0.9843 0.9136 1.0000 1.0000 0.8912 1.0000 0.8335 0.9082 0.9199
1.4764 1.0130 1.1914 0.9211 0.7854 1.1129 1.0015 0.9869 1.1002 1.0229 0.9220 1.0139 0.8992 0.8817 0.9514 1.1433
1.1846 1.1242 1.1706 1.2070 1.0050 1.0502 0.9470 0.9153 0.9910 1.0258 0.9018 0.7970 0.8049 0.7501 0.5285 0.5094
1.2890 0.9548 1.0000 0.9262 1.1385 1.0739 0.9049 1.0255 0.9903 1.0076 0.9211 1.0801 0.8794 1.0733 1.0118 1.0461
0.6051 0.7518 0.9678 1.0251 1.1017 1.0150 0.9894 0.9521 0.9113 1.0852 0.9487 0.9988 1.0249 0.9616 1.0125 1.2297
1.0434 0.8521 0.9047 0.9706 0.8503 0.9413 0.8775 0.9227 1.0000 1.0986 0.9414 0.9292 1.1407 1.2569 1.3140 1.5528
1.0410 1.0619 0.8794 1.0265 0.8959 0.9806 0.9458 0.9770 1.1216 0.9188 1.0166 1.0428 0.9471 1.0298 0.5458 1.0706
1.2688 1.0930 0.9854 1.0507 1.0592 1.0362 1.0924 1.0264 1.0384 0.8993 1.0400 0.8944 1.0146 0.8950 0.9048 0.9787
