1.3200 1.2242 1.2741 1.3279 1.1362 1.0471 1.0812 0.9281 1.0653 1.0761 0.9048 0.7738 0.8583 0.7113 0.6630 0.6284
1.0000 0.8608 0.9216 1.0281 1.0113 0.9404 1.0044 0.9849 0.9202 1.1326 1.0650 0.9952 1.0144 1.1830 0.9559 1.0000
1.4055 1.3056 1.2623 2.0204 1.1763 1.2335 1.0000 0.9222 1.0302 1.0330 0.9155 0.7984 0.8359 0.9179 0.6774 0.8158
0.9991 0.8001 0.9298 1.0691 0.9470 0.9622 1.0558 0.9692 1.0994 1.0843 1.0057 0.9611 1.0383 0.9007 0.9643 1.2210
1.5905 1.2933 1.2336 1.1029 1.0293 1.0189 1.0387 1.0350 0.8609 0.9467 1.1293 0.9473 0.8772 0.8525 0.9321 1.0266
0.8388 0.9129 0.7411 0.8903 0.8568 0.9660 1.1343 0.9951 0.8307 1.2371 0.9752 1.1743 1.0407 1.0607 1.0823 1.3064
1.5984 1.2469 1.2099 1.2056 1.1420 0.9265 0.9516 0.8278 0.8455 0.9348 0.8914 0.8380 0.8798 1.0451 1.0000 0.8664
0.9796 1.1063 0.8843 0.9814 0.9325 1.0692 1.1082 1.1333 1.1621 0.9895 0.9962 0.9733 0.9115 0.8181 0.9232 1.0358
0.8926 0.9027 1.1222 0.9750 0.9083 1.0784 0.9222 1.1214 1.1286 0.9555 1.1082 1.0110 1.0687 0.8073 1.1201 1.0962
0.8701 0.7276 0.8981 0.8960 0.9389 0.9509 0.8826 0.9358 0.8848 1.1418 0.9213 1.0784 1.2359 1.0935 1.2955 1.7555
0.6416 0.9411 0.9726 0.9191 0.9081 1.0532 1.0748 1.1854 1.1289 1.0227 0.8443 0.9695 0.9650 0.9763 0.8363 1.1930
0.9349 0.8628 0.9296 0.9901 0.9233 1.0293 1.0908 0.9322 1.0102 1.0215 1.0105 1.1140 1.0719 1.0991 1.1540 0.8555
1.1385 1.1764 1.1748 1.2245 1.1261 1.0218 1.0187 1.3604 0.8096 1.1151 1.0664 0.7174 0.7006 0.7456 0.7031 0.9079
0.9405 0.8003 0.9674 0.7769 0.8344 0.8752 0.8040 1.0787 1.0078 1.0594 1.1408 1.0171 1.1164 1.1154 1.2926 1.1286
1.5278 1.2451 1.1121 1.1017 1.1714 1.0900 1.1775 1.0415 0.9376 0.7168 0.8677 0.8271 0.7330 0.6388 0.7056 0.6826
0.7484 0.8949 0.9232 0.8496 0.8549 0.8952 1.0747 0.9852 1.0000 0.9450 1.0902 1.0256 1.0000 1.2506 1.3203 1.4383
1.1847 0.9248 1.1520 1.0000 0.9207 1.0316 1.0372 0.8402 0.9688 1.0546 0.9660 1.0032 0.9543 0.9424 1.0425 1.0442
1.0115 0.9900 0.8031 1.1306 0.8215 0.9219 1.1499 0.9363 0.9172 1.0000 1.0000 1.1262 1.0000 1.0033 1.1373 1.1863
1.3771 1.1213 1.5671 1.2201 1.0014 1.2076 1.1135 1.0930 1.1051 0.8945 0.8223 0.8614 0.7594 0.7280 0.7561 0.7634
0.9104 0.9482 1.1147 1.0817 1.0016 1.0002 0.9857 1.0251 1.0832 1.4556 1.0176 0.8922 0.8848 0.8537 0.6108 0.6395
1.4924 1.1672 1.0000 1.1708 1.2245 1.1740 1.0578 0.9949 0.9390 0.8193 0.9065 1.0490 0.8720 0.9557 0.9301 0.8420
0.5995 0.5672 0.8181 0.7274 0.7797 0.9148 1.0129 1.0490 1.0870 0.9727 1.0911 1.3140 1.2054 1.0045 1.0614 1.4237
1.1047 0.9696 1.0732 0.8390 1.0177 1.0540 1.0878 1.1099 1.0000 1.4152 1.0108 0.8787 0.8642 0.8044 0.7039 0.7432
0.7988 0.7337 0.6983 0.9169 0.7949 0.8526 0.8181 0.9280 1.1822 1.0779 1.1238 1.1630 1.2628 1.1681 0.5458 1.4788
1.5788 1.4145 1.1860 1.4185 1.2502 1.2335 1.2132 1.0842 1.0122 0.7709 0.8342 0.9270 0.9163 0.8701 0.8701 1.0012
