1.3441 1.1676 1.0174 1.0866 0.9840 0.9360 1.0725 0.9040 1.1189 1.1505 0.8561 0.8463 0.9366 0.8393 0.8056 0.9370
1.0000 1.0864 1.3005 1.2715 1.1484 1.0030 1.1054 0.9714 0.8896 0.9154 0.8707 0.8581 0.8689 0.8944 0.8312 1.0000
1.0184 0.8989 0.9100 1.1719 0.8359 0.9372 1.0000 0.9502 0.9822 1.0346 0.9385 0.9437 1.0479 1.1644 1.0692 1.2553
1.3373 1.2024 1.1392 1.1566 1.0137 1.0479 1.0994 0.9101 0.9662 0.8739 0.9057 0.9383 0.8145 0.9247 0.7995 0.9781
1.2318 0.9415 0.8761 1.0189 0.9425 0.9891 0.9738 0.8952 0.9844 1.0823 1.0058 1.1024 0.8959 1.1057 1.0716 1.3339
1.1895 1.0690 0.9742 1.1162 0.9744 1.0718 1.0573 0.9571 0.9369 1.0247 1.0036 0.8879 0.8983 0.8591 1.0182 0.9682
1.1756 1.0861 1.0289 1.0011 0.9758 0.9566 1.0209 0.9727 0.9039 1.0481 0.9633 0.8351 0.9640 1.0796 1.0000 1.0402
1.3489 1.2157 1.1582 1.0956 1.0970 1.0914 1.0741 1.0009 1.0745 0.8889 0.8866 0.8430 0.8130 0.7966 0.7697 0.8323
0.6553 0.7086 0.8792 0.7540 0.9638 0.9593 0.8317 1.0336 1.0366 0.9021 1.0612 0.9809 1.2166 1.0178 1.2228 1.2204
1.1300 0.9979 0.9710 1.0791 0.9985 0.9745 0.9547 1.1583 0.8689 0.8769 0.9254 0.8944 1.0231 0.9832 1.0862 1.1121
0.6621 0.7316 0.8808 0.7914 0.9293 0.9454 0.9050 1.0594 1.0109 0.9618 1.0719 0.9186 1.2404 1.0925 0.9705 1.3218
1.2906 1.1518 1.1701 1.1836 1.0774 1.0999 1.0983 0.9726 1.0006 0.8777 0.8504 0.8885 0.8557 0.8005 0.8618 0.8134
1.0219 0.8362 0.8097 0.9077 0.8623 0.9126 0.8132 1.0094 0.9481 1.1250 1.1624 1.0063 1.1019 1.2002 1.1516 1.5176
1.2266 1.0948 1.1075 1.0193 0.8507 1.0025 1.0134 1.0337 0.9557 0.8723 0.9332 0.8832 0.9827 0.8954 1.0156 1.0868
1.2136 1.1699 0.9456 0.9078 1.0300 1.0345 0.9746 1.0629 0.9964 0.9310 0.9575 0.9875 0.9619 0.7922 0.7656 0.9216
1.0357 0.9409 1.0409 0.9058 0.9864 1.0474 0.9699 0.9763 1.0000 0.9070 0.9351 1.0967 1.0000 1.0170 1.0231 1.1731
0.9498 0.9291 0.9286 1.0000 0.9814 0.9266 1.0277 1.0820 0.9957 1.0137 1.0251 0.9935 1.0468 1.0974 1.2682 1.2836
1.4647 1.3876 1.0572 1.2884 1.0041 1.0009 1.1100 0.9585 0.8942 1.0000 1.0000 0.8727 1.0000 0.8341 0.9022 0.9081
1.4790 1.0106 1.2034 0.9111 0.7943 1.1196 1.0041 0.9824 1.0717 1.0380 0.8909 0.9895 0.8970 0.8945 0.9856 1.1707
1.1754 1.1174 1.1511 1.2143 0.9756 1.0437 0.9492 0.9245 1.0039 1.0281 0.9039 0.8083 0.8061 0.7802 0.5352 0.5220
1.1901 0.9058 1.0000 0.8986 1.0778 1.0241 0.8996 1.0066 0.9866 1.0671 0.9577 1.0844 0.9422 1.0892 1.0113 1.1127
0.7525 0.7351 0.9886 0.9809 1.0960 0.9993 0.9704 0.9343 0.9376 1.0664 0.9627 1.0045 1.0318 1.0091 1.0148 1.2231
1.0157 0.8660 0.8898 0.9504 0.8488 0.9153 0.8719 0.8997 1.0000 1.1310 0.9338 0.9471 1.1463 1.2710 1.3460 1.6770
1.0306 1.0576 0.8844 1.0373 0.8804 0.9816 0.9351 1.0017 1.0928 0.9100 1.0111 1.0490 0.9436 1.0498 0.5458 1.0758
1.1473 0.9925 0.9171 0.9735 0.9785 1.0053 1.0471 1.0057 0.9982 0.8852 1.0475 0.9849 1.0514 0.9596 1.0034 1.1119
