0.7155 0.7663 0.8623 0.8707 1.0104 1.0748 1.0726 1.1689 1.1776 1.1942 1.0378 1.0240 1.0251 1.0148 0.8571 0.8566
0.8261 0.8355 0.9333 1.0229 1.0885 1.2261 1.2299 0.9786 1.0527 0.9556 1.1158 0.9967 0.9289 0.8554 0.9962 0.7831
0.6380 0.6998 0.9034 0.8945 0.9670 1.0807 1.1390 1.0731 1.0882 1.2351 1.0114 0.9617 0.9003 0.9202 0.8921 0.7338
0.6499 0.7291 0.8400 0.9538 0.9645 1.0521 1.1054 1.0543 1.0084 1.1788 1.1307 0.9799 1.0399 0.8860 0.9214 0.7642
0.7017 0.7724 0.7905 0.8957 1.0000 1.0202 1.0439 1.0574 1.1996 1.2418 1.0510 1.0323 0.9796 1.0014 0.9172 0.8371
0.8136 0.8382 0.8493 0.9344 1.1377 1.0740 1.1725 1.1340 1.1808 1.1481 1.0647 1.0239 0.9665 0.9290 0.8643 0.8726
0.7575 0.8085 0.8393 0.9161 1.0120 1.0368 1.1634 1.1718 1.1079 1.0908 1.0919 1.0537 0.9861 0.9378 0.8285 0.9572
0.8546 0.7874 0.8486 0.9268 1.0000 1.0839 1.2052 1.1269 1.1181 1.0940 1.1587 1.0936 1.0142 0.9270 0.8256 0.9262
0.8114 0.8650 0.8506 0.8528 1.0002 1.0307 1.1115 1.0276 1.1033 1.1410 1.0507 1.0969 0.9849 1.0460 0.9075 0.8633
0.6679 0.7264 0.8411 0.9262 0.9798 0.9974 1.0439 1.1067 1.0064 1.0546 1.1810 0.9873 0.9326 0.9838 1.0003 1.0275
0.7232 0.6577 0.7324 0.7977 0.9628 1.0439 1.1268 1.0529 1.0302 1.0732 1.0350 0.9643 0.9916 0.9692 0.8602 0.9490
0.7456 0.8346 0.9028 0.9567 1.1469 1.1390 1.1137 0.8716 1.0436 1.2321 1.1038 0.9733 0.9524 1.0000 1.0000 0.7279
0.9390 0.8830 0.9033 1.0180 1.1466 1.1052 1.1653 1.0379 1.1381 1.0629 1.0577 1.0278 0.9921 0.8436 0.8197 0.9447
0.8838 0.8821 0.9527 0.9920 0.9779 1.0880 1.1612 1.1346 1.1197 1.0693 1.1745 0.9525 0.9466 1.0000 0.8338 0.8194
0.6930 0.7316 0.8420 0.8731 0.9645 1.1519 1.0742 1.0579 1.0948 1.0857 1.1314 1.1539 1.0218 0.8631 0.8729 0.8037
0.6767 0.8118 0.9337 0.9922 0.9653 1.0135 1.0823 1.0603 1.0786 1.0062 1.0204 1.0697 1.0048 0.9735 0.9368 0.8492
0.8530 0.7826 0.8742 0.8987 1.0330 1.1582 0.9954 1.1637 1.1528 1.1765 1.0728 1.0361 1.0860 0.9303 0.8748 0.8971
0.6905 0.7549 0.7842 0.8103 0.9856 0.9942 1.1127 0.9968 0.9999 1.1108 1.0960 1.0636 1.0275 1.0243 0.8700 0.8796
0.6785 1.0000 0.8790 0.9004 0.9828 1.1280 1.1134 1.0785 1.0767 1.1660 1.0965 0.9187 0.9849 0.9000 0.8752 0.9087
0.8197 0.7926 0.9144 0.8201 1.0395 1.1390 0.9930 1.0771 1.0735 1.1781 1.0670 1.1319 1.0000 0.9937 0.9698 0.9697
0.8395 0.8714 0.8762 0.9842 0.9536 1.1022 1.0902 1.0561 1.0476 0.9749 1.0603 1.1222 1.0023 0.9747 1.0029 0.9465
0.6108 0.7656 0.8940 0.9582 1.0000 1.0606 1.0613 1.0820 1.0437 1.1057 1.0437 1.0520 0.9975 0.8982 1.0000 0.8061
0.8534 0.7960 0.9444 0.9358 1.0732 1.1560 1.1828 0.9866 1.0866 1.1459 1.1615 1.0307 1.0296 0.9444 0.8747 0.7987
0.7504 0.7844 0.8481 0.9325 1.2033 1.0000 1.0948 1.2007 1.1157 1.0712 1.2423 0.9518 0.9408 0.9313 0.9587 0.9532
0.8384 0.9177 0.8656 0.9432 1.0748 1.1087 1.1813 1.1826 1.1888 1.1830 1.1000 0.9774 0.9562 0.8833 0.7909 0.7797
