1.3604 1.1912 1.0545 1.0910 0.9848 0.9442 1.0533 0.8871 1.0914 1.1236 0.8384 0.8493 0.9270 0.8357 0.8023 0.9304
1.0000 1.0853 1.3126 1.2714 1.1340 1.0036 1.0842 0.9631 0.8904 0.9285 0.8742 0.8660 0.8674 0.9032 0.8172 1.0000
1.0404 0.9048 0.9480 1.1649 0.8552 0.9632 1.0000 0.9524 0.9846 1.0668 0.9747 0.9651 1.0417 1.1610 1.0546 1.2518
1.3359 1.2221 1.1703 1.1321 0.9998 1.0645 1.0740 0.9019 0.9617 0.8895 0.9001 0.9369 0.8126 0.9268 0.7829 0.9685
1.2499 0.9541 0.9083 1.0204 0.9534 0.9973 0.9842 0.9011 0.9907 1.0631 0.9898 1.1024 0.8818 1.1164 1.0488 1.3214
1.2214 1.1009 1.0287 1.1350 0.9933 1.0645 1.0517 0.9518 0.9057 1.0090 0.9760 0.8508 0.8799 0.8459 1.0012 0.9552
1.2124 1.1049 1.0419 1.0128 0.9596 0.9557 1.0285 0.9577 0.9012 1.0524 0.9640 0.8502 0.9593 1.0522 1.0000 1.0378
1.3548 1.2260 1.1539 1.0848 1.1051 1.0985 1.0586 0.9927 1.0740 0.8994 0.9009 0.8380 0.8084 0.7749 0.7765 0.8155
0.6720 0.7042 0.8768 0.7600 0.9565 0.9644 0.8426 1.0475 1.0358 0.9107 1.0660 0.9802 1.2146 1.0236 1.2040 1.2053
1.1251 0.9814 0.9751 1.1102 0.9930 0.9712 0.9452 1.1582 0.8777 0.8892 0.9325 0.9030 1.0177 0.9873 1.0925 1.0871
0.6692 0.7331 0.8834 0.8072 0.9533 0.9782 0.9092 1.0441 1.0056 0.9590 1.0798 0.9147 1.2238 1.0984 0.9745 1.3117
1.2883 1.1453 1.1928 1.2101 1.0789 1.1106 1.1192 0.9585 0.9939 0.8736 0.8439 0.8863 0.8588 0.7925 0.8373 0.7947
1.0132 0.8362 0.8263 0.9166 0.8779 0.9016 0.8140 1.0411 0.9501 1.1215 1.1999 1.0109 1.0892 1.1940 1.1394 1.5381
1.2123 1.0891 1.1160 1.0326 0.8540 0.9762 1.0348 1.0487 0.9594 0.8911 0.9413 0.8792 0.9874 0.8699 1.0046 1.0675
1.1601 1.1579 0.9309 0.9143 1.0400 1.0532 0.9751 1.0679 0.9960 0.9421 0.9700 0.9790 0.9599 0.8045 0.7727 0.9221
1.0342 0.9522 1.0423 0.9030 0.9990 1.0588 0.9747 1.0002 1.0000 0.9048 0.9337 1.1088 1.0000 0.9988 1.0024 1.1561
0.9329 0.9269 0.9062 1.0000 0.9747 0.9305 1.0525 1.0989 1.0036 1.0348 1.0539 0.9880 1.0241 1.0819 1.2237 1.2453
1.4709 1.3322 1.0380 1.2595 0.9781 1.0029 1.1159 0.9460 0.8975 1.0000 1.0000 0.9009 1.0000 0.8417 0.8991 0.9140
1.5080 1.0085 1.1736 0.9315 0.7933 1.0953 1.0108 0.9868 1.0835 1.0286 0.9177 1.0017 0.8940 0.8737 0.9906 1.1617
1.1587 1.1206 1.1550 1.2038 0.9827 1.0398 0.9428 0.9234 0.9983 1.0567 0.9135 0.8082 0.8351 0.7741 0.5338 0.5139
1.2360 0.9147 1.0000 0.9339 1.0793 1.0549 0.9190 1.0248 0.9663 1.0626 0.9371 1.0762 0.9254 1.0368 1.0038 1.1025
0.7774 0.7714 1.0230 0.9864 1.1284 1.0423 0.9836 0.9607 0.9218 1.0855 0.9696 0.9668 1.0119 0.9743 0.9692 1.2034
1.0606 0.8733 0.9178 0.9628 0.8497 0.9319 0.8820 0.9241 1.0000 1.1388 0.9500 0.9480 1.1376 1.2503 1.3275 1.6777
1.0474 1.0962 0.9003 1.0647 0.8869 0.9839 0.9364 0.9889 1.0911 0.8899 0.9988 1.0423 0.9352 1.0232 0.5458 1.0476
1.1418 0.9454 0.9231 0.9594 0.9709 0.9824 1.0628 1.0116 0.9970 0.8812 1.0355 0.9621 1.0864 0.9647 1.0182 1.1388
