# H line wavelength, scale factor
0.3798976  1.0
0.3836472  1.0
0.3890151  1.0
0.3971195  1.0
0.4102892  1.0
0.4341684  1.0
0.4862683  1.0
0.656461   1.0
0.8394702  1.0
0.8415629  1.0
0.8440274  1.0
0.8469580  1.0
0.8504819  1.0
0.8547730  1.0
0.8600754  1.0
0.8667398  1.0
0.8752876  1.0
0.8865217  1.0
0.9017385  1.0
0.9231547  1.0
0.9548590  1.0
1.0052128  1.0
1.0941091  1.0
1.282159   1.0
1.5195996  1.0
1.5264708  1.0
1.5345982  1.0
1.5443139  1.0
1.5560699  1.0
1.5704952  1.0
1.5884880  1.0
1.6113714  1.0
1.6411674  1.0
1.6811111  1.0
1.7366850  1.0
1.8179084  1.0
1.875613   1.0
1.9450871  1.0
2.166120   1.0
2.4313620  1.0
2.4490002  1.0
2.4699873  1.0
2.4952543  1.0
2.5260903  1.0
2.5643270  1.0
2.6126477  1.0
2.625867   1.0
2.6751312  1.0
2.7582677  1.0
2.8729959  1.0
3.0392023  1.0
3.296992   1.0
3.6069680  1.0
3.6459233  1.0
3.6926335  1.0
3.740557   1.0
3.7493933  1.0
3.8194512  1.0
3.9075486  1.0
4.0208675  1.0
4.052262   1.0
4.1707940  1.0
4.3764544  1.0
4.653778   1.0
4.672509   1.0
5.128657   1.0
5.908213   1.0
7.459858   1.0
7.502493   1.0
12.371898  1.0
