1.2641 1.1659 1.1477 1.1921 1.0721 0.9915 1.1025 0.9092 1.1816 1.1118 0.8917 0.8203 0.9192 0.7388 0.7558 0.7375
1.0000 0.9696 0.9844 1.1922 1.1459 0.9978 0.9691 0.9742 0.9132 1.0601 0.9823 0.9676 0.9707 1.0431 0.8386 1.0000
1.2373 1.1284 1.1059 1.5907 1.0670 1.0820 1.0000 0.9072 1.0328 1.0466 1.0129 0.8541 0.9368 0.8917 0.8661 0.8430
1.1263 0.9778 1.0670 1.1284 1.0146 1.0439 1.1011 0.9903 1.0324 0.9774 0.9646 0.9304 0.9246 0.8831 0.8918 0.9929
1.5760 1.2001 1.0840 1.0759 0.9576 0.9541 1.0154 0.9529 0.7678 0.8543 1.0604 1.0965 0.9469 0.9682 1.0679 1.2251
0.9940 1.0746 0.8762 1.0238 0.9271 1.0656 1.1215 1.0314 0.7924 1.1764 0.8617 1.0165 0.9776 0.9704 0.9481 1.1190
1.3612 1.1376 1.1407 1.0796 1.0353 0.9271 0.9705 0.8542 0.9032 1.0033 0.9511 0.8707 0.9577 1.0680 1.0000 0.9795
1.0810 1.2217 0.9360 1.0533 1.0437 1.0813 1.0947 1.0572 1.1506 0.9370 0.9530 0.9453 0.8498 0.7681 0.8583 0.9581
0.7560 0.7943 0.9813 0.8411 0.8653 0.9721 0.8711 1.1295 1.1125 0.9791 1.0933 1.0432 1.1560 0.7871 1.2635 1.0222
0.9109 0.8294 0.8383 1.0408 0.9747 1.0302 1.0065 0.9406 0.9235 1.0165 0.9313 0.9844 1.1411 1.0772 1.1649 1.3853
0.6271 0.8215 0.8937 0.8826 0.9000 0.9925 1.0165 1.1352 1.0864 0.9905 0.8828 1.0206 1.0387 1.1349 0.9672 1.0323
1.1294 1.0113 1.0588 1.1194 1.0214 1.0980 1.1570 0.9898 1.0229 0.9254 0.9139 0.9685 0.9433 0.9044 0.9449 0.7837
1.0015 1.0897 1.0435 1.1443 1.0736 0.8954 0.8337 1.2513 0.9224 1.0382 1.1101 0.8003 0.8742 1.0267 0.9121 1.1180
0.9889 0.9105 0.9583 0.7614 0.9002 0.9190 0.8602 1.1021 0.9911 1.0115 1.0577 1.0241 1.1086 1.0264 1.1767 1.1354
1.4101 1.1630 1.0421 1.0265 1.0794 1.0981 1.0941 1.0684 0.9971 0.7708 0.9321 0.9154 0.9060 0.6575 0.6529 0.6992
0.8628 0.9471 1.0831 0.8841 0.8740 1.0290 1.0631 1.0246 1.0000 0.9096 1.0120 0.9406 1.0000 1.1261 1.1576 1.3319
1.0366 0.9258 0.9995 1.0000 0.9153 0.9985 1.0793 0.8939 1.0199 1.1046 1.0696 1.0269 0.9947 0.9460 1.0523 1.1462
1.2435 1.2362 0.8836 1.2150 0.9378 0.9781 1.1274 0.9103 0.8843 1.0000 1.0000 1.0341 1.0000 0.8893 1.0016 1.0407
1.3823 1.0134 1.3631 1.0564 0.8793 1.1468 1.0641 1.0407 1.1247 0.9393 0.9584 0.9558 0.8662 0.8050 0.7963 0.9786
1.0230 1.0375 1.1302 1.1304 0.9904 1.0287 0.9960 1.0006 1.0592 1.0742 0.9746 0.8947 0.8183 0.7994 0.5790 0.5322
1.3413 1.0610 1.0000 0.9624 1.1798 1.1164 0.9768 1.0187 0.9998 0.8230 0.9423 1.1368 0.9179 1.1004 0.9990 0.8853
0.5634 0.6344 0.9565 0.9111 0.9002 1.0146 1.0060 1.0225 1.0086 0.9558 1.0195 1.1789 1.1389 0.9332 0.9703 1.2879
1.1170 0.9481 0.9795 0.8422 0.9295 0.9594 0.9852 1.0333 1.0000 1.2234 0.9916 0.9314 1.0143 1.1012 0.9626 0.8859
0.9396 0.8676 0.7815 0.9407 0.8476 0.9991 0.8491 0.8899 1.1515 1.0371 1.1048 1.1151 1.1177 1.0666 0.5458 1.2204
1.5901 1.3381 1.1284 1.2271 1.1597 1.1300 1.2342 1.0098 0.9677 0.8258 0.9343 0.8697 0.8934 0.8343 0.7793 0.8319
