1.4809 1.4299 1.2876 1.3128 1.0901 0.9938 1.1395 1.0013 0.9299 0.9730 0.8008 0.7840 0.8083 0.7668 0.6425 0.6317
1.0000 0.7875 1.0479 1.0057 0.8962 0.9137 1.0979 1.0137 1.0098 1.0791 1.0642 0.9032 0.9647 1.1335 1.0897 1.0000
1.2871 1.3332 1.5779 2.1311 1.0254 1.1370 1.0000 0.8022 1.0793 1.0188 0.8486 0.7643 0.9245 0.9180 0.6956 0.8044
1.0511 0.8936 0.8050 0.9801 0.8541 0.9404 0.9571 0.9204 1.0978 1.0520 0.9901 1.0524 0.9695 0.9799 0.9859 1.5983
1.3648 1.1715 1.1909 0.8668 1.0692 1.1832 1.1456 1.1434 0.9939 1.2329 1.1644 1.0157 0.9502 0.9254 0.9609 0.8821
0.7793 0.8748 0.7089 0.9209 0.8726 0.9370 1.1238 1.0102 0.9107 1.1164 1.0675 1.1912 1.0942 1.0662 1.1608 1.3299
1.6265 1.3777 1.2984 1.2135 1.1877 1.0431 1.0354 0.9094 0.8733 0.8197 0.8103 0.7503 0.7916 0.9448 1.0000 0.7749
0.9928 0.9185 1.0134 0.9418 0.8444 1.0202 1.0320 1.1023 1.2154 0.9640 1.0182 0.9995 0.9299 0.9325 0.9809 1.0760
0.9947 0.9279 1.1520 1.0266 1.0645 1.2812 0.9652 1.1691 1.1067 0.9336 1.0417 0.9533 0.9448 0.9371 1.0019 1.1031
1.0250 0.8191 1.1657 0.8687 0.8851 0.9678 0.9028 1.2399 0.9231 0.9988 0.9446 1.0104 1.0624 1.1674 1.1725 1.5833
0.7128 1.0956 1.2295 0.8185 1.1118 1.1236 1.0169 1.0192 0.9831 0.9627 0.8662 0.8830 1.0500 0.8967 0.7815 1.3871
0.8121 0.8037 0.9040 0.9326 0.8777 0.9330 1.0105 0.9313 0.9969 1.1119 1.0782 1.1035 1.1360 1.1792 1.1788 0.9927
1.1337 1.0823 0.9789 1.0487 1.0506 1.1587 1.1378 1.4159 0.7693 1.2406 1.0204 0.8014 0.8852 0.8835 0.8323 1.0187
1.0915 0.9637 1.1444 0.9065 0.7597 0.9413 0.8899 1.0319 1.0465 1.0743 1.0957 1.0070 1.0312 1.0153 1.0990 1.1013
1.4059 1.4383 1.0246 1.1268 1.2342 1.0822 1.0942 1.0954 0.9335 0.7744 0.8659 0.7715 0.7036 0.6217 0.6422 0.6854
0.7206 0.9096 0.8671 0.8111 0.8785 0.8686 0.9579 0.9236 1.0000 0.8772 1.1063 1.2523 1.0000 1.3923 1.4217 1.4466
1.1238 0.9402 1.1951 1.0000 1.0365 0.9948 1.0647 1.0580 0.9498 0.9216 0.9372 0.9609 0.9027 0.9423 1.1010 0.9775
0.8081 0.8034 0.8391 0.9024 0.8026 0.8205 1.0137 0.9809 0.9804 1.0000 1.0000 1.2018 1.0000 1.1892 1.1674 1.2869
1.6352 1.3199 1.6639 1.2349 1.0104 1.1486 1.0803 1.0547 0.9977 0.9117 0.8911 0.7635 0.6797 0.6445 0.8294 0.8421
0.8157 0.8130 1.0452 1.0507 0.9126 0.9860 1.0684 1.0309 1.2302 1.1197 1.0649 1.0099 1.0816 1.1061 0.6750 0.6580
1.4026 1.1217 1.0000 1.0469 1.2167 1.1562 1.0308 1.0528 0.9624 0.9467 0.8911 1.0183 0.8499 0.9396 0.8773 0.9628
0.7576 0.5643 0.8165 0.6833 0.9142 0.9002 0.9879 0.9299 0.9794 1.0341 1.0459 1.2895 1.1866 1.1628 1.1697 1.6037
1.0248 1.0918 1.0860 0.9401 0.9967 1.0431 1.1038 1.1370 1.0000 1.5458 1.0008 0.8817 0.8775 0.7486 0.6642 0.8907
0.7702 0.7600 0.7944 0.9186 0.8339 0.7997 0.8379 1.0315 1.1410 0.9903 1.0936 1.1034 1.2693 1.2886 0.6724 1.4646
1.3172 1.2519 1.0471 1.1843 1.1155 1.2737 1.2655 1.1083 0.9030 0.8530 0.8788 0.9261 0.9298 0.8864 0.6846 0.9388
