1.3153 1.1894 1.0760 1.1213 1.0205 0.9827 1.1026 0.9010 1.1090 1.1284 0.8488 0.8309 0.9188 0.7905 0.8085 0.8517
1.0000 1.0838 1.2141 1.2263 1.1675 1.0177 1.0778 0.9995 0.8908 0.9537 0.9073 0.8688 0.8768 0.9107 0.8129 1.0000
1.1297 0.9823 0.9293 1.3488 0.9056 1.0184 1.0000 0.9350 0.9835 1.0450 0.9691 0.9054 1.0306 0.9974 1.0516 1.1186
1.2778 1.1281 1.1176 1.1373 0.9843 1.0928 1.0990 0.9284 0.9766 0.9248 0.9116 0.9413 0.8529 0.9221 0.8246 0.9671
1.3998 1.0705 0.9827 1.0499 0.9515 0.9559 0.9973 0.9157 0.8689 0.9154 0.9466 1.0973 0.9092 1.0811 1.0894 1.3235
1.1231 1.1068 0.9685 1.0671 0.9552 1.0505 1.0656 0.9831 0.8690 1.0725 0.9442 0.9079 0.9313 0.9038 1.0222 1.0199
1.2340 1.1251 1.0733 1.0057 0.9736 0.9544 1.0231 0.9389 0.8632 1.0550 0.9855 0.8233 0.9500 1.0284 1.0000 1.0494
1.2784 1.2372 1.0743 1.1073 1.0931 1.0793 1.0930 1.0301 1.1143 0.8968 0.9315 0.8192 0.8132 0.7878 0.7872 0.8700
0.6960 0.7353 0.9404 0.7708 0.9298 0.9734 0.8730 1.0727 1.0456 0.9103 1.0790 0.9961 1.1962 0.9444 1.2264 1.1791
1.0698 0.9371 0.9160 1.1133 0.9866 0.9639 0.9869 1.0832 0.8831 0.9436 0.8994 0.9289 1.0529 0.9988 1.1248 1.2011
0.6378 0.7348 0.8685 0.8183 0.9279 0.9896 0.9353 1.0615 1.0062 1.0012 1.0269 0.9311 1.1932 1.1251 0.9851 1.1825
1.2304 1.1346 1.1289 1.1917 1.0503 1.0539 1.1543 0.9636 1.0020 0.9011 0.8585 0.8986 0.9078 0.8223 0.8923 0.8053
0.9866 0.8876 0.8707 0.9742 0.9303 0.8498 0.7892 1.1633 0.9314 1.0432 1.1294 0.9311 1.0865 1.1732 1.1181 1.4512
1.0961 1.0289 1.0684 0.8916 0.8655 0.9602 0.9676 1.0734 0.9838 0.9503 0.9859 0.9255 1.0382 0.9289 1.0789 1.0938
1.2503 1.1469 0.9685 0.9687 1.0690 1.0686 0.9970 1.1024 0.9971 0.8625 0.9471 0.9669 0.9467 0.7771 0.7434 0.8218
0.9735 0.9198 1.0462 0.9176 0.9503 1.0381 1.0008 0.9943 1.0000 0.9242 0.9480 1.0128 1.0000 1.0466 1.0716 1.2563
0.9559 0.9443 0.9701 1.0000 0.9824 0.9406 1.0266 0.9744 0.9865 1.0198 1.0536 1.0100 1.0585 1.0673 1.2270 1.3347
1.4008 1.3430 1.0215 1.2774 0.9563 0.9993 1.1441 0.9309 0.8793 1.0000 1.0000 0.9384 1.0000 0.8296 0.9174 0.9523
1.4682 1.0224 1.2243 0.9476 0.8386 1.1232 0.9938 0.9934 1.0955 0.9952 0.9444 0.9959 0.8768 0.8617 0.9330 1.1102
1.1364 1.1168 1.1852 1.1861 1.0042 1.0033 0.9488 0.9527 0.9967 1.0689 0.9297 0.8171 0.7929 0.7545 0.5340 0.5138
1.3624 1.0008 1.0000 0.9772 1.1693 1.1028 0.9371 1.0103 0.9841 0.9096 0.9644 1.0832 0.8736 1.0719 0.9942 0.9808
0.6334 0.7007 0.9864 0.9815 1.0190 1.0160 1.0024 0.9844 0.9554 1.0657 0.9752 1.0399 1.0653 0.9371 0.9725 1.2605
1.0533 0.8716 0.9178 0.9523 0.8592 0.9292 0.8809 0.9642 1.0000 1.1512 0.9328 0.9174 1.1172 1.2372 1.2499 1.3193
0.9976 1.0521 0.8593 1.0251 0.8615 0.9936 0.9158 0.9436 1.1262 0.9029 1.0510 1.0581 1.0040 1.0635 0.5458 1.1045
1.3737 1.1116 1.0327 1.0877 1.0662 1.0691 1.1068 1.0020 1.0140 0.8644 1.0135 0.8689 0.9852 0.8863 0.8662 0.9468
