1.3341 1.1692 1.0278 1.0818 0.9922 0.9443 1.0752 0.8946 1.1168 1.1394 0.8598 0.8529 0.9477 0.8329 0.8037 0.9363
1.0000 1.0686 1.2992 1.2634 1.1326 1.0056 1.1042 0.9739 0.8868 0.9162 0.8866 0.8658 0.8670 0.9136 0.8333 1.0000
1.0450 0.9103 0.8874 1.1807 0.8513 0.9584 1.0000 0.9614 0.9866 1.0320 0.9539 0.9417 1.0462 1.1498 1.0641 1.2804
1.3229 1.1919 1.1636 1.1483 1.0220 1.0586 1.1072 0.8864 0.9592 0.8798 0.8906 0.9518 0.8208 0.9328 0.8016 0.9798
1.2916 0.9748 0.8969 1.0352 0.9437 0.9909 0.9724 0.8932 0.9654 1.0682 0.9605 1.0948 0.8982 1.1222 1.0436 1.3216
1.2062 1.0998 1.0045 1.1147 0.9686 1.0612 1.0719 0.9568 0.9190 1.0030 0.9894 0.8739 0.8861 0.8531 1.0171 0.9798
1.2035 1.1241 1.0278 0.9929 0.9595 0.9423 1.0209 0.9812 0.8832 1.0534 0.9591 0.8465 0.9735 1.0839 1.0000 1.0317
1.3840 1.2544 1.1769 1.1039 1.1091 1.1124 1.0461 1.0018 1.0721 0.8827 0.8906 0.8072 0.8070 0.7896 0.7444 0.8245
0.6639 0.7043 0.8751 0.7371 0.9440 0.9518 0.8427 1.0326 1.0553 0.9224 1.0669 0.9887 1.2213 1.0103 1.2097 1.2084
1.1455 1.0085 0.9760 1.0889 0.9910 0.9748 0.9529 1.1544 0.8661 0.8854 0.9287 0.8871 1.0226 0.9874 1.0934 1.0791
0.6668 0.7295 0.8819 0.8057 0.9477 0.9538 0.8863 1.0606 1.0093 0.9314 1.0552 0.9158 1.2571 1.0980 0.9762 1.3228
1.2857 1.1312 1.1785 1.1942 1.0726 1.0935 1.1168 0.9872 0.9961 0.8731 0.8463 0.8914 0.8459 0.8097 0.8569 0.8178
1.0103 0.8472 0.8233 0.9129 0.8660 0.9032 0.8100 1.0156 0.9493 1.1009 1.1810 0.9926 1.0889 1.2007 1.1609 1.5887
1.2181 1.0995 1.1127 1.0337 0.8493 1.0092 1.0325 1.0433 0.9457 0.8599 0.9364 0.8685 0.9612 0.8825 0.9965 1.0944
1.2081 1.1753 0.9507 0.9244 1.0463 1.0560 0.9808 1.0428 0.9963 0.9085 0.9478 0.9648 0.9553 0.7973 0.7921 0.9508
1.0370 0.9344 1.0279 0.9098 0.9855 1.0500 0.9725 0.9781 1.0000 0.9016 0.9377 1.1013 1.0000 1.0020 1.0264 1.1662
0.9374 0.9262 0.8974 1.0000 0.9551 0.9217 1.0419 1.0849 0.9972 1.0155 1.0615 1.0046 1.0576 1.1016 1.2888 1.2958
1.4399 1.3440 1.0226 1.2538 0.9694 0.9916 1.1095 0.9641 0.8924 1.0000 1.0000 0.9142 1.0000 0.8503 0.9243 0.9186
1.4863 1.0055 1.2215 0.9106 0.8009 1.1035 0.9965 0.9667 1.0728 1.0378 0.9061 1.0192 0.8908 0.8878 0.9867 1.1493
1.1824 1.1427 1.1424 1.1950 0.9861 1.0470 0.9622 0.9258 0.9919 1.0184 0.9016 0.7948 0.8041 0.7729 0.5280 0.5210
1.2242 0.9195 1.0000 0.9346 1.1220 1.0328 0.9359 0.9982 0.9907 1.0335 0.9301 1.0842 0.9087 1.0745 1.0094 1.0645
0.7113 0.7346 0.9741 1.0002 1.0877 1.0150 0.9875 0.9495 0.9213 1.0713 0.9636 0.9824 1.0443 0.9856 1.0241 1.2324
1.0298 0.8532 0.8894 0.9471 0.8285 0.9147 0.8757 0.9051 1.0000 1.1286 0.9348 0.9623 1.1751 1.2744 1.3105 1.7049
1.0296 1.0703 0.9039 1.0441 0.8956 0.9750 0.9480 0.9954 1.1288 0.9015 1.0037 1.0316 0.9299 1.0287 0.5458 1.0813
1.1811 1.0324 0.9236 0.9670 0.9889 0.9997 1.0716 1.0197 1.0000 0.8903 1.0279 0.9619 1.0514 0.9380 0.9967 1.1022
