1.3358 1.2025 1.0933 1.0863 0.9962 0.9752 1.0690 0.8836 1.1324 1.1186 0.8506 0.8237 0.9224 0.8063 0.7992 0.8853
1.0000 1.0858 1.2365 1.2709 1.1301 1.0129 1.0590 0.9704 0.8825 0.9377 0.9065 0.8803 0.8794 0.9272 0.8207 1.0000
1.0770 0.9322 0.8932 1.2953 0.8850 0.9826 1.0000 0.9342 0.9719 1.0443 0.9921 0.9364 1.0671 1.0599 1.0731 1.1505
1.2619 1.1743 1.1123 1.1310 1.0078 1.0429 1.0990 0.9192 0.9847 0.9152 0.9193 0.9455 0.8487 0.9457 0.8113 0.9773
1.3756 1.0273 0.9544 1.0611 0.9656 0.9579 0.9821 0.9149 0.9186 0.9783 0.9666 1.0909 0.9140 1.0982 1.0579 1.2977
1.1389 1.0786 0.9781 1.0843 0.9792 1.0476 1.0692 0.9932 0.9069 1.0588 0.9489 0.9138 0.8970 0.8826 1.0021 1.0103
1.2263 1.0877 1.0506 1.0063 0.9582 0.9603 1.0056 0.9604 0.8957 1.0411 0.9768 0.8370 0.9722 1.0697 1.0000 1.0369
1.2926 1.1997 1.0882 1.0857 1.0971 1.0821 1.0621 1.0262 1.1264 0.9185 0.9075 0.8480 0.8371 0.7745 0.7933 0.8701
0.6858 0.7286 0.9123 0.7670 0.9209 0.9474 0.8356 1.0592 1.0300 0.9338 1.0526 1.0049 1.2232 0.9676 1.2344 1.1785
1.0456 0.9368 0.9437 1.0726 0.9705 0.9657 0.9365 1.1037 0.9234 0.9281 0.9606 0.9200 1.0442 1.0182 1.1447 1.1889
0.6425 0.7294 0.8817 0.8401 0.9363 0.9985 0.9218 1.0198 0.9922 0.9779 1.0805 0.9512 1.1415 1.1260 0.9963 1.1824
1.2592 1.1232 1.1610 1.1744 1.0684 1.0840 1.1045 0.9511 1.0025 0.8583 0.8613 0.8942 0.8763 0.8561 0.8901 0.8412
0.9918 0.8667 0.8616 0.9492 0.9166 0.8894 0.8013 1.1392 0.9500 1.0434 1.1356 0.9620 1.0779 1.1790 1.1150 1.4961
1.1271 1.0434 1.0813 0.9200 0.8652 0.9682 0.9790 1.0289 0.9668 0.9197 0.9716 0.9000 1.0325 0.9316 1.0950 1.1289
1.2722 1.1862 0.9643 0.9655 1.0719 1.0590 1.0127 1.0555 1.0016 0.8510 0.9454 0.9412 0.9506 0.7851 0.7640 0.8721
0.9889 0.9342 1.0387 0.8981 0.9376 1.0493 0.9966 1.0002 1.0000 0.8993 0.9570 1.0354 1.0000 1.0434 1.0721 1.2305
0.9433 0.9128 0.9336 1.0000 0.9662 0.9465 1.0419 1.0267 0.9906 1.0282 1.0769 1.0064 1.0484 1.0729 1.2523 1.3040
1.4061 1.3242 1.0218 1.2083 0.9659 0.9800 1.1167 0.9818 0.8899 1.0000 1.0000 0.9227 1.0000 0.8656 0.9369 0.9513
1.4890 1.0165 1.2341 0.9636 0.8133 1.1455 1.0175 0.9575 1.0871 0.9958 0.8865 0.9914 0.8928 0.8807 0.9626 1.1196
1.1345 1.1141 1.1583 1.2038 0.9830 1.0304 0.9443 0.9369 1.0210 1.1166 0.9242 0.8212 0.8305 0.7583 0.5387 0.5149
1.3835 1.0182 1.0000 0.9569 1.1534 1.0774 0.9081 1.0201 0.9662 0.9411 0.9121 1.0529 0.9001 1.0706 1.0157 1.0242
0.6433 0.7127 0.9747 0.9766 1.0415 1.0168 0.9967 0.9690 0.9403 1.0788 0.9685 1.0248 1.0639 0.9609 0.9968 1.2754
1.0359 0.8575 0.8896 0.9490 0.8397 0.8956 0.8717 0.9327 1.0000 1.1340 0.9738 0.9357 1.1750 1.2454 1.3019 1.4760
1.0109 1.0320 0.8582 1.0239 0.8508 0.9745 0.8862 0.9841 1.1143 0.9557 1.0349 1.0599 0.9842 1.0715 0.5458 1.0983
1.3231 1.1025 0.9915 1.0702 1.0516 1.0378 1.1238 0.9687 0.9990 0.8528 1.0065 0.9337 1.0028 0.9136 0.8946 0.9947
