0.8250 0.8913 0.9128 0.9414 1.0455 1.1059 1.0840 1.1834 1.0489 1.1600 0.9790 1.0249 1.0584 1.0697 0.8397 0.8282
0.8589 0.9049 1.0186 1.0918 1.1508 1.2385 1.1998 0.8985 0.9472 0.8933 1.0846 0.9754 0.9774 0.8400 1.0350 0.7870
0.6840 0.7695 0.9768 0.9759 0.9990 1.1580 1.0225 1.0989 1.0207 1.2831 0.9874 0.8454 0.9425 0.9327 1.0289 0.6522
0.6561 0.7983 0.8990 0.9982 1.0211 1.0991 1.1645 1.0912 0.9069 1.0817 1.1546 0.9367 1.0098 0.8733 0.9523 0.6274
0.7339 0.8241 0.8583 0.9096 1.0000 1.0405 1.0905 1.0489 1.1313 1.2085 1.0320 0.9968 1.0004 1.0802 1.0473 0.9083
0.8782 0.8933 0.9020 0.9959 1.1531 1.0910 1.1657 0.9455 1.1969 1.1245 1.0396 1.0336 0.9887 0.9081 0.8486 0.8225
0.7215 0.8816 0.9550 0.9474 1.0762 0.9327 1.2132 1.2243 1.0609 0.9942 1.0622 0.9982 0.9783 0.9552 0.8563 0.8489
0.9355 0.8518 0.8993 0.9772 1.0000 1.0886 1.2083 1.0608 1.0938 1.0844 1.0401 1.1480 1.0506 0.8858 0.8486 0.8070
0.8450 0.9171 0.8786 0.9125 1.0575 1.0366 1.1268 1.0057 1.0844 1.1037 1.0354 1.0394 1.0338 1.0370 0.8965 0.7707
0.7359 0.7960 0.8830 1.0248 1.0021 1.0685 1.0752 1.1245 0.9790 1.0217 1.1781 0.8177 0.8392 1.0238 1.0621 1.0897
0.8087 0.7288 0.8353 0.8505 1.0326 1.1489 1.2070 1.0442 1.0225 1.1360 0.9924 1.0152 1.0674 1.0218 0.8815 0.8687
0.7905 0.8775 0.8922 1.0728 1.1733 1.1957 1.1818 0.9119 0.9405 1.1872 0.9678 0.9120 0.8961 1.0000 1.0000 0.6306
0.9350 0.9148 0.9132 1.0238 1.1403 1.0728 1.0964 0.9019 1.0668 0.9728 1.0117 0.9872 1.0028 0.8327 0.7979 0.9926
0.9213 0.9275 0.9645 1.0064 0.9617 1.0922 1.1440 1.1188 1.0455 0.9807 1.1064 0.9131 0.9566 1.0000 0.8572 0.7400
0.6766 0.7806 0.8380 0.8760 1.0232 1.1957 1.0602 1.1060 1.0151 1.0578 1.1125 1.1637 1.0300 0.8600 0.9690 0.8590
0.6984 0.8725 0.9925 1.0450 1.0291 1.0233 1.0960 0.9613 1.1087 0.9298 0.9879 1.0374 1.0656 0.9603 0.8912 0.7911
0.9042 0.6930 0.8271 0.8294 1.0515 1.1722 0.9824 1.1715 1.1044 1.1401 1.0392 1.0200 1.1734 0.9593 0.8661 1.0101
0.7140 0.8995 0.8431 0.8211 1.0603 0.9819 1.2521 1.0843 1.0237 1.1534 1.1086 0.9966 0.9310 0.8931 0.9636 0.9787
0.7136 1.0000 0.9518 0.8911 0.9718 1.1235 1.1121 0.9612 1.0771 1.1686 1.1105 0.8776 1.0118 0.9020 0.9286 0.9072
0.8435 0.8460 0.9619 0.8499 1.0675 1.1921 1.0001 1.0836 1.0371 1.1333 1.0159 1.1422 1.0000 0.9354 1.0201 0.8590
0.9412 0.9575 0.9302 0.9413 0.8812 1.1264 1.0433 1.0971 1.0567 0.9405 1.0378 1.1756 0.9948 1.0287 0.9758 0.7848
0.6480 0.8686 0.9736 1.0408 1.0000 1.0937 1.0543 1.0703 0.9699 1.0115 0.9439 1.0631 0.9049 0.8739 1.0000 0.7020
0.8238 0.8340 0.9898 0.9706 1.0620 1.1327 1.1878 0.9267 1.0491 1.0984 1.1244 1.0473 1.0557 0.9670 0.8728 0.8581
0.8404 0.8508 0.9096 0.9818 1.2658 1.0000 1.1000 1.1197 1.0982 1.0389 1.2143 0.8421 0.9404 0.9473 0.9412 0.9051
0.8411 0.9231 0.8644 0.9672 1.1138 1.0966 1.1903 1.1545 1.1373 1.1521 1.0737 0.9317 0.9870 0.8598 0.7462 0.7647
