1.3341 1.1788 1.0669 1.1136 0.9905 0.9511 1.0551 0.8852 1.1303 1.1571 0.8596 0.8321 0.9340 0.8039 0.8012 0.8997
1.0000 1.0826 1.2594 1.2504 1.1200 1.0198 1.0712 0.9855 0.8574 0.9280 0.8973 0.8867 0.8910 0.9176 0.8302 1.0000
1.0611 0.9280 0.8828 1.2415 0.8564 0.9737 1.0000 0.9402 0.9791 1.0632 0.9902 0.9411 1.0577 1.0972 1.0619 1.1947
1.3219 1.1638 1.1707 1.1382 1.0178 1.0588 1.0881 0.8779 0.9951 0.8861 0.9120 0.9582 0.8189 0.9359 0.7955 0.9712
1.3299 1.0078 0.9298 1.0475 0.9440 0.9714 0.9885 0.9132 0.9302 1.0182 0.9741 1.0944 0.8984 1.0831 1.0569 1.3268
1.1733 1.0615 0.9659 1.1004 0.9474 1.0563 1.0564 0.9718 0.9035 1.0416 0.9686 0.9069 0.8996 0.8969 1.0476 1.0088
1.2021 1.0928 1.0788 0.9915 0.9411 0.9480 1.0305 0.9728 0.8733 1.0475 0.9649 0.8357 0.9729 1.0824 1.0000 1.0378
1.3228 1.2251 1.1294 1.0833 1.1092 1.1002 1.0569 0.9978 1.0768 0.8977 0.9144 0.8502 0.8193 0.8014 0.7773 0.8393
0.6655 0.7267 0.9078 0.7528 0.9452 0.9665 0.8511 1.0357 1.0248 0.8900 1.0605 1.0141 1.2285 1.0039 1.2345 1.1749
1.1090 0.9564 0.9373 1.0772 1.0020 0.9657 0.9425 1.1121 0.8642 0.9079 0.9330 0.9132 1.0455 1.0180 1.1123 1.1612
0.6405 0.7328 0.8786 0.8267 0.9316 0.9689 0.9166 1.0252 0.9730 0.9669 1.0847 0.9424 1.2054 1.1372 0.9813 1.2241
1.2492 1.1279 1.1521 1.2100 1.0616 1.0862 1.1189 0.9809 1.0230 0.8782 0.8495 0.8883 0.8615 0.8243 0.8756 0.7984
0.9793 0.8711 0.8500 0.9193 0.8871 0.9006 0.8002 1.1085 0.9478 1.0678 1.1882 1.0085 1.0734 1.1676 1.1085 1.4692
1.1432 1.0380 1.1132 0.9487 0.8541 0.9882 0.9941 1.0419 0.9612 0.9232 0.9602 0.9011 1.0252 0.8964 1.0528 1.1061
1.2406 1.1615 0.9554 0.9291 1.0390 1.0570 1.0040 1.0605 1.0057 0.8910 0.9523 0.9662 0.9581 0.7749 0.7462 0.8889
1.0069 0.9726 1.0611 0.8999 0.9750 1.0223 0.9582 0.9962 1.0000 0.9146 0.9681 1.0458 1.0000 1.0190 1.0557 1.2015
0.9496 0.9516 0.9419 1.0000 0.9600 0.9303 1.0404 1.0500 0.9820 1.0139 1.0621 1.0055 1.0389 1.0830 1.2691 1.3050
1.4386 1.3612 1.0582 1.2530 0.9730 0.9806 1.1239 0.9619 0.9045 1.0000 1.0000 0.8940 1.0000 0.8284 0.9162 0.9264
1.4680 1.0095 1.1998 0.9358 0.8080 1.1004 1.0259 0.9709 1.0873 1.0214 0.9237 1.0082 0.9053 0.8738 0.9561 1.1383
1.1627 1.1150 1.1378 1.2228 0.9851 1.0450 0.9536 0.9432 0.9967 1.0746 0.9172 0.7991 0.8157 0.7540 0.5352 0.5187
1.2596 0.9379 1.0000 0.9363 1.1087 1.0506 0.9257 1.0176 0.9803 0.9877 0.9497 1.0733 0.9150 1.0782 1.0051 1.0363
0.6372 0.6984 0.9571 0.9473 1.0549 0.9805 0.9796 0.9776 0.9470 1.1212 0.9568 1.0326 1.0623 1.0021 0.9859 1.2511
1.0381 0.8678 0.9224 0.9664 0.8556 0.9127 0.8851 0.9305 1.0000 1.1078 0.9451 0.9335 1.1195 1.2730 1.2794 1.4886
1.0326 1.0386 0.8673 1.0422 0.8864 0.9850 0.9406 0.9838 1.1224 0.9358 0.9853 1.0467 0.9677 1.0377 0.5458 1.0849
1.2757 1.1026 0.9926 1.0500 1.0501 1.0383 1.0948 1.0056 1.0085 0.8880 1.0191 0.9210 1.0248 0.9105 0.9056 0.9850
