0.7337 0.8107 0.8640 0.8661 1.0251 1.1002 1.0521 1.1680 1.1653 1.1875 1.0480 1.0121 1.0319 1.0125 0.8458 0.8743
0.8525 0.8498 0.9618 1.0359 1.0818 1.2122 1.2172 0.9749 1.0245 0.9824 1.1062 1.0018 0.9264 0.8622 0.9583 0.7416
0.6564 0.7020 0.9051 0.9182 0.9591 1.0495 1.1567 1.0847 1.0906 1.2418 1.0311 0.9791 0.8861 0.9096 0.8668 0.7097
0.6779 0.7466 0.8635 0.9586 0.9863 1.0817 1.1137 1.0535 1.0178 1.1796 1.1523 0.9513 1.0206 0.8836 0.8717 0.7262
0.7602 0.8146 0.8269 0.9058 1.0000 1.0172 1.1175 1.0925 1.1994 1.2171 1.0445 1.0264 0.9624 1.0286 0.9173 0.7745
0.8362 0.8412 0.8748 0.9634 1.1098 1.0649 1.1812 1.1619 1.1859 1.1340 1.0746 1.0225 0.9540 0.9162 0.8492 0.8375
0.7676 0.7963 0.8618 0.9245 1.0263 1.0759 1.1968 1.1863 1.1079 1.1005 1.1057 1.0527 0.9556 0.8966 0.8082 0.9074
0.8743 0.8105 0.8522 0.9336 1.0000 1.1255 1.2276 1.1560 1.0245 1.0705 1.1734 1.1074 1.0067 0.9286 0.8169 0.8859
0.8157 0.8596 0.8595 0.8946 1.0078 1.0242 1.1304 1.0539 1.1068 1.1139 1.0771 1.0991 0.9694 1.0151 0.8645 0.8321
0.6824 0.7537 0.9012 0.9832 0.9995 1.0523 1.0967 1.1152 1.0351 1.0969 1.2004 0.9884 0.8952 0.9560 0.9480 0.9106
0.7189 0.6498 0.7413 0.7766 0.9469 1.0413 1.1283 1.0377 1.0591 1.0767 1.0553 0.9657 0.9831 0.9545 0.8280 0.9933
0.7457 0.8196 0.9234 0.9757 1.1578 1.1164 1.1236 0.8997 1.0591 1.2061 1.0980 0.9560 0.9207 1.0000 1.0000 0.6985
0.9290 0.8914 0.9291 1.0116 1.1628 1.1299 1.1779 1.0452 1.1534 1.0565 1.0890 1.0167 0.9610 0.8228 0.8132 0.8810
0.9136 0.9195 0.9633 0.9983 0.9944 1.1116 1.1761 1.1476 1.1165 1.0684 1.1499 0.9376 0.9199 1.0000 0.7880 0.7750
0.6784 0.7638 0.8546 0.8953 1.0239 1.1783 1.0764 1.0517 1.0725 1.0774 1.1630 1.1541 0.9996 0.8520 0.8290 0.7464
0.6991 0.8170 0.9371 1.0157 0.9937 1.0559 1.0892 1.0719 1.0944 1.0154 1.0303 1.0587 0.9805 0.9531 0.8767 0.8184
0.8575 0.7997 0.8646 0.8974 1.0364 1.1632 1.0141 1.1767 1.1507 1.1955 1.0905 1.0372 1.0721 0.9222 0.8502 0.8679
0.7079 0.7517 0.8028 0.8114 0.9918 0.9999 1.1187 1.0292 1.0158 1.1103 1.0949 1.0307 1.0033 1.0125 0.8552 0.8496
0.7082 1.0000 0.8779 0.9260 0.9789 1.1745 1.1475 1.1120 1.0664 1.1594 1.1094 0.9131 0.9580 0.8958 0.8460 0.8486
0.8726 0.8343 0.9148 0.8993 1.0491 1.1344 1.0210 1.0880 1.0725 1.1877 1.0691 1.1134 1.0000 0.9596 0.9032 0.8849
0.8658 0.8653 0.8803 0.9742 0.9613 1.0983 1.0610 1.0698 1.0636 1.0386 1.0828 1.1355 0.9972 0.9854 0.9736 0.8817
0.6040 0.7678 0.8990 0.9562 1.0000 1.0665 1.0549 1.0830 1.0644 1.1065 1.0385 1.0446 0.9956 0.9017 1.0000 0.7798
0.8846 0.8104 0.9318 0.9555 1.0547 1.1826 1.1900 1.0035 1.0936 1.1557 1.1764 1.0153 1.0134 0.9260 0.8380 0.8075
0.7616 0.7905 0.8601 0.9284 1.2008 1.0000 1.1038 1.2042 1.1294 1.0885 1.2459 0.9725 0.9377 0.9201 0.9314 0.9108
0.8787 0.9233 0.8983 0.9875 1.0979 1.0967 1.1595 1.1681 1.1904 1.1838 1.1083 0.9821 0.9472 0.8842 0.7480 0.7330
