1.3522 1.1891 1.0676 1.1134 0.9882 0.9410 1.0571 0.8868 1.1248 1.1556 0.8568 0.8315 0.9359 0.8048 0.7987 0.8959
1.0000 1.0662 1.2568 1.2540 1.1133 1.0161 1.0830 0.9832 0.8685 0.9324 0.9010 0.8909 0.8920 0.9269 0.8251 1.0000
1.0646 0.9281 0.8757 1.2510 0.8612 0.9795 1.0000 0.9363 0.9717 1.0535 0.9912 0.9449 1.0606 1.0977 1.0652 1.1995
1.3081 1.1615 1.1725 1.1489 1.0180 1.0566 1.0844 0.8838 0.9962 0.8912 0.9047 0.9631 0.8218 0.9287 0.7946 0.9718
1.3302 1.0068 0.9346 1.0417 0.9462 0.9729 0.9890 0.9183 0.9335 1.0129 0.9893 1.0929 0.8938 1.1011 1.0502 1.3144
1.1851 1.0740 0.9672 1.1222 0.9571 1.0600 1.0583 0.9614 0.9054 1.0375 0.9595 0.8991 0.8913 0.8847 1.0355 1.0144
1.1918 1.0946 1.0734 0.9956 0.9532 0.9527 1.0363 0.9825 0.8675 1.0416 0.9636 0.8261 0.9585 1.0810 1.0000 1.0344
1.3112 1.2089 1.1120 1.0825 1.0960 1.1063 1.0644 0.9990 1.0874 0.9116 0.9221 0.8529 0.8265 0.8042 0.7777 0.8310
0.6693 0.7355 0.9072 0.7589 0.9499 0.9666 0.8514 1.0337 1.0181 0.8895 1.0659 1.0132 1.2302 0.9990 1.2368 1.1344
1.1230 0.9581 0.9407 1.0847 1.0026 0.9563 0.9533 1.0961 0.8601 0.9038 0.9396 0.9136 1.0423 1.0188 1.1179 1.1661
0.6518 0.7364 0.8794 0.8284 0.9292 0.9659 0.9260 1.0255 0.9682 0.9742 1.0754 0.9304 1.2088 1.1398 0.9819 1.2238
1.2477 1.1216 1.1554 1.2093 1.0647 1.0976 1.1230 0.9723 1.0189 0.8880 0.8445 0.8936 0.8634 0.8195 0.8579 0.8019
0.9771 0.8656 0.8416 0.9225 0.8806 0.8978 0.7982 1.1112 0.9502 1.0702 1.1824 1.0208 1.0871 1.1744 1.1190 1.4658
1.1435 1.0421 1.1221 0.9509 0.8570 0.9953 0.9999 1.0347 0.9658 0.9249 0.9561 0.9040 1.0234 0.8951 1.0484 1.1048
1.2348 1.1685 0.9452 0.9310 1.0346 1.0493 1.0033 1.0655 1.0065 0.8934 0.9520 0.9701 0.9606 0.7758 0.7423 0.8962
1.0051 0.9570 1.0511 0.8936 0.9752 1.0322 0.9561 0.9924 1.0000 0.9269 0.9705 1.0491 1.0000 1.0198 1.0513 1.2032
0.9422 0.9527 0.9404 1.0000 0.9591 0.9335 1.0505 1.0520 0.9766 1.0063 1.0621 1.0068 1.0348 1.0941 1.2795 1.3176
1.4402 1.3461 1.0388 1.2495 0.9739 0.9799 1.1222 0.9637 0.9099 1.0000 1.0000 0.9123 1.0000 0.8411 0.9172 0.9285
1.4768 1.0080 1.2011 0.9416 0.8097 1.1054 1.0244 0.9744 1.0896 1.0127 0.9032 1.0136 0.9089 0.8813 0.9604 1.1330
1.1580 1.1268 1.1332 1.2240 0.9919 1.0365 0.9590 0.9321 1.0050 1.0841 0.9152 0.8028 0.8181 0.7475 0.5371 0.5187
1.2640 0.9421 1.0000 0.9372 1.1088 1.0412 0.9281 1.0108 0.9679 0.9946 0.9466 1.0793 0.9095 1.0796 1.0111 1.0503
0.6510 0.7007 0.9694 0.9551 1.0627 0.9758 0.9779 0.9747 0.9377 1.1195 0.9638 1.0227 1.0651 0.9959 0.9895 1.2530
1.0356 0.8715 0.9208 0.9562 0.8578 0.9192 0.8854 0.9333 1.0000 1.1152 0.9380 0.9320 1.1168 1.2707 1.2967 1.4911
1.0240 1.0282 0.8547 1.0310 0.8797 0.9825 0.9363 0.9901 1.1323 0.9289 0.9929 1.0507 0.9749 1.0426 0.5458 1.0885
1.2852 1.0883 0.9970 1.0606 1.0584 1.0382 1.0863 1.0022 1.0054 0.8691 1.0085 0.9191 1.0177 0.9177 0.9124 0.9907
