1.3447 1.1878 1.0562 1.0982 0.9939 0.9425 1.0668 0.9006 1.1090 1.1380 0.8638 0.8211 0.9310 0.8321 0.8014 0.9168
1.0000 1.0829 1.2923 1.2676 1.1331 0.9994 1.0991 0.9654 0.8896 0.9158 0.8767 0.8700 0.8731 0.9174 0.8239 1.0000
1.0563 0.9075 0.9117 1.2280 0.8439 0.9534 1.0000 0.9448 0.9659 1.0232 0.9456 0.9558 1.0536 1.1624 1.0811 1.2577
1.2917 1.1720 1.1459 1.1620 1.0120 1.0960 1.1052 0.9014 0.9745 0.8921 0.9013 0.9447 0.8130 0.9271 0.7887 0.9592
1.2564 0.9851 0.8989 1.0230 0.9405 0.9664 0.9774 0.9017 0.9640 1.0440 0.9855 1.0977 0.9063 1.1092 1.0745 1.3233
1.2045 1.0720 0.9955 1.1246 0.9756 1.0827 1.0646 0.9598 0.9129 1.0344 1.0018 0.8781 0.8849 0.8519 1.0023 0.9758
1.2016 1.1071 1.0826 0.9776 0.9296 0.9445 1.0254 0.9803 0.8918 1.0291 0.9617 0.8505 0.9579 1.0895 1.0000 1.0415
1.3760 1.2268 1.1804 1.0714 1.1010 1.0899 1.0574 0.9991 1.1081 0.8975 0.8918 0.8267 0.8034 0.7840 0.7726 0.8149
0.6812 0.7206 0.8857 0.7486 0.9409 0.9665 0.8332 1.0446 1.0195 0.9070 1.0656 1.0005 1.2141 0.9993 1.2254 1.2381
1.1367 0.9768 0.9570 1.0783 1.0007 0.9603 0.9511 1.1401 0.8759 0.8926 0.9273 0.9053 1.0319 0.9911 1.1132 1.1003
0.6751 0.7308 0.8933 0.8123 0.9641 0.9723 0.8940 1.0493 0.9994 0.9691 1.0664 0.9186 1.2450 1.0890 0.9663 1.2411
1.2477 1.1422 1.1628 1.1902 1.0913 1.1064 1.1287 0.9646 1.0130 0.8755 0.8441 0.8759 0.8595 0.8316 0.8629 0.8090
1.0244 0.8546 0.8324 0.9311 0.8738 0.8904 0.8009 1.0624 0.9201 1.1137 1.1763 0.9814 1.1076 1.1870 1.1243 1.5403
1.1842 1.0689 1.0779 1.0005 0.8631 1.0025 1.0377 1.0570 0.9629 0.8992 0.9406 0.8851 0.9926 0.8929 1.0213 1.0841
1.1589 1.1665 0.9430 0.9087 1.0506 1.0592 0.9884 1.0885 1.0011 0.9195 0.9616 0.9596 0.9612 0.8045 0.7751 0.9234
1.0160 0.9638 1.0581 0.9103 0.9851 1.0454 0.9607 0.9749 1.0000 0.9133 0.9337 1.0880 1.0000 1.0140 1.0245 1.1674
0.9386 0.9473 0.9237 1.0000 0.9791 0.9185 1.0376 1.0702 0.9817 1.0048 1.0298 1.0008 1.0618 1.1057 1.2712 1.2843
1.4904 1.3606 1.0231 1.2493 0.9719 0.9952 1.1249 0.9568 0.9089 1.0000 1.0000 0.9065 1.0000 0.8444 0.9176 0.9331
1.4692 1.0210 1.2352 0.9225 0.7969 1.0855 0.9842 0.9616 1.0789 1.0303 0.9140 1.0129 0.8848 0.8907 0.9897 1.1529
1.1725 1.1388 1.1559 1.2120 0.9883 1.0388 0.9495 0.9369 0.9989 1.0079 0.8907 0.7961 0.8049 0.7585 0.5285 0.5098
1.2554 0.9311 1.0000 0.9458 1.1268 1.0399 0.9207 1.0143 0.9816 1.0135 0.9431 1.0896 0.8908 1.0768 1.0043 1.0516
0.6548 0.7297 0.9729 0.9857 1.0861 1.0199 0.9981 0.9604 0.9364 1.0810 0.9650 0.9941 1.0395 0.9717 0.9944 1.2232
1.0290 0.8569 0.8966 0.9491 0.8256 0.9247 0.8707 0.9173 1.0000 1.1477 0.9533 0.9414 1.1419 1.2686 1.3321 1.6509
1.0301 1.0633 0.8680 1.0389 0.8893 0.9714 0.9527 0.9943 1.1315 0.9090 1.0194 1.0288 0.9336 1.0494 0.5458 1.0773
1.2337 1.0509 0.9682 1.0221 1.0336 1.0335 1.0636 1.0184 1.0173 0.8901 1.0440 0.9191 1.0172 0.9122 0.9455 1.0189
