1.4180 1.4179 1.2982 1.3065 1.1044 1.0001 1.0771 0.9979 1.0257 0.9995 0.7906 0.7881 0.8215 0.7254 0.6163 0.6433
1.0000 0.7666 0.9419 0.9704 0.9489 0.9232 1.0992 1.0167 0.9768 1.0977 1.0500 0.9470 0.9951 1.2110 1.0854 1.0000
1.3310 1.2484 1.4978 2.0225 1.0596 1.1904 1.0000 0.8750 1.1229 1.0374 0.9177 0.7662 0.9056 0.9704 0.7653 0.8297
1.0043 0.7744 0.8433 1.0280 0.8249 0.9095 0.9448 0.9036 1.1208 1.0390 1.0529 1.0217 1.0399 1.0134 1.0374 1.5809
1.2018 1.1719 0.8963 0.8393 0.9394 1.0718 1.3282 1.2159 1.0021 1.1929 1.1541 1.0162 1.0096 1.0144 1.0488 1.0277
0.7790 0.8682 0.7208 0.8267 0.8364 0.9192 1.1057 0.9994 0.8912 1.1875 1.0181 1.3127 1.1815 1.1034 1.2351 1.4159
1.7717 1.3809 1.3763 1.2334 1.1660 1.0618 0.9798 0.8743 0.8648 0.8004 0.7937 0.7712 0.7841 0.9855 1.0000 0.7757
0.9341 0.8972 0.9701 0.9216 0.8309 1.0077 1.0467 1.1745 1.2266 1.0104 1.0353 1.0408 0.9266 0.9099 0.9997 1.1469
1.0944 0.9981 1.2423 1.1281 1.0489 1.2865 1.0050 1.1732 1.1408 0.9694 1.0724 0.9820 0.9809 0.8651 1.0667 1.0233
1.0284 0.8751 1.2152 0.8704 0.9654 1.0257 0.9288 1.1641 0.9141 1.0766 0.9351 0.9722 1.2008 1.0761 1.1313 1.5839
0.7091 1.0816 1.1719 0.9050 1.0990 1.1549 1.0294 1.1320 1.0919 0.9444 0.8520 0.8842 0.9349 0.8657 0.7625 1.4392
0.8200 0.7942 0.8522 0.9196 0.8256 0.9701 1.0415 0.9545 1.0214 1.1347 1.1140 1.1535 1.1304 1.1841 1.2163 0.9791
1.1489 1.1212 1.0170 1.1680 1.1238 1.1975 1.1689 1.4949 0.7778 1.2109 1.0422 0.7813 0.7552 0.8018 0.7281 0.8885
1.1116 0.8756 1.0605 0.8471 0.7521 0.8459 0.8502 1.0118 1.0643 1.0788 1.1061 1.0378 1.0693 1.0541 1.1171 1.1026
1.5318 1.3842 1.0607 1.1263 1.2811 1.0539 1.1217 1.0768 0.9493 0.7964 0.8774 0.7919 0.7502 0.6958 0.6316 0.7596
0.7480 0.8560 0.8898 0.7783 0.8333 0.8749 0.9556 0.8467 1.0000 0.9353 1.1167 1.2101 1.0000 1.4222 1.4975 1.5823
1.1587 0.9123 1.1951 1.0000 0.9334 1.0061 1.0789 1.0062 0.9306 0.9631 0.9621 0.9760 0.8950 0.9952 1.1490 0.9730
0.8521 0.8320 0.8205 0.9664 0.8308 0.8361 1.0641 0.9652 0.9583 1.0000 1.0000 1.1625 1.0000 1.1573 1.2198 1.2738
1.6574 1.3386 1.8348 1.2831 1.0744 1.2018 1.1304 1.0793 0.9872 0.9256 0.8771 0.7609 0.7066 0.7126 0.8451 0.8221
0.8442 0.8059 1.1002 1.0586 0.9327 0.9957 1.0712 1.1239 1.2402 1.2763 1.2153 1.0357 1.1514 1.1307 0.7795 0.7693
1.4525 1.2129 1.0000 1.0510 1.2001 1.1410 1.0784 1.0084 1.0032 0.9460 0.8719 1.0477 0.8730 0.9436 0.8556 0.9607
0.7389 0.6877 0.8041 0.6598 0.8335 0.8758 0.9889 0.9618 1.0174 1.0108 1.1061 1.3014 1.2440 1.1503 1.1872 1.5931
1.0523 1.1283 1.1103 0.9310 1.0299 1.0763 1.1664 1.1511 1.0000 1.5369 0.9608 0.8522 0.8574 0.6845 0.6093 0.7736
0.7175 0.8095 0.8648 0.8376 0.8220 0.8779 0.8503 1.0446 1.1522 1.0720 1.0891 1.1619 1.3620 1.2922 7.7928 1.5344
1.4297 1.4120 1.1781 1.2352 1.0963 1.1502 1.3412 1.1682 1.0537 0.9006 1.0114 1.0372 0.9952 0.9708 0.9379 1.0052
