0.7568 0.8120 0.8883 0.9052 1.0328 1.0938 1.0531 1.1607 1.1280 1.1503 1.0149 0.9679 1.0517 1.0245 0.8624 0.8753
0.8754 0.8764 0.9900 1.0756 1.1174 1.2584 1.2039 0.9321 0.9720 0.9088 1.0725 0.9840 0.9323 0.8427 0.9914 0.7731
0.6596 0.7456 0.9113 0.9265 0.9566 1.1014 1.0983 1.0629 1.0480 1.2192 1.0108 0.9767 0.9139 0.9319 0.9273 0.7193
0.6617 0.7406 0.8750 0.9769 0.9832 1.0823 1.0967 1.0196 0.9758 1.1255 1.1134 0.9861 1.0410 0.8982 0.9479 0.7666
0.7465 0.8010 0.8341 0.9180 1.0000 1.0327 1.0961 1.0541 1.1376 1.2173 1.0150 1.0209 0.9532 1.0384 0.9690 0.8673
0.8350 0.8801 0.8924 0.9560 1.1518 1.1065 1.1769 1.0629 1.1429 1.0889 1.0461 1.0066 0.9818 0.9299 0.8678 0.8790
0.7325 0.8300 0.8916 0.9593 1.0437 1.0346 1.1386 1.1285 1.0846 1.0618 1.0798 1.0392 0.9735 0.9095 0.8434 0.9817
0.8894 0.8125 0.8836 0.9590 1.0000 1.0922 1.1931 1.0976 1.0776 1.0420 1.1167 1.0767 1.0284 0.9368 0.8643 0.9311
0.8089 0.8816 0.8731 0.8980 1.0307 1.0289 1.1491 1.0292 1.0754 1.0980 1.0359 1.0691 0.9883 1.0254 0.8983 0.8448
0.6789 0.7606 0.8751 0.9887 1.0199 1.0228 1.0558 1.1278 0.9573 1.0028 1.1393 0.9229 0.9037 0.9782 1.0176 1.0379
0.7293 0.6681 0.7602 0.8209 0.9672 1.0463 1.1423 1.0214 0.9945 1.0414 0.9881 0.9617 1.0358 0.9955 0.8763 0.9847
0.7502 0.8522 0.8989 0.9872 1.1775 1.1535 1.1297 0.8708 1.0116 1.2245 1.0763 0.9752 0.9547 1.0000 1.0000 0.7015
0.9563 0.8905 0.9239 1.0163 1.1400 1.1016 1.1669 1.0074 1.1167 1.0261 1.0782 1.0060 1.0088 0.8433 0.8269 0.9683
0.9328 0.9278 0.9861 1.0296 0.9907 1.1086 1.1669 1.1273 1.0806 1.0339 1.1322 0.9173 0.9413 1.0000 0.8326 0.7949
0.6759 0.7541 0.8639 0.9115 1.0156 1.2051 1.1124 1.0707 1.0498 1.0513 1.0428 1.0839 0.9712 0.8608 0.9112 0.8551
0.6926 0.7979 0.9034 0.9750 0.9705 1.0309 1.0920 1.0339 1.0716 0.9935 1.0052 1.0809 1.0041 0.9934 0.9486 0.8978
0.8944 0.7576 0.8663 0.8737 1.0383 1.1875 0.9648 1.1771 1.1360 1.1526 1.0380 1.0380 1.1031 0.9466 0.8867 0.9380
0.6957 0.7996 0.7908 0.8284 1.0009 0.9872 1.1187 1.0018 0.9964 1.1046 1.0909 1.0499 1.0000 1.0222 0.9165 0.9461
0.6942 1.0000 0.9048 0.9176 0.9798 1.1261 1.1444 1.0218 1.0638 1.1506 1.0790 0.9056 0.9984 0.9057 0.8827 0.9176
0.8196 0.8055 0.9500 0.8638 1.0610 1.1483 1.0052 1.0703 1.0438 1.1593 1.0211 1.1329 1.0000 0.9653 0.9740 0.9377
0.8652 0.9018 0.9146 0.9622 0.9268 1.0851 1.0491 1.0181 1.0244 0.9442 1.0375 1.1358 1.0123 1.0137 1.0358 0.9755
0.6173 0.7742 0.9205 0.9932 1.0000 1.0574 1.0468 1.0380 1.0043 1.0877 1.0161 1.0766 1.0074 0.9160 1.0000 0.8344
0.8447 0.7962 0.9820 0.9588 1.0486 1.1407 1.1404 0.9445 1.0672 1.1270 1.1514 1.0436 1.0545 0.9265 0.8925 0.8428
0.7785 0.7987 0.8915 0.9641 1.2196 1.0000 1.0656 1.1734 1.0701 1.0312 1.2170 0.9363 0.9441 0.9310 0.9967 0.9840
0.8290 0.9334 0.8839 0.9874 1.1073 1.1071 1.1988 1.1624 1.1524 1.1457 1.0817 0.9641 0.9702 0.9085 0.7779 0.7847
