1.2200 1.1537 1.1607 1.2457 1.1054 1.0580 1.1074 0.8971 1.0985 1.1255 0.9408 0.8422 0.9106 0.7433 0.7210 0.6794
1.0000 0.8821 0.8709 1.0383 1.0523 0.9375 0.9642 0.9952 0.9062 1.1075 1.0826 1.0051 1.0745 1.1589 0.9307 1.0000
1.3240 1.2252 1.2326 1.8891 1.1284 1.1350 1.0000 0.9089 1.0510 1.0199 0.9318 0.7922 0.8663 0.9291 0.7631 0.7751
0.9707 0.7614 0.9221 1.0394 0.9286 0.9970 1.0845 1.0130 1.1219 1.1325 1.0183 0.9874 1.0284 0.9252 0.9631 1.1226
1.6249 1.1723 1.1831 1.0895 0.9798 0.9880 1.0255 1.0070 0.7652 0.8990 1.2254 1.0427 0.9283 0.9226 1.0462 1.2173
0.8738 0.9772 0.7787 0.8940 0.8887 1.0133 1.1543 1.0006 0.8685 1.2034 0.9334 1.1302 1.0052 1.0363 1.0414 1.2589
1.4866 1.1921 1.1906 1.1079 1.1372 0.9251 0.9830 0.8475 0.8771 0.9918 0.9320 0.8802 0.9124 1.0426 1.0000 0.8663
0.9697 1.0716 0.8471 0.9764 0.8973 1.0459 1.1061 1.1141 1.1587 0.9924 1.0310 1.0245 0.9166 0.8362 0.9580 1.0731
0.8225 0.8152 1.0525 0.9212 0.8758 1.0330 0.8908 1.1101 1.1255 0.9775 1.1457 1.0446 1.1039 0.8155 1.1637 1.0488
0.7618 0.7194 0.8051 0.8326 0.8817 0.8986 0.9190 0.9079 0.9681 1.1428 0.9999 1.1259 1.2420 1.1946 1.2785 1.6670
0.6095 0.8936 0.9369 0.9116 0.8845 1.0392 1.0896 1.1683 1.1169 1.0380 0.8564 0.9887 0.9901 1.0491 0.8459 1.1070
0.9119 0.8539 0.9393 1.0257 0.9310 1.0723 1.1322 0.9958 1.0747 1.0208 1.0044 1.0428 1.0229 1.0508 1.0594 0.8070
1.0860 1.1349 1.1337 1.2335 1.1533 0.9877 0.9762 1.3195 0.8479 1.0932 1.1058 0.7229 0.7603 0.8113 0.7783 0.9343
0.8925 0.7892 0.9922 0.7817 0.8397 0.9010 0.8402 1.0943 1.0035 1.0638 1.1066 1.0279 1.1222 1.0949 1.2287 1.1132
1.4269 1.1973 1.0027 1.0772 1.1166 1.1015 1.1017 1.1108 0.9666 0.7336 0.9387 0.9133 0.7897 0.6429 0.6541 0.6789
0.7687 0.9223 0.8858 0.8392 0.8177 0.9475 1.0528 1.0074 1.0000 0.9648 1.0616 1.0083 1.0000 1.2274 1.3001 1.4504
1.0150 0.8398 1.0661 1.0000 0.8599 0.9952 1.0438 0.8873 1.0046 1.1386 1.1005 1.0550 0.9843 0.9592 1.0411 1.0476
1.0450 1.0479 0.8177 1.1599 0.8261 0.9357 1.1139 0.9240 0.9152 1.0000 1.0000 1.0966 1.0000 0.9721 1.0809 1.1704
1.3971 1.1041 1.5492 1.1636 0.9646 1.2167 1.1045 1.0688 1.0800 0.8518 0.9133 0.8644 0.7860 0.7230 0.7332 0.8127
0.8474 0.9040 1.0371 1.0088 0.9614 1.0134 0.9688 1.0929 1.1773 1.1855 1.0852 0.9739 0.9815 0.9047 0.6374 0.5636
1.3806 1.1148 1.0000 1.0473 1.2118 1.1866 1.0374 1.0182 0.9975 0.8310 0.9540 1.1002 0.9269 1.0145 0.9192 0.8149
0.6043 0.5457 0.8284 0.7300 0.8060 0.9265 0.9970 1.0903 1.0587 0.9512 1.0659 1.3354 1.2180 0.9865 1.0573 1.4118
1.1376 0.9463 1.0436 0.8471 0.9977 1.0267 1.0584 1.1137 1.0000 1.3272 0.9776 0.8890 0.8818 0.8715 0.7760 0.7698
0.7480 0.7392 0.6917 0.8150 0.7637 0.9024 0.8281 0.8930 1.1897 1.0885 1.1606 1.1876 1.2812 1.2479 0.5458 1.4112
1.5508 1.2697 1.1468 1.2565 1.0847 1.2209 1.2056 1.0427 1.0395 0.8612 0.9647 0.9309 0.9807 0.8676 0.8366 0.9857
