1.3344 1.1759 1.0506 1.0756 0.9913 0.9456 1.0668 0.8899 1.1103 1.1479 0.8544 0.8501 0.9395 0.8366 0.8036 0.9394
1.0000 1.0847 1.2892 1.2693 1.1459 1.0127 1.1018 0.9734 0.8912 0.9205 0.8798 0.8620 0.8550 0.8930 0.8173 1.0000
0.9895 0.8666 0.9776 1.1178 0.8220 0.9329 1.0000 0.9509 0.9717 1.0487 0.9694 0.9558 1.0434 1.1830 1.0634 1.2661
1.3147 1.1994 1.1619 1.1398 1.0162 1.0688 1.0758 0.8903 0.9603 0.8653 0.8964 0.9562 0.8171 0.9410 0.7925 0.9885
1.2440 0.9681 0.9155 1.0419 0.9800 1.0112 0.9852 0.8964 1.0091 1.0624 0.9515 1.1007 0.8783 1.1060 1.0493 1.3030
1.2258 1.0861 1.0219 1.1604 0.9918 1.0801 1.0531 0.9620 0.9191 0.9989 1.0037 0.8552 0.8635 0.8373 1.0006 0.9425
1.1716 1.1094 1.0533 0.9947 0.9325 0.9399 1.0348 0.9680 0.9011 1.0580 0.9553 0.8520 0.9776 1.0373 1.0000 1.0599
1.3266 1.2221 1.1362 1.0917 1.1149 1.0856 1.0520 1.0151 1.0984 0.9120 0.9170 0.8385 0.8159 0.7839 0.7583 0.8158
0.6633 0.7035 0.8646 0.7324 0.9378 0.9570 0.8209 1.0330 1.0272 0.9006 1.0482 0.9780 1.2059 1.0206 1.1817 1.2175
1.1448 1.0050 0.9984 1.1310 1.0111 0.9728 0.9521 1.1874 0.8944 0.8850 0.9364 0.8777 0.9746 0.9756 1.0573 1.0474
0.6934 0.7440 0.8969 0.8064 0.9674 0.9774 0.8920 1.0353 0.9854 0.9568 1.0893 0.9305 1.2183 1.1170 0.9613 1.3191
1.2721 1.1520 1.1900 1.2012 1.0923 1.1016 1.1321 0.9562 1.0017 0.8921 0.8386 0.8959 0.8585 0.7850 0.8344 0.7860
1.0075 0.8353 0.8091 0.9221 0.8545 0.8979 0.8200 1.0349 0.9513 1.1238 1.2079 1.0320 1.1163 1.2111 1.1438 1.5488
1.2399 1.0949 1.1249 1.0561 0.8585 0.9811 1.0334 1.0254 0.9455 0.8755 0.9412 0.8624 0.9859 0.8751 0.9986 1.0765
1.1841 1.1520 0.9337 0.9061 1.0380 1.0322 0.9743 1.0580 1.0091 0.9499 0.9735 0.9785 0.9768 0.8070 0.7846 0.9565
1.0376 0.9550 1.0425 0.8947 1.0010 1.0571 0.9657 1.0004 1.0000 0.9084 0.9529 1.1055 1.0000 1.0055 0.9927 1.1434
0.9355 0.9238 0.9164 1.0000 0.9662 0.9274 1.0125 1.0906 1.0038 1.0202 1.0639 1.0059 1.0413 1.0912 1.2651 1.2770
1.4564 1.3671 1.0426 1.2700 0.9854 0.9939 1.1293 0.9506 0.9129 1.0000 1.0000 0.8885 1.0000 0.8279 0.8940 0.8978
1.4868 1.0259 1.1669 0.9105 0.7821 1.1084 1.0122 0.9731 1.0801 1.0282 0.9240 1.0084 0.8974 0.8856 0.9794 1.1822
1.1525 1.1242 1.1515 1.2188 0.9833 1.0378 0.9424 0.9195 1.0068 0.9641 0.9099 0.8171 0.7985 0.7789 0.5229 0.5154
1.1766 0.8524 1.0000 0.9228 1.0695 1.0489 0.9024 1.0053 0.9772 1.0476 0.9351 1.0837 0.9173 1.0902 1.0137 1.1528
0.7348 0.7529 0.9971 0.9774 1.1304 1.0194 0.9969 0.9736 0.9282 1.0741 0.9635 0.9834 1.0062 0.9853 0.9823 1.1946
1.0115 0.8676 0.8968 0.9656 0.8496 0.9138 0.8660 0.9274 1.0000 1.1231 0.9554 0.9653 1.1814 1.3029 1.3515 1.7073
1.0401 1.0882 0.8836 1.0598 0.9012 0.9821 0.9418 1.0198 1.1055 0.9021 0.9935 1.0338 0.9268 1.0389 0.5458 1.0361
1.1011 0.9542 0.8913 0.9256 0.9640 0.9798 1.0665 0.9926 0.9993 0.8967 1.0407 0.9792 1.0952 0.9619 1.0409 1.1586
