1.3403 1.1703 1.0203 1.0988 0.9863 0.9528 1.0575 0.8938 1.1198 1.1380 0.8655 0.8467 0.9509 0.8297 0.7932 0.9325
1.0000 1.0807 1.3118 1.2641 1.1336 0.9833 1.0927 0.9721 0.8862 0.9047 0.8836 0.8772 0.8692 0.9190 0.8310 1.0000
0.9976 0.8941 0.9263 1.1367 0.8244 0.9536 1.0000 0.9571 0.9690 1.0570 0.9632 0.9707 1.0354 1.1562 1.0691 1.2683
1.3217 1.1838 1.1745 1.1586 1.0069 1.0529 1.0950 0.8933 0.9714 0.8845 0.8902 0.9386 0.8038 0.9276 0.8110 0.9804
1.2689 0.9798 0.9082 1.0278 0.9560 0.9956 0.9735 0.9159 0.9704 1.0560 0.9572 1.0840 0.8953 1.0860 1.0578 1.3102
1.2235 1.0953 1.0030 1.1372 0.9852 1.0765 1.0622 0.9488 0.9103 1.0192 0.9909 0.8686 0.8759 0.8455 1.0031 0.9608
1.1808 1.0938 1.0203 0.9829 0.9403 0.9396 1.0318 0.9698 0.8915 1.0611 0.9834 0.8407 0.9768 1.0901 1.0000 1.0547
1.3679 1.2365 1.1347 1.0913 1.0952 1.0882 1.0573 1.0168 1.0830 0.9009 0.9012 0.8299 0.8183 0.8062 0.7513 0.8202
0.6537 0.7124 0.8882 0.7225 0.9416 0.9536 0.8287 1.0358 1.0418 0.9210 1.0767 0.9865 1.2103 1.0204 1.2304 1.2215
1.1516 1.0076 0.9859 1.0763 1.0095 0.9708 0.9507 1.1398 0.8700 0.8789 0.9250 0.8853 1.0177 0.9807 1.0960 1.0702
0.6605 0.7160 0.8675 0.7964 0.9436 0.9511 0.8797 1.0569 1.0171 0.9544 1.0677 0.9073 1.2757 1.0945 0.9643 1.3027
1.2612 1.1327 1.1676 1.2145 1.0808 1.1029 1.1314 0.9789 1.0032 0.8804 0.8333 0.8676 0.8439 0.8249 0.8639 0.8108
1.0330 0.8595 0.8397 0.9053 0.8875 0.9143 0.8121 1.0002 0.9439 1.0790 1.1691 1.0091 1.0828 1.1812 1.1561 1.5537
1.2142 1.0760 1.1106 1.0209 0.8744 1.0139 1.0361 1.0392 0.9458 0.8703 0.9390 0.8661 0.9712 0.8866 1.0158 1.1024
1.2118 1.1722 0.9375 0.9167 1.0453 1.0512 0.9730 1.0484 0.9914 0.9192 0.9589 0.9660 0.9531 0.7955 0.7890 0.9524
1.0079 0.9235 1.0272 0.9020 1.0009 1.0653 0.9755 0.9791 1.0000 0.9276 0.9673 1.0978 1.0000 0.9991 1.0266 1.1760
0.9421 0.9185 0.8998 1.0000 0.9665 0.9371 1.0369 1.0961 0.9857 1.0164 1.0434 0.9949 1.0533 1.0955 1.2641 1.2955
1.4260 1.3334 1.0153 1.2506 0.9721 0.9900 1.1056 0.9730 0.9092 1.0000 1.0000 0.8990 1.0000 0.8377 0.9312 0.9280
1.4652 1.0151 1.2485 0.9045 0.7976 1.0962 1.0039 0.9752 1.0767 1.0406 0.9028 1.0074 0.8935 0.8894 0.9784 1.1377
1.1765 1.1339 1.1669 1.2055 0.9608 1.0454 0.9604 0.9188 0.9912 1.0106 0.9149 0.7962 0.7984 0.7654 0.5268 0.5127
1.2678 0.9235 1.0000 0.8921 1.1067 1.0367 0.9281 1.0123 0.9737 1.0313 0.9239 1.0894 0.9094 1.1066 1.0191 1.0687
0.6952 0.7474 0.9634 0.9944 1.1083 0.9931 0.9998 0.9440 0.9151 1.0830 0.9741 0.9849 1.0461 0.9889 1.0077 1.2075
1.0517 0.8518 0.8818 0.9479 0.8407 0.9201 0.8588 0.9167 1.0000 1.1049 0.9322 0.9387 1.1638 1.2760 1.3467 1.6507
1.0251 1.0733 0.8803 1.0443 0.8932 0.9822 0.9539 1.0100 1.1229 0.8931 0.9995 1.0393 0.9305 1.0344 0.5458 1.0701
1.1816 0.9983 0.9146 0.9767 0.9821 0.9992 1.0651 1.0147 1.0053 0.9026 1.0525 0.9416 1.0640 0.9405 0.9977 1.1033
