0.7542 0.8111 0.8871 0.9054 1.0325 1.0925 1.0572 1.1633 1.1277 1.1528 1.0128 0.9668 1.0483 1.0229 0.8634 0.8750
0.8752 0.8775 0.9902 1.0753 1.1189 1.2630 1.2038 0.9328 0.9737 0.9071 1.0681 0.9827 0.9288 0.8404 0.9929 0.7715
0.6589 0.7459 0.9110 0.9238 0.9554 1.1046 1.0976 1.0642 1.0461 1.2204 1.0105 0.9766 0.9120 0.9315 0.9298 0.7175
0.6604 0.7405 0.8762 0.9798 0.9866 1.0823 1.0982 1.0200 0.9798 1.1209 1.1135 0.9839 1.0368 0.8983 0.9460 0.7618
0.7472 0.8022 0.8334 0.9140 1.0000 1.0343 1.0951 1.0563 1.1390 1.2230 1.0152 1.0170 0.9531 1.0376 0.9689 0.8637
0.8338 0.8798 0.8910 0.9563 1.1515 1.1102 1.1765 1.0623 1.1410 1.0902 1.0478 1.0080 0.9788 0.9316 0.8677 0.8770
0.7324 0.8294 0.8909 0.9598 1.0441 1.0340 1.1433 1.1304 1.0813 1.0608 1.0764 1.0403 0.9748 0.9090 0.8425 0.9840
0.8873 0.8146 0.8859 0.9574 1.0000 1.0947 1.1965 1.0983 1.0746 1.0428 1.1129 1.0733 1.0266 0.9373 0.8622 0.9370
0.8056 0.8816 0.8732 0.8964 1.0320 1.0282 1.1473 1.0299 1.0746 1.0998 1.0397 1.0655 0.9893 1.0247 0.9015 0.8420
0.6800 0.7594 0.8769 0.9873 1.0184 1.0212 1.0577 1.1277 0.9578 1.0037 1.1434 0.9220 0.9045 0.9781 1.0155 1.0389
0.7321 0.6699 0.7603 0.8187 0.9694 1.0472 1.1420 1.0198 0.9968 1.0395 0.9880 0.9615 1.0357 0.9957 0.8732 0.9815
0.7500 0.8498 0.8999 0.9894 1.1778 1.1542 1.1346 0.8709 1.0151 1.2214 1.0774 0.9713 0.9526 1.0000 1.0000 0.7028
0.9539 0.8901 0.9240 1.0169 1.1412 1.1026 1.1690 1.0063 1.1172 1.0261 1.0775 1.0058 1.0112 0.8400 0.8303 0.9732
0.9295 0.9261 0.9814 1.0268 0.9911 1.1095 1.1714 1.1317 1.0844 1.0347 1.1295 0.9177 0.9421 1.0000 0.8341 0.7952
0.6740 0.7546 0.8659 0.9126 1.0147 1.2055 1.1158 1.0704 1.0454 1.0512 1.0397 1.0848 0.9689 0.8626 0.9109 0.8552
0.6914 0.7978 0.9032 0.9715 0.9724 1.0328 1.0943 1.0362 1.0701 0.9961 1.0069 1.0846 1.0001 0.9926 0.9432 0.8962
0.8942 0.7545 0.8668 0.8721 1.0360 1.1966 0.9637 1.1798 1.1385 1.1501 1.0382 1.0367 1.1019 0.9462 0.8878 0.9352
0.6930 0.7999 0.7917 0.8271 1.0007 0.9885 1.1183 1.0064 0.9939 1.1049 1.0914 1.0511 0.9989 1.0226 0.9113 0.9436
0.6947 1.0000 0.9057 0.9212 0.9804 1.1264 1.1452 1.0226 1.0647 1.1540 1.0763 0.9062 0.9971 0.9032 0.8797 0.9172
0.8197 0.8079 0.9514 0.8646 1.0606 1.1477 1.0058 1.0698 1.0416 1.1632 1.0199 1.1337 1.0000 0.9650 0.9709 0.9348
0.8623 0.9056 0.9142 0.9622 0.9279 1.0864 1.0463 1.0173 1.0217 0.9477 1.0386 1.1354 1.0119 1.0169 1.0324 0.9724
0.6206 0.7747 0.9193 0.9928 1.0000 1.0561 1.0506 1.0395 1.0053 1.0873 1.0163 1.0764 1.0075 0.9160 1.0000 0.8352
0.8440 0.7982 0.9835 0.9616 1.0519 1.1422 1.1429 0.9430 1.0672 1.1250 1.1501 1.0446 1.0547 0.9257 0.8894 0.8383
0.7780 0.7984 0.8930 0.9654 1.2190 1.0000 1.0664 1.1718 1.0698 1.0339 1.2182 0.9384 0.9454 0.9276 0.9956 0.9795
0.8326 0.9364 0.8809 0.9891 1.1048 1.1067 1.1968 1.1650 1.1447 1.1471 1.0792 0.9652 0.9740 0.9132 0.7768 0.7857
