1.3492 1.1866 1.0574 1.0964 0.9967 0.9323 1.0732 0.8954 1.1262 1.1434 0.8386 0.8306 0.9321 0.8057 0.7921 0.9174
1.0000 1.0784 1.3049 1.2863 1.1297 1.0140 1.0903 0.9664 0.8841 0.9177 0.8701 0.8596 0.8571 0.9054 0.8255 1.0000
1.0122 0.8923 0.9646 1.1759 0.8442 0.9661 1.0000 0.9549 0.9808 1.0371 0.9472 0.9497 1.0448 1.1565 1.0727 1.2551
1.3141 1.2059 1.1549 1.1441 1.0119 1.0672 1.0898 0.9071 0.9638 0.8779 0.8849 0.9378 0.8171 0.9376 0.8040 0.9796
1.2392 0.9619 0.8990 1.0180 0.9660 1.0110 0.9968 0.9031 0.9768 1.0713 0.9694 1.0945 0.8918 1.0868 1.0245 1.3108
1.2024 1.0909 1.0173 1.1368 0.9802 1.0823 1.0545 0.9482 0.9146 1.0143 0.9948 0.8644 0.8825 0.8410 0.9996 0.9567
1.2053 1.0781 1.0430 1.0041 0.9429 0.9474 1.0220 0.9830 0.9000 1.0503 0.9695 0.8531 0.9702 1.0485 1.0000 1.0596
1.3580 1.2234 1.1507 1.0689 1.1154 1.0856 1.0487 1.0007 1.0761 0.8801 0.8993 0.8411 0.8113 0.7983 0.7805 0.8362
0.6713 0.7037 0.8645 0.7557 0.9242 0.9566 0.8330 1.0463 1.0451 0.9103 1.0716 1.0030 1.2196 1.0262 1.2053 1.2229
1.1525 1.0081 0.9877 1.1059 1.0042 0.9781 0.9500 1.1665 0.8834 0.8747 0.9222 0.9016 1.0076 0.9594 1.0660 1.0611
0.6768 0.7243 0.8753 0.7957 0.9466 0.9711 0.9086 1.0704 1.0270 0.9542 1.0707 0.9135 1.2284 1.0885 0.9453 1.3311
1.2485 1.1397 1.1743 1.1997 1.1026 1.1347 1.1415 0.9897 1.0012 0.8862 0.8323 0.8819 0.8515 0.7940 0.8369 0.8106
1.0056 0.8408 0.8164 0.9209 0.8740 0.9087 0.8255 1.0370 0.9162 1.1505 1.1985 0.9971 1.1086 1.1919 1.1339 1.5196
1.1988 1.0881 1.0950 1.0311 0.8726 0.9876 1.0319 1.0465 0.9641 0.8904 0.9363 0.8837 0.9796 0.8720 1.0108 1.0679
1.1811 1.1644 0.9444 0.9083 1.0334 1.0302 0.9883 1.0553 0.9996 0.9519 0.9679 0.9750 0.9498 0.8106 0.7701 0.9244
1.0357 0.9579 1.0577 0.9113 0.9955 1.0507 0.9770 0.9969 1.0000 0.8897 0.9355 1.1011 1.0000 1.0052 0.9978 1.1496
0.9325 0.9385 0.9266 1.0000 0.9744 0.9299 1.0361 1.0698 1.0012 1.0275 1.0380 0.9923 1.0530 1.0926 1.2553 1.2701
1.4606 1.3205 1.0302 1.2583 0.9613 0.9869 1.1111 0.9805 0.9150 1.0000 1.0000 0.9279 1.0000 0.8443 0.9237 0.8990
1.5133 1.0291 1.1739 0.9193 0.8000 1.0972 1.0045 0.9854 1.0867 1.0269 0.9141 1.0140 0.8922 0.8718 0.9934 1.1515
1.1712 1.1088 1.1405 1.2189 0.9729 1.0256 0.9521 0.9464 0.9925 1.0338 0.9092 0.8185 0.8336 0.7700 0.5258 0.5202
1.2405 0.9237 1.0000 0.9556 1.1099 1.0361 0.9183 1.0194 0.9650 1.0592 0.9260 1.0516 0.9125 1.0465 0.9979 1.0890
0.7361 0.7556 1.0029 0.9812 1.1006 1.0203 0.9691 0.9795 0.9162 1.0601 0.9594 0.9786 1.0256 0.9950 1.0067 1.1916
1.0422 0.8684 0.9039 0.9543 0.8489 0.9391 0.8725 0.9322 1.0000 1.1513 0.9207 0.9503 1.1493 1.2703 1.3374 1.7101
1.0379 1.0884 0.9052 1.0660 0.8969 0.9935 0.9520 0.9868 1.0961 0.8907 0.9920 1.0278 0.9410 1.0388 0.5458 1.0590
1.1624 0.9680 0.9096 0.9513 0.9716 0.9777 1.0617 0.9949 0.9902 0.8776 1.0382 0.9624 1.0706 0.9578 1.0464 1.1574
