1.2347 1.1625 1.2214 1.2615 1.1150 1.0400 1.1251 0.8848 1.0930 1.0945 0.9053 0.8351 0.8996 0.7113 0.7385 0.6826
1.0000 0.8857 0.9035 1.0916 1.0805 0.9485 0.9697 0.9962 0.9243 1.1004 1.0607 1.0164 1.0349 1.1107 0.9047 1.0000
1.3010 1.1647 1.1749 1.7748 1.0484 1.1032 1.0000 0.9498 1.0566 1.0691 0.9567 0.8605 0.9057 0.9381 0.8605 0.8077
1.0566 0.8455 0.9826 1.0809 0.9900 0.9704 1.0753 0.9588 1.0737 1.0767 0.9974 0.9623 0.9870 0.9001 0.9559 1.0975
1.6444 1.2154 1.1240 1.0947 0.9872 0.9906 0.9789 1.0000 0.8189 0.9057 1.0782 1.0362 0.8748 0.9407 1.0178 1.1450
0.8435 1.0100 0.8242 0.9309 0.8538 1.0137 1.1409 1.0213 0.8609 1.1855 0.9494 1.1804 1.0040 1.0193 1.0465 1.1926
1.4696 1.1922 1.1955 1.1419 1.1415 0.9255 0.9615 0.8474 0.8830 0.9746 0.8885 0.8472 0.9115 1.0136 1.0000 0.9032
0.9894 1.1636 0.8577 1.0305 0.9846 1.0660 1.0950 1.1143 1.1505 0.9682 0.9866 1.0154 0.8766 0.7888 0.8983 1.0401
0.8007 0.8186 1.0243 0.8866 0.8827 1.0207 0.8951 1.1086 1.1187 0.9657 1.1233 1.0018 1.1064 0.7792 1.1896 1.0757
0.8694 0.7696 0.8481 0.9637 0.9468 1.0375 0.9820 0.9479 0.9089 1.0730 0.8931 1.0040 1.1608 1.0863 1.1847 1.6126
0.5733 0.8306 0.9310 0.9088 0.8796 1.0393 1.0748 1.1339 1.1154 1.0079 0.8612 0.9800 1.0083 1.0754 0.9122 1.0755
0.9739 0.9017 0.9817 1.0328 0.9437 1.0851 1.1193 1.0053 1.0410 0.9782 0.9801 1.0460 1.0069 1.0282 1.0649 0.8043
1.0337 1.0967 1.0756 1.2092 1.1000 0.9584 0.9328 1.3329 0.8637 1.0734 1.0589 0.7880 0.8032 0.8660 0.7894 0.9875
0.9315 0.8048 0.9593 0.7694 0.8778 0.8910 0.8470 1.1148 1.0018 1.0636 1.0889 1.0506 1.1068 1.0803 1.2166 1.1220
1.4269 1.1755 1.0321 1.1304 1.1458 1.1531 1.1414 1.1110 0.9611 0.7228 0.9061 0.8930 0.7721 0.6383 0.6533 0.6637
0.7549 0.9327 0.9509 0.8818 0.8829 1.0024 1.0674 1.0124 1.0000 0.9657 1.0763 0.9664 1.0000 1.1656 1.2462 1.3921
1.0919 0.9045 1.0898 1.0000 0.9537 1.0374 1.0833 0.8824 1.0310 1.0733 1.0006 0.9763 0.8977 0.9248 1.0090 1.0419
1.0533 1.0971 0.8205 1.1600 0.8824 0.9430 1.1178 0.9336 0.8747 1.0000 1.0000 1.0875 1.0000 0.9572 1.0803 1.1293
1.3782 1.1029 1.5846 1.1756 0.9513 1.2145 1.0885 1.0489 1.1059 0.8590 0.8773 0.9066 0.8086 0.7311 0.7284 0.8441
0.9097 0.9781 1.2006 1.1087 1.0236 1.0574 0.9913 1.0879 1.1171 0.9077 0.9466 0.8593 0.8561 0.8157 0.6107 0.5556
1.4433 1.1108 1.0000 1.0758 1.2453 1.1739 1.0643 1.0446 0.9821 0.7977 0.9368 1.0667 0.9123 0.9894 0.9459 0.8033
0.5785 0.5205 0.8555 0.7859 0.8559 0.9496 1.0646 1.0601 1.0586 0.9615 1.0452 1.2413 1.1925 0.9586 0.9765 1.3628
1.1282 0.9511 1.0080 0.8403 0.9758 0.9892 1.0171 1.1102 1.0000 1.3474 0.9999 0.9173 0.9108 0.9844 0.8063 0.8016
0.8479 0.8313 0.7476 0.9130 0.8418 0.9801 0.8653 0.9091 1.1275 1.0853 1.0647 1.1468 1.1886 1.0719 0.5458 1.2335
1.4389 1.2999 1.1922 1.3309 1.2420 1.1951 1.2512 1.0340 0.9796 0.7801 0.8900 0.8798 0.8492 0.8243 0.7271 0.8506
