0.7089 0.7686 0.8457 0.8775 1.0329 1.0985 1.0557 1.1833 1.1625 1.1674 1.0176 1.0343 1.0487 1.0163 0.8596 0.8714
0.8315 0.8341 0.9527 1.0374 1.0927 1.2553 1.2061 0.9795 1.0361 0.9727 1.1020 1.0060 0.9247 0.8692 0.9878 0.7617
0.6458 0.6971 0.9086 0.9041 0.9655 1.0986 1.1413 1.0939 1.0733 1.2353 1.0137 0.9663 0.9018 0.8977 0.8753 0.7210
0.6557 0.7474 0.8407 0.9623 0.9896 1.0844 1.1168 1.0540 1.0074 1.1601 1.1025 0.9606 1.0368 0.8835 0.9066 0.7397
0.7132 0.7706 0.7881 0.9021 1.0000 1.0297 1.0470 1.0486 1.1748 1.2447 1.0748 1.0433 0.9680 1.0347 0.9800 0.8375
0.8169 0.8423 0.8694 0.9422 1.1360 1.0775 1.1865 1.1529 1.1784 1.1167 1.0539 1.0242 0.9867 0.9111 0.8613 0.8445
0.7589 0.8056 0.8531 0.9404 1.0233 1.0426 1.1965 1.1667 1.0952 1.0873 1.1026 1.0522 0.9741 0.9223 0.8209 0.9203
0.8772 0.7930 0.8546 0.9376 1.0000 1.1063 1.2276 1.1290 1.0825 1.0729 1.1565 1.1018 1.0088 0.9159 0.8341 0.8904
0.8099 0.8688 0.8362 0.8741 1.0183 1.0538 1.1104 1.0288 1.0921 1.1320 1.0285 1.1319 0.9696 1.0344 0.8892 0.8544
0.6919 0.7513 0.8465 0.9394 0.9739 1.0271 1.0679 1.0995 1.0166 1.0473 1.1678 0.9967 0.9065 0.9842 0.9919 0.9892
0.7222 0.6572 0.7364 0.8019 0.9497 1.0400 1.1321 1.0404 1.0411 1.0730 1.0225 0.9831 1.0105 0.9620 0.8525 0.9542
0.7366 0.8109 0.9244 0.9673 1.1480 1.1404 1.1278 0.8980 1.0495 1.2053 1.0918 0.9615 0.9422 1.0000 1.0000 0.7019
0.9297 0.8862 0.9019 1.0033 1.1223 1.1203 1.1752 1.0497 1.1293 1.0622 1.0574 1.0229 0.9693 0.8657 0.8566 0.9449
0.9024 0.8820 0.9629 0.9974 0.9939 1.1056 1.1820 1.1393 1.1057 1.0603 1.1729 0.9448 0.9203 1.0000 0.8230 0.8073
0.6980 0.7302 0.8505 0.9071 1.0074 1.1581 1.0734 1.0632 1.0769 1.0941 1.1311 1.1281 0.9726 0.8736 0.8613 0.8060
0.6719 0.7926 0.8955 0.9689 1.0092 1.0658 1.0899 1.0640 1.0858 1.0024 0.9998 1.0865 0.9874 0.9802 0.9081 0.8568
0.8676 0.7854 0.8624 0.8898 1.0285 1.1595 1.0043 1.1893 1.1721 1.1704 1.0566 1.0236 1.0870 0.9293 0.8856 0.8824
0.7007 0.7520 0.7948 0.8106 0.9965 1.0138 1.0862 0.9989 1.0078 1.1039 1.0639 1.0402 1.0221 1.0396 0.8634 0.8936
0.7002 1.0000 0.8877 0.9141 0.9696 1.1398 1.1407 1.0875 1.0654 1.1539 1.1077 0.9249 0.9754 0.8984 0.8800 0.8574
0.8292 0.8201 0.8965 0.8367 1.0423 1.1426 0.9958 1.0568 1.0853 1.1766 1.0583 1.1256 1.0000 1.0075 0.9751 0.9209
0.8504 0.8868 0.8801 0.9760 0.9617 1.0880 1.0752 1.0638 1.0483 0.9908 1.0447 1.1413 1.0041 0.9835 0.9878 0.9173
0.6428 0.7615 0.8963 0.9615 1.0000 1.0827 1.0776 1.0831 1.0430 1.0796 1.0471 1.0406 0.9906 0.9020 1.0000 0.7973
0.8625 0.7981 0.9214 0.9478 1.0678 1.1496 1.1898 0.9775 1.1000 1.1439 1.1450 1.0301 1.0377 0.9535 0.8843 0.8116
0.7372 0.7907 0.8535 0.9520 1.2152 1.0000 1.1099 1.1919 1.1126 1.0711 1.2304 0.9691 0.9458 0.9164 0.9589 0.9396
0.8283 0.9055 0.8808 0.9697 1.1118 1.1044 1.1666 1.1676 1.2002 1.1972 1.1117 0.9931 0.9623 0.8987 0.7760 0.7446
