1.3335 1.2009 1.0499 1.0925 0.9954 0.9570 1.0823 0.9033 1.1245 1.1024 0.8603 0.8228 0.9370 0.8268 0.7964 0.9101
1.0000 1.0709 1.3098 1.2768 1.1499 1.0198 1.0859 0.9821 0.8864 0.9339 0.8801 0.8537 0.8650 0.8841 0.8188 1.0000
1.0427 0.9064 0.9064 1.1955 0.8455 0.9651 1.0000 0.9636 0.9756 1.0378 0.9606 0.9313 1.0272 1.1497 1.0800 1.2131
1.2765 1.1956 1.1623 1.1207 1.0342 1.0574 1.1044 0.9035 0.9923 0.9038 0.8947 0.9701 0.8144 0.9150 0.7806 0.9549
1.2756 1.0257 0.9248 1.0313 0.9287 0.9893 0.9795 0.8868 0.9562 1.0524 0.9932 1.0825 0.8898 1.0950 1.0634 1.3397
1.1914 1.0953 0.9904 1.1138 0.9686 1.0834 1.0775 0.9728 0.9337 1.0205 0.9875 0.8728 0.8841 0.8486 1.0006 0.9593
1.2065 1.0979 1.0478 0.9889 0.9349 0.9527 1.0205 0.9734 0.8884 1.0617 0.9622 0.8616 0.9825 1.0913 1.0000 1.0239
1.3817 1.2252 1.1566 1.1065 1.1222 1.0908 1.0559 0.9857 1.0792 0.8847 0.9119 0.8317 0.8079 0.7707 0.7688 0.8262
0.6581 0.7170 0.8990 0.7625 0.9529 0.9578 0.8347 1.0469 1.0385 0.9253 1.0534 0.9757 1.1943 1.0004 1.2344 1.1930
1.1337 0.9755 0.9763 1.1002 0.9990 0.9779 0.9355 1.1749 0.8834 0.8831 0.9271 0.8888 1.0040 0.9793 1.1025 1.0896
0.6698 0.7138 0.8843 0.8138 0.9512 0.9599 0.9004 1.0148 0.9854 0.9593 1.0774 0.9145 1.2611 1.1148 0.9840 1.2570
1.2586 1.1273 1.1711 1.1800 1.0829 1.1042 1.1211 0.9744 0.9965 0.8962 0.8438 0.9005 0.8742 0.8097 0.8592 0.8105
1.0218 0.8759 0.8325 0.9354 0.8766 0.8898 0.7856 1.0411 0.9318 1.1001 1.1423 0.9682 1.1175 1.2053 1.1398 1.5687
1.1727 1.0583 1.0654 0.9961 0.8687 0.9931 1.0400 1.0438 0.9594 0.8981 0.9702 0.8962 0.9863 0.8941 1.0328 1.0778
1.2210 1.1716 0.9377 0.9206 1.0459 1.0414 0.9889 1.0665 0.9996 0.9092 0.9564 0.9725 0.9544 0.7861 0.7822 0.9305
0.9953 0.9793 1.0508 0.9113 0.9802 1.0592 0.9773 0.9870 1.0000 0.9234 0.9386 1.0725 1.0000 1.0176 1.0218 1.1651
0.9491 0.9161 0.9263 1.0000 0.9734 0.9082 1.0201 1.0775 0.9995 1.0297 1.0583 0.9888 1.0512 1.1080 1.2809 1.2772
1.4677 1.3540 1.0621 1.2555 0.9753 1.0060 1.1244 0.9680 0.9070 1.0000 1.0000 0.9007 1.0000 0.8358 0.8913 0.9014
1.4737 1.0304 1.2366 0.9292 0.7995 1.0998 1.0186 0.9714 1.0690 1.0267 0.9052 1.0017 0.8978 0.8802 0.9635 1.1410
1.1783 1.1235 1.1905 1.1878 0.9916 1.0271 0.9547 0.9343 0.9912 1.0608 0.9041 0.7950 0.8208 0.7670 0.5226 0.5137
1.2536 0.9379 1.0000 0.9428 1.1465 1.0949 0.9250 1.0384 0.9860 1.0216 0.9173 1.0527 0.8841 1.0480 0.9772 1.0211
0.6409 0.7357 0.9791 0.9818 1.0874 1.0156 0.9884 0.9644 0.9342 1.0932 0.9734 0.9868 1.0339 0.9727 0.9855 1.2273
1.0385 0.8791 0.9221 0.9555 0.8492 0.9391 0.8777 0.9166 1.0000 1.1293 0.9299 0.9250 1.1283 1.2478 1.2987 1.5623
1.0469 1.0548 0.8882 1.0335 0.8718 0.9962 0.9527 0.9848 1.1111 0.9175 1.0087 1.0281 0.9538 1.0395 0.5458 1.0635
1.2404 1.0418 0.9644 1.0149 1.0241 1.0223 1.0790 1.0188 1.0028 0.8776 1.0406 0.9114 1.0295 0.9287 0.9506 1.0447
