1.3440 1.2242 1.0567 1.1057 1.0007 0.9399 1.0772 0.8913 1.0963 1.1296 0.8515 0.8301 0.9268 0.8205 0.7726 0.9233
1.0000 1.0990 1.3310 1.2791 1.1330 1.0110 1.1094 0.9802 0.8887 0.8995 0.8648 0.8649 0.8531 0.8768 0.8003 1.0000
1.0019 0.8786 0.9407 1.1569 0.8497 0.9507 1.0000 0.9566 0.9786 1.0757 0.9684 0.9628 1.0424 1.1713 1.0560 1.2329
1.3249 1.2153 1.1565 1.1350 1.0164 1.0680 1.0835 0.8979 0.9547 0.8723 0.8938 0.9552 0.8167 0.9469 0.7797 0.9633
1.2549 0.9597 0.9081 1.0359 0.9738 0.9942 0.9843 0.9125 1.0205 1.0854 0.9839 1.1032 0.8837 1.0965 1.0357 1.2949
1.2221 1.0924 1.0270 1.1514 0.9793 1.0789 1.0491 0.9657 0.9402 1.0166 1.0090 0.8612 0.8683 0.8235 1.0013 0.9323
1.1638 1.1066 1.0446 0.9902 0.9534 0.9523 1.0313 0.9829 0.8960 1.0513 0.9759 0.8405 0.9719 1.0199 1.0000 1.0442
1.3500 1.2261 1.1468 1.0973 1.1375 1.1027 1.0909 0.9946 1.0682 0.9102 0.9004 0.8254 0.8057 0.7875 0.7496 0.7997
0.6375 0.7041 0.8686 0.7245 0.9313 0.9479 0.8251 1.0315 1.0347 0.8966 1.0494 0.9889 1.2081 1.0204 1.1878 1.2302
1.1693 1.0091 0.9921 1.1283 0.9934 0.9519 0.9333 1.1833 0.8871 0.8735 0.9393 0.8902 0.9919 0.9758 1.0588 1.0475
0.6988 0.7377 0.8867 0.8153 0.9657 0.9760 0.9171 1.0288 0.9695 0.9569 1.1096 0.9315 1.2049 1.1054 0.9572 1.3313
1.2619 1.1299 1.1784 1.2330 1.0698 1.1195 1.1594 0.9720 1.0010 0.8828 0.8342 0.8844 0.8548 0.7984 0.8276 0.8025
0.9809 0.8038 0.7884 0.8953 0.8575 0.9198 0.8294 1.0465 0.9641 1.1288 1.2179 1.0272 1.1142 1.2128 1.1718 1.5547
1.2202 1.0789 1.1323 1.0480 0.8572 0.9865 1.0255 1.0278 0.9456 0.8799 0.9590 0.8697 0.9801 0.8761 1.0186 1.0751
1.1514 1.1550 0.9206 0.9162 1.0570 1.0558 0.9930 1.0656 1.0002 0.9440 0.9608 0.9753 0.9640 0.8083 0.7704 0.9501
1.0535 0.9315 1.0466 0.9122 0.9996 1.0731 0.9667 0.9963 1.0000 0.9130 0.9433 1.1173 1.0000 0.9819 0.9766 1.1248
0.9333 0.9420 0.9173 1.0000 0.9816 0.9287 1.0172 1.0982 0.9928 1.0156 1.0463 1.0007 1.0380 1.0809 1.2539 1.2453
1.4555 1.3462 1.0369 1.2678 0.9822 0.9959 1.1145 0.9737 0.9097 1.0000 1.0000 0.8855 1.0000 0.8280 0.8913 0.8916
1.4920 1.0110 1.1207 0.8896 0.7762 1.1165 1.0149 0.9886 1.0719 1.0564 0.9199 1.0318 0.9078 0.8922 0.9987 1.1690
1.1631 1.1120 1.1466 1.1919 0.9809 1.0334 0.9574 0.9146 1.0031 1.0290 0.9140 0.8222 0.8288 0.7872 0.5416 0.5264
1.2170 0.9410 1.0000 0.9145 1.1089 1.0668 0.9077 1.0111 0.9904 1.0374 0.9130 1.0561 0.8961 1.0887 1.0178 1.0788
0.7615 0.7442 0.9962 0.9863 1.1008 1.0255 0.9768 0.9585 0.9134 1.1080 0.9865 0.9810 1.0061 0.9828 0.9940 1.2165
1.0310 0.8870 0.9083 0.9672 0.8344 0.9041 0.8670 0.9281 1.0000 1.1567 0.9560 0.9575 1.1659 1.3057 1.3729 1.7387
1.0343 1.0880 0.8992 1.0490 0.8937 0.9833 0.9438 1.0246 1.1171 0.8962 1.0163 1.0339 0.9367 1.0333 0.5458 1.0373
1.1035 0.9844 0.8900 0.9336 0.9664 0.9820 1.0584 0.9883 0.9790 0.8837 1.0382 0.9839 1.0888 0.9728 1.0198 1.1657
