1.3312 1.1746 1.0582 1.0981 1.0073 0.9612 1.0767 0.8823 1.1303 1.1503 0.8655 0.8358 0.9323 0.8148 0.7831 0.8912
1.0000 1.0480 1.2882 1.2653 1.1353 1.0425 1.0953 0.9702 0.8808 0.9321 0.8648 0.8864 0.8767 0.9041 0.8277 1.0000
1.0742 0.9291 0.9181 1.2103 0.8750 0.9698 1.0000 0.9581 0.9715 1.0296 0.9456 0.9301 1.0302 1.1304 1.0709 1.2204
1.2953 1.2009 1.1399 1.1343 1.0246 1.0642 1.1182 0.8915 0.9841 0.8873 0.9302 0.9323 0.8236 0.9294 0.7840 0.9448
1.2911 1.0026 0.9221 1.0284 0.9392 0.9719 0.9800 0.8953 0.9413 1.0452 0.9603 1.0989 0.8803 1.1163 1.0774 1.3258
1.1810 1.0766 0.9813 1.1205 0.9782 1.0858 1.0686 0.9747 0.9100 1.0255 0.9670 0.8845 0.9001 0.8668 1.0096 0.9780
1.1831 1.1046 1.0521 0.9976 0.9676 0.9556 1.0467 0.9556 0.8955 1.0566 0.9544 0.8478 0.9497 1.0685 1.0000 1.0241
1.3722 1.2152 1.1417 1.0854 1.1047 1.0948 1.0728 0.9997 1.0917 0.8837 0.8956 0.8459 0.8084 0.7736 0.7689 0.8274
0.6570 0.7225 0.8841 0.7524 0.9335 0.9545 0.8424 1.0518 1.0501 0.9162 1.0719 0.9966 1.2005 0.9865 1.2311 1.2045
1.1333 0.9898 0.9683 1.1032 1.0054 0.9697 0.9471 1.1350 0.8747 0.8896 0.9338 0.8906 1.0229 0.9916 1.0910 1.0840
0.6622 0.7082 0.8880 0.8077 0.9626 0.9868 0.9197 1.0459 0.9820 0.9741 1.0610 0.9114 1.2298 1.1009 0.9763 1.2323
1.2518 1.1390 1.1612 1.1939 1.0714 1.1060 1.1263 0.9733 1.0222 0.8891 0.8340 0.8861 0.8553 0.8176 0.8665 0.8023
1.0409 0.8953 0.8426 0.9668 0.8950 0.9051 0.7595 0.9200 0.9596 0.9762 1.1216 0.9916 1.1572 1.2466 1.1897 1.5901
1.1869 1.0836 0.9890 0.9407 0.8631 1.0080 1.0296 1.0697 0.9672 0.9030 0.9542 0.9035 0.9864 0.9247 1.0457 1.0991
1.1845 1.1567 0.9349 0.9364 1.0509 1.0497 1.0050 1.0838 1.0165 0.9057 0.9464 0.9613 0.9601 0.7712 0.7607 0.9133
1.0162 0.9585 1.0455 0.9120 1.0015 1.0670 0.9977 0.9944 1.0000 0.9085 0.9393 1.0130 1.0000 1.0124 1.0259 1.1677
0.9193 0.9193 0.9205 1.0000 0.9700 0.9228 1.0108 1.0810 1.0047 1.0367 1.0564 1.0033 1.0518 1.0987 1.2786 1.2845
1.4371 1.3570 1.0395 1.2439 0.9662 0.9894 1.1169 0.9665 0.9187 1.0000 1.0000 0.9024 1.0000 0.8450 0.9105 0.9247
1.4559 1.0119 1.2068 0.9075 0.7936 1.1239 1.0030 1.0010 1.0846 1.0210 0.9160 1.0097 0.8962 0.8770 0.9698 1.1490
1.1748 1.1153 1.1713 1.2108 0.9856 1.0418 0.9438 0.9485 0.9950 1.0178 0.9096 0.7895 0.7967 0.7513 0.5234 0.5070
1.2944 1.0045 1.0000 0.9503 1.1721 1.0776 0.9096 0.9935 0.9636 0.9956 0.9259 1.0694 0.8642 1.0618 0.9864 1.0615
0.5512 0.7254 0.9993 1.0054 1.0948 1.0166 0.9796 0.9406 0.9251 1.0842 0.9633 0.9858 1.0565 0.9739 0.9809 1.2109
1.0377 0.8708 0.9101 0.9451 0.8480 0.9349 0.8805 0.9231 1.0000 1.1141 0.9421 0.9381 1.1222 1.2650 1.2884 1.5656
1.0355 1.0562 0.8767 1.0244 0.8858 0.9709 0.9472 1.0162 1.1099 0.9204 1.0279 1.0266 0.9539 1.0318 0.5458 1.0687
1.2697 1.1041 0.9790 1.0340 1.0444 1.0546 1.0749 1.0026 1.0059 0.8708 1.0346 0.9207 0.9980 0.9077 0.9151 1.0128
