1.3013 1.1739 1.0527 1.0785 0.9861 0.9678 1.0955 0.8911 1.1253 1.1250 0.8872 0.8349 0.9515 0.8229 0.8044 0.9024
1.0000 1.0734 1.2313 1.2756 1.1349 1.0164 1.0757 0.9900 0.8935 0.9223 0.8974 0.8699 0.8886 0.9174 0.8305 1.0000
1.0674 0.9198 0.9186 1.2650 0.8696 0.9819 1.0000 0.9489 0.9908 1.0437 0.9754 0.9339 1.0517 1.0718 1.0565 1.1908
1.2461 1.1700 1.1516 1.1273 1.0243 1.0428 1.0828 0.8978 0.9909 0.8967 0.9157 0.9663 0.8337 0.9405 0.8198 0.9771
1.3323 1.0240 0.9344 1.0538 0.9313 0.9722 0.9939 0.9003 0.8935 1.0101 0.9488 1.0989 0.9012 1.1259 1.0871 1.3435
1.1880 1.0898 0.9820 1.1006 0.9578 1.0488 1.0617 0.9623 0.9055 1.0393 0.9652 0.9067 0.9007 0.8854 1.0129 0.9989
1.2088 1.0980 1.0441 0.9793 0.9588 0.9337 1.0172 0.9706 0.8958 1.0389 0.9588 0.8330 0.9813 1.0978 1.0000 1.0502
1.3046 1.2226 1.0979 1.0698 1.0916 1.0678 1.0712 1.0200 1.0829 0.9227 0.9367 0.8617 0.8277 0.7705 0.8033 0.8372
0.6636 0.7252 0.9125 0.7629 0.9470 0.9529 0.8347 1.0736 1.0355 0.9174 1.0612 1.0068 1.2281 0.9904 1.2198 1.1295
1.1252 0.9471 0.9435 1.0729 0.9960 0.9645 0.9483 1.1159 0.8804 0.9095 0.9456 0.9083 1.0377 1.0076 1.1104 1.1589
0.6870 0.7424 0.8793 0.8088 0.9432 0.9934 0.9191 1.0321 0.9774 0.9687 1.0774 0.9264 1.1978 1.1317 0.9952 1.2146
1.2218 1.1221 1.1619 1.1975 1.0633 1.1078 1.1353 0.9875 1.0071 0.8817 0.8636 0.8874 0.8486 0.8229 0.8581 0.8282
0.9968 0.8888 0.8440 0.9467 0.8992 0.8916 0.7928 1.1321 0.9412 1.0618 1.1607 0.9613 1.0843 1.1500 1.1108 1.4888
1.1462 1.0541 1.1133 0.9644 0.8700 0.9798 0.9865 1.0160 0.9556 0.9219 0.9636 0.8970 1.0251 0.9033 1.0587 1.0986
1.2363 1.1607 0.9707 0.9503 1.0484 1.0657 1.0173 1.0459 0.9943 0.8949 0.9458 0.9610 0.9453 0.7772 0.7524 0.8918
0.9936 0.9821 1.0515 0.8858 0.9695 1.0400 0.9748 1.0031 1.0000 0.9216 0.9494 1.0377 1.0000 1.0312 1.0631 1.1971
0.9608 0.9464 0.9395 1.0000 0.9541 0.9347 1.0464 1.0338 0.9787 1.0250 1.0554 0.9864 1.0594 1.0686 1.2657 1.2963
1.4230 1.3046 1.0524 1.2584 0.9588 0.9888 1.1175 0.9498 0.9016 1.0000 1.0000 0.9205 1.0000 0.8489 0.9397 0.9319
1.4316 0.9971 1.2032 0.9476 0.8189 1.1065 1.0240 0.9763 1.0878 1.0201 0.9146 1.0051 0.8959 0.8792 0.9598 1.1435
1.1614 1.1038 1.1369 1.2038 0.9818 1.0408 0.9535 0.9340 1.0089 1.0403 0.9182 0.8275 0.8212 0.7598 0.5405 0.5178
1.3601 0.9584 1.0000 0.9337 1.1094 1.0798 0.9219 1.0246 0.9776 0.9607 0.9471 1.0629 0.9055 1.0761 1.0070 1.0347
0.6655 0.7212 0.9806 0.9739 1.0425 1.0080 1.0029 0.9615 0.9284 1.0920 0.9414 1.0208 1.0593 0.9655 1.0209 1.2326
1.0069 0.8498 0.9068 0.9472 0.8739 0.9354 0.8928 0.9437 1.0000 1.1492 0.9193 0.9451 1.1231 1.2421 1.3011 1.4894
1.0238 1.0474 0.8529 1.0291 0.8823 0.9857 0.9380 0.9857 1.1297 0.9220 1.0136 1.0425 0.9753 1.0235 0.5458 1.1008
1.3051 1.0832 0.9960 1.0616 1.0517 1.0548 1.1156 1.0077 1.0192 0.8693 1.0055 0.9196 0.9854 0.9092 0.8891 0.9759
