0.8316 0.8644 0.9029 0.9321 1.0494 1.1024 1.0726 1.1940 1.0722 1.1602 0.9793 1.0350 1.0623 1.0641 0.8586 0.8315
0.8623 0.9163 1.0171 1.0695 1.1320 1.2107 1.1943 0.9297 0.9581 0.9177 1.0924 0.9778 0.9828 0.8359 1.0244 0.7747
0.6966 0.7725 0.9827 0.9716 0.9819 1.1303 1.0252 1.1126 1.0324 1.2814 1.0050 0.8476 0.9512 0.9314 0.9920 0.6227
0.6652 0.7953 0.9044 0.9973 1.0017 1.1044 1.1470 1.0785 0.9195 1.0945 1.1673 0.9315 1.0102 0.8746 0.9376 0.5997
0.7468 0.8428 0.8772 0.9225 1.0000 1.0524 1.1095 1.0528 1.1643 1.2327 1.0447 0.9981 0.9955 1.0375 1.0034 0.8560
0.8777 0.8885 0.8946 0.9755 1.1495 1.0714 1.1734 0.9570 1.2159 1.1312 1.0626 1.0393 1.0001 0.9132 0.8485 0.8097
0.7259 0.8850 0.9531 0.9382 1.0685 0.9482 1.2139 1.2393 1.0640 0.9951 1.0835 1.0057 0.9685 0.9616 0.8507 0.8334
0.9337 0.8511 0.9035 0.9743 1.0000 1.1036 1.2245 1.0757 1.1167 1.0873 1.0560 1.1358 1.0498 0.8736 0.8389 0.7751
0.8462 0.9086 0.8864 0.9059 1.0499 1.0393 1.1305 1.0174 1.0885 1.1125 1.0510 1.0636 0.9998 1.0437 0.8901 0.7476
0.7172 0.7887 0.8822 1.0130 0.9923 1.0509 1.1063 1.1409 0.9801 1.0488 1.1843 0.8311 0.8502 1.0016 1.0218 1.0402
0.8047 0.7288 0.8263 0.8459 1.0235 1.1184 1.2033 1.0314 1.0395 1.1446 0.9994 1.0303 1.0827 1.0243 0.8686 0.8690
0.7950 0.8996 0.8875 1.0447 1.1662 1.1852 1.1939 0.9108 0.9413 1.1896 0.9743 0.9122 0.9024 1.0000 1.0000 0.6195
0.9485 0.9155 0.9174 1.0254 1.1203 1.0522 1.0926 0.9194 1.0757 0.9838 1.0247 1.0065 1.0057 0.8539 0.8006 0.9805
0.9280 0.9265 0.9530 1.0095 0.9826 1.0780 1.1397 1.1145 1.0525 0.9880 1.1206 0.9077 0.9666 1.0000 0.8399 0.7363
0.6649 0.7732 0.8384 0.8950 0.9905 1.1722 1.0853 1.0937 1.0344 1.0550 1.1075 1.1373 1.0538 0.8499 0.9437 0.8489
0.6949 0.8731 0.9806 1.0241 1.0172 1.0402 1.0939 0.9646 1.1047 0.9330 1.0061 1.0552 1.0602 0.9539 0.8979 0.7693
0.9032 0.7053 0.8355 0.8361 1.0525 1.1763 0.9759 1.1897 1.1197 1.1625 1.0561 1.0346 1.1652 0.9490 0.8533 0.9562
0.7239 0.8840 0.8561 0.8282 1.0556 0.9713 1.2485 1.0842 1.0305 1.1581 1.1135 1.0048 0.9294 0.8953 0.9461 0.9724
0.7127 1.0000 0.9700 0.8895 0.9526 1.1130 1.1234 0.9651 1.0805 1.1731 1.1072 0.8939 1.0180 0.8963 0.9150 0.8982
0.8510 0.8751 0.9767 0.8601 1.0730 1.1803 1.0031 1.0733 1.0476 1.1368 1.0132 1.1432 1.0000 0.9435 0.9923 0.8566
0.9419 0.9402 0.9348 0.9340 0.8838 1.1361 1.0395 1.0833 1.0698 0.9503 1.0688 1.1671 1.0010 1.0215 0.9848 0.7496
0.6543 0.8702 0.9838 1.0300 1.0000 1.1057 1.0478 1.0794 0.9705 1.0269 0.9603 1.0469 0.8939 0.8573 1.0000 0.6537
0.8569 0.8374 0.9993 0.9616 1.0669 1.1225 1.1825 0.9241 1.0464 1.1012 1.1311 1.0478 1.0731 0.9740 0.8702 0.8181
0.8225 0.8501 0.8905 0.9810 1.2727 1.0000 1.0928 1.1390 1.1103 1.0539 1.2209 0.8322 0.9508 0.9524 0.9500 0.8781
0.8445 0.9206 0.8767 0.9793 1.1151 1.0879 1.1626 1.1677 1.1171 1.1528 1.0710 0.9229 0.9837 0.8711 0.7436 0.7664
