1.3433 1.1683 1.0313 1.0913 0.9760 0.9297 1.0572 0.8930 1.1093 1.1480 0.8556 0.8458 0.9445 0.8428 0.8096 0.9481
1.0000 1.0813 1.3018 1.2668 1.1474 1.0017 1.0993 0.9737 0.8972 0.9190 0.8697 0.8687 0.8743 0.8875 0.8261 1.0000
1.0245 0.9063 0.9189 1.1894 0.8503 0.9493 1.0000 0.9529 0.9894 1.0308 0.9387 0.9387 1.0384 1.1555 1.0590 1.2537
1.3329 1.2054 1.1430 1.1602 1.0145 1.0504 1.1019 0.9135 0.9658 0.8803 0.9051 0.9362 0.8095 0.9207 0.7881 0.9753
1.2421 0.9419 0.8800 1.0156 0.9494 0.9874 0.9787 0.8846 0.9817 1.0791 1.0073 1.1042 0.8883 1.1129 1.0679 1.3481
1.2068 1.0766 0.9848 1.1161 0.9761 1.0683 1.0481 0.9449 0.9237 1.0206 0.9988 0.8836 0.8915 0.8598 1.0249 0.9758
1.1777 1.0978 1.0286 0.9967 0.9707 0.9579 1.0203 0.9726 0.8928 1.0463 0.9753 0.8319 0.9596 1.0822 1.0000 1.0383
1.3525 1.2174 1.1608 1.1077 1.1027 1.1016 1.0783 1.0028 1.0630 0.8825 0.8849 0.8342 0.8139 0.7956 0.7650 0.8263
0.6582 0.7105 0.8868 0.7532 0.9603 0.9600 0.8318 1.0392 1.0380 0.9031 1.0619 0.9859 1.2212 1.0260 1.2188 1.2143
1.1433 1.0084 0.9815 1.0880 1.0004 0.9679 0.9514 1.1436 0.8593 0.8712 0.9264 0.8830 1.0177 0.9837 1.0970 1.1155
0.6593 0.7309 0.8778 0.7911 0.9308 0.9544 0.9009 1.0635 1.0033 0.9577 1.0781 0.9100 1.2480 1.0893 0.9717 1.3170
1.2786 1.1474 1.1659 1.1830 1.0736 1.1037 1.1069 0.9773 1.0010 0.8833 0.8602 0.8862 0.8568 0.7956 0.8612 0.8192
1.0212 0.8442 0.8109 0.9078 0.8730 0.9269 0.8156 1.0107 0.9522 1.1186 1.1698 1.0028 1.0967 1.1863 1.1427 1.5165
1.2304 1.1032 1.1147 1.0420 0.8537 1.0030 1.0130 1.0349 0.9538 0.8697 0.9301 0.8784 0.9733 0.8881 1.0052 1.0843
1.2237 1.1742 0.9486 0.9171 1.0322 1.0387 0.9738 1.0637 0.9997 0.9222 0.9498 0.9733 0.9557 0.7884 0.7637 0.9284
1.0314 0.9400 1.0490 0.9072 0.9846 1.0456 0.9680 0.9721 1.0000 0.9094 0.9414 1.1001 1.0000 1.0178 1.0210 1.1638
0.9520 0.9320 0.9304 1.0000 0.9681 0.9181 1.0301 1.0914 0.9965 1.0163 1.0241 0.9953 1.0466 1.0964 1.2659 1.2837
1.4522 1.3654 1.0509 1.2860 1.0124 1.0019 1.1217 0.9703 0.9053 1.0000 1.0000 0.8819 1.0000 0.8316 0.8850 0.9029
1.4840 1.0136 1.2061 0.9078 0.7908 1.1209 1.0103 0.9800 1.0682 1.0398 0.8897 0.9963 0.8984 0.8944 0.9777 1.1737
1.1736 1.1248 1.1541 1.2066 0.9812 1.0461 0.9465 0.9212 1.0012 1.0421 0.9071 0.8090 0.8060 0.7733 0.5375 0.5191
1.1931 0.9067 1.0000 0.9016 1.0857 1.0251 0.9026 0.9862 0.9570 1.0448 0.9387 1.0925 0.9160 1.1183 1.0179 1.1211
0.7480 0.7377 0.9963 0.9837 1.1060 1.0105 0.9762 0.9399 0.9312 1.0738 0.9655 0.9974 1.0197 0.9997 0.9997 1.2170
1.0136 0.8533 0.8809 0.9364 0.8428 0.9089 0.8661 0.9130 1.0000 1.1624 0.9415 0.9506 1.1560 1.2617 1.3457 1.6604
1.0269 1.0657 0.8879 1.0471 0.8800 0.9867 0.9359 0.9977 1.0934 0.8997 1.0044 1.0452 0.9421 1.0559 0.5458 1.0811
1.1461 0.9887 0.9054 0.9719 0.9657 1.0136 1.0410 1.0050 1.0008 0.8883 1.0507 0.9866 1.0572 0.9666 1.0019 1.1067
