1.3601 1.1856 1.0453 1.0826 0.9783 0.9436 1.0583 0.8998 1.0931 1.1341 0.8376 0.8432 0.9450 0.8632 0.8133 0.9433
1.0000 1.0915 1.3506 1.2737 1.1264 0.9938 1.0920 0.9533 0.8698 0.9116 0.8544 0.8501 0.8689 0.9197 0.8629 1.0000
1.0248 0.8907 0.9076 1.1939 0.8326 0.9480 1.0000 0.9344 0.9687 1.0370 0.9408 0.9484 1.0412 1.2117 1.1122 1.2663
1.3623 1.2096 1.1678 1.1353 1.0082 1.0647 1.0937 0.9198 0.9573 0.8693 0.8962 0.9430 0.8159 0.9344 0.7833 1.0070
1.2363 0.9787 0.9021 1.0164 0.9461 1.0330 1.0085 0.9132 1.0559 1.1094 0.8804 1.0728 0.8958 1.0892 1.0272 1.2481
1.2384 1.0621 1.0047 1.1452 0.9795 1.0591 1.0585 0.9586 0.9520 0.9934 1.0063 0.8566 0.8599 0.8382 1.0239 0.9601
1.2083 1.1072 1.0557 0.9931 0.9633 0.9581 1.0213 0.9637 0.8830 1.0465 0.9581 0.8306 0.9773 1.0729 1.0000 1.0587
1.3529 1.2169 1.1891 1.1202 1.1191 1.1229 1.0509 1.0161 1.0611 0.9029 0.8818 0.8172 0.7959 0.7934 0.7751 0.8181
0.6457 0.6995 0.8791 0.7292 0.9209 0.9430 0.8217 1.0005 0.9890 0.8773 1.0080 0.9553 1.1781 1.0200 1.1741 1.2655
1.1872 1.0169 1.0301 1.0943 1.0063 0.9792 0.9358 1.2155 0.8732 0.8650 0.9369 0.8763 0.9852 0.9774 1.0490 1.0217
0.7140 0.7359 0.9122 0.8104 0.9788 0.9921 0.8992 1.0282 0.9682 0.9493 1.0999 0.9030 1.2632 1.0843 0.9583 1.3276
1.2832 1.1456 1.1954 1.1991 1.0935 1.1150 1.1377 0.9760 1.0193 0.8784 0.8359 0.8634 0.8562 0.8000 0.8374 0.7918
1.0008 0.7952 0.7833 0.8846 0.8388 0.9162 0.8481 1.0515 0.9634 1.1063 1.1996 1.0054 1.1218 1.2158 1.2089 1.5492
1.2890 1.0951 1.1096 1.0441 0.8523 1.0099 1.0595 1.0126 0.9494 0.8540 0.9136 0.8501 0.9737 0.8598 1.0215 1.0855
1.1318 1.1757 0.9261 0.9086 1.0594 1.0258 0.9892 1.0701 1.0076 0.9633 0.9487 0.9817 0.9739 0.8142 0.8687 0.9856
1.0658 0.8963 1.0559 0.9056 1.0122 1.0568 0.9680 0.9903 1.0000 0.9068 0.9212 1.1005 1.0000 0.9873 0.9830 1.1174
0.9389 0.9195 0.9199 1.0000 1.0097 0.9216 1.0542 1.1379 0.9912 0.9817 1.0327 0.9788 1.0465 1.0677 1.2643 1.2234
1.4697 1.3272 1.0533 1.2782 0.9937 0.9954 1.1293 0.9853 0.9162 1.0000 1.0000 0.8981 1.0000 0.8511 0.9310 0.9054
1.5158 0.9973 1.1849 0.9250 0.8052 1.1168 1.0114 0.9897 1.0845 1.0429 0.9309 0.9969 0.8972 0.8985 1.0103 1.1531
1.1254 1.1256 1.1458 1.2154 0.9834 1.0524 0.9519 0.9051 1.0100 1.0287 0.8999 0.8219 0.8583 0.8008 0.5510 0.5609
1.1828 1.0423 1.0000 0.9763 1.1137 1.0528 0.9594 1.0191 0.9846 1.0302 0.8964 0.9815 0.9402 1.0337 0.9867 1.1022
0.7745 0.7682 0.9851 1.0167 1.1235 1.0197 0.9785 0.9534 0.9480 1.0527 0.9544 0.9834 0.9932 0.9856 0.9881 1.2118
1.0284 0.8916 0.9223 0.9811 0.8604 0.9264 0.8797 0.9368 1.0000 1.1197 0.9477 0.9761 1.1818 1.3747 1.4272 1.8800
1.0524 1.1141 0.9153 1.0563 0.8914 1.0015 0.9643 1.0269 1.1018 0.8969 0.9742 1.0145 0.9111 1.0365 0.5458 1.0540
1.0384 0.8899 0.8540 0.8858 0.8972 0.9376 1.0365 0.9921 0.9670 0.8786 1.0168 1.0207 1.1308 1.0080 1.1085 1.2655
