1.3184 1.1659 1.0705 1.1210 1.0234 0.9894 1.0719 0.8935 1.1390 1.1143 0.8636 0.8308 0.9229 0.7925 0.8105 0.8820
1.0000 1.0931 1.1748 1.2664 1.1553 1.0287 1.0655 0.9694 0.8788 0.9559 0.8999 0.8807 0.8959 0.9292 0.8250 1.0000
1.1081 0.9794 0.8941 1.3419 0.9207 0.9984 1.0000 0.9545 0.9762 1.0344 0.9647 0.9319 1.0191 1.0165 1.0599 1.1228
1.2790 1.1514 1.1022 1.1339 1.0176 1.0515 1.0932 0.9068 0.9733 0.9325 0.9042 0.9510 0.8579 0.9530 0.8295 0.9660
1.3680 1.0379 0.9806 1.0535 0.9588 0.9718 0.9686 0.9083 0.8890 0.9645 0.9587 1.1136 0.9021 1.0855 1.0704 1.3252
1.1388 1.0913 0.9880 1.0893 0.9630 1.0795 1.0717 0.9732 0.8659 1.0636 0.9223 0.9265 0.9024 0.8944 1.0031 1.0206
1.2050 1.0979 1.0849 1.0075 0.9600 0.9385 1.0159 0.9354 0.8945 1.0459 0.9687 0.8533 0.9869 1.0322 1.0000 1.0574
1.3118 1.2441 1.0680 1.0780 1.1093 1.0709 1.0598 0.9986 1.0987 0.9017 0.9133 0.8598 0.8245 0.7628 0.8292 0.8749
0.6825 0.7363 0.9093 0.7736 0.9522 0.9494 0.8445 1.0666 1.0548 0.9160 1.0629 1.0010 1.2126 0.9646 1.2406 1.1373
1.0543 0.9377 0.9169 1.0921 0.9752 0.9752 0.9766 1.0898 0.8957 0.9192 0.9503 0.9223 1.0511 1.0149 1.1316 1.1812
0.6491 0.7493 0.8828 0.8277 0.9279 0.9991 0.9486 1.0798 1.0400 0.9666 1.0536 0.9180 1.1422 1.0991 0.9929 1.1677
1.2784 1.0823 1.1201 1.1531 1.0511 1.1024 1.1322 0.9743 0.9911 0.8793 0.8610 0.9265 0.9049 0.8283 0.9055 0.8191
0.9860 0.8938 0.8556 0.9651 0.9204 0.8708 0.7965 1.1507 0.9261 1.0566 1.1613 0.9541 1.0701 1.1795 1.1051 1.4275
1.0912 1.0348 1.0833 0.9033 0.8481 0.9481 1.0176 1.0782 0.9739 0.9384 0.9829 0.9127 1.0428 0.9357 1.0864 1.0946
1.2878 1.1653 0.9786 0.9720 1.0572 1.0943 1.0345 1.0547 0.9740 0.8582 0.9320 0.9421 0.9383 0.7530 0.7575 0.8567
0.9925 0.9549 1.0315 0.8899 0.9265 1.0394 0.9907 0.9924 1.0000 0.9072 0.9606 1.0345 1.0000 1.0600 1.0950 1.2649
0.9766 0.9283 0.9654 1.0000 0.9457 0.9346 1.0391 0.9779 0.9679 1.0449 1.0501 1.0362 1.0687 1.0666 1.2590 1.3109
1.3613 1.3274 1.0080 1.2295 0.9505 0.9601 1.1150 0.9403 0.8874 1.0000 1.0000 0.9395 1.0000 0.8735 0.9694 0.9715
1.4407 1.0243 1.2051 0.9464 0.8397 1.1269 1.0347 0.9932 1.0887 0.9848 0.8930 1.0102 0.8919 0.8661 0.9372 1.1062
1.1058 1.1113 1.1636 1.1946 0.9915 1.0459 0.9490 0.9339 1.0209 1.1133 0.9266 0.8252 0.8150 0.7521 0.5322 0.5167
1.3068 0.9756 1.0000 0.9622 1.1443 1.0886 0.8955 1.0100 1.0019 0.9506 0.9418 1.1183 0.8962 1.0935 0.9751 0.9912
0.6410 0.7098 0.9538 0.9742 1.0381 1.0497 0.9792 1.0024 0.9479 1.0553 0.9711 1.0242 1.0831 0.9338 0.9818 1.2592
1.0197 0.8523 0.8951 0.9467 0.8436 0.9401 0.8891 0.9450 1.0000 1.1804 0.9574 0.9622 1.1486 1.2417 1.2911 1.4021
1.0233 1.0298 0.8660 1.0339 0.8859 0.9909 0.9097 0.9407 1.1283 0.9359 1.0169 1.0631 0.9716 1.0369 0.5458 1.1019
1.3283 1.1070 1.0248 1.1050 1.0793 1.0617 1.1325 1.0113 1.0102 0.8670 1.0044 0.8757 0.9787 0.8627 0.8612 0.9267
