0.7208 0.7710 0.8545 0.8935 1.0020 1.0839 1.0438 1.1759 1.1723 1.1754 1.0234 1.0138 1.0347 1.0264 0.8744 0.8755
0.8234 0.8286 0.9448 1.0406 1.0825 1.2221 1.2082 0.9689 1.0279 0.9657 1.0988 1.0038 0.9334 0.8709 1.0125 0.7709
0.6385 0.6942 0.9049 0.9010 0.9438 1.0804 1.1283 1.0775 1.0784 1.2473 1.0106 0.9577 0.9049 0.9251 0.9057 0.7344
0.6524 0.7296 0.8451 0.9433 0.9676 1.0696 1.1152 1.0489 1.0033 1.1714 1.1257 0.9689 1.0390 0.8900 0.9312 0.7574
0.6936 0.7454 0.7802 0.8961 1.0000 1.0048 1.0498 1.0681 1.1896 1.2325 1.0503 1.0361 0.9769 1.0554 0.9560 0.8674
0.8144 0.8399 0.8518 0.9405 1.1338 1.0802 1.1900 1.0976 1.1799 1.1314 1.0602 1.0186 0.9822 0.9282 0.8740 0.8678
0.7527 0.8220 0.8638 0.9303 1.0267 1.0367 1.1534 1.1610 1.1029 1.0846 1.0908 1.0391 0.9763 0.9264 0.8324 0.9520
0.8662 0.8055 0.8560 0.9274 1.0000 1.0872 1.1826 1.1157 1.1043 1.0800 1.1496 1.0945 1.0259 0.9383 0.8496 0.9215
0.8034 0.8653 0.8606 0.8653 1.0041 1.0186 1.1164 1.0371 1.1033 1.1235 1.0570 1.0990 0.9846 1.0462 0.9000 0.8582
0.6815 0.7390 0.8520 0.9368 0.9900 1.0038 1.0582 1.1173 0.9871 1.0544 1.1896 0.9764 0.9243 0.9791 0.9962 1.0090
0.7065 0.6347 0.7261 0.7964 0.9440 1.0347 1.1259 1.0367 1.0343 1.0767 1.0243 0.9610 1.0138 0.9795 0.8796 0.9467
0.7302 0.8248 0.9029 0.9776 1.1593 1.1456 1.1378 0.8911 1.0434 1.2418 1.0868 0.9729 0.9490 1.0000 1.0000 0.6942
0.9217 0.8797 0.8960 1.0134 1.1525 1.1103 1.1683 1.0265 1.1164 1.0630 1.0787 1.0158 1.0062 0.8427 0.8294 0.9528
0.8845 0.9018 0.9617 1.0113 0.9898 1.1104 1.1728 1.1348 1.1099 1.0646 1.1584 0.9246 0.9357 1.0000 0.8340 0.8031
0.6774 0.7391 0.8376 0.8817 0.9768 1.1782 1.0769 1.0462 1.0723 1.0847 1.0982 1.1245 1.0018 0.8800 0.9126 0.8373
0.6623 0.7925 0.9115 0.9976 0.9681 1.0358 1.1062 1.0395 1.0904 1.0007 1.0149 1.0575 1.0010 0.9664 0.9313 0.8775
0.8710 0.7835 0.8663 0.8802 1.0304 1.1579 0.9906 1.1742 1.1478 1.1905 1.0596 1.0258 1.0925 0.9307 0.8941 0.9062
0.6985 0.7599 0.7846 0.8045 1.0041 1.0067 1.1244 0.9885 0.9931 1.1033 1.0991 1.0635 1.0364 1.0399 0.8748 0.9103
0.6780 1.0000 0.8965 0.9071 0.9718 1.1202 1.1239 1.0742 1.0843 1.1804 1.0780 0.9049 0.9890 0.9117 0.8668 0.8928
0.8361 0.7955 0.9082 0.8450 1.0386 1.1422 1.0091 1.0807 1.0673 1.1849 1.0455 1.1212 1.0000 0.9847 0.9646 0.9233
0.8517 0.8716 0.8833 0.9721 0.9371 1.0969 1.0750 1.0480 1.0496 0.9841 1.0577 1.1189 1.0015 0.9790 0.9997 0.9559
0.6312 0.7766 0.9093 0.9849 1.0000 1.0640 1.0528 1.0576 1.0478 1.1062 1.0250 1.0551 0.9881 0.9104 1.0000 0.7982
0.8481 0.7797 0.9464 0.9499 1.0644 1.1626 1.1677 0.9714 1.0813 1.1390 1.1535 1.0135 1.0219 0.9237 0.9038 0.8350
0.7568 0.7728 0.8546 0.9343 1.2116 1.0000 1.0931 1.1774 1.1095 1.0674 1.2558 0.9475 0.9485 0.9367 0.9637 0.9611
0.8204 0.9157 0.8800 0.9662 1.0880 1.1115 1.1807 1.1848 1.2018 1.1972 1.1033 0.9831 0.9475 0.9031 0.7724 0.7459
