0.7480 0.8009 0.8869 0.9082 1.0433 1.0988 1.0564 1.1651 1.1292 1.1395 1.0219 0.9700 1.0455 1.0152 0.8675 0.8670
0.8783 0.8855 0.9831 1.0701 1.1054 1.2458 1.2032 0.9340 0.9865 0.9169 1.0765 0.9913 0.9181 0.8427 0.9959 0.7733
0.6693 0.7267 0.9290 0.9251 0.9562 1.0945 1.1234 1.0690 1.0490 1.2110 1.0106 0.9742 0.9035 0.9183 0.9151 0.7192
0.6698 0.7452 0.8788 0.9857 0.9777 1.0831 1.0958 1.0161 0.9716 1.1412 1.1328 0.9694 1.0366 0.9029 0.9342 0.7495
0.7672 0.8102 0.8395 0.9231 1.0000 1.0313 1.0895 1.0382 1.1496 1.2112 1.0296 1.0244 0.9481 1.0457 0.9571 0.8540
0.8535 0.8771 0.8789 0.9611 1.1685 1.1008 1.1601 1.0873 1.1682 1.0733 1.0534 1.0041 0.9755 0.9187 0.8570 0.8606
0.7368 0.8363 0.8717 0.9595 1.0369 1.0527 1.1398 1.1517 1.0994 1.0551 1.0713 1.0505 0.9707 0.9122 0.8315 0.9577
0.9059 0.8079 0.8821 0.9448 1.0000 1.0832 1.1972 1.0954 1.0844 1.0371 1.1409 1.0746 1.0289 0.9359 0.8434 0.9369
0.8130 0.8861 0.8868 0.8958 1.0291 1.0265 1.1444 1.0345 1.0757 1.1098 1.0330 1.0778 0.9804 1.0254 0.8784 0.8374
0.6975 0.7848 0.8866 1.0047 1.0208 1.0422 1.0604 1.1189 0.9794 1.0012 1.1616 0.9336 0.9156 0.9607 0.9890 1.0129
0.7446 0.6776 0.7674 0.8267 0.9691 1.0651 1.1506 1.0262 0.9944 1.0558 0.9968 0.9488 1.0237 0.9780 0.8682 0.9692
0.7550 0.8623 0.9131 0.9825 1.1731 1.1487 1.1286 0.8688 1.0227 1.2248 1.0766 0.9652 0.9462 1.0000 1.0000 0.6964
0.9684 0.9034 0.9136 1.0357 1.1472 1.1135 1.1606 1.0001 1.1180 1.0185 1.0499 1.0118 1.0080 0.8362 0.8281 0.9732
0.9318 0.9305 0.9804 1.0350 1.0030 1.0966 1.1575 1.1166 1.0733 1.0405 1.1334 0.9244 0.9457 1.0000 0.8223 0.8111
0.6735 0.7520 0.8812 0.9171 1.0240 1.1987 1.1061 1.0661 1.0433 1.0440 1.0768 1.0997 0.9749 0.8607 0.8896 0.8199
0.7195 0.8254 0.9247 0.9922 0.9967 1.0238 1.0860 1.0512 1.0563 0.9884 1.0161 1.0753 0.9958 0.9734 0.9330 0.8847
0.8997 0.7580 0.8761 0.8866 1.0512 1.2016 0.9581 1.1600 1.1249 1.1569 1.0357 1.0319 1.1028 0.9311 0.8905 0.9276
0.6993 0.8133 0.8157 0.8310 1.0243 0.9809 1.1232 1.0013 0.9999 1.1064 1.0800 1.0538 0.9995 1.0223 0.8981 0.9192
0.6991 1.0000 0.9155 0.9369 0.9838 1.1431 1.1402 1.0445 1.0520 1.1424 1.0681 0.9090 0.9810 0.8972 0.8929 0.8902
0.8515 0.8345 0.9390 0.8698 1.0495 1.1496 0.9869 1.0566 1.0434 1.1570 1.0257 1.1248 1.0000 0.9699 0.9734 0.9297
0.8892 0.8950 0.8979 0.9644 0.9279 1.0979 1.0575 1.0258 1.0161 0.9720 1.0381 1.1196 1.0049 1.0152 1.0212 0.9679
0.6392 0.7767 0.9212 0.9950 1.0000 1.0625 1.0538 1.0589 1.0108 1.0829 1.0088 1.0722 0.9820 0.9137 1.0000 0.8383
0.8482 0.7869 0.9922 0.9551 1.0424 1.1510 1.1534 0.9288 1.0604 1.1266 1.1422 1.0469 1.0572 0.9378 0.8868 0.8390
0.7736 0.7978 0.8830 0.9555 1.2160 1.0000 1.0656 1.1811 1.0914 1.0308 1.2174 0.9472 0.9365 0.9387 0.9976 0.9700
0.8447 0.9367 0.8892 0.9801 1.1057 1.1201 1.1951 1.1672 1.1691 1.1403 1.0621 0.9613 0.9581 0.9040 0.7811 0.7909
