1.2530 1.1392 1.1687 1.2016 1.0863 1.0252 1.1108 0.9237 1.1189 1.1115 0.9043 0.8325 0.9116 0.7274 0.7684 0.7270
1.0000 0.9704 0.9887 1.1566 1.1627 0.9707 0.9806 0.9844 0.8946 1.0422 0.9906 0.9618 0.9881 1.0754 0.8492 1.0000
1.2317 1.1154 0.9412 1.6042 1.0248 1.0511 1.0000 0.8845 1.0185 1.0508 1.0294 0.8939 0.9741 0.9466 0.8888 0.9052
1.1033 0.9413 1.0122 1.1177 1.0204 1.0289 1.1327 0.9886 1.0625 1.0155 0.9589 0.9348 0.9190 0.8889 0.9163 0.9923
1.4591 1.1313 1.0308 1.0567 0.9540 0.9459 1.0407 0.9872 0.8028 0.8976 0.9888 1.1170 0.9392 0.9768 0.9958 1.2253
0.9792 1.0397 0.8751 0.9559 0.8514 1.0060 1.1205 0.9869 0.8047 1.1816 0.9094 1.0465 1.0040 1.0212 1.0128 1.1806
1.3192 1.1333 1.1653 1.0577 1.0426 0.8816 0.9867 0.8373 0.8965 1.0232 0.9798 0.8476 0.9539 1.0677 1.0000 0.9875
1.0722 1.2064 0.9305 1.0587 1.0070 1.0705 1.0834 1.0874 1.1236 0.9400 0.9582 0.9752 0.8626 0.8051 0.8661 0.9529
0.7699 0.7783 1.0202 0.8625 0.8885 0.9674 0.8812 1.1208 1.0775 0.9548 1.1226 1.0453 1.1707 0.7822 1.2577 0.9621
0.8734 0.7851 0.8218 1.0100 0.9733 0.9655 1.0240 0.9242 0.9160 1.0624 0.9414 1.0357 1.1751 1.0871 1.1929 1.4399
0.5989 0.7820 0.8726 0.8637 0.8966 1.0279 1.0204 1.1512 1.0945 1.0433 0.8962 0.9907 1.0402 1.1126 0.9649 1.0319
1.1319 1.0297 1.0670 1.1320 1.0220 1.0741 1.1485 0.9796 1.0343 0.9185 0.9074 0.9863 0.9254 0.9102 0.9619 0.7640
0.9833 1.0971 1.0875 1.1405 1.0715 0.9044 0.8695 1.2567 0.8610 1.0134 1.0867 0.7726 0.8714 1.0112 0.8965 1.1176
0.9727 0.8895 0.9370 0.7652 0.9065 0.9180 0.8846 1.1116 0.9860 1.0517 1.0619 1.0413 1.1218 1.0133 1.1560 1.1250
1.3499 1.1232 0.9881 1.0421 1.0942 1.1137 1.0996 1.1204 1.0005 0.7824 0.9511 0.9230 0.8982 0.6715 0.6532 0.6773
0.8378 0.9114 1.0716 0.8738 0.8610 1.0231 1.0599 1.0138 1.0000 0.9276 1.0419 0.9391 1.0000 1.1335 1.1666 1.3573
1.0498 0.9284 1.0182 1.0000 0.9034 0.9899 1.0617 0.8842 1.0136 1.0873 1.0605 1.0461 0.9844 0.9679 1.0325 1.1112
1.1932 1.1918 0.8773 1.2288 0.9072 0.9725 1.1307 0.9019 0.8885 1.0000 1.0000 1.0462 1.0000 0.9356 1.0412 1.0484
1.3859 1.0518 1.3902 1.0727 0.8941 1.1583 1.0639 1.0454 1.1102 0.9235 0.8926 0.9469 0.8808 0.7985 0.8327 0.9557
1.0315 1.0468 1.1201 1.1558 0.9938 1.0219 0.9601 0.9909 1.0648 1.3652 0.9581 0.8780 0.8392 0.7818 0.5994 0.5234
1.4563 1.1356 1.0000 1.0994 1.2204 1.1005 0.9755 1.0469 0.9909 0.7801 0.9424 1.0889 0.9103 1.0042 0.9574 0.8141
0.5452 0.5843 0.9164 0.8736 0.8754 1.0013 1.0119 1.0532 1.0129 0.9811 1.0207 1.1947 1.1548 0.9383 0.9679 1.2893
1.1244 0.9100 0.9750 0.8566 0.9462 0.9648 0.9625 1.0337 1.0000 1.1942 0.9942 0.9520 1.0242 1.1041 0.9772 0.8809
0.9372 0.8609 0.7758 0.9234 0.8207 0.9750 0.8588 0.8889 1.1303 1.0373 1.0977 1.1519 1.1539 1.0859 0.5458 1.2093
1.5128 1.2938 1.1288 1.2814 1.2014 1.1239 1.2059 1.0095 1.0083 0.8459 0.9411 0.8197 0.8516 0.7707 0.7426 0.7995
