1.2516 1.1452 1.1731 1.2029 1.0809 1.0486 1.1217 0.8945 1.1193 1.0764 0.9070 0.8368 0.9119 0.7218 0.7729 0.6885
1.0000 0.9691 0.9613 1.0838 1.1420 0.9645 0.9831 0.9811 0.9069 1.0898 1.0352 0.9565 0.9940 1.0767 0.8706 1.0000
1.3062 1.1609 1.0807 1.7572 1.1269 1.0989 1.0000 0.9373 1.0604 1.0705 1.0253 0.8662 0.9247 0.9313 0.8082 0.7754
1.0673 0.8830 1.0047 1.1075 0.9889 1.0053 1.1087 0.9859 1.1017 1.0539 0.9985 0.9526 0.9553 0.8726 0.9364 0.9959
1.5036 1.0986 1.0405 1.1015 0.9687 0.9413 1.0226 1.0095 0.8198 0.9073 1.0943 1.0969 0.9149 0.9842 0.9839 1.1868
0.9349 0.9910 0.8598 0.9323 0.8771 1.0101 1.1253 1.0066 0.8214 1.1778 0.8926 1.1169 0.9918 1.0133 1.0117 1.1932
1.3699 1.1419 1.1642 1.1270 1.0769 0.9112 0.9759 0.8640 0.8930 1.0011 0.9377 0.8438 0.9288 1.0325 1.0000 0.9341
1.0806 1.1812 0.8754 1.0253 0.9889 1.0645 1.1102 1.0857 1.1341 0.9740 0.9631 0.9776 0.8467 0.7773 0.8949 1.0105
0.7778 0.7871 1.0010 0.8737 0.8733 0.9658 0.8858 1.0848 1.1188 0.9706 1.1352 1.0570 1.1539 0.7874 1.2463 1.0226
0.8293 0.7591 0.8741 0.9988 0.9668 0.9971 1.0056 0.9576 0.9036 1.1140 0.9379 1.0035 1.1836 1.0836 1.2058 1.4748
0.5849 0.8266 0.8978 0.8934 0.8934 1.0238 1.0741 1.1479 1.1065 1.0263 0.8459 1.0095 1.0008 1.0964 0.9351 1.0432
1.0800 0.9660 1.0165 1.0996 0.9972 1.0870 1.1566 0.9815 1.0202 0.9432 0.9553 0.9917 0.9533 0.9543 0.9939 0.7946
1.0373 1.1498 1.1194 1.2173 1.0985 0.9241 0.8725 1.2550 0.8626 1.0415 1.0944 0.7746 0.7963 0.9310 0.8689 1.0410
0.9432 0.8470 0.9784 0.7451 0.8906 0.8995 0.8397 1.1457 0.9641 1.0395 1.0765 1.0088 1.1569 1.0182 1.2416 1.1331
1.4632 1.1740 1.0388 1.0577 1.0920 1.1399 1.0925 1.1109 0.9595 0.7491 0.9077 0.8865 0.8450 0.6431 0.6432 0.6724
0.8268 0.9121 0.9924 0.8736 0.8639 0.9974 1.0470 1.0215 1.0000 0.9227 1.0477 0.9452 1.0000 1.1775 1.2457 1.3742
1.0774 0.8736 1.0623 1.0000 0.9209 1.0116 1.0523 0.8797 1.0196 1.1002 1.0601 1.0380 0.9796 0.9322 1.0251 1.0912
1.1315 1.1384 0.8597 1.2168 0.8762 0.9693 1.1327 0.9337 0.8845 1.0000 1.0000 1.0519 1.0000 0.9247 1.0214 1.0621
1.3884 1.0539 1.4552 1.1060 0.9168 1.2020 1.0972 1.0595 1.1325 0.8914 0.8792 0.9365 0.8479 0.7563 0.7536 0.8802
0.9385 0.9939 1.1152 1.0906 0.9869 1.0249 0.9700 0.9972 1.0967 1.0125 1.0149 0.9369 0.8573 0.8655 0.6123 0.5402
1.3859 1.0566 1.0000 1.0214 1.1840 1.1301 0.9778 1.0044 0.9795 0.8081 0.9448 1.1309 0.9541 1.0111 0.9770 0.8259
0.5585 0.5625 0.8947 0.8329 0.8578 0.9731 1.0166 1.0642 1.0341 0.9934 1.0432 1.2170 1.1638 0.9342 1.0013 1.3179
1.1029 0.8933 1.0222 0.8289 0.9676 0.9770 0.9805 1.0615 1.0000 1.2951 0.9856 0.9729 0.9621 1.0425 0.8938 0.8308
0.8804 0.8274 0.7372 0.9072 0.8248 0.9877 0.8730 0.9008 1.1698 1.0572 1.0759 1.1382 1.2135 1.0870 0.5458 1.2253
1.5289 1.2637 1.1773 1.2679 1.1519 1.0931 1.2000 0.9928 0.9487 0.8473 0.9353 0.9066 0.9475 0.8300 0.7770 0.9016
