1.2321 1.1527 1.1701 1.1781 1.0601 1.0426 1.1218 0.9049 1.1505 1.0974 0.9204 0.8211 0.9239 0.7296 0.7715 0.7202
1.0000 0.9842 0.9330 1.1663 1.1213 0.9730 0.9822 0.9521 0.8988 1.0829 1.0135 0.9771 0.9855 1.0741 0.8579 1.0000
1.2765 1.1327 1.0709 1.7104 1.0521 1.0588 1.0000 0.9291 1.0437 1.0604 1.0205 0.8664 0.9552 0.9399 0.8815 0.8392
1.0516 0.8896 1.0060 1.1201 1.0077 1.0354 1.1284 1.0038 1.0671 1.0174 0.9614 0.9227 0.9502 0.8859 0.9322 1.0170
1.5014 1.1322 1.1283 1.0915 0.9438 0.9824 0.9773 0.9939 0.7689 0.8885 0.9446 1.0970 0.9202 0.9932 0.9850 1.1940
0.9554 1.0176 0.8318 0.9069 0.8969 1.0249 1.0848 1.0172 0.8058 1.1849 0.9307 1.0807 1.0175 1.0305 1.0085 1.2196
1.4056 1.1616 1.1679 1.0899 1.0667 0.9212 0.9607 0.8658 0.9160 1.0048 0.9393 0.8632 0.9280 1.0474 1.0000 0.9246
1.0623 1.2105 0.9026 1.0344 0.9943 1.0630 1.0890 1.0947 1.1438 0.9600 0.9530 0.9732 0.8603 0.7743 0.8828 0.9945
0.7914 0.7875 1.0252 0.8760 0.8696 0.9890 0.8704 1.1493 1.1149 0.9495 1.1396 1.0482 1.1662 0.7764 1.2273 0.9798
0.8703 0.7546 0.8013 0.9834 0.9769 0.9982 0.9982 0.9327 0.9157 1.0605 0.9323 1.0138 1.1860 1.0947 1.2229 1.4474
0.5877 0.8045 0.9214 0.9002 0.9057 1.0300 1.0451 1.1466 1.0865 1.0215 0.8826 0.9966 1.0281 1.0867 0.9420 1.0409
1.0561 0.9811 0.9947 1.0876 1.0172 1.0898 1.1336 0.9712 1.0326 0.9566 0.9469 0.9798 0.9524 0.9552 1.0165 0.8109
1.0261 1.1241 1.0912 1.1664 1.0837 0.9329 0.8752 1.2755 0.8803 1.0319 1.1173 0.7745 0.8266 0.9753 0.8499 1.0696
0.9734 0.8631 0.9661 0.7590 0.8847 0.8976 0.8423 1.1200 1.0080 1.0560 1.0627 1.0398 1.1029 1.0464 1.2006 1.1260
1.4417 1.1748 1.0137 1.0528 1.0855 1.1481 1.1298 1.0712 1.0124 0.7194 0.9381 0.8770 0.8534 0.6384 0.6245 0.6671
0.8431 0.9279 1.0371 0.9042 0.8694 0.9804 1.0565 1.0263 1.0000 0.9049 1.0451 0.9490 1.0000 1.1461 1.1965 1.3995
1.0824 0.9353 1.0635 1.0000 0.9245 0.9882 1.0542 0.8263 1.0127 1.1114 1.0382 1.0114 0.9896 0.9350 1.0391 1.1128
1.1614 1.1814 0.8625 1.2125 0.8923 0.9402 1.1209 0.9102 0.9003 1.0000 1.0000 1.0636 1.0000 0.9365 1.0440 1.0600
1.3578 1.0444 1.3909 1.0801 0.8930 1.1807 1.0995 1.0555 1.1626 0.8943 0.9300 0.9523 0.8437 0.7754 0.7525 0.8919
0.9954 1.0267 1.1402 1.1489 1.0256 1.0167 0.9448 1.0055 1.0988 1.2645 0.9752 0.8741 0.8029 0.7796 0.5818 0.5286
1.4041 1.0743 1.0000 1.0234 1.1617 1.1159 0.9751 1.0284 0.9986 0.8199 0.9673 1.1094 0.9500 1.0130 0.9636 0.8654
0.5687 0.6041 0.9076 0.8811 0.8673 0.9800 1.0356 1.0761 1.0349 0.9710 1.0414 1.2163 1.1360 0.9311 0.9596 1.3205
1.1118 0.9128 0.9919 0.8610 0.9396 0.9651 1.0110 1.0526 1.0000 1.2402 1.0061 0.9442 1.0131 1.0589 0.9496 0.8471
0.9063 0.8330 0.7617 0.9034 0.8289 0.9940 0.8468 0.8856 1.1566 1.0292 1.1005 1.1362 1.1840 1.0962 0.5458 1.2307
1.5750 1.3469 1.1249 1.2989 1.1833 1.1339 1.1768 1.0135 0.9444 0.8049 0.9616 0.8575 0.8991 0.7786 0.7240 0.8516
