1.3139 1.1739 1.0464 1.1001 0.9903 0.9532 1.0580 0.8946 1.1153 1.1466 0.8686 0.8391 0.9440 0.8287 0.7953 0.9269
1.0000 1.0526 1.3082 1.2768 1.1368 1.0016 1.1048 0.9727 0.8863 0.9231 0.8711 0.8772 0.8560 0.9071 0.8329 1.0000
1.0324 0.8962 0.9255 1.1868 0.8508 0.9513 1.0000 0.9570 0.9706 1.0258 0.9618 0.9623 1.0547 1.1576 1.0631 1.2674
1.2977 1.1807 1.1581 1.1530 1.0198 1.0766 1.1022 0.8933 0.9741 0.8947 0.8853 0.9328 0.8186 0.9302 0.7975 0.9826
1.2701 0.9602 0.8980 1.0107 0.9361 0.9898 0.9746 0.9328 0.9767 1.0683 0.9833 1.0835 0.8911 1.0952 1.0726 1.3396
1.1919 1.0732 1.0013 1.1247 0.9775 1.0790 1.0569 0.9644 0.9159 1.0206 0.9860 0.8705 0.8876 0.8504 1.0143 0.9853
1.1791 1.1070 1.0382 0.9948 0.9571 0.9513 1.0443 0.9731 0.8905 1.0426 0.9519 0.8407 0.9591 1.0958 1.0000 1.0269
1.3318 1.2227 1.1608 1.0930 1.1017 1.0968 1.0545 1.0261 1.0694 0.8849 0.8979 0.8444 0.8051 0.7970 0.7769 0.8387
0.6637 0.7227 0.8952 0.7443 0.9418 0.9665 0.8381 1.0428 1.0380 0.9141 1.0563 0.9831 1.2062 1.0169 1.2372 1.1961
1.1549 0.9977 0.9853 1.1058 1.0098 0.9745 0.9539 1.1595 0.8714 0.8902 0.9066 0.8886 1.0008 0.9854 1.0673 1.0772
0.6764 0.7410 0.8686 0.7922 0.9402 0.9515 0.8917 1.0689 1.0173 0.9645 1.0762 0.9169 1.2733 1.0907 0.9373 1.2782
1.2723 1.1264 1.1719 1.2047 1.0923 1.1075 1.1326 0.9920 1.0116 0.8926 0.8356 0.8766 0.8406 0.8136 0.8331 0.7877
1.0312 0.8743 0.8204 0.9060 0.8666 0.9036 0.8091 1.0491 0.9359 1.0939 1.1728 0.9992 1.0969 1.1750 1.1462 1.5318
1.2012 1.0802 1.1200 1.0039 0.8736 0.9991 1.0351 1.0365 0.9563 0.8869 0.9529 0.8819 0.9822 0.8858 1.0147 1.0668
1.1914 1.1670 0.9192 0.9132 1.0348 1.0391 0.9929 1.0611 1.0070 0.9233 0.9652 0.9769 0.9464 0.7974 0.7670 0.9475
1.0214 0.9727 1.0607 0.9026 0.9807 1.0578 0.9737 0.9683 1.0000 0.9181 0.9561 1.0818 1.0000 1.0090 1.0173 1.1567
0.9413 0.9289 0.9159 1.0000 0.9479 0.9270 1.0187 1.0837 0.9919 1.0196 1.0523 0.9897 1.0751 1.1050 1.2890 1.3118
1.4573 1.3484 1.0402 1.2475 0.9892 0.9938 1.1197 0.9696 0.9105 1.0000 1.0000 0.8785 1.0000 0.8343 0.9077 0.9174
1.4827 0.9851 1.2370 0.9062 0.8026 1.1099 1.0077 0.9732 1.0696 1.0431 0.9266 0.9827 0.8922 0.8804 0.9799 1.1588
1.1811 1.1341 1.1651 1.2163 0.9818 1.0560 0.9497 0.9311 0.9788 0.9824 0.8959 0.7908 0.8069 0.7601 0.5303 0.5102
1.2924 0.9520 1.0000 0.9429 1.1317 1.0753 0.9180 1.0015 0.9738 1.0168 0.9236 1.0696 0.8894 1.0795 0.9793 1.0774
0.6909 0.7501 0.9748 0.9838 1.0932 1.0035 0.9788 0.9268 0.9252 1.0965 0.9902 0.9792 1.0442 0.9947 1.0145 1.2259
1.0446 0.8585 0.8943 0.9512 0.8291 0.9236 0.8693 0.9043 1.0000 1.1250 0.9307 0.9334 1.1594 1.2751 1.3365 1.6558
1.0278 1.0664 0.8707 1.0440 0.8854 0.9627 0.9478 0.9981 1.1093 0.9046 1.0127 1.0334 0.9489 1.0494 0.5458 1.0802
1.1929 1.0143 0.9302 0.9816 1.0030 1.0328 1.0847 1.0150 1.0036 0.8948 1.0280 0.9505 1.0425 0.9372 0.9736 1.0689
