0.7202 0.7737 0.8543 0.8681 1.0180 1.0803 1.0516 1.1791 1.1813 1.1906 1.0420 1.0208 1.0295 1.0162 0.8552 0.8537
0.8250 0.8392 0.9375 1.0204 1.0820 1.2259 1.2160 0.9785 1.0442 0.9668 1.1177 0.9965 0.9355 0.8569 0.9951 0.7784
0.6450 0.6991 0.8919 0.9039 0.9524 1.0683 1.1392 1.0868 1.0803 1.2369 1.0032 0.9674 0.9102 0.9192 0.9092 0.7426
0.6467 0.7274 0.8378 0.9360 0.9747 1.0741 1.1065 1.0477 1.0042 1.1813 1.1235 0.9737 1.0418 0.9002 0.9184 0.7791
0.6843 0.7533 0.7757 0.8764 1.0000 0.9558 1.0646 1.0601 1.1731 1.2444 1.0760 1.0511 0.9760 1.0521 0.9443 0.8697
0.8145 0.8424 0.8542 0.9294 1.1343 1.0725 1.1707 1.1337 1.1875 1.1374 1.0780 1.0272 0.9729 0.9389 0.8494 0.8648
0.7501 0.8102 0.8522 0.9154 1.0171 1.0305 1.1645 1.1654 1.1090 1.0883 1.1044 1.0442 0.9894 0.9306 0.8297 0.9571
0.8656 0.7922 0.8491 0.9194 1.0000 1.0941 1.2037 1.1306 1.1182 1.0786 1.1616 1.0867 1.0208 0.9291 0.8273 0.9182
0.8084 0.8614 0.8555 0.8490 1.0020 1.0193 1.1153 1.0367 1.1145 1.1378 1.0459 1.1057 0.9789 1.0347 0.9014 0.8631
0.6830 0.7568 0.8630 0.9451 0.9640 1.0002 1.0497 1.1113 1.0191 1.0698 1.1930 0.9816 0.9077 0.9827 0.9803 1.0152
0.7114 0.6646 0.7149 0.7955 0.9442 1.0415 1.1410 1.0281 1.0407 1.0815 1.0294 0.9660 1.0110 0.9694 0.8700 0.9356
0.7291 0.8297 0.9090 0.9656 1.1475 1.1388 1.1284 0.8832 1.0468 1.2378 1.1019 0.9757 0.9480 1.0000 1.0000 0.7245
0.9083 0.8685 0.9011 1.0064 1.1385 1.1063 1.1637 1.0266 1.1291 1.0748 1.0660 1.0396 0.9968 0.8605 0.8346 0.9714
0.8956 0.8747 0.9436 0.9961 0.9842 1.0903 1.1448 1.1464 1.1093 1.0649 1.1856 0.9574 0.9485 1.0000 0.8340 0.8164
0.6797 0.7203 0.8299 0.8916 0.9522 1.1329 1.0643 1.0655 1.0830 1.0922 1.1712 1.1527 1.0454 0.8550 0.8607 0.8051
0.6849 0.8115 0.9226 1.0068 0.9870 1.0128 1.0711 1.0398 1.0851 1.0041 1.0323 1.0691 0.9961 0.9762 0.9260 0.8710
0.8585 0.7729 0.8740 0.8871 1.0092 1.1455 0.9824 1.1758 1.1564 1.1965 1.0724 1.0391 1.1037 0.9380 0.8810 0.9042
0.6930 0.7500 0.7961 0.8166 0.9989 0.9980 1.1162 1.0007 0.9988 1.1098 1.0878 1.0608 1.0174 1.0421 0.8985 0.9014
0.6861 1.0000 0.8662 0.9114 0.9723 1.1400 1.0950 1.0789 1.0825 1.1911 1.0943 0.9192 0.9780 0.8971 0.8734 0.8937
0.8107 0.8038 0.8936 0.8536 1.0392 1.1259 1.0035 1.0603 1.0929 1.2219 1.0717 1.1251 1.0000 0.9761 0.9542 0.9164
0.8485 0.8727 0.8753 0.9726 0.9507 1.0885 1.0826 1.0516 1.0670 0.9766 1.0622 1.1230 1.0015 0.9721 0.9909 0.9518
0.6161 0.7594 0.8921 0.9598 1.0000 1.0660 1.0647 1.0920 1.0437 1.1073 1.0349 1.0683 0.9812 0.8970 1.0000 0.7976
0.8522 0.7866 0.9399 0.9354 1.0661 1.1533 1.1716 0.9881 1.0874 1.1490 1.1533 1.0364 1.0224 0.9281 0.8869 0.8055
0.7468 0.7805 0.8458 0.9486 1.2019 1.0000 1.1062 1.1923 1.1163 1.0760 1.2329 0.9502 0.9557 0.9262 0.9584 0.9538
0.8197 0.9171 0.8717 0.9561 1.0755 1.0974 1.1563 1.1934 1.1971 1.1944 1.1049 0.9626 0.9612 0.9105 0.7862 0.7850
