0.7169 0.7776 0.8609 0.9004 1.0119 1.0867 1.0295 1.1726 1.1729 1.1758 1.0217 1.0152 1.0369 1.0172 0.8597 0.8746
0.8251 0.8398 0.9507 1.0382 1.0905 1.2329 1.2092 0.9601 1.0285 0.9591 1.1064 0.9970 0.9334 0.8611 1.0055 0.7663
0.6436 0.7004 0.9070 0.9144 0.9416 1.0829 1.1307 1.0742 1.0837 1.2455 1.0083 0.9661 0.9013 0.9140 0.9034 0.7323
0.6502 0.7300 0.8400 0.9530 0.9755 1.0743 1.1148 1.0530 0.9966 1.1711 1.1197 0.9755 1.0478 0.8767 0.9252 0.7519
0.7008 0.7571 0.7879 0.8934 1.0000 1.0008 1.0667 1.0574 1.1945 1.2302 1.0626 1.0525 0.9659 1.0374 0.9457 0.8629
0.8146 0.8460 0.8574 0.9460 1.1296 1.0764 1.1824 1.1236 1.1764 1.1163 1.0700 1.0249 0.9798 0.9314 0.8639 0.8546
0.7490 0.8134 0.8522 0.9288 1.0248 1.0420 1.1711 1.1508 1.1050 1.0960 1.0969 1.0375 0.9751 0.9240 0.8335 0.9477
0.8649 0.8079 0.8535 0.9270 1.0000 1.0894 1.1905 1.1260 1.1008 1.0755 1.1425 1.0898 1.0272 0.9382 0.8467 0.9202
0.7965 0.8597 0.8559 0.8658 1.0118 1.0215 1.1237 1.0400 1.0967 1.1244 1.0537 1.0998 0.9812 1.0424 0.8963 0.8452
0.6791 0.7464 0.8335 0.9483 0.9815 1.0129 1.0553 1.1214 0.9808 1.0646 1.2003 0.9733 0.9213 0.9785 0.9987 1.0034
0.7188 0.6485 0.7274 0.7922 0.9509 1.0375 1.1357 1.0356 1.0371 1.0724 1.0246 0.9636 1.0114 0.9731 0.8770 0.9458
0.7284 0.8216 0.9111 0.9878 1.1576 1.1555 1.1335 0.8803 1.0437 1.2360 1.0867 0.9676 0.9530 1.0000 1.0000 0.7087
0.9184 0.8785 0.8942 1.0204 1.1467 1.1241 1.1680 1.0330 1.1163 1.0703 1.0735 1.0132 0.9967 0.8334 0.8344 0.9539
0.8936 0.9016 0.9611 1.0050 0.9902 1.1005 1.1740 1.1408 1.1162 1.0647 1.1499 0.9358 0.9310 1.0000 0.8355 0.7966
0.6786 0.7265 0.8384 0.9024 0.9808 1.1623 1.0777 1.0628 1.0739 1.0875 1.1059 1.1210 1.0083 0.8672 0.8952 0.8064
0.6645 0.7979 0.9140 0.9889 0.9709 1.0387 1.1051 1.0379 1.0938 1.0186 1.0137 1.0573 0.9927 0.9698 0.9314 0.8729
0.8691 0.7847 0.8514 0.8845 1.0374 1.1693 0.9871 1.1786 1.1376 1.1804 1.0589 1.0245 1.0981 0.9318 0.8976 0.9100
0.6942 0.7551 0.7823 0.8033 1.0019 1.0103 1.1199 0.9979 1.0080 1.1159 1.0931 1.0628 1.0291 1.0331 0.8789 0.8962
0.6790 1.0000 0.9008 0.9141 0.9599 1.1325 1.1376 1.0671 1.0802 1.1803 1.0833 0.9074 0.9868 0.9031 0.8642 0.8871
0.8313 0.8063 0.8935 0.8353 1.0240 1.1487 1.0142 1.0719 1.0828 1.1946 1.0603 1.1196 1.0000 0.9859 0.9637 0.9147
0.8548 0.8806 0.8904 0.9727 0.9474 1.0922 1.0748 1.0514 1.0568 0.9816 1.0586 1.1099 1.0019 0.9648 0.9950 0.9591
0.6434 0.7758 0.9051 0.9742 1.0000 1.0587 1.0604 1.0668 1.0450 1.1116 1.0287 1.0587 0.9868 0.9047 1.0000 0.8018
0.8604 0.7811 0.9421 0.9419 1.0741 1.1523 1.1758 0.9697 1.0769 1.1307 1.1557 1.0107 1.0321 0.9272 0.9012 0.8325
0.7570 0.7781 0.8601 0.9322 1.2046 1.0000 1.0919 1.1904 1.1088 1.0787 1.2390 0.9435 0.9468 0.9377 0.9659 0.9618
0.8358 0.9185 0.8747 0.9754 1.0894 1.1053 1.1843 1.1835 1.2000 1.1910 1.1019 0.9751 0.9531 0.8964 0.7688 0.7441
