1.2788 1.1826 1.1831 1.3055 1.0895 1.0303 1.1281 0.9073 1.0955 1.1046 0.9233 0.8467 0.8471 0.7217 0.6962 0.6589
1.0000 0.8757 0.9190 1.0287 1.0609 0.9459 0.9637 0.9650 0.9143 1.1070 1.0540 1.0100 1.0396 1.1792 0.9174 1.0000
1.3755 1.2457 1.2747 1.9361 1.1253 1.1574 1.0000 0.9496 1.0779 1.0186 0.9295 0.8230 0.8759 0.9117 0.8176 0.8408
0.9865 0.7700 0.8894 1.0586 0.9116 0.9623 1.1082 0.9751 1.1059 1.0987 1.0236 0.9804 1.0140 0.9347 0.9805 1.1783
1.6641 1.2522 1.1712 1.1008 1.0668 1.0579 1.0904 1.0864 0.8190 0.9248 1.0307 1.0332 0.8573 0.8867 0.9857 1.0970
0.8588 0.9814 0.7474 0.8809 0.8682 0.9797 1.1385 1.0000 0.8266 1.2060 0.9180 1.1417 1.0640 1.0169 1.0861 1.2846
1.4780 1.2129 1.1861 1.1600 1.1312 0.9418 0.9618 0.8567 0.8840 0.9682 0.9321 0.8883 0.9041 1.0170 1.0000 0.8639
0.9785 1.0963 0.8667 1.0194 0.9341 1.0483 1.1300 1.1350 1.1539 0.9865 0.9644 1.0198 0.8809 0.8001 0.9334 1.0416
0.8215 0.8301 1.0700 0.9269 0.8883 1.0628 0.8957 1.1346 1.1075 0.9319 1.1361 0.9736 1.0700 0.8058 1.1284 1.0444
0.9047 0.7713 0.8672 0.9889 0.9613 1.0161 0.9572 0.9727 0.9513 1.0890 0.9308 0.9919 1.1910 1.0943 1.2401 1.6109
0.6494 0.9304 0.9683 0.9196 0.9160 1.0609 1.0834 1.2056 1.0958 1.0367 0.8563 0.9345 0.9756 1.0124 0.8463 1.1335
0.9284 0.8295 0.9237 0.9741 0.9026 1.0051 1.1067 0.9550 1.0722 1.0224 1.0342 1.0845 1.0710 1.0908 1.1483 0.8572
1.1100 1.1518 1.1151 1.2037 1.1091 1.0029 0.9805 1.3312 0.8350 1.1137 1.0616 0.7360 0.6876 0.8001 0.7707 0.9317
0.9829 0.8011 0.9731 0.7684 0.8571 0.8890 0.8164 1.0415 0.9530 1.0452 1.0621 1.0352 1.1397 1.1316 1.2803 1.1660
1.5261 1.1857 1.0190 1.1182 1.1412 1.0990 1.1394 1.0736 0.9736 0.7214 0.9123 0.8867 0.7430 0.6404 0.6754 0.6772
0.8166 0.9546 0.9383 0.8566 0.8775 0.9573 1.0438 0.9816 1.0000 0.9418 1.0741 0.9744 1.0000 1.2130 1.2840 1.4218
1.1311 0.9018 1.1518 1.0000 0.9299 1.0091 1.0358 0.8592 0.9790 1.0927 1.0143 1.0009 0.9426 0.9333 1.0347 1.0625
1.0358 1.0493 0.8085 1.1758 0.8411 0.9469 1.1275 0.9337 0.9245 1.0000 1.0000 1.0901 1.0000 0.9641 1.0812 1.1339
1.4192 1.1012 1.5666 1.1930 0.9714 1.2209 1.1162 1.0638 1.0892 0.8921 0.9002 0.8616 0.7885 0.7016 0.7253 0.7643
0.9352 0.9311 1.0551 1.0337 0.9940 0.9902 0.9547 1.0838 1.1340 1.4412 1.0712 0.9776 1.0088 0.9335 0.7193 0.6258
1.4393 1.1076 1.0000 0.9657 1.1981 1.0874 1.0110 0.9793 0.9774 0.8223 0.9647 1.1279 0.9167 1.0508 0.9463 0.8574
0.6289 0.5558 0.8627 0.7852 0.8718 0.9627 1.0384 1.0732 1.0808 0.9414 1.0391 1.3065 1.1556 0.9067 0.9641 1.3349
1.1119 0.9120 1.0415 0.8197 0.9954 1.0305 1.0817 1.1542 1.0000 1.4063 1.0144 0.9317 0.8838 0.8884 0.7501 0.7413
0.8263 0.8197 0.7631 0.8812 0.8451 0.9290 0.8208 0.9119 1.1556 1.0894 1.0921 1.1300 1.2274 1.1641 0.5458 1.2964
1.4824 1.4396 1.0447 1.3027 1.1783 1.2199 1.2673 1.0739 0.9659 0.8279 0.9259 0.9511 0.9368 0.8133 0.7996 0.8675
