1.3142 1.1877 1.0366 1.0930 0.9967 0.9752 1.0710 0.8999 1.1143 1.1484 0.8766 0.8386 0.9494 0.8198 0.8056 0.8874
1.0000 1.0640 1.2148 1.2602 1.1348 1.0044 1.0886 0.9699 0.8895 0.9416 0.9034 0.8835 0.8834 0.9282 0.8367 1.0000
1.0865 0.9212 0.9075 1.2625 0.8648 0.9989 1.0000 0.9495 0.9864 1.0439 0.9828 0.9390 1.0365 1.0840 1.0627 1.1704
1.2799 1.1720 1.1411 1.1279 1.0252 1.0672 1.0913 0.9021 0.9904 0.8989 0.9242 0.9498 0.8286 0.9403 0.8052 0.9556
1.2982 1.0147 0.9454 1.0350 0.9378 0.9741 0.9878 0.9153 0.9026 1.0197 1.0067 1.0753 0.8905 1.1070 1.0729 1.2918
1.1789 1.0997 0.9945 1.0880 0.9690 1.0533 1.0580 0.9822 0.8941 1.0351 0.9464 0.9035 0.9000 0.8641 1.0226 1.0068
1.2115 1.0861 1.0418 1.0061 0.9683 0.9767 1.0224 0.9704 0.8894 1.0472 0.9674 0.8522 0.9776 1.0864 1.0000 0.9932
1.3651 1.2429 1.1349 1.0971 1.1203 1.0963 1.0601 1.0166 1.0921 0.8723 0.8937 0.8265 0.8093 0.7619 0.7841 0.8344
0.6775 0.7102 0.8986 0.7624 0.9395 0.9625 0.8364 1.0587 1.0537 0.9324 1.0749 1.0011 1.2130 0.9671 1.2152 1.1912
1.1100 0.9370 0.9190 1.0814 1.0061 0.9720 0.9497 1.1456 0.8833 0.9104 0.9390 0.9136 1.0279 1.0028 1.1197 1.1425
0.6758 0.7511 0.8811 0.8332 0.9391 0.9935 0.9406 1.0213 0.9820 0.9604 1.0517 0.9271 1.1801 1.1339 0.9772 1.2269
1.2658 1.1141 1.1704 1.1622 1.0842 1.1013 1.1298 0.9655 0.9888 0.8775 0.8654 0.8899 0.8767 0.8252 0.8625 0.8144
0.9912 0.8915 0.8465 0.9389 0.8781 0.8765 0.7942 1.1248 0.9530 1.0526 1.1883 0.9647 1.0950 1.1762 1.1117 1.4511
1.1231 1.0336 1.0830 0.9516 0.8449 0.9763 0.9951 1.0485 0.9673 0.9377 0.9583 0.9064 1.0214 0.9234 1.0670 1.1160
1.2226 1.1657 0.9664 0.9201 1.0316 1.0851 1.0216 1.0431 1.0094 0.8884 0.9711 0.9540 0.9336 0.7760 0.7674 0.9100
0.9999 0.9600 1.0453 0.8865 0.9750 1.0329 0.9996 0.9910 1.0000 0.9086 0.9665 1.0464 1.0000 1.0404 1.0375 1.2115
0.9479 0.9343 0.9293 1.0000 0.9559 0.9226 1.0158 1.0374 0.9861 1.0367 1.0733 1.0082 1.0721 1.0829 1.2610 1.3151
1.4209 1.3424 1.0219 1.2481 0.9560 0.9693 1.1097 0.9948 0.9175 1.0000 1.0000 0.8916 1.0000 0.8474 0.9287 0.9505
1.4373 1.0040 1.1899 0.9289 0.8385 1.1246 1.0223 0.9954 1.0902 1.0190 0.8852 0.9980 0.8732 0.8664 0.9596 1.1383
1.1753 1.0989 1.1353 1.2139 0.9878 1.0523 0.9415 0.9447 1.0223 1.0339 0.9034 0.8076 0.7998 0.7556 0.5507 0.5167
1.3025 0.9495 1.0000 0.9206 1.0989 1.0534 0.9266 1.0126 0.9904 0.9705 0.9444 1.1013 0.9282 1.0880 0.9892 1.0151
0.6640 0.7344 0.9932 0.9618 1.0486 1.0109 1.0033 0.9514 0.9230 1.0737 0.9523 1.0356 1.0629 0.9898 0.9988 1.2856
1.0362 0.8705 0.9191 0.9426 0.8424 0.9112 0.8695 0.9192 1.0000 1.1444 0.9350 0.9341 1.1425 1.2722 1.2904 1.5097
1.0287 1.0332 0.8584 1.0348 0.8755 0.9897 0.9475 0.9799 1.1056 0.9307 0.9911 1.0474 0.9889 1.0421 0.5458 1.0826
1.2849 1.1003 0.9998 1.0178 1.0547 1.0512 1.0922 1.0273 1.0342 0.8898 1.0136 0.9212 1.0018 0.8857 0.8961 0.9572
