0.7944 0.8404 0.9183 0.9663 1.0294 1.0626 1.0263 1.1482 1.0887 1.1608 0.9988 1.0375 1.0858 1.1032 0.8978 0.8601
0.8661 0.9121 1.0127 1.0446 1.1041 1.2064 1.1497 0.9529 1.0018 0.9231 1.0584 1.0243 0.9504 0.8616 1.0210 0.7807
0.7239 0.7748 0.9854 0.9746 0.9617 1.0882 1.0718 1.0677 1.0974 1.2438 1.0059 0.8902 0.9691 0.9361 0.9479 0.6438
0.6939 0.7769 0.8754 0.9434 0.9525 1.0763 1.1024 1.0186 0.9425 1.1722 1.1491 0.9560 1.0484 0.9328 0.9683 0.6169
0.7139 0.8113 0.8311 0.8853 1.0000 1.0472 1.1060 1.0184 1.1712 1.2416 1.0742 1.0367 1.0152 1.0727 1.0024 0.9180
0.8617 0.8866 0.8872 0.9880 1.1553 1.0758 1.1629 1.0286 1.1963 1.1457 1.0361 1.0183 0.9441 0.9397 0.8575 0.8079
0.7461 0.8404 0.9260 0.9829 1.0535 0.9907 1.1628 1.2112 1.1359 1.0123 1.0870 1.0473 1.0098 0.9085 0.8504 0.7816
0.8942 0.8404 0.9088 0.9848 1.0000 1.1444 1.2380 1.0740 1.0485 1.0581 1.1064 1.1043 1.0605 0.8631 0.8788 0.7962
0.8351 0.8907 0.9030 0.8859 1.0302 1.0322 1.1173 1.0207 1.0496 1.1168 0.9960 1.1271 0.9863 1.0634 0.9535 0.8254
0.6946 0.7465 0.8643 0.9821 0.9699 1.0340 1.0574 1.1030 0.9729 1.0399 1.1567 0.8785 0.8933 0.9984 1.0531 1.1071
0.7635 0.7193 0.7970 0.8849 0.9802 1.1105 1.1906 1.0834 1.0887 1.1534 1.0451 1.0157 1.0976 1.0115 0.8466 0.8796
0.7456 0.8797 0.9137 1.0454 1.2030 1.1685 1.1598 0.8707 0.9279 1.2432 1.0097 0.9180 0.9084 1.0000 1.0000 0.6436
0.9383 0.9034 0.9278 1.0295 1.1235 1.0810 1.0963 1.0006 1.0850 0.9697 1.0120 1.0361 0.9662 0.8121 0.7854 0.9254
0.9315 0.9160 0.9608 1.0076 0.9872 1.0551 1.1289 1.1206 1.0917 1.0496 1.1014 0.9044 0.9376 1.0000 0.8030 0.7295
0.7125 0.7604 0.8825 0.9256 0.9925 1.1600 1.0975 1.0826 1.0487 1.0625 1.0930 1.1215 1.0152 0.8128 0.9017 0.8469
0.6851 0.8650 0.9739 1.0117 0.9831 1.0736 1.0749 1.0183 1.0813 0.9683 1.0220 1.0709 0.9837 0.9494 0.9124 0.7588
0.8659 0.7433 0.9161 0.9218 1.0351 1.1776 0.9684 1.1644 1.1270 1.1850 1.0324 1.0528 1.1080 0.9135 0.8712 0.9226
0.7422 0.8479 0.8997 0.9116 1.0841 1.0286 1.1862 1.0458 1.0566 1.1506 1.1107 1.0125 0.8829 0.8498 0.9782 0.9331
0.7009 1.0000 0.9518 0.9331 0.9605 1.1760 1.1305 1.0225 1.0557 1.1575 1.0902 0.8865 0.9717 0.8687 0.8893 0.8924
0.8309 0.8614 0.9554 0.8497 1.0539 1.1591 1.0024 1.0596 1.0641 1.1358 0.9949 1.1166 1.0000 1.0040 0.9648 0.9483
0.9303 0.9071 0.8901 0.9589 0.9240 1.0850 1.0788 1.0781 1.0765 0.9462 1.0878 1.1051 1.0456 1.0198 1.0073 0.7578
0.6055 0.7941 0.9456 1.0075 1.0000 1.1192 1.1042 1.0825 1.0152 1.0307 1.0067 0.9829 0.8583 0.8430 1.0000 0.6200
0.8950 0.8312 0.9633 0.9392 1.0760 1.0996 1.1687 1.0095 1.0513 1.0960 1.1245 1.0214 1.0420 0.9445 0.9193 0.8240
0.7799 0.7861 0.8688 0.9572 1.2547 1.0000 1.1012 1.2432 1.1514 1.0465 1.2209 0.8266 0.9359 0.9288 0.9794 0.9113
0.8150 0.9102 0.8771 0.9662 1.0945 1.0865 1.1995 1.1939 1.1473 1.1533 1.0601 0.9081 0.9502 0.8636 0.7564 0.7720
