1.5267 1.3693 1.3324 1.3113 1.0623 0.9825 1.1483 1.0063 0.9295 1.0040 0.7815 0.7725 0.7933 0.7483 0.6233 0.6517
1.0000 0.8160 1.0504 1.0462 0.9344 0.9306 1.1089 1.0100 0.9839 1.0976 1.0613 0.8660 0.9265 1.1135 1.0795 1.0000
1.1880 1.3048 1.4443 2.1756 0.9694 1.1026 1.0000 0.8276 1.1023 1.0508 0.9121 0.8789 0.9339 1.0421 0.7838 0.9787
1.0983 0.9089 0.7909 0.9693 0.8414 0.9580 0.9412 0.8932 1.0989 1.0216 1.0071 1.0625 0.9700 0.9677 0.9612 1.5731
1.2181 1.1178 1.0962 0.9252 0.9098 1.0961 1.1450 1.1605 1.0047 1.2206 1.2754 1.0012 0.9882 0.9801 1.0066 0.9777
0.7869 0.8241 0.7490 0.9313 0.8992 0.9780 1.0934 0.9922 0.9599 1.0798 1.0754 1.1713 1.0462 1.0696 1.1728 1.2809
1.5492 1.3632 1.2897 1.1911 1.1911 1.0441 1.0489 0.8960 0.8985 0.8451 0.8077 0.7666 0.7884 0.9700 1.0000 0.7931
0.9966 0.9470 1.0190 0.9360 0.8612 1.0619 1.0355 1.1170 1.2267 0.9847 1.0093 0.9988 0.9069 0.9448 0.9801 1.0588
0.9872 0.9052 1.1797 1.0497 1.0769 1.2192 0.9616 1.1794 1.0861 0.9001 1.0263 0.9628 0.9524 0.9466 0.9999 1.1166
1.0172 0.8203 1.1597 0.8910 0.9127 0.9680 0.9062 1.2262 0.9210 1.0362 0.9397 0.9574 1.1012 1.0732 1.1074 1.5560
0.7163 1.0542 1.2059 0.8229 1.1064 1.1667 1.0117 1.0384 1.0234 0.9363 0.9159 0.8735 1.0048 0.9021 0.7720 1.3860
0.8349 0.8134 0.9231 0.9380 0.8642 0.9402 1.0142 0.9245 0.9837 1.0905 1.0646 1.1285 1.1125 1.2190 1.2041 1.0121
1.1665 1.1032 0.9666 1.0935 0.9928 1.1704 1.1153 1.4353 0.7933 1.2618 1.0486 0.7946 0.8354 0.8402 0.8612 0.9079
1.1220 0.9777 1.1910 0.9319 0.7308 0.9326 0.8721 1.0147 1.0515 1.0356 1.0609 0.9801 1.0108 1.0047 1.0620 1.0348
1.4468 1.4857 1.0245 1.1234 1.2363 1.0898 1.1390 1.0961 0.9801 0.7947 0.8592 0.7676 0.7181 0.6559 0.6451 0.7093
0.7175 0.9016 0.8474 0.7765 0.8897 0.8614 0.9579 0.9067 1.0000 0.9443 1.1419 1.2930 1.0000 1.4163 1.4198 1.4463
1.0759 0.9270 1.1790 1.0000 1.0179 0.9736 1.0606 1.0668 0.9691 0.9174 0.9493 0.9623 0.9338 0.9616 1.1568 1.0116
0.7960 0.7852 0.8105 0.9075 0.7863 0.7917 1.0042 0.9879 0.9907 1.0000 1.0000 1.2027 1.0000 1.2215 1.2052 1.3173
1.7251 1.2679 1.6722 1.2655 0.9538 1.1395 1.0658 1.0275 0.9790 0.9329 0.8804 0.7681 0.6932 0.6598 0.8820 0.9026
0.8314 0.8619 1.0691 1.0683 0.9123 1.0156 1.0620 1.0028 1.2139 1.0894 1.0963 1.0289 1.0478 1.1095 0.6437 0.6593
1.3688 1.0973 1.0000 1.0754 1.1866 1.1707 1.0295 1.0953 0.9668 0.9354 0.8999 1.0114 0.8584 0.9324 0.8454 0.9678
0.8027 0.5544 0.8079 0.6984 0.9275 0.9129 0.9678 0.9245 0.9895 1.0137 1.0528 1.2432 1.1989 1.1583 1.1439 1.5250
0.9554 1.0912 1.0639 0.9264 0.9819 1.0210 1.0992 1.1293 1.0000 1.5229 1.0234 0.9047 0.8550 0.7913 0.7170 0.9677
0.7406 0.7683 0.8427 0.9100 0.8345 0.8039 0.8538 1.0895 1.1398 0.9910 1.0766 1.1478 1.2612 1.2556 0.6663 1.4167
1.2909 1.3055 1.1420 1.1599 1.0558 1.2981 1.2720 1.1322 0.9652 0.8669 0.8878 0.9495 0.9563 0.8280 0.6970 0.9107
