0.8587 0.9406 0.9401 0.9464 1.0311 1.1079 1.0495 1.1835 1.1380 1.1497 0.9982 0.8803 1.0689 1.0200 0.8214 0.8728
0.9293 0.9335 1.0805 1.1064 1.1859 1.2592 1.2455 0.8687 0.9206 0.8663 1.0888 0.9625 0.9194 0.8031 0.9523 0.7322
0.6896 0.8123 0.9452 0.9926 1.0290 1.1707 1.0978 1.0981 1.0652 1.2281 0.9710 0.9075 0.9058 0.8986 0.9089 0.6436
0.7051 0.8068 0.9060 1.0119 1.0056 1.1075 1.1386 1.0384 0.9739 1.1280 1.1567 0.9494 0.9969 0.8752 0.8671 0.6727
0.8000 0.8878 0.9266 0.9337 1.0000 1.0969 1.1673 1.0821 1.1245 1.2106 0.9979 0.9740 0.9413 1.0348 0.9165 0.8389
0.8808 0.9436 0.9526 1.0216 1.1689 1.1427 1.1603 0.9848 1.2272 1.1046 1.0519 0.9509 0.9449 0.8839 0.7982 0.7833
0.7620 0.9104 0.9504 0.9633 1.0716 1.0398 1.1670 1.1253 1.1246 1.0513 1.0821 1.0365 0.9412 0.8372 0.8011 0.8955
0.9699 0.8531 0.9285 0.9841 1.0000 1.1195 1.1909 1.0572 1.1007 1.0864 1.1087 1.0513 1.0399 0.9039 0.7708 0.8295
0.8321 0.9453 0.8879 0.9588 1.0564 1.0189 1.1888 1.0229 1.1558 1.1285 1.0452 1.0089 0.9457 1.0083 0.8311 0.7394
0.7349 0.8148 0.9382 1.0632 1.0558 1.1026 1.0726 1.1682 0.9457 1.0306 1.1381 0.8479 0.8417 0.9790 0.9703 0.9534
0.8180 0.7401 0.8691 0.8678 1.0687 1.1359 1.2195 1.0678 1.0413 1.1156 1.0241 1.0078 1.0351 0.9537 0.8428 0.8591
0.7801 0.8734 0.8990 1.0349 1.1439 1.1343 1.1595 0.9119 0.9994 1.2089 1.0148 0.9409 0.8969 1.0000 1.0000 0.5874
0.9469 0.9052 0.9488 1.0119 1.1705 1.0676 1.1157 0.9054 1.1144 1.0172 1.0371 0.9428 0.9988 0.7785 0.7289 0.9060
0.9213 0.9881 0.9874 0.9988 0.9833 1.1605 1.1567 1.0480 1.0575 1.0004 1.0907 0.9038 0.9065 1.0000 0.7982 0.7313
0.6916 0.8017 0.8730 0.9058 1.0388 1.2254 1.0818 1.0623 1.0291 1.0674 1.1286 1.1368 1.0146 0.8358 0.8650 0.7840
0.7642 0.9091 0.9590 1.0911 1.0288 1.0393 1.1054 1.0195 1.0914 0.9699 1.0120 1.0403 0.9704 0.9017 0.8613 0.7887
0.9276 0.7468 0.8771 0.8561 1.1405 1.2676 0.9981 1.1957 1.0677 1.1477 1.0026 1.0051 1.1319 0.8893 0.8267 0.8891
0.7088 0.9241 0.8406 0.8294 1.0624 0.9955 1.1795 1.1128 1.0397 1.1522 1.1083 1.0068 0.9716 0.9568 0.9017 0.8764
0.7482 1.0000 0.9461 0.9171 0.9737 1.1634 1.1632 1.0405 1.0576 1.1688 1.1090 0.8969 0.9641 0.8899 0.8711 0.8397
0.8993 0.8876 1.0175 0.9094 1.0850 1.2348 0.9732 1.1038 1.0836 1.1689 0.9548 1.1005 1.0000 0.8984 0.8951 0.7910
0.9403 0.9666 0.9365 0.9860 0.9212 1.1286 1.0845 1.0689 1.0460 0.9625 1.0452 1.1373 0.9813 0.9697 0.9493 0.8042
0.6598 0.8271 0.9509 1.0121 1.0000 1.0189 1.0504 1.0509 1.0254 1.0689 0.9577 1.0408 0.9613 0.8597 1.0000 0.7391
0.8137 0.8072 1.0315 1.0435 1.0608 1.1747 1.1647 0.9144 1.1155 1.1660 1.1570 1.0268 1.0579 0.8882 0.8154 0.7933
0.8523 0.8353 0.8948 0.9931 1.2609 1.0000 1.1095 1.2002 1.0960 1.0190 1.1793 0.9127 0.9203 0.8557 0.9581 0.9214
0.8290 0.9975 0.8572 1.0077 1.1191 1.0999 1.2002 1.1836 1.1287 1.1638 1.0532 0.9375 0.9303 0.8261 0.7007 0.6720
