1.3607 1.2019 1.0552 1.0798 0.9880 0.9424 1.0563 0.9040 1.1013 1.1391 0.8455 0.8433 0.9221 0.8257 0.7980 0.9294
1.0000 1.0930 1.3239 1.2713 1.1350 1.0026 1.0892 0.9682 0.8850 0.9223 0.8688 0.8580 0.8761 0.9009 0.8164 1.0000
1.0342 0.9018 0.8892 1.1690 0.8295 0.9474 1.0000 0.9464 0.9731 1.0395 0.9666 0.9574 1.0531 1.1816 1.0579 1.2841
1.3284 1.2106 1.1669 1.1383 1.0059 1.0652 1.0807 0.9085 0.9524 0.8808 0.9113 0.9461 0.8068 0.9348 0.7886 0.9810
1.2584 0.9656 0.9131 1.0168 0.9582 0.9931 0.9716 0.8905 0.9854 1.0643 0.9571 1.0930 0.8964 1.1094 1.0497 1.3028
1.2149 1.1010 1.0119 1.1356 0.9966 1.0862 1.0591 0.9615 0.9139 1.0202 0.9816 0.8560 0.8675 0.8374 0.9888 0.9600
1.2007 1.1146 1.0526 1.0089 0.9490 0.9531 1.0308 0.9574 0.9043 1.0343 0.9597 0.8459 0.9756 1.0455 1.0000 1.0462
1.3510 1.2401 1.1414 1.0933 1.1008 1.0834 1.0642 1.0046 1.0932 0.9004 0.9046 0.8274 0.8126 0.7749 0.7720 0.8142
0.6662 0.6976 0.8658 0.7479 0.9526 0.9656 0.8414 1.0303 1.0314 0.9062 1.0574 0.9957 1.2110 1.0155 1.2045 1.2724
1.1437 1.0045 0.9873 1.1126 1.0115 0.9680 0.9420 1.1546 0.8706 0.8894 0.9185 0.8880 1.0158 0.9701 1.0870 1.0894
0.6635 0.7240 0.8834 0.7987 0.9556 0.9635 0.8967 1.0611 1.0136 0.9471 1.0681 0.9159 1.2232 1.0948 0.9604 1.3324
1.2630 1.1368 1.1904 1.2228 1.0980 1.1142 1.1325 0.9690 0.9960 0.8845 0.8456 0.8913 0.8568 0.7817 0.8204 0.7856
0.9983 0.8279 0.8265 0.9289 0.8776 0.9281 0.8312 1.0583 0.9349 1.1257 1.1922 0.9989 1.0753 1.1736 1.1221 1.5024
1.2248 1.0971 1.1333 1.0211 0.8563 0.9812 1.0304 1.0479 0.9562 0.8792 0.9282 0.8718 0.9840 0.8643 1.0034 1.0610
1.1772 1.1504 0.9341 0.9028 1.0334 1.0471 0.9740 1.0634 1.0076 0.9346 0.9633 0.9842 0.9719 0.8173 0.7900 0.9405
1.0308 0.9361 1.0453 0.8996 0.9921 1.0478 0.9752 0.9931 1.0000 0.9097 0.9361 1.1109 1.0000 0.9961 1.0008 1.1638
0.9577 0.9395 0.9151 1.0000 0.9747 0.9268 1.0362 1.0945 0.9938 1.0128 1.0608 0.9967 1.0166 1.0803 1.2507 1.2591
1.4690 1.3388 1.0138 1.2342 0.9585 0.9929 1.1299 0.9569 0.9087 1.0000 1.0000 0.9032 1.0000 0.8459 0.9067 0.9165
1.5080 1.0180 1.1809 0.9280 0.7870 1.1068 1.0102 0.9821 1.0890 1.0240 0.9347 1.0005 0.8931 0.8782 0.9648 1.1514
1.1649 1.1205 1.1591 1.2079 0.9772 1.0430 0.9484 0.9347 0.9979 1.0467 0.9117 0.8056 0.8158 0.7651 0.5301 0.5195
1.2552 1.0030 1.0000 0.9489 1.1102 1.0433 0.9111 1.0139 0.9615 1.0196 0.8961 1.0347 0.9081 1.0707 1.0139 1.1237
0.7796 0.7443 0.9812 0.9993 1.1089 1.0205 0.9824 0.9833 0.9335 1.0614 0.9603 0.9725 1.0264 0.9782 0.9784 1.1865
1.0230 0.8772 0.9058 0.9659 0.8512 0.9194 0.8575 0.9126 1.0000 1.1369 0.9518 0.9435 1.1683 1.2732 1.3404 1.6998
1.0493 1.0947 0.9053 1.0651 0.9005 0.9975 0.9497 0.9892 1.0882 0.8927 1.0087 1.0268 0.9301 1.0104 0.5458 1.0468
1.1417 0.9606 0.9115 0.9590 0.9784 0.9808 1.0632 1.0000 0.9973 0.8802 1.0273 0.9726 1.0886 0.9720 1.0162 1.1498
