1.2704 1.1544 1.1602 1.2389 1.0685 1.0239 1.1184 0.9093 1.1195 1.0617 0.9034 0.8390 0.9028 0.7249 0.7868 0.7319
1.0000 0.9957 1.0033 1.1763 1.1473 0.9887 1.0102 0.9832 0.9045 1.0542 0.9898 0.9347 0.9485 1.0469 0.8515 1.0000
1.2210 1.1474 1.0438 1.6271 1.0552 1.0553 1.0000 0.9121 1.0063 1.0503 0.9843 0.8167 0.9292 0.9366 0.8440 0.8689
1.1095 0.9441 0.9825 1.1184 1.0171 1.0404 1.1442 0.9608 1.0376 1.0232 0.9937 0.9515 0.9274 0.8896 0.9007 1.0009
1.4536 1.0789 1.0828 1.0679 0.9525 0.9812 1.0287 0.9773 0.8277 0.8654 0.9271 1.1282 0.9183 0.9979 1.0306 1.2035
0.9972 1.1015 0.8937 0.9713 0.8806 1.0321 1.1359 0.9820 0.8131 1.1514 0.9022 1.0517 0.9569 0.9601 1.0033 1.1483
1.3435 1.1274 1.1752 1.0594 1.0469 0.8916 0.9780 0.8690 0.8767 0.9915 0.9582 0.8608 0.9588 1.0658 1.0000 0.9911
1.0711 1.2066 0.8807 1.0601 1.0309 1.0644 1.1071 1.0970 1.1442 0.9472 0.9600 0.9172 0.8646 0.7913 0.8805 0.9681
0.7774 0.7842 1.0250 0.8570 0.8709 0.9808 0.8564 1.1185 1.0893 0.9626 1.1212 1.0312 1.1749 0.8033 1.2535 1.0074
0.8452 0.7882 0.7772 1.0021 0.9686 1.0051 1.0081 0.9685 0.9211 1.0660 0.9705 1.0122 1.1686 1.0504 1.2166 1.4183
0.6245 0.8158 0.9141 0.9063 0.8974 1.0257 1.0229 1.1554 1.0873 1.0245 0.8735 1.0110 1.0124 1.0796 0.9454 1.0158
1.1178 0.9991 1.0811 1.1211 0.9954 1.0699 1.1345 0.9612 1.0167 0.9348 0.9102 0.9906 0.9414 0.9219 1.0072 0.7924
0.9922 1.0873 1.1023 1.1655 1.0830 0.9206 0.8592 1.2553 0.8964 1.0216 1.0879 0.7895 0.8406 0.9798 0.9079 1.0770
0.9746 0.8725 0.9670 0.7561 0.9221 0.9053 0.8656 1.1223 0.9903 1.0357 1.0894 1.0315 1.1321 1.0174 1.1529 1.1076
1.3829 1.1588 1.0131 1.0231 1.1050 1.1090 1.1084 1.1152 1.0171 0.7595 0.9412 0.9364 0.8791 0.6535 0.6539 0.6916
0.8398 0.9551 1.0563 0.9222 0.8824 1.0084 1.0362 1.0039 1.0000 0.9339 1.0462 0.9170 1.0000 1.1191 1.1985 1.3474
1.0346 0.9269 1.0368 1.0000 0.9195 1.0081 1.0819 0.8685 1.0037 1.0913 1.0526 1.0464 0.9939 0.9292 1.0626 1.1066
1.2191 1.2203 0.8899 1.2007 0.8883 0.9525 1.1506 0.9055 0.8855 1.0000 1.0000 1.0433 1.0000 0.9209 1.0304 1.0568
1.4031 1.0881 1.4072 1.1052 0.9049 1.1625 1.0722 1.0237 1.1231 0.8983 0.8916 0.9732 0.8598 0.7928 0.7903 0.9370
0.9846 1.0471 1.1008 1.1425 0.9815 1.0089 0.9767 1.0160 1.0650 1.3299 0.9941 0.8854 0.8964 0.8159 0.6156 0.5727
1.4293 1.0693 1.0000 1.0374 1.2238 1.1326 0.9616 1.0249 0.9949 0.7914 0.9354 1.1123 0.9089 1.0187 0.9714 0.8329
0.5618 0.5904 0.9350 0.8961 0.8916 0.9979 1.0378 1.0523 1.0216 0.9799 1.0443 1.1687 1.1240 0.9296 0.9465 1.2941
1.1285 0.9235 0.9822 0.8434 0.9656 0.9637 0.9798 1.0461 1.0000 1.1928 0.9644 0.9407 1.0103 1.0953 0.9785 0.8734
0.9231 0.8771 0.7644 0.9277 0.8462 0.9912 0.8624 0.9080 1.1549 1.0520 1.0752 1.1420 1.1288 1.0486 0.5458 1.2028
1.5399 1.2836 1.0811 1.2209 1.1428 1.0422 1.2374 0.9750 1.0024 0.8605 0.9843 0.9091 0.9643 0.8304 0.7671 0.8957
