0.7018 0.7626 0.8588 0.8823 1.0423 1.0865 1.0571 1.1772 1.1874 1.1663 1.0245 1.0267 1.0496 1.0129 0.8629 0.8524
0.8365 0.8467 0.9377 1.0297 1.0938 1.2195 1.2229 0.9864 1.0532 0.9723 1.1280 1.0160 0.9183 0.8520 0.9806 0.7752
0.6502 0.7078 0.9043 0.9173 0.9515 1.0856 1.1618 1.0926 1.0629 1.2300 1.0109 0.9646 0.8977 0.9140 0.8924 0.7326
0.6779 0.7377 0.8401 0.9753 0.9676 1.0652 1.1131 1.0481 1.0080 1.1779 1.1384 0.9749 1.0274 0.8719 0.9019 0.7664
0.7001 0.7557 0.7983 0.9182 1.0000 1.0043 1.0819 1.0699 1.1696 1.2110 1.0646 1.0279 0.9881 1.0538 0.9634 0.8441
0.8172 0.8361 0.8655 0.9439 1.1155 1.0762 1.1753 1.1536 1.1681 1.1320 1.0540 1.0545 0.9728 0.9401 0.8569 0.8369
0.7618 0.8022 0.8652 0.9365 1.0241 1.0312 1.1681 1.1625 1.1140 1.0923 1.1089 1.0482 0.9768 0.9134 0.8200 0.9333
0.8861 0.8052 0.8552 0.9361 1.0000 1.1182 1.2140 1.1246 1.0984 1.0891 1.1289 1.0886 1.0035 0.9260 0.8315 0.8882
0.8236 0.8518 0.8439 0.8659 1.0188 1.0066 1.1438 1.0238 1.0964 1.1397 1.0554 1.1109 0.9914 1.0307 0.8928 0.8524
0.6933 0.7474 0.8550 0.9700 0.9842 1.0235 1.0395 1.1059 1.0145 1.0402 1.1877 1.0000 0.9305 0.9817 0.9675 0.9972
0.7196 0.6511 0.7335 0.7874 0.9530 1.0431 1.1470 1.0467 1.0245 1.0677 1.0309 0.9570 1.0073 0.9803 0.8510 0.9774
0.7432 0.8308 0.9155 0.9878 1.1433 1.1183 1.1225 0.8818 1.0294 1.2109 1.0911 0.9689 0.9490 1.0000 1.0000 0.7223
0.9312 0.8774 0.9127 1.0063 1.1257 1.1205 1.1779 1.0484 1.1326 1.0616 1.0645 1.0258 0.9742 0.8641 0.8231 0.9424
0.8941 0.8811 0.9631 0.9997 0.9880 1.1108 1.1788 1.1398 1.1134 1.0672 1.1767 0.9421 0.9334 1.0000 0.8074 0.7974
0.7088 0.7448 0.8709 0.9160 1.0017 1.1439 1.0908 1.0605 1.0924 1.0985 1.1524 1.1406 0.9676 0.8568 0.8574 0.7593
0.6722 0.7943 0.9179 0.9630 0.9823 1.0357 1.0901 1.0603 1.0750 1.0231 1.0282 1.0690 0.9954 0.9851 0.9164 0.8481
0.8601 0.7990 0.8713 0.8978 1.0232 1.1659 1.0305 1.1802 1.1504 1.1680 1.0588 1.0314 1.0645 0.9232 0.8842 0.8918
0.7064 0.7524 0.8027 0.8141 0.9973 1.0019 1.1171 1.0010 1.0102 1.0917 1.0854 1.0400 1.0025 1.0265 0.8740 0.8731
0.6977 1.0000 0.8875 0.9045 0.9896 1.1430 1.1332 1.0910 1.0845 1.1665 1.0760 0.9257 0.9733 0.8893 0.8623 0.8644
0.8270 0.8266 0.8868 0.8334 1.0200 1.1523 1.0119 1.0673 1.0972 1.1923 1.0762 1.1219 1.0000 0.9995 0.9648 0.9303
0.8622 0.8896 0.8805 0.9738 0.9733 1.1073 1.0792 1.0425 1.0458 0.9899 1.0602 1.1292 0.9984 0.9984 0.9796 0.9266
0.6237 0.7606 0.8936 0.9514 1.0000 1.0681 1.0681 1.0920 1.0543 1.0949 1.0423 1.0517 0.9900 0.8998 1.0000 0.8043
0.8647 0.8019 0.9387 0.9226 1.0778 1.1640 1.1874 0.9807 1.0773 1.1414 1.1620 1.0260 1.0267 0.9410 0.8856 0.8157
0.7509 0.7925 0.8630 0.9365 1.2076 1.0000 1.0937 1.1945 1.1117 1.0753 1.2511 0.9509 0.9395 0.9202 0.9422 0.9318
0.8591 0.9187 0.8985 0.9606 1.1096 1.1463 1.1703 1.1877 1.2017 1.1721 1.0882 0.9628 0.9643 0.8898 0.7567 0.7242
