0.7476 0.8104 0.8910 0.9127 1.0377 1.0760 1.0406 1.1739 1.1304 1.1530 1.0126 0.9795 1.0484 1.0217 0.8611 0.8685
0.8642 0.8714 0.9679 1.0397 1.1041 1.2354 1.2024 0.9522 1.0056 0.9283 1.1029 0.9977 0.9237 0.8414 0.9973 0.7737
0.6616 0.7189 0.9252 0.9307 0.9506 1.0663 1.1242 1.0719 1.0727 1.2024 1.0090 0.9741 0.9055 0.9269 0.9177 0.7338
0.6685 0.7497 0.8656 0.9785 0.9572 1.0850 1.0868 1.0121 0.9734 1.1600 1.1363 0.9739 1.0355 0.9015 0.9516 0.7699
0.7567 0.7914 0.8230 0.9053 1.0000 1.0331 1.0876 1.0393 1.1600 1.2094 1.0280 1.0401 0.9592 1.0487 0.9613 0.8460
0.8490 0.8708 0.8667 0.9547 1.1534 1.0858 1.1862 1.0906 1.1607 1.0882 1.0420 1.0250 0.9907 0.9182 0.8592 0.8602
0.7494 0.8295 0.8683 0.9339 1.0368 1.0475 1.1598 1.1431 1.0882 1.0654 1.0827 1.0348 0.9696 0.9144 0.8455 0.9860
0.9069 0.8107 0.8745 0.9502 1.0000 1.0849 1.1932 1.1159 1.0900 1.0327 1.1382 1.0771 1.0332 0.9268 0.8533 0.9194
0.8238 0.8838 0.8787 0.8923 1.0427 1.0212 1.1363 1.0477 1.0607 1.0967 1.0228 1.0869 0.9759 1.0271 0.9004 0.8450
0.7041 0.7765 0.8720 1.0053 1.0086 1.0343 1.0622 1.1210 0.9750 1.0092 1.1772 0.9371 0.9203 0.9604 1.0039 1.0077
0.7235 0.6675 0.7541 0.8094 0.9546 1.0498 1.1429 1.0314 1.0045 1.0439 1.0124 0.9521 1.0316 0.9825 0.8689 0.9771
0.7443 0.8586 0.9264 0.9810 1.1486 1.1419 1.1212 0.8698 1.0289 1.2276 1.0871 0.9754 0.9540 1.0000 1.0000 0.7085
0.9599 0.9088 0.9223 1.0114 1.1364 1.1029 1.1608 1.0168 1.1067 1.0179 1.0725 1.0205 1.0082 0.8368 0.8302 0.9721
0.9298 0.9183 0.9756 1.0113 0.9988 1.1057 1.1510 1.1141 1.0820 1.0230 1.1553 0.9280 0.9605 1.0000 0.8280 0.8182
0.6702 0.7583 0.8876 0.9027 1.0188 1.1934 1.0901 1.0433 1.0404 1.0420 1.1091 1.1278 1.0062 0.8430 0.8867 0.8110
0.7199 0.8220 0.9367 1.0012 0.9787 1.0344 1.0864 1.0528 1.0674 1.0021 0.9998 1.0630 0.9941 0.9681 0.9369 0.8804
0.8943 0.7749 0.8621 0.8817 1.0394 1.1793 0.9714 1.1644 1.1283 1.1768 1.0303 1.0321 1.1120 0.9327 0.9036 0.9160
0.7088 0.7945 0.7994 0.8272 1.0141 0.9936 1.1127 0.9844 0.9932 1.0995 1.0648 1.0608 1.0192 1.0526 0.9075 0.9268
0.6980 1.0000 0.9199 0.9234 0.9773 1.1374 1.1456 1.0509 1.0606 1.1536 1.0634 0.9014 0.9880 0.8960 0.8878 0.8933
0.8475 0.8296 0.9347 0.8538 1.0624 1.1736 1.0072 1.0618 1.0460 1.1504 1.0279 1.1278 1.0000 0.9655 0.9577 0.9160
0.8883 0.9052 0.8917 0.9634 0.9370 1.1081 1.0594 1.0212 1.0258 0.9602 1.0491 1.1159 0.9990 1.0050 1.0302 0.9503
0.6159 0.7699 0.9145 0.9841 1.0000 1.0646 1.0425 1.0504 1.0301 1.0997 1.0178 1.0617 0.9818 0.9229 1.0000 0.8278
0.8353 0.7845 0.9796 0.9474 1.0565 1.1618 1.1581 0.9311 1.0647 1.1226 1.1560 1.0482 1.0422 0.9343 0.8912 0.8439
0.7872 0.7951 0.8777 0.9432 1.2279 1.0000 1.0600 1.1810 1.0757 1.0370 1.2146 0.9512 0.9390 0.9397 0.9774 0.9876
0.8433 0.9317 0.8967 0.9839 1.1037 1.1276 1.1939 1.1758 1.1611 1.1413 1.0787 0.9700 0.9606 0.8918 0.7801 0.7655
