1.3501 1.1699 1.0357 1.0810 0.9596 0.9308 1.0621 0.8885 1.0984 1.1295 0.8453 0.8470 0.9292 0.8641 0.8050 0.9445
1.0000 1.0732 1.3060 1.2463 1.1155 0.9919 1.0893 0.9703 0.8739 0.8974 0.8766 0.8517 0.8769 0.9028 0.8286 1.0000
1.0443 0.9060 0.8579 1.1461 0.8502 0.9501 1.0000 0.9530 0.9706 1.0769 0.9807 0.9804 1.0738 1.2043 1.1020 1.2735
1.3792 1.2045 1.1861 1.1135 1.0129 1.0736 1.0720 0.9073 0.9567 0.8653 0.8882 0.9348 0.8157 0.9342 0.7815 0.9850
1.2530 0.9836 0.9091 1.0276 0.9780 1.0293 0.9841 0.8975 1.0348 1.1054 1.0097 1.0733 0.8715 1.0670 1.0213 1.2534
1.2334 1.0699 1.0020 1.1371 0.9790 1.0590 1.0468 0.9529 0.9309 0.9879 1.0104 0.8510 0.8635 0.8348 1.0145 0.9339
1.2026 1.0947 1.0427 0.9984 0.9441 0.9561 1.0206 0.9661 0.8858 1.0439 0.9677 0.8440 0.9735 1.0727 1.0000 1.0576
1.3096 1.2207 1.1526 1.1075 1.1229 1.0971 1.0742 1.0186 1.0658 0.8818 0.8958 0.8216 0.8066 0.7722 0.7516 0.7978
0.6515 0.7133 0.9006 0.7500 0.9589 0.9571 0.8420 1.0220 1.0089 0.8779 1.0234 0.9611 1.1846 1.0022 1.1630 1.2711
1.1600 1.0134 1.0124 1.0976 1.0135 0.9859 0.9471 1.1814 0.8827 0.8678 0.9288 0.8814 0.9754 0.9773 1.0361 1.0085
0.7344 0.7556 0.9006 0.8251 0.9820 0.9789 0.9068 1.0173 0.9648 0.9606 1.1141 0.9275 1.2357 1.1103 0.9647 1.3170
1.2447 1.1289 1.1621 1.2211 1.0889 1.1034 1.1364 0.9611 0.9941 0.8814 0.8310 0.8810 0.8477 0.7764 0.8206 0.7813
1.0202 0.8476 0.8198 0.8910 0.8573 0.9095 0.8452 1.0810 0.9482 1.1271 1.2133 1.0357 1.1253 1.2295 1.1826 1.5455
1.2136 1.0626 1.1303 1.0420 0.8602 1.0016 1.0396 1.0236 0.9375 0.8617 0.9267 0.8645 0.9876 0.8610 1.0075 1.0546
1.1319 1.1678 0.9366 0.9089 1.0424 1.0307 0.9827 1.0613 1.0081 0.9483 0.9646 0.9829 0.9679 0.8120 0.7876 0.9798
1.0408 0.8868 1.0442 0.9110 1.0013 1.0564 0.9752 0.9924 1.0000 0.9070 0.9212 1.1100 1.0000 0.9791 0.9839 1.1315
0.9535 0.9267 0.9185 1.0000 1.0097 0.9328 1.0176 1.1210 1.0105 1.0018 1.0483 0.9770 1.0488 1.0592 1.2384 1.2420
1.4569 1.3263 1.0631 1.2746 0.9868 1.0157 1.1310 0.9765 0.9170 1.0000 1.0000 0.8959 1.0000 0.8388 0.8946 0.8994
1.5035 0.9912 1.1482 0.9127 0.7897 1.1077 1.0246 0.9867 1.0828 1.0476 0.9021 1.0110 0.9108 0.8902 0.9993 1.1781
1.1500 1.1034 1.1252 1.2160 0.9821 1.0348 0.9454 0.9107 1.0030 1.0287 0.9117 0.8160 0.8465 0.7910 0.5386 0.5336
1.1769 0.9279 1.0000 0.9380 1.1120 1.0422 0.9436 1.0191 0.9797 1.0308 0.9348 1.0618 0.8920 1.0620 0.9767 1.0797
0.7152 0.7310 0.9664 1.0023 1.0760 1.0081 0.9895 0.9553 0.9498 1.0671 0.9635 0.9761 1.0271 1.0002 0.9923 1.1495
1.0660 0.9085 0.9391 0.9996 0.8570 0.9352 0.8692 0.9278 1.0000 1.1273 0.9274 0.9329 1.1570 1.2895 1.3696 1.7423
1.0316 1.0877 0.9003 1.0576 0.9058 0.9818 0.9752 1.0306 1.1018 0.8976 0.9815 1.0286 0.9238 1.0431 0.5458 1.0353
1.0846 0.9403 0.8859 0.9204 0.9324 0.9455 1.0611 0.9911 0.9601 0.9023 1.0221 1.0038 1.1212 0.9748 1.0762 1.2087
