0.7171 0.7795 0.8638 0.9007 1.0154 1.0892 1.0272 1.1711 1.1718 1.1763 1.0214 1.0171 1.0361 1.0152 0.8535 0.8739
0.8270 0.8428 0.9524 1.0370 1.0938 1.2392 1.2111 0.9589 1.0289 0.9563 1.1092 0.9944 0.9319 0.8564 0.9998 0.7649
0.6458 0.7030 0.9064 0.9190 0.9432 1.0849 1.1316 1.0734 1.0853 1.2439 1.0075 0.9694 0.9009 0.9098 0.9013 0.7300
0.6496 0.7299 0.8380 0.9575 0.9780 1.0738 1.1137 1.0538 0.9948 1.1702 1.1195 0.9780 1.0497 0.8737 0.9240 0.7523
0.7045 0.7623 0.7912 0.8912 1.0000 1.0006 1.0747 1.0530 1.1953 1.2309 1.0629 1.0554 0.9620 1.0301 0.9422 0.8608
0.8144 0.8462 0.8596 0.9479 1.1282 1.0781 1.1800 1.1318 1.1762 1.1113 1.0723 1.0285 0.9780 0.9317 0.8600 0.8518
0.7453 0.8080 0.8477 0.9273 1.0249 1.0413 1.1787 1.1490 1.1061 1.0989 1.0991 1.0391 0.9766 0.9233 0.8335 0.9453
0.8639 0.8069 0.8527 0.9274 1.0000 1.0906 1.1955 1.1286 1.1017 1.0748 1.1409 1.0870 1.0280 0.9364 0.8464 0.9193
0.7959 0.8588 0.8544 0.8661 1.0140 1.0226 1.1283 1.0401 1.0955 1.1249 1.0518 1.1011 0.9805 1.0385 0.8954 0.8401
0.6810 0.7480 0.8274 0.9533 0.9793 1.0186 1.0528 1.1220 0.9828 1.0631 1.2007 0.9724 0.9184 0.9803 0.9998 1.0011
0.7232 0.6538 0.7299 0.7914 0.9535 1.0380 1.1381 1.0362 1.0372 1.0714 1.0257 0.9652 1.0115 0.9715 0.8738 0.9455
0.7294 0.8216 0.9156 0.9894 1.1579 1.1546 1.1293 0.8774 1.0451 1.2331 1.0876 0.9685 0.9541 1.0000 1.0000 0.7145
0.9169 0.8766 0.8933 1.0212 1.1427 1.1259 1.1706 1.0355 1.1189 1.0703 1.0722 1.0149 0.9929 0.8310 0.8369 0.9541
0.8964 0.9002 0.9596 1.0017 0.9915 1.0971 1.1750 1.1428 1.1177 1.0649 1.1491 0.9411 0.9302 1.0000 0.8356 0.7950
0.6783 0.7219 0.8373 0.9075 0.9824 1.1562 1.0795 1.0685 1.0738 1.0883 1.1095 1.1219 1.0099 0.8652 0.8883 0.7951
0.6678 0.8012 0.9162 0.9870 0.9728 1.0388 1.1010 1.0388 1.0945 1.0230 1.0115 1.0598 0.9914 0.9697 0.9310 0.8710
0.8697 0.7833 0.8477 0.8862 1.0395 1.1715 0.9860 1.1791 1.1372 1.1777 1.0589 1.0240 1.1000 0.9325 0.8973 0.9111
0.6928 0.7545 0.7812 0.8048 1.0033 1.0115 1.1168 1.0012 1.0120 1.1175 1.0910 1.0635 1.0255 1.0305 0.8821 0.8923
0.6809 1.0000 0.9004 0.9179 0.9568 1.1365 1.1402 1.0636 1.0774 1.1772 1.0852 0.9093 0.9870 0.9002 0.8659 0.8882
0.8306 0.8114 0.8917 0.8304 1.0198 1.1493 1.0150 1.0702 1.0876 1.1972 1.0662 1.1184 1.0000 0.9838 0.9625 0.9142
0.8563 0.8820 0.8911 0.9721 0.9508 1.0900 1.0765 1.0540 1.0596 0.9785 1.0602 1.1077 1.0033 0.9604 0.9948 0.9571
0.6463 0.7751 0.9023 0.9687 1.0000 1.0594 1.0630 1.0720 1.0435 1.1108 1.0315 1.0595 0.9876 0.9024 1.0000 0.8021
0.8658 0.7831 0.9404 0.9395 1.0772 1.1497 1.1790 0.9694 1.0759 1.1267 1.1575 1.0096 1.0344 0.9295 0.8974 0.8299
0.7571 0.7815 0.8629 0.9321 1.2019 1.0000 1.0916 1.1973 1.1093 1.0825 1.2324 0.9423 0.9455 0.9360 0.9650 0.9620
0.8398 0.9206 0.8733 0.9771 1.0873 1.1016 1.1841 1.1828 1.2002 1.1884 1.1019 0.9757 0.9568 0.8929 0.7674 0.7438
