0.7323 0.7708 0.8577 0.8828 1.0192 1.0934 1.0573 1.1788 1.1743 1.1943 1.0313 1.0133 1.0361 1.0203 0.8569 0.8569
0.8288 0.8444 0.9454 1.0299 1.0904 1.2426 1.2202 0.9739 1.0449 0.9648 1.1050 0.9988 0.9306 0.8608 0.9922 0.7582
0.6345 0.7020 0.9124 0.9091 0.9698 1.0919 1.1326 1.0759 1.0834 1.2315 1.0146 0.9605 0.8953 0.9138 0.8886 0.7292
0.6503 0.7421 0.8433 0.9551 0.9709 1.0635 1.1111 1.0518 1.0002 1.1661 1.1239 0.9716 1.0416 0.8818 0.9169 0.7638
0.7143 0.7795 0.8043 0.9065 1.0000 1.0058 1.0600 1.0621 1.2055 1.2549 1.0686 1.0414 0.9729 1.0274 0.9222 0.8154
0.8186 0.8467 0.8625 0.9461 1.1314 1.0825 1.1788 1.1404 1.1796 1.1283 1.0608 1.0177 0.9727 0.9180 0.8562 0.8553
0.7676 0.8055 0.8470 0.9234 1.0116 1.0418 1.1686 1.1638 1.0988 1.0911 1.0895 1.0521 0.9802 0.9339 0.8355 0.9606
0.8573 0.7891 0.8614 0.9363 1.0000 1.0825 1.2153 1.1288 1.1109 1.0846 1.1524 1.0874 1.0199 0.9332 0.8257 0.9157
0.8128 0.8705 0.8616 0.8562 1.0166 1.0243 1.1055 1.0265 1.0911 1.1220 1.0398 1.1059 0.9780 1.0601 0.8954 0.8756
0.6858 0.7477 0.8382 0.9473 0.9943 1.0083 1.0441 1.0913 0.9920 1.0659 1.1811 0.9796 0.9144 0.9841 1.0165 1.0306
0.7265 0.6541 0.7423 0.7926 0.9698 1.0506 1.1260 1.0564 1.0294 1.0702 1.0339 0.9661 0.9981 0.9625 0.8494 0.9597
0.7415 0.8273 0.9016 0.9601 1.1494 1.1514 1.1190 0.8655 1.0348 1.2313 1.1004 0.9671 0.9456 1.0000 1.0000 0.7000
0.9544 0.8952 0.9050 1.0333 1.1406 1.1120 1.1684 1.0345 1.1248 1.0716 1.0498 1.0140 0.9892 0.8570 0.8338 0.9316
0.8975 0.8963 0.9640 0.9976 0.9891 1.0935 1.1691 1.1421 1.1022 1.0738 1.1706 0.9473 0.9356 1.0000 0.8200 0.7987
0.6976 0.7337 0.8472 0.9023 0.9803 1.1576 1.0676 1.0646 1.0669 1.0793 1.1335 1.1307 1.0063 0.8640 0.8770 0.8104
0.6811 0.8114 0.9314 0.9834 0.9826 1.0363 1.0906 1.0480 1.0793 1.0033 1.0155 1.0588 0.9895 0.9782 0.9366 0.8568
0.8616 0.7944 0.8747 0.8983 1.0476 1.1641 0.9969 1.1707 1.1528 1.1664 1.0597 1.0315 1.0745 0.9212 0.8785 0.8984
0.7007 0.7449 0.7837 0.8071 0.9944 0.9994 1.1119 0.9862 0.9848 1.1117 1.0770 1.0447 1.0193 1.0302 0.8758 0.8963
0.6839 1.0000 0.8918 0.9044 0.9781 1.1153 1.1285 1.0681 1.0753 1.1658 1.0842 0.9216 0.9873 0.9024 0.8804 0.9032
0.8177 0.7963 0.9079 0.8186 1.0258 1.1571 1.0175 1.0791 1.0710 1.1835 1.0735 1.1304 1.0000 0.9945 0.9665 0.9589
0.8519 0.8891 0.8831 0.9744 0.9643 1.1094 1.0912 1.0578 1.0598 0.9688 1.0535 1.1203 0.9991 0.9735 0.9953 0.9308
0.6148 0.7654 0.8989 0.9711 1.0000 1.0803 1.0624 1.0804 1.0484 1.1002 1.0430 1.0399 0.9915 0.8925 1.0000 0.7904
0.8659 0.8016 0.9499 0.9397 1.0707 1.1551 1.1829 0.9848 1.0937 1.1310 1.1665 1.0252 1.0375 0.9365 0.8791 0.7981
0.7582 0.7898 0.8562 0.9471 1.2124 1.0000 1.0967 1.1966 1.0958 1.0635 1.2424 0.9542 0.9393 0.9368 0.9586 0.9451
0.8455 0.9256 0.8832 0.9509 1.0927 1.0922 1.1902 1.1776 1.1757 1.1852 1.1009 0.9664 0.9645 0.8956 0.7862 0.7654
