0.8546 0.9333 0.9410 0.9444 1.0247 1.1131 1.0403 1.1811 1.1467 1.1465 1.0036 0.8795 1.0666 1.0202 0.8324 0.8795
0.9385 0.9360 1.0775 1.1012 1.1809 1.2571 1.2409 0.8672 0.9177 0.8641 1.0863 0.9655 0.9262 0.8116 0.9527 0.7339
0.6959 0.8075 0.9436 0.9942 1.0267 1.1619 1.1011 1.0933 1.0614 1.2251 0.9812 0.9207 0.9080 0.8990 0.9018 0.6562
0.7054 0.8043 0.9032 1.0035 1.0058 1.1001 1.1346 1.0274 0.9759 1.1295 1.1575 0.9531 1.0037 0.8906 0.8775 0.6796
0.7975 0.8883 0.9182 0.9251 1.0000 1.0962 1.1688 1.0763 1.1137 1.2129 0.9957 0.9802 0.9370 1.0276 0.9071 0.8574
0.8783 0.9455 0.9514 1.0111 1.1584 1.1366 1.1564 0.9882 1.2198 1.1022 1.0535 0.9544 0.9522 0.8948 0.8035 0.7888
0.7671 0.9068 0.9438 0.9558 1.0581 1.0424 1.1539 1.1290 1.1255 1.0550 1.0880 1.0399 0.9427 0.8443 0.8065 0.9063
0.9712 0.8488 0.9203 0.9830 1.0000 1.1102 1.1843 1.0536 1.1165 1.0836 1.1231 1.0471 1.0389 0.9059 0.7748 0.8314
0.8350 0.9423 0.8877 0.9551 1.0550 1.0072 1.1774 1.0192 1.1519 1.1286 1.0493 1.0153 0.9493 1.0240 0.8382 0.7510
0.7436 0.8173 0.9411 1.0618 1.0581 1.1093 1.0729 1.1702 0.9360 1.0360 1.1361 0.8511 0.8470 0.9795 0.9664 0.9403
0.8168 0.7419 0.8669 0.8703 1.0612 1.1244 1.2129 1.0720 1.0397 1.1186 1.0276 1.0139 1.0411 0.9522 0.8507 0.8694
0.7794 0.8769 0.9006 1.0338 1.1412 1.1284 1.1496 0.9126 1.0030 1.2044 1.0196 0.9472 0.9048 1.0000 1.0000 0.5909
0.9480 0.9020 0.9451 1.0128 1.1721 1.0601 1.1072 0.9079 1.1075 1.0164 1.0415 0.9413 1.0082 0.7828 0.7399 0.9098
0.9254 0.9857 0.9893 0.9923 0.9803 1.1607 1.1614 1.0482 1.0575 0.9968 1.0953 0.9035 0.9133 1.0000 0.7873 0.7389
0.6904 0.8003 0.8725 0.9119 1.0403 1.2243 1.0830 1.0580 1.0310 1.0608 1.1401 1.1307 1.0105 0.8312 0.8753 0.7852
0.7736 0.9138 0.9607 1.0875 1.0266 1.0430 1.1071 1.0228 1.0822 0.9774 1.0112 1.0397 0.9585 0.9004 0.8643 0.7931
0.9308 0.7529 0.8759 0.8532 1.1388 1.2703 0.9959 1.1925 1.0654 1.1577 1.0047 1.0061 1.1284 0.8886 0.8286 0.8775
0.7139 0.9114 0.8369 0.8283 1.0668 0.9975 1.1722 1.1014 1.0349 1.1454 1.1128 1.0127 0.9782 0.9665 0.9088 0.8764
0.7490 1.0000 0.9457 0.9166 0.9713 1.1706 1.1613 1.0369 1.0532 1.1567 1.1114 0.8993 0.9634 0.8911 0.8787 0.8523
0.9004 0.8902 1.0124 0.9094 1.0850 1.2353 0.9708 1.1001 1.0878 1.1580 0.9583 1.0935 1.0000 0.9006 0.8987 0.7925
0.9442 0.9674 0.9402 0.9912 0.9247 1.1273 1.0855 1.0684 1.0419 0.9625 1.0448 1.1252 0.9867 0.9695 0.9434 0.8045
0.6636 0.8218 0.9541 1.0110 1.0000 1.0179 1.0468 1.0474 1.0217 1.0716 0.9635 1.0385 0.9645 0.8622 1.0000 0.7399
0.8137 0.8078 1.0260 1.0422 1.0576 1.1777 1.1653 0.9207 1.1088 1.1691 1.1519 1.0269 1.0549 0.8879 0.8219 0.7893
0.8532 0.8306 0.8931 0.9878 1.2576 1.0000 1.1065 1.1972 1.0908 1.0188 1.1683 0.9191 0.9289 0.8645 0.9613 0.9282
0.8379 1.0024 0.8588 1.0110 1.1170 1.0965 1.1864 1.1734 1.1293 1.1534 1.0481 0.9462 0.9363 0.8307 0.7004 0.6686
