1.2465 1.1574 1.1711 1.1894 1.1054 1.0513 1.1323 0.9017 1.1059 1.0839 0.9020 0.8161 0.9243 0.7309 0.7642 0.7071
1.0000 0.9796 0.9767 1.1552 1.1469 0.9794 0.9811 0.9678 0.9006 1.0801 1.0121 0.9606 0.9728 1.0537 0.8398 1.0000
1.2959 1.1505 1.0766 1.7206 1.0825 1.1192 1.0000 0.9460 1.0348 1.0660 0.9971 0.8524 0.8998 0.9149 0.8022 0.8128
1.0456 0.9063 1.0060 1.1183 0.9963 0.9911 1.0905 0.9808 1.0624 1.0487 0.9651 0.9452 0.9652 0.9075 0.9563 1.0309
1.6021 1.1959 1.1572 1.0834 0.9648 0.9744 1.0082 0.9762 0.7860 0.8630 0.9646 1.0696 0.8870 0.9631 1.0182 1.1739
0.9793 1.0661 0.8411 0.9360 0.8889 1.0494 1.1016 1.0101 0.8237 1.1590 0.8780 1.0687 0.9634 0.9924 1.0042 1.1757
1.3945 1.1516 1.1588 1.0882 1.0707 0.9088 0.9669 0.8652 0.8915 1.0033 0.9475 0.8602 0.9466 1.0492 1.0000 0.9451
1.0582 1.1845 0.8680 1.0386 1.0013 1.0812 1.0984 1.1017 1.1527 0.9654 0.9885 0.9715 0.8640 0.7671 0.8590 0.9995
0.7968 0.7575 1.0050 0.8946 0.8619 0.9877 0.8829 1.1306 1.1096 0.9749 1.1576 1.0535 1.1595 0.7786 1.2209 0.9471
0.8477 0.7603 0.7641 0.9810 0.9624 0.9739 1.0010 0.9358 0.9201 1.0703 0.9521 1.0448 1.1820 1.1132 1.2158 1.5289
0.5825 0.8053 0.9058 0.8858 0.8756 1.0168 1.0085 1.1425 1.0981 1.0038 0.8743 0.9987 1.0465 1.1249 0.9638 1.0710
1.0824 0.9807 1.0233 1.0845 1.0229 1.0884 1.1236 0.9561 1.0442 0.9306 0.9360 0.9920 0.9682 0.9382 0.9786 0.8248
1.0294 1.1245 1.0729 1.1779 1.0709 0.9172 0.8612 1.2573 0.8601 1.0349 1.1207 0.7887 0.8342 0.9809 0.8655 1.0899
0.9680 0.8629 0.9553 0.7714 0.8914 0.8996 0.8552 1.1237 0.9970 1.0623 1.0706 1.0502 1.0996 1.0420 1.1721 1.1318
1.4380 1.1452 1.0235 1.0656 1.0802 1.1135 1.1229 1.0905 0.9991 0.7610 0.9571 0.9187 0.8504 0.6429 0.6417 0.6604
0.8181 0.9346 1.0234 0.8961 0.8790 0.9968 1.0726 1.0234 1.0000 0.9343 1.0683 0.9500 1.0000 1.1340 1.2037 1.3866
1.0792 0.9337 1.0787 1.0000 0.9354 1.0317 1.0777 0.8623 1.0109 1.0838 1.0600 0.9934 0.9560 0.9066 0.9827 1.0443
1.1674 1.1710 0.8345 1.1967 0.9038 0.9664 1.1084 0.8969 0.8936 1.0000 1.0000 1.0416 1.0000 0.9332 1.0744 1.0649
1.3717 1.0379 1.4026 1.0801 0.8799 1.1661 1.0677 1.0474 1.1372 0.8907 0.9512 0.9561 0.8715 0.8080 0.7791 0.9323
0.9906 0.9976 1.0947 1.0810 0.9664 1.0406 0.9839 1.0182 1.1033 1.2604 0.9988 0.9304 0.8725 0.8258 0.6027 0.5467
1.4803 1.1428 1.0000 1.0815 1.2029 1.1423 1.0090 1.0487 0.9850 0.7937 0.9429 1.0464 0.9345 1.0128 0.9317 0.8316
0.5676 0.5825 0.8851 0.8692 0.8463 0.9634 1.0326 1.0756 1.0430 0.9700 1.0733 1.2067 1.1595 0.9354 0.9682 1.3346
1.0979 0.9189 1.0011 0.8524 0.9396 0.9885 1.0159 1.0772 1.0000 1.2487 1.0023 0.9595 0.9789 1.0116 0.9017 0.8427
0.9109 0.8465 0.7613 0.8978 0.8236 0.9858 0.8411 0.9105 1.1732 1.0580 1.1043 1.1484 1.1837 1.0607 0.5458 1.2617
1.5380 1.2439 1.1906 1.2781 1.1811 1.1639 1.1719 1.0257 0.9698 0.8345 0.9684 0.8786 0.8726 0.8119 0.7448 0.8222
