0.7966 0.8143 0.9027 0.9267 1.0127 1.0554 1.0214 1.1434 1.1282 1.1567 1.0282 0.9675 1.1028 1.0755 0.9352 0.9367
0.8796 0.8953 1.0055 1.0527 1.1007 1.2221 1.1895 0.9414 0.9808 0.9251 1.0819 1.0366 0.9601 0.8542 0.9964 0.7900
0.6729 0.7428 0.9196 0.9482 0.9582 1.0837 1.1431 1.0627 1.0679 1.2329 1.0134 0.9970 0.9328 0.9441 0.9445 0.7347
0.6776 0.7329 0.8545 0.9338 0.9360 1.0585 1.0823 1.0215 0.9605 1.1722 1.1386 1.0164 1.0857 0.9364 0.9967 0.7691
0.8025 0.8976 0.8391 0.8975 1.0000 1.0660 1.0966 1.0502 1.1414 1.2049 1.0287 1.0637 0.9487 1.0451 0.9504 0.8180
0.8839 0.8974 0.8950 0.9612 1.1289 1.0630 1.1458 1.0700 1.1590 1.0909 1.0525 1.0032 0.9836 0.9446 0.8825 0.8354
0.7618 0.8367 0.8883 0.9463 1.0100 1.0308 1.1353 1.1225 1.0869 1.0808 1.0911 1.0604 0.9904 0.9187 0.8459 0.9625
0.9090 0.8215 0.8720 0.9328 1.0000 1.0851 1.1841 1.0820 1.1016 1.0654 1.1567 1.0714 1.0433 0.9438 0.8460 0.8886
0.8312 0.8962 0.8537 0.8842 0.9946 1.0176 1.1368 1.0249 1.0815 1.1244 1.0568 1.1237 1.0028 1.0413 0.9065 0.8610
0.7445 0.7993 0.9206 1.0209 1.0218 1.0441 1.0563 1.1464 1.0173 1.0753 1.1286 0.9526 0.9047 0.9551 0.9776 0.9285
0.7774 0.7342 0.8131 0.8639 0.9844 1.0889 1.1681 1.0683 1.0669 1.1205 1.0600 1.0153 1.0849 1.0242 0.8929 0.9604
0.7481 0.8708 0.9240 0.9993 1.1658 1.1008 1.1077 0.8508 1.0036 1.2107 1.0716 0.9888 0.9507 1.0000 1.0000 0.6662
0.9404 0.8831 0.9304 0.9973 1.1330 1.1061 1.0948 0.9875 1.0911 0.9572 1.0505 0.9885 0.9813 0.8161 0.7954 0.9327
0.9177 0.9173 0.9440 1.0268 0.9856 1.0740 1.1302 1.0976 1.0638 1.0405 1.1252 0.9174 0.9393 1.0000 0.8178 0.7902
0.7156 0.7979 0.8789 0.9376 1.0101 1.1715 1.0857 1.0672 1.0611 1.0602 1.1339 1.1559 1.0311 0.8314 0.8763 0.7568
0.7378 0.8591 0.9672 1.0029 0.9695 1.0386 1.0519 1.0334 1.0526 1.0143 1.0219 1.1020 1.0027 0.9657 0.9216 0.8562
0.8738 0.8067 0.9063 0.8941 1.0356 1.1505 0.9553 1.1116 1.1139 1.1807 1.0298 1.0418 1.1204 0.9316 0.9114 0.9147
0.7292 0.8229 0.8422 0.8622 1.0132 1.0192 1.1171 1.0282 1.0258 1.1220 1.1070 1.0663 1.0380 1.0209 0.9614 0.9481
0.7012 1.0000 0.9025 0.8925 0.9561 1.1215 1.1266 1.0585 1.0478 1.1602 1.0866 0.9177 0.9792 0.9155 0.9194 0.9170
0.8974 0.8733 1.0095 0.9058 1.0555 1.1577 0.9999 1.0891 1.0881 1.1940 1.0014 1.0845 1.0000 0.9167 0.8858 0.8082
0.8885 0.8880 0.9218 0.9735 0.9598 1.0805 1.0583 1.0450 1.0357 0.9653 1.0519 1.1252 1.0483 1.0157 1.0119 0.9003
0.6025 0.7544 0.9185 0.9733 1.0000 1.0207 1.0175 1.0140 0.9901 1.0753 1.0106 1.0680 0.9895 0.9178 1.0000 0.7720
0.8888 0.8158 1.0059 0.9607 1.0924 1.1159 1.1450 0.9339 1.0553 1.1135 1.1331 1.0309 1.0756 0.9301 0.8934 0.8315
0.7601 0.7922 0.8709 0.9235 1.1841 1.0000 1.0594 1.1874 1.0826 1.0291 1.2103 0.9622 0.9646 0.9434 1.0133 1.0132
0.8540 0.9358 0.8985 0.9743 1.0874 1.1173 1.1632 1.1998 1.1418 1.1644 1.0444 0.9633 0.9183 0.8549 0.6872 0.6383
