0.8250 0.8403 0.9051 0.9353 1.0217 1.0710 1.0371 1.1509 1.1503 1.1584 1.0307 0.9235 1.1028 1.0556 0.9004 0.8949
0.9244 0.9158 1.0208 1.0747 1.1251 1.2279 1.1889 0.9092 0.9712 0.9068 1.0784 1.0122 0.9505 0.8415 0.9671 0.7630
0.6798 0.7635 0.9404 0.9723 0.9904 1.0877 1.1316 1.0729 1.0698 1.2176 1.0027 0.9810 0.9175 0.9323 0.9029 0.7127
0.7106 0.7672 0.8825 0.9614 0.9527 1.0911 1.0911 1.0153 0.9677 1.1689 1.1303 0.9990 1.0572 0.9161 0.9487 0.7485
0.8276 0.9160 0.8899 0.9234 1.0000 1.0960 1.1081 1.0673 1.1198 1.2115 0.9957 1.0207 0.9793 1.0108 0.9416 0.8087
0.8874 0.9079 0.9227 0.9721 1.1298 1.0939 1.1412 1.0611 1.1487 1.1020 1.0661 0.9997 0.9590 0.9311 0.8417 0.8334
0.7762 0.8550 0.9051 0.9766 1.0270 1.0455 1.1239 1.1134 1.0908 1.0944 1.0832 1.0717 0.9706 0.8805 0.8206 0.9373
0.9268 0.8361 0.8932 0.9541 1.0000 1.1042 1.1762 1.0568 1.1071 1.0738 1.1400 1.0560 1.0310 0.9176 0.8181 0.9032
0.8446 0.9126 0.8764 0.8983 1.0216 1.0264 1.1682 1.0264 1.0744 1.1349 1.0502 1.0824 0.9884 1.0242 0.8870 0.8321
0.7486 0.8306 0.9361 1.0684 1.0260 1.0665 1.0639 1.1322 0.9948 1.0354 1.1390 0.9055 0.8973 0.9493 0.9764 0.9326
0.7836 0.7430 0.8257 0.8671 0.9890 1.0976 1.1701 1.0655 1.0583 1.1174 1.0458 1.0151 1.0603 1.0116 0.8892 0.9188
0.7892 0.8628 0.9032 0.9909 1.1771 1.1007 1.1148 0.8568 1.0062 1.2127 1.0734 0.9730 0.9370 1.0000 1.0000 0.6484
0.9330 0.8669 0.9264 0.9932 1.1177 1.0903 1.1006 0.9653 1.1103 0.9890 1.0562 0.9899 0.9958 0.8108 0.7886 0.9356
0.9292 0.9280 0.9399 1.0285 0.9922 1.0871 1.1181 1.0840 1.0686 1.0408 1.1105 0.9187 0.9275 1.0000 0.8191 0.7920
0.6960 0.7951 0.8852 0.9297 1.0180 1.1768 1.1015 1.0739 1.0645 1.0458 1.1044 1.1542 1.0149 0.8254 0.8832 0.7483
0.7736 0.8685 0.9478 1.0016 0.9771 1.0400 1.0912 1.0239 1.0457 1.0242 1.0293 1.0813 0.9889 0.9615 0.9199 0.8640
0.8999 0.7881 0.9051 0.8880 1.0630 1.1738 0.9671 1.1365 1.0953 1.1929 1.0140 1.0497 1.1115 0.9200 0.8790 0.8945
0.7198 0.8405 0.8382 0.8495 1.0315 1.0129 1.1268 1.0269 1.0338 1.1183 1.0958 1.0580 1.0138 1.0288 0.9498 0.9329
0.7311 1.0000 0.9190 0.9052 0.9783 1.1479 1.1237 1.0568 1.0544 1.1438 1.0813 0.9120 0.9780 0.8930 0.8994 0.8958
0.8925 0.8990 1.0090 0.8976 1.0885 1.1935 0.9935 1.0941 1.0877 1.1700 0.9940 1.0985 1.0000 0.9155 0.8795 0.7845
0.9059 0.9012 0.9178 0.9773 0.9464 1.0902 1.0473 1.0484 1.0303 0.9479 1.0557 1.1133 1.0374 1.0242 1.0123 0.8936
0.6206 0.7640 0.9100 0.9699 1.0000 1.0221 1.0088 1.0132 1.0111 1.0651 1.0093 1.0742 0.9942 0.9229 1.0000 0.7825
0.8479 0.7997 1.0085 0.9903 1.0913 1.1364 1.1498 0.9324 1.0784 1.1538 1.1333 1.0349 1.0717 0.9085 0.8701 0.8093
0.7938 0.8034 0.8994 0.9472 1.1975 1.0000 1.0604 1.1813 1.1125 1.0127 1.2133 0.9461 0.9468 0.9264 1.0078 0.9630
0.8639 0.9219 0.8864 0.9821 1.1115 1.1123 1.1686 1.1893 1.1364 1.1309 1.0591 0.9714 0.9456 0.8414 0.7052 0.6529
