1.3291 1.1565 1.0959 1.1083 0.9936 0.9491 1.0573 0.8902 1.1494 1.1407 0.8558 0.8451 0.9546 0.7982 0.8042 0.8688
1.0000 1.0890 1.1729 1.2587 1.1887 1.0159 1.0309 0.9900 0.8698 0.9408 0.8900 0.9038 0.8909 0.9254 0.8333 1.0000
1.1324 0.9860 0.9379 1.3727 0.9064 1.0082 1.0000 0.9170 0.9781 1.0667 0.9999 0.9443 1.0323 1.0054 1.0351 1.0526
1.2542 1.1266 1.0948 1.1326 0.9975 1.0625 1.1089 0.9133 0.9751 0.9196 0.9371 0.9518 0.8612 0.9390 0.8522 0.9707
1.3934 1.0468 0.9680 1.0549 0.9581 0.9690 0.9836 0.9355 0.8661 0.9478 1.0292 1.0846 0.9070 1.0856 1.0795 1.2958
1.1265 1.0792 0.9576 1.0624 0.9491 1.0763 1.0709 1.0039 0.8786 1.0954 0.9302 0.9265 0.9160 0.9186 0.9775 1.0354
1.2500 1.1179 1.0626 1.0216 0.9510 0.9114 0.9889 0.9366 0.9136 1.0523 0.9832 0.8539 0.9906 1.0318 1.0000 1.0535
1.2169 1.2395 1.0500 1.0658 1.0958 1.1086 1.0618 1.0170 1.0827 0.9101 0.9001 0.8758 0.8507 0.8079 0.8254 0.8909
0.6782 0.7205 0.9210 0.7656 0.9089 0.9462 0.8671 1.0746 1.0821 0.9380 1.1135 1.0006 1.2371 0.9148 1.2477 1.0627
1.0315 0.9344 0.8866 1.0741 0.9984 0.9375 0.9495 1.0461 0.8801 0.9538 0.9221 0.9401 1.0932 1.0313 1.1682 1.2690
0.6467 0.7530 0.8395 0.8204 0.9058 0.9749 0.9391 1.0960 1.0422 0.9776 1.0422 0.9434 1.2132 1.1215 0.9848 1.1383
1.2350 1.0795 1.1225 1.1932 1.0576 1.1220 1.1297 0.9762 1.0024 0.9257 0.8588 0.9039 0.8530 0.8185 0.9140 0.8014
1.0058 0.9433 0.9057 1.0159 0.9551 0.8756 0.7752 1.0956 0.9599 0.9838 1.1118 0.9153 1.0481 1.1739 1.1097 1.4258
1.0712 0.9996 1.0505 0.8604 0.8686 0.9678 0.9842 1.0814 0.9996 0.9309 1.0015 0.9489 1.0328 0.9542 1.0932 1.1001
1.3179 1.1577 0.9786 0.9730 1.0587 1.0689 1.0364 1.0565 0.9961 0.8536 0.9595 0.9392 0.9177 0.7711 0.7418 0.8420
0.9832 0.9430 1.0208 0.8983 0.9240 1.0201 0.9826 0.9873 1.0000 0.9307 1.0010 0.9756 1.0000 1.0786 1.1067 1.3011
0.9749 0.9370 0.9782 1.0000 0.9700 0.9501 1.0264 0.9857 1.0117 1.0081 1.0480 1.0384 1.0451 1.0261 1.2064 1.3152
1.3503 1.3365 0.9903 1.2531 0.9641 0.9921 1.1312 0.9289 0.8748 1.0000 1.0000 0.9489 1.0000 0.8598 0.9590 0.9733
1.4416 1.0231 1.2529 0.9815 0.8331 1.1199 1.0148 1.0090 1.0923 0.9936 0.9005 1.0067 0.8948 0.8587 0.9314 1.0680
1.1079 1.0774 1.1407 1.1854 0.9993 1.0297 0.9332 0.9535 1.0123 1.1088 0.9275 0.8482 0.8584 0.8029 0.5527 0.5215
1.3870 0.9791 1.0000 0.9735 1.1537 1.0803 0.9179 0.9992 0.9598 0.8980 0.9329 1.1242 0.9371 1.0830 1.0108 0.9870
0.5712 0.7215 0.9750 0.9910 0.9815 1.0363 0.9985 0.9841 0.9658 1.0761 0.9783 1.0477 1.0611 0.9436 0.9672 1.2244
1.0668 0.8865 0.9330 0.9193 0.8774 0.9433 0.8863 0.9582 1.0000 1.1373 0.9427 0.9503 1.1069 1.2265 1.2118 1.2617
1.0051 1.0040 0.8619 1.0310 0.8681 1.0080 0.9168 0.9669 1.1468 0.9433 1.0358 1.0558 0.9962 1.0122 0.5458 1.0982
1.3380 1.0483 1.0027 1.0725 1.0614 1.0297 1.1117 0.9956 1.0296 0.8819 1.0251 0.9201 0.9778 0.9166 0.8812 0.9527
