0.6998 0.7591 0.8618 0.8876 1.0417 1.0863 1.0610 1.1793 1.1872 1.1643 1.0232 1.0234 1.0454 1.0098 0.8643 0.8523
0.8368 0.8495 0.9367 1.0307 1.0917 1.2220 1.2198 0.9879 1.0463 0.9728 1.1261 1.0091 0.9213 0.8520 0.9812 0.7762
0.6497 0.7105 0.9063 0.9164 0.9527 1.0848 1.1661 1.0948 1.0617 1.2237 1.0093 0.9648 0.9027 0.9081 0.8839 0.7404
0.6767 0.7336 0.8414 0.9733 0.9701 1.0670 1.1117 1.0501 1.0105 1.1783 1.1353 0.9720 1.0263 0.8749 0.8995 0.7621
0.7007 0.7586 0.8074 0.9183 1.0000 0.9967 1.0722 1.0628 1.1727 1.2087 1.0622 1.0245 0.9854 1.0474 0.9508 0.8518
0.8200 0.8382 0.8681 0.9486 1.1185 1.0780 1.1754 1.1499 1.1761 1.1295 1.0528 1.0457 0.9706 0.9369 0.8595 0.8339
0.7590 0.8016 0.8625 0.9341 1.0288 1.0350 1.1666 1.1691 1.1171 1.0919 1.1133 1.0452 0.9744 0.9134 0.8186 0.9286
0.8879 0.8063 0.8580 0.9377 1.0000 1.1167 1.2151 1.1213 1.0973 1.0911 1.1343 1.0897 0.9997 0.9240 0.8292 0.8894
0.8239 0.8519 0.8451 0.8676 1.0165 1.0135 1.1399 1.0256 1.0954 1.1386 1.0578 1.1125 0.9891 1.0281 0.8905 0.8504
0.6913 0.7467 0.8548 0.9686 0.9830 1.0228 1.0435 1.1056 1.0178 1.0524 1.1925 0.9946 0.9313 0.9825 0.9620 0.9978
0.7176 0.6558 0.7313 0.7961 0.9517 1.0431 1.1426 1.0515 1.0305 1.0695 1.0309 0.9542 0.9996 0.9788 0.8536 0.9728
0.7433 0.8329 0.9181 0.9837 1.1462 1.1163 1.1250 0.8843 1.0312 1.2115 1.0866 0.9686 0.9481 1.0000 1.0000 0.7184
0.9307 0.8798 0.9162 1.0051 1.1223 1.1197 1.1843 1.0440 1.1316 1.0635 1.0628 1.0226 0.9763 0.8617 0.8216 0.9456
0.8957 0.8836 0.9611 1.0002 0.9923 1.1068 1.1786 1.1420 1.1098 1.0607 1.1731 0.9400 0.9353 1.0000 0.8078 0.7995
0.7081 0.7473 0.8691 0.9261 0.9980 1.1480 1.0899 1.0567 1.0903 1.0850 1.1536 1.1340 0.9725 0.8610 0.8570 0.7619
0.6745 0.7925 0.9208 0.9701 0.9898 1.0381 1.0931 1.0628 1.0759 1.0168 1.0278 1.0715 0.9921 0.9796 0.9123 0.8436
0.8622 0.7956 0.8737 0.8961 1.0248 1.1638 1.0285 1.1807 1.1507 1.1728 1.0561 1.0320 1.0717 0.9222 0.8794 0.8884
0.7086 0.7546 0.8012 0.8163 0.9988 1.0014 1.1158 1.0064 1.0107 1.0902 1.0856 1.0417 0.9994 1.0282 0.8719 0.8619
0.6990 1.0000 0.8866 0.9070 0.9871 1.1487 1.1306 1.0913 1.0833 1.1683 1.0793 0.9246 0.9732 0.8879 0.8596 0.8649
0.8306 0.8271 0.8936 0.8374 1.0183 1.1525 1.0163 1.0679 1.0866 1.1915 1.0718 1.1222 1.0000 0.9944 0.9656 0.9306
0.8637 0.8903 0.8854 0.9776 0.9700 1.1035 1.0807 1.0440 1.0459 0.9954 1.0587 1.1283 0.9956 0.9964 0.9764 0.9254
0.6293 0.7607 0.8982 0.9497 1.0000 1.0724 1.0653 1.0941 1.0570 1.0907 1.0421 1.0489 0.9877 0.8978 1.0000 0.8082
0.8662 0.8049 0.9371 0.9248 1.0772 1.1592 1.1892 0.9845 1.0809 1.1375 1.1589 1.0279 1.0238 0.9434 0.8841 0.8203
0.7487 0.7897 0.8588 0.9385 1.2125 1.0000 1.0940 1.1906 1.1116 1.0750 1.2512 0.9524 0.9383 0.9233 0.9431 0.9318
0.8526 0.9141 0.8994 0.9512 1.1044 1.1449 1.1724 1.1829 1.2016 1.1779 1.0930 0.9654 0.9659 0.8900 0.7571 0.7306
