1.3584 1.2782 1.3267 1.2975 1.1194 1.0264 1.1102 0.9439 1.0724 1.0331 0.8619 0.8137 0.8607 0.7324 0.6274 0.6337
1.0000 0.8405 0.9050 0.9840 1.0039 0.9197 1.0395 0.9930 0.9493 1.1349 1.0395 1.0016 1.0394 1.1963 0.9655 1.0000
1.3957 1.3432 1.4729 2.1114 1.1902 1.2004 1.0000 0.9778 1.0646 1.0786 0.8178 0.7008 0.8457 0.8918 0.7684 0.7629
1.0388 0.7948 0.8622 1.0028 0.8467 0.9860 0.9823 0.9474 1.1124 1.0724 1.0245 0.9731 1.0213 0.9576 1.0197 1.3490
1.4435 1.2600 1.1053 1.0618 0.9035 0.9898 1.1410 1.1054 0.9217 1.0543 1.1493 0.9782 0.9252 0.9415 0.9095 1.0600
0.7697 0.7745 0.7501 0.8796 0.8443 0.9298 1.1813 1.0253 0.8418 1.1867 0.9608 1.2491 1.1214 1.1207 1.1599 1.3802
1.6821 1.3143 1.2804 1.2383 1.2110 0.9750 0.9657 0.8416 0.8626 0.8906 0.8703 0.7862 0.8280 0.9893 1.0000 0.8262
0.9270 0.9803 0.9151 0.9512 0.8714 1.0319 1.1166 1.1694 1.2240 0.9810 0.9995 1.0677 0.9128 0.8542 0.9167 1.1151
0.9240 0.9054 1.1412 0.9632 0.9291 1.1318 0.9332 1.0930 1.1255 0.9496 1.0573 0.9958 1.0189 0.8371 1.0232 1.1458
0.9592 0.7508 0.9552 0.8616 0.9512 0.9850 0.8625 0.9964 0.9246 1.0932 0.8803 1.0502 1.2733 1.1451 1.2225 1.6767
0.6473 1.0399 1.0792 0.8716 0.9526 1.1097 1.0823 1.1395 1.0991 0.9664 0.8585 0.9576 0.9788 0.9268 0.8373 1.2904
0.9030 0.8037 0.8687 0.9277 0.8797 0.9956 1.0472 0.9295 1.0303 1.0792 1.0720 1.1287 1.1035 1.1933 1.1888 0.9054
1.1276 1.1787 1.0844 1.1932 1.0819 1.1355 1.0637 1.4282 0.7649 1.1321 1.0855 0.7687 0.7539 0.7845 0.7159 0.8746
1.0630 0.9363 1.0511 0.8319 0.8170 0.8871 0.8551 1.0345 0.9823 1.0557 1.0897 1.0551 1.0385 1.0891 1.1428 1.0732
1.5161 1.3199 1.0814 1.1160 1.1581 1.0780 1.1120 1.0820 0.9002 0.7963 0.8783 0.8579 0.7535 0.6538 0.6350 0.7057
0.7189 0.9949 0.8887 0.8209 0.8781 0.8772 0.9995 0.9225 1.0000 0.9741 1.1298 1.1253 1.0000 1.3456 1.4004 1.4822
1.1881 0.9458 1.1547 1.0000 0.9707 1.0669 1.0678 0.9164 0.9847 1.0309 0.9269 0.9554 0.8832 0.9174 1.0444 1.0043
0.9272 0.8782 0.7611 0.9754 0.8107 0.9000 1.0588 0.9279 0.9595 1.0000 1.0000 1.1929 1.0000 1.1198 1.1534 1.2793
1.5154 1.1832 1.7088 1.2133 0.9828 1.2105 1.1093 1.0916 1.0573 0.9047 0.8914 0.7962 0.7122 0.7029 0.7661 0.7811
0.8117 0.8641 1.0336 0.9612 0.9532 0.9229 0.9850 1.0672 1.1851 1.5277 1.1364 1.0332 1.0254 1.0147 0.7029 0.6518
1.4170 1.0945 1.0000 1.0820 1.1753 1.0883 1.0730 0.9981 0.9701 0.8822 0.9668 1.0770 0.8968 0.9560 0.8969 0.8668
0.6859 0.5905 0.8089 0.6945 0.8366 0.9297 1.0058 1.0141 1.0573 0.9795 1.0803 1.3041 1.2255 1.0124 1.1197 1.4973
1.0514 1.0665 1.1324 0.8720 1.0073 1.0545 1.1249 1.1246 1.0000 1.4777 1.0004 0.8609 0.8044 0.7181 0.6292 0.7261
0.8014 0.7060 0.7066 0.7897 0.7823 0.8290 0.8122 0.9782 1.1649 1.1195 1.1675 1.2277 1.3029 1.3333 0.5623 1.5269
1.5100 1.5266 1.3017 1.4291 1.1853 1.1866 1.1749 1.1395 0.9136 0.8938 0.8569 0.9812 0.9232 0.9064 0.9695 0.9038
