0.7230 0.7652 0.8498 0.8805 1.0107 1.1031 1.0540 1.1672 1.1665 1.1845 1.0228 1.0212 1.0236 1.0291 0.8601 0.8837
0.8241 0.8313 0.9461 1.0388 1.0883 1.2461 1.2229 0.9762 1.0296 0.9682 1.0952 0.9939 0.9251 0.8592 0.9871 0.7718
0.6468 0.7037 0.8971 0.9077 0.9560 1.0824 1.1217 1.0815 1.0803 1.2452 1.0180 0.9673 0.9093 0.9101 0.8940 0.7282
0.6454 0.7269 0.8372 0.9518 0.9727 1.0603 1.1097 1.0456 1.0013 1.1665 1.1362 0.9780 1.0360 0.8961 0.9259 0.7732
0.6945 0.7631 0.7836 0.8789 1.0000 1.0001 1.0646 1.0510 1.1787 1.2438 1.0530 1.0313 0.9774 1.0523 0.9501 0.8687
0.8072 0.8302 0.8635 0.9447 1.1273 1.0940 1.1822 1.1142 1.1893 1.1143 1.0554 1.0337 0.9724 0.9341 0.8680 0.8754
0.7319 0.7916 0.8498 0.9222 1.0271 1.0282 1.1792 1.1545 1.1093 1.0906 1.0990 1.0565 0.9897 0.9235 0.8297 0.9468
0.8669 0.7933 0.8572 0.9324 1.0000 1.0929 1.2029 1.1223 1.1201 1.0808 1.1471 1.0787 1.0233 0.9226 0.8532 0.9145
0.8044 0.8656 0.8476 0.8657 1.0002 1.0228 1.1197 1.0362 1.1098 1.1338 1.0512 1.1128 0.9789 1.0345 0.9077 0.8584
0.6906 0.7349 0.8366 0.9513 0.9871 1.0265 1.0489 1.1105 1.0074 1.0377 1.1684 0.9732 0.9111 0.9913 0.9967 1.0013
0.7138 0.6546 0.7419 0.8076 0.9571 1.0398 1.1224 1.0342 1.0415 1.0754 1.0259 0.9628 1.0170 0.9809 0.8632 0.9333
0.7339 0.8278 0.9155 0.9770 1.1586 1.1236 1.1248 0.8944 1.0543 1.2326 1.0944 0.9765 0.9544 1.0000 1.0000 0.7246
0.9094 0.8697 0.8932 1.0116 1.1368 1.1115 1.1814 1.0241 1.1383 1.0678 1.0765 1.0263 0.9979 0.8380 0.8407 0.9479
0.8943 0.8895 0.9483 0.9963 0.9997 1.0965 1.1675 1.1382 1.1071 1.0727 1.1749 0.9462 0.9448 1.0000 0.8246 0.8024
0.6817 0.7246 0.8146 0.8792 0.9702 1.1588 1.0950 1.0696 1.0674 1.0967 1.1249 1.1520 1.0096 0.8706 0.8814 0.8030
0.6840 0.8135 0.9237 1.0035 0.9734 1.0328 1.0722 1.0552 1.0876 1.0070 1.0050 1.0714 0.9943 0.9677 0.9287 0.8699
0.8673 0.7782 0.8666 0.8831 1.0328 1.1557 0.9810 1.1734 1.1593 1.1905 1.0653 1.0233 1.1017 0.9267 0.8908 0.9040
0.6938 0.7613 0.7840 0.8089 1.0121 1.0179 1.1033 0.9956 0.9943 1.1109 1.0938 1.0753 1.0289 1.0291 0.8855 0.8990
0.6810 1.0000 0.8868 0.9215 0.9629 1.1218 1.1270 1.0691 1.0702 1.1610 1.0886 0.9162 0.9933 0.9029 0.8800 0.8977
0.8358 0.8111 0.9133 0.8377 1.0272 1.1408 1.0022 1.0778 1.0882 1.2044 1.0584 1.1094 1.0000 0.9697 0.9502 0.9231
0.8591 0.8716 0.8804 0.9646 0.9456 1.0904 1.0894 1.0580 1.0494 0.9759 1.0599 1.1162 1.0171 0.9716 0.9954 0.9421
0.6318 0.7720 0.8938 0.9579 1.0000 1.0678 1.0625 1.0833 1.0463 1.0906 1.0400 1.0561 0.9994 0.9009 1.0000 0.7940
0.8599 0.7901 0.9379 0.9406 1.0677 1.1605 1.1818 0.9790 1.0786 1.1327 1.1644 1.0111 1.0130 0.9319 0.8919 0.8230
0.7526 0.7852 0.8676 0.9391 1.2053 1.0000 1.0955 1.1979 1.1142 1.0785 1.2407 0.9483 0.9433 0.9229 0.9511 0.9533
0.8230 0.9196 0.8879 0.9555 1.0732 1.0995 1.1771 1.1762 1.2014 1.1940 1.1102 0.9937 0.9467 0.9003 0.7670 0.7602
