1.3164 1.1792 1.0674 1.0889 1.0089 0.9822 1.0896 0.9005 1.1230 1.1258 0.8598 0.8295 0.9456 0.8172 0.7925 0.8860
1.0000 1.0679 1.2060 1.2559 1.1467 1.0037 1.0845 0.9911 0.8847 0.9517 0.9032 0.8972 0.8765 0.9263 0.8273 1.0000
1.0826 0.9369 0.9072 1.2693 0.8805 0.9960 1.0000 0.9438 0.9690 1.0333 0.9978 0.9361 1.0319 1.0662 1.0617 1.1384
1.2722 1.1615 1.0988 1.1345 1.0038 1.0621 1.0964 0.9130 0.9904 0.9189 0.9248 0.9538 0.8437 0.9403 0.8037 0.9652
1.3431 1.0269 0.9500 1.0543 0.9554 0.9353 0.9710 0.9193 0.8950 1.0176 0.9491 1.0854 0.9247 1.1001 1.0746 1.2941
1.1885 1.0997 0.9775 1.1075 0.9563 1.0557 1.0527 0.9668 0.8931 1.0397 0.9429 0.9099 0.9015 0.8837 1.0088 1.0258
1.2274 1.1098 1.0607 0.9923 0.9600 0.9318 1.0025 0.9476 0.9035 1.0551 0.9724 0.8436 0.9806 1.0747 1.0000 1.0464
1.3418 1.2140 1.1022 1.0652 1.1058 1.0789 1.0612 0.9962 1.0996 0.9026 0.9157 0.8624 0.8284 0.7686 0.8153 0.8459
0.6785 0.7374 0.9026 0.7696 0.9174 0.9638 0.8171 1.0655 1.0752 0.9204 1.0594 1.0217 1.2221 0.9887 1.2333 1.1459
1.0826 0.9422 0.9306 1.1137 0.9953 0.9722 0.9698 1.1121 0.8985 0.9151 0.9217 0.9024 1.0365 1.0016 1.1014 1.1811
0.6648 0.7413 0.8909 0.8386 0.9574 0.9886 0.9447 1.0170 0.9647 0.9727 1.0670 0.9498 1.1378 1.1157 0.9962 1.2222
1.2513 1.1075 1.1722 1.1871 1.0617 1.1092 1.1237 0.9701 1.0052 0.8608 0.8473 0.8880 0.8548 0.8385 0.8810 0.8353
0.9949 0.8754 0.8527 0.9613 0.9062 0.8891 0.8143 1.1478 0.9203 1.0433 1.1706 0.9435 1.0689 1.2052 1.1266 1.4702
1.1175 1.0594 1.1037 0.9307 0.8607 0.9799 1.0138 1.0577 0.9636 0.9061 0.9711 0.8964 1.0138 0.9066 1.0797 1.1027
1.2805 1.1722 0.9751 0.9579 1.0480 1.0699 1.0103 1.0575 1.0008 0.8718 0.9410 0.9344 0.9198 0.7668 0.7681 0.8875
0.9801 0.9498 1.0334 0.8945 0.9696 1.0470 0.9976 0.9895 1.0000 0.9079 0.9740 1.0261 1.0000 1.0490 1.0708 1.2159
0.9574 0.9474 0.9358 1.0000 0.9821 0.9427 1.0652 1.0154 0.9832 1.0390 1.0585 0.9984 1.0342 1.0462 1.2310 1.3091
1.4217 1.3283 1.0105 1.2533 0.9638 0.9762 1.1365 0.9608 0.8886 1.0000 1.0000 0.9206 1.0000 0.8615 0.9340 0.9385
1.4358 1.0132 1.2020 0.9190 0.8171 1.1231 1.0316 0.9776 1.0929 1.0063 0.9139 0.9889 0.8968 0.8926 0.9556 1.1276
1.1153 1.1108 1.1624 1.1778 0.9795 1.0318 0.9535 0.9438 1.0307 1.0368 0.9307 0.8275 0.8129 0.7743 0.5481 0.5150
1.3565 0.9543 1.0000 0.9360 1.1263 1.0829 0.9014 1.0267 0.9866 0.9665 0.9452 1.1029 0.9066 1.0628 1.0109 1.0456
0.6550 0.7305 0.9968 1.0131 1.0337 1.0219 0.9974 0.9655 0.9384 1.0956 0.9524 1.0111 1.0537 0.9415 0.9862 1.2457
1.0175 0.8557 0.9195 0.9435 0.8650 0.9257 0.8899 0.9501 1.0000 1.1415 0.9383 0.9308 1.1431 1.2339 1.2804 1.4571
1.0400 1.0506 0.8657 1.0024 0.8867 0.9797 0.9118 0.9556 1.1102 0.9273 1.0147 1.0515 0.9730 1.0612 0.5458 1.1044
1.2896 1.0900 1.0024 1.0957 1.0879 1.0747 1.1109 1.0096 1.0183 0.8739 1.0300 0.8912 0.9762 0.8588 0.8558 0.9380
