1.3281 1.2014 1.0392 1.1150 0.9882 0.9438 1.0712 0.8736 1.0919 1.1394 0.8478 0.8443 0.9428 0.8500 0.7949 0.9385
1.0000 1.0758 1.3068 1.2803 1.1440 0.9923 1.1052 0.9553 0.8823 0.9084 0.8781 0.8697 0.8696 0.9059 0.8301 1.0000
1.0146 0.8946 0.8986 1.1505 0.8435 0.9560 1.0000 0.9634 0.9789 1.0632 0.9605 0.9475 1.0289 1.1845 1.0600 1.2704
1.3259 1.2187 1.1634 1.1417 1.0281 1.0722 1.0823 0.8951 0.9572 0.8770 0.8873 0.9502 0.8016 0.9308 0.7762 0.9680
1.2448 0.9838 0.9102 1.0354 0.9833 0.9979 0.9751 0.9038 1.0100 1.0652 0.9681 1.0944 0.8785 1.0808 1.0567 1.2731
1.2201 1.0759 1.0029 1.1351 0.9854 1.0666 1.0497 0.9739 0.9352 1.0066 1.0188 0.8687 0.8809 0.8317 1.0050 0.9420
1.1642 1.1049 1.0365 0.9956 0.9478 0.9604 1.0295 0.9792 0.8945 1.0593 0.9742 0.8452 0.9740 1.0164 1.0000 1.0490
1.3844 1.2301 1.1617 1.1031 1.1410 1.1010 1.0636 1.0060 1.0806 0.8995 0.8848 0.8143 0.8055 0.7771 0.7433 0.8069
0.6396 0.6962 0.8536 0.7377 0.9362 0.9589 0.8330 1.0264 1.0315 0.9075 1.0576 0.9850 1.2086 1.0143 1.1911 1.1761
1.1681 1.0016 0.9991 1.1293 0.9965 0.9591 0.9430 1.1795 0.8992 0.8700 0.9307 0.8911 0.9799 0.9744 1.0592 1.0502
0.7069 0.7387 0.8910 0.8213 0.9726 0.9735 0.8996 1.0251 0.9845 0.9537 1.1060 0.9333 1.1944 1.1218 0.9535 1.3275
1.2682 1.1367 1.2015 1.2327 1.0784 1.1157 1.1497 0.9722 1.0103 0.8797 0.8366 0.8732 0.8483 0.7830 0.8231 0.7804
1.0108 0.8294 0.8081 0.9053 0.8665 0.9029 0.8244 1.0513 0.9584 1.1084 1.1975 1.0292 1.1073 1.2093 1.1534 1.5625
1.2275 1.0938 1.1447 1.0623 0.8687 0.9998 1.0338 1.0290 0.9476 0.8706 0.9329 0.8705 0.9740 0.8702 1.0004 1.0648
1.1476 1.1610 0.9267 0.9236 1.0409 1.0535 0.9855 1.0649 1.0057 0.9401 0.9695 0.9781 0.9697 0.8139 0.7833 0.9642
1.0496 0.9243 1.0444 0.9168 1.0124 1.0542 0.9752 1.0091 1.0000 0.9131 0.9404 1.1128 1.0000 0.9861 0.9821 1.1319
0.9346 0.9422 0.9256 1.0000 0.9773 0.9470 1.0114 1.0982 1.0111 1.0231 1.0472 0.9797 1.0381 1.0679 1.2249 1.2143
1.4620 1.3464 1.0212 1.2564 0.9979 0.9872 1.1141 0.9951 0.9060 1.0000 1.0000 0.8945 1.0000 0.8263 0.8767 0.8950
1.4976 1.0168 1.1508 0.8967 0.7787 1.1262 1.0161 0.9839 1.0688 1.0440 0.9269 1.0197 0.8980 0.8892 1.0001 1.1636
1.1777 1.1153 1.1608 1.2056 0.9920 1.0419 0.9575 0.9158 1.0031 1.0627 0.9008 0.8057 0.8269 0.7675 0.5215 0.5199
1.2595 0.9501 1.0000 0.9454 1.1287 1.0715 0.9352 1.0128 0.9906 1.0470 0.9229 1.0561 0.9249 1.0498 0.9791 1.0699
0.7591 0.7612 1.0037 0.9936 1.0903 0.9917 0.9849 0.9475 0.9410 1.0822 0.9765 0.9836 1.0201 0.9766 1.0021 1.1981
1.0279 0.8809 0.9195 0.9757 0.8509 0.9116 0.8672 0.9192 1.0000 1.1330 0.9677 0.9463 1.1666 1.2775 1.3602 1.7155
1.0447 1.0823 0.8932 1.0448 0.8941 0.9675 0.9495 1.0037 1.1074 0.8915 1.0058 1.0266 0.9375 1.0355 0.5458 1.0505
1.1137 0.9613 0.8861 0.9146 0.9411 0.9857 1.0411 0.9957 0.9838 0.8819 1.0384 0.9816 1.1049 0.9730 1.0509 1.1925
