1.3132 1.1747 1.1024 1.1147 1.0102 0.9832 1.0790 0.8961 1.1256 1.1365 0.8548 0.8122 0.9117 0.8123 0.8063 0.8687
1.0000 1.0659 1.1860 1.2883 1.1695 0.9837 1.0637 0.9930 0.8854 0.9323 0.8994 0.8971 0.8961 0.9404 0.8125 1.0000
1.1014 0.9325 0.9297 1.3496 0.9126 0.9932 1.0000 0.9479 0.9882 1.0626 1.0003 0.9378 1.0442 1.0316 1.0757 1.1119
1.2618 1.1543 1.1214 1.1257 0.9918 1.0302 1.0815 0.9285 1.0040 0.9098 0.9357 0.9376 0.8456 0.9546 0.8333 0.9731
1.3727 1.0249 0.9479 1.0482 0.9514 0.9395 1.0055 0.9195 0.8806 0.9426 1.0096 1.1146 0.9240 1.1122 1.0984 1.3342
1.1477 1.0806 0.9621 1.0844 0.9702 1.0330 1.0490 0.9944 0.8728 1.0852 0.9309 0.9277 0.9125 0.9124 0.9856 1.0388
1.2186 1.1396 1.0719 0.9918 0.9727 0.9423 1.0042 0.9553 0.8697 1.0612 0.9875 0.8331 0.9409 1.0149 1.0000 1.0622
1.2462 1.2159 1.0750 1.0860 1.1063 1.0989 1.0790 1.0206 1.1231 0.9070 0.9486 0.8436 0.8226 0.7809 0.8011 0.8573
0.6850 0.7343 0.9309 0.7854 0.9218 0.9425 0.8453 1.0584 1.0464 0.9251 1.0674 1.0087 1.2020 0.9545 1.2790 1.1585
1.0690 0.9616 0.9243 1.1061 1.0212 0.9721 0.9666 1.0994 0.9037 0.9194 0.9105 0.9099 1.0395 1.0117 1.0982 1.1647
0.6424 0.7440 0.8569 0.8216 0.9080 0.9857 0.9560 1.0691 0.9993 1.0047 1.0295 0.9346 1.1566 1.1450 1.0122 1.1701
1.2513 1.1183 1.1287 1.1760 1.0660 1.0899 1.1061 0.9702 0.9823 0.9058 0.8553 0.9301 0.8883 0.8393 0.8817 0.8141
0.9863 0.8753 0.8651 0.9736 0.9307 0.8704 0.7916 1.1518 0.9365 1.0414 1.1223 0.9557 1.0879 1.1855 1.0942 1.4493
1.0924 1.0248 1.0780 0.8611 0.8728 0.9544 0.9876 1.0481 1.0004 0.9379 0.9759 0.9278 1.0325 0.9659 1.1003 1.1069
1.2915 1.1470 0.9734 0.9624 1.0500 1.0404 1.0019 1.0827 0.9937 0.8468 0.9568 0.9650 0.9458 0.8038 0.7849 0.8648
0.9790 0.9443 1.0597 0.8841 0.9302 1.0461 0.9788 0.9963 1.0000 0.9096 0.9569 1.0203 1.0000 1.0583 1.0789 1.2807
0.9728 0.9402 0.9747 1.0000 0.9694 0.9266 1.0274 0.9884 0.9656 1.0289 1.0413 1.0184 1.0504 1.0868 1.2446 1.3672
1.4165 1.3543 0.9924 1.2359 0.9642 0.9764 1.1158 0.9435 0.8941 1.0000 1.0000 0.9449 1.0000 0.8406 0.9447 0.9727
1.4991 1.0428 1.2337 0.9852 0.8344 1.1471 1.0488 0.9892 1.0867 0.9939 0.8888 0.9782 0.8768 0.8535 0.9092 1.0852
1.1335 1.0840 1.1677 1.1854 0.9756 1.0334 0.9341 0.9191 1.0293 1.0588 0.9485 0.8450 0.8695 0.7646 0.5568 0.5214
1.3591 0.9721 1.0000 0.9263 1.1454 1.0649 0.9186 0.9935 0.9692 0.9242 0.9294 1.1065 0.9225 1.0777 1.0363 1.0223
0.6421 0.7246 0.9900 1.0016 1.0264 1.0285 0.9925 0.9840 0.9555 1.0522 0.9625 1.0362 1.0674 0.9185 0.9790 1.2245
1.0380 0.8691 0.9080 0.9202 0.8514 0.9099 0.9029 0.9504 1.0000 1.1456 0.9898 0.9453 1.1454 1.2501 1.3027 1.3749
0.9850 1.0431 0.8451 1.0324 0.8756 0.9802 0.9049 0.9710 1.1245 0.9288 1.0348 1.0643 0.9852 1.0515 0.5458 1.1120
1.3339 1.1078 1.0291 1.0967 1.0632 1.0474 1.1364 1.0001 1.0074 0.8459 0.9954 0.8884 0.9708 0.8927 0.8618 0.9493
