1.3154 1.1752 1.0507 1.0764 0.9822 0.9741 1.0872 0.8942 1.1173 1.1205 0.8841 0.8375 0.9604 0.8292 0.8024 0.8984
1.0000 1.0772 1.2293 1.2790 1.1441 1.0146 1.0762 0.9779 0.8870 0.9250 0.9000 0.8668 0.8872 0.9248 0.8309 1.0000
1.0769 0.9189 0.9010 1.2723 0.8612 0.9870 1.0000 0.9453 0.9914 1.0383 0.9676 0.9266 1.0571 1.0711 1.0585 1.1861
1.2487 1.1700 1.1481 1.1298 1.0236 1.0406 1.0821 0.8949 0.9946 0.8973 0.9307 0.9637 0.8391 0.9468 0.8177 0.9668
1.3037 1.0149 0.9230 1.0344 0.9225 0.9564 0.9942 0.9011 0.8947 1.0142 0.9833 1.0964 0.9155 1.1297 1.0995 1.3442
1.1778 1.0924 0.9837 1.1003 0.9710 1.0502 1.0664 0.9788 0.9085 1.0434 0.9573 0.9050 0.8983 0.8755 1.0075 0.9918
1.2087 1.0905 1.0467 0.9765 0.9609 0.9532 1.0112 0.9735 0.8961 1.0416 0.9687 0.8500 0.9761 1.0952 1.0000 1.0368
1.3081 1.2256 1.1057 1.0739 1.1091 1.0861 1.0713 1.0261 1.0878 0.9118 0.9357 0.8577 0.8214 0.7680 0.7857 0.8276
0.6625 0.7237 0.9133 0.7574 0.9499 0.9592 0.8396 1.0801 1.0437 0.9263 1.0611 1.0011 1.2210 0.9824 1.2145 1.1368
1.1227 0.9444 0.9354 1.0748 1.0004 0.9663 0.9385 1.1272 0.8793 0.9156 0.9445 0.9122 1.0427 1.0053 1.1113 1.1486
0.6772 0.7442 0.8694 0.8177 0.9435 1.0068 0.9258 1.0415 0.9813 0.9648 1.0685 0.9302 1.1910 1.1273 0.9880 1.2088
1.2384 1.1345 1.1657 1.1792 1.0755 1.1090 1.1317 0.9781 0.9887 0.8834 0.8631 0.8931 0.8546 0.8302 0.8500 0.8248
1.0023 0.8913 0.8459 0.9432 0.8934 0.8875 0.7862 1.1219 0.9384 1.0535 1.1836 0.9591 1.0947 1.1634 1.1180 1.4881
1.1490 1.0467 1.1018 0.9605 0.8640 0.9802 0.9933 1.0178 0.9629 0.9307 0.9592 0.9075 1.0225 0.9067 1.0638 1.1042
1.2292 1.1674 0.9742 0.9455 1.0342 1.0646 1.0156 1.0336 1.0043 0.8920 0.9542 0.9622 0.9511 0.7775 0.7571 0.8970
0.9993 0.9735 1.0484 0.8879 0.9728 1.0402 0.9870 0.9972 1.0000 0.9213 0.9515 1.0339 1.0000 1.0304 1.0589 1.1919
0.9642 0.9445 0.9318 1.0000 0.9584 0.9325 1.0418 1.0371 0.9735 1.0325 1.0561 0.9954 1.0434 1.0796 1.2533 1.3046
1.4248 1.3076 1.0576 1.2456 0.9573 0.9737 1.1056 0.9611 0.8999 1.0000 1.0000 0.9176 1.0000 0.8499 0.9434 0.9473
1.4275 0.9896 1.1860 0.9379 0.8280 1.1069 1.0293 0.9888 1.1041 1.0294 0.9142 1.0000 0.8911 0.8734 0.9456 1.1289
1.1604 1.1074 1.1321 1.2131 0.9914 1.0389 0.9484 0.9332 1.0153 1.0456 0.9137 0.8223 0.8283 0.7600 0.5348 0.5178
1.3372 0.9488 1.0000 0.9278 1.1076 1.0667 0.9290 1.0249 0.9758 0.9675 0.9488 1.0669 0.9240 1.0845 0.9975 1.0311
0.6720 0.7305 0.9813 0.9721 1.0515 1.0082 0.9982 0.9615 0.9219 1.0858 0.9458 1.0254 1.0618 0.9813 1.0109 1.2387
1.0344 0.8677 0.9258 0.9657 0.8724 0.9347 0.8879 0.9374 1.0000 1.1308 0.9137 0.9380 1.1146 1.2489 1.2908 1.4963
1.0239 1.0478 0.8566 1.0288 0.8817 0.9884 0.9504 0.9843 1.1232 0.9214 1.0018 1.0518 0.9753 1.0204 0.5458 1.0969
1.3103 1.0917 0.9700 1.0578 1.0483 1.0473 1.1031 1.0033 1.0200 0.8753 1.0075 0.9238 0.9857 0.9109 0.9028 0.9868
