1.4018 1.3225 1.3049 1.3478 1.1173 1.0054 1.1181 1.0032 1.0186 0.9704 0.8179 0.8156 0.8850 0.7463 0.6615 0.6463
1.0000 0.7426 0.8991 0.9176 0.9338 0.9087 1.0724 1.0108 1.0019 1.1277 1.0928 0.9480 1.0260 1.2233 1.0632 1.0000
1.4461 1.3151 1.5249 2.0654 1.1112 1.2149 1.0000 0.7766 1.1090 1.0415 0.9097 0.7904 0.8648 0.9112 0.6920 0.8265
0.9705 0.7750 0.8345 0.9968 0.8709 0.9411 0.9591 0.9309 1.1332 1.0500 1.0091 1.0344 1.0817 0.9794 1.0250 1.5355
1.2743 1.0895 1.1176 1.0964 0.9521 1.0575 1.3828 1.1690 0.9260 1.1968 1.2617 1.0096 0.9883 0.9933 1.0278 0.9356
0.7500 0.8505 0.7148 0.8513 0.8428 1.0101 1.1346 0.9729 0.8968 1.1482 1.0252 1.3104 1.1642 1.1160 1.1588 1.3755
1.7878 1.4250 1.3481 1.2256 1.2228 1.0258 0.9848 0.8492 0.8804 0.8104 0.8075 0.7546 0.7875 0.9456 1.0000 0.7901
0.9486 0.8738 0.9116 0.8885 0.8316 1.0196 1.0422 1.1510 1.2100 1.0164 1.0721 1.0325 0.9461 0.9330 1.0436 1.1834
1.0020 0.9755 1.2404 1.1036 1.0304 1.2540 1.0092 1.0984 1.1023 0.9606 1.0523 0.9309 0.9720 0.8351 0.9839 1.1002
0.9104 0.8259 1.0790 0.8212 0.9529 1.0029 0.9573 1.1445 0.9660 1.0838 0.9475 1.0575 1.2422 1.2169 1.1653 1.6964
0.6966 1.0785 1.1431 0.8641 1.0845 1.1625 1.0386 1.1259 1.1016 0.9362 0.8514 0.9063 1.0003 0.8740 0.7803 1.3352
0.8232 0.8110 0.8656 0.9295 0.8528 0.9551 1.0408 0.9415 1.0166 1.0996 1.1054 1.1335 1.1319 1.2015 1.1962 0.9662
1.2298 1.2353 1.0776 1.1878 1.1043 1.1817 1.1632 1.4688 0.7768 1.1441 1.0322 0.7643 0.8084 0.8258 0.6744 0.7756
1.0958 0.9146 1.0413 0.8275 0.7563 0.8807 0.8210 1.0255 1.1156 1.0867 1.1150 1.0486 1.1098 1.0787 1.1233 1.0797
1.5094 1.3863 1.0722 1.1126 1.2520 1.1439 1.1089 1.0915 0.9022 0.7850 0.8796 0.7770 0.6694 0.6958 0.7342 0.6385
0.7060 0.9558 0.9112 0.7967 0.8493 0.8511 0.9510 0.9297 1.0000 0.9212 1.1449 1.1394 1.0000 1.3548 1.3925 1.4514
1.1873 0.9531 1.2116 1.0000 0.9811 1.0321 1.0767 0.9712 0.9619 0.9911 0.9357 0.9559 0.9012 0.9415 1.0542 0.9271
0.7891 0.8392 0.7634 0.9382 0.8114 0.8291 1.0383 1.0049 0.9765 1.0000 1.0000 1.2545 1.0000 1.1341 1.1698 1.2295
1.6101 1.2654 1.7931 1.3115 1.0383 1.2264 1.0966 1.1165 0.9915 0.9100 0.8474 0.7562 0.6813 0.6629 0.8050 0.7586
0.8032 0.8587 1.1628 0.9408 0.9760 1.0348 1.0702 1.1541 1.2783 1.3272 1.1343 1.0546 1.0548 1.1212 0.7870 0.6334
1.4444 1.1720 1.0000 1.0512 1.2018 1.1487 1.0635 1.0114 1.0412 0.9418 0.9347 1.0418 0.8918 0.9671 0.8584 0.9134
0.7022 0.6635 0.8232 0.6456 0.8442 0.8854 1.0061 0.9464 1.0225 0.9854 1.0676 1.3458 1.2606 1.1234 1.2044 1.5622
1.0140 1.0597 1.1047 0.9159 1.0029 1.0403 1.1698 1.1472 1.0000 1.5101 0.9913 0.8437 0.8925 0.7175 0.5788 0.7658
0.7351 0.7459 0.7997 0.8854 0.7762 0.8504 0.8635 1.0145 1.1233 1.0579 1.0991 1.1994 1.2647 1.2629 -3.6804 1.4526
1.5310 1.6302 1.2316 1.2916 1.0737 1.3455 1.3184 1.2298 1.0096 0.8423 0.8710 0.9735 0.7924 0.7994 0.6713 0.8739
