0.8320 0.8577 0.9342 0.9454 1.0432 1.0837 1.0252 1.1531 1.1523 1.1610 1.0185 0.9016 1.0975 1.0344 0.8861 0.8904
0.9387 0.9252 1.0288 1.1129 1.1677 1.2351 1.2092 0.8954 0.9602 0.8917 1.0552 0.9704 0.9394 0.8317 0.9651 0.7564
0.6907 0.7891 0.9521 0.9786 0.9909 1.0872 1.1333 1.0685 1.0705 1.2267 1.0087 0.9554 0.9158 0.9278 0.9094 0.7113
0.7080 0.7853 0.8882 0.9757 0.9700 1.0910 1.1037 1.0184 0.9608 1.1523 1.1267 0.9886 1.0548 0.9155 0.9303 0.7295
0.8576 0.9293 0.9178 0.9340 1.0000 1.1296 1.1255 1.0576 1.1225 1.2136 1.0059 1.0182 0.9648 1.0209 0.9094 0.7736
0.8871 0.9326 0.9527 0.9844 1.1443 1.1241 1.1576 1.0402 1.1336 1.0985 1.0473 0.9855 0.9444 0.9187 0.8383 0.8145
0.7813 0.8625 0.9327 0.9808 1.0302 1.0412 1.1256 1.1127 1.0925 1.0964 1.0891 1.0568 0.9611 0.8718 0.8292 0.9304
0.9540 0.8498 0.9120 0.9678 1.0000 1.1162 1.1710 1.0521 1.1258 1.0614 1.1506 1.0361 1.0007 0.9011 0.8217 0.8789
0.8457 0.9210 0.8851 0.9274 1.0368 1.0213 1.1696 1.0324 1.0827 1.1321 1.0449 1.0675 0.9767 1.0141 0.8723 0.8192
0.7648 0.8758 0.9608 1.1028 1.0641 1.0920 1.0771 1.1530 0.9690 1.0291 1.1421 0.8752 0.8783 0.9397 0.9263 0.9056
0.8074 0.7501 0.8543 0.8920 1.0134 1.1270 1.1787 1.0597 1.0521 1.1202 1.0346 0.9915 1.0416 0.9856 0.8826 0.9042
0.8004 0.8753 0.9125 1.0218 1.1856 1.1216 1.1243 0.8671 0.9930 1.1892 1.0373 0.9441 0.9308 1.0000 1.0000 0.6279
0.9464 0.8836 0.9487 1.0151 1.1516 1.0958 1.1126 0.9608 1.0975 0.9902 1.0533 0.9543 0.9719 0.8082 0.7608 0.9055
0.9493 0.9527 0.9510 1.0383 0.9881 1.0901 1.1344 1.0845 1.0760 1.0168 1.0737 0.9159 0.9205 1.0000 0.8086 0.7599
0.7238 0.8188 0.9252 0.9717 1.0637 1.2123 1.1272 1.0822 1.0601 1.0328 1.0747 1.1033 0.9835 0.8017 0.8588 0.7456
0.8099 0.8898 0.9533 1.0172 0.9896 1.0476 1.0970 1.0333 1.0469 1.0106 1.0229 1.0692 0.9788 0.9512 0.9028 0.8353
0.9169 0.7804 0.9077 0.8948 1.0855 1.2013 0.9889 1.1526 1.0733 1.1788 1.0141 1.0547 1.1028 0.9010 0.8615 0.8702
0.7179 0.8620 0.8561 0.8674 1.0388 1.0480 1.1447 1.0147 1.0297 1.1459 1.0946 1.0408 1.0092 0.9842 0.9330 0.8916
0.7443 1.0000 0.9503 0.9233 0.9976 1.1704 1.1319 1.0574 1.0597 1.1405 1.0811 0.9036 0.9714 0.8786 0.8729 0.8655
0.9107 0.9422 1.0415 0.9214 1.1222 1.2165 0.9879 1.0692 1.0818 1.1532 0.9588 1.0717 1.0000 0.8843 0.8679 0.7784
0.9278 0.9149 0.9277 1.0077 0.9441 1.1341 1.0526 1.0645 1.0226 0.9441 1.0341 1.0863 1.0294 1.0083 0.9927 0.8673
0.6381 0.7889 0.9222 0.9849 1.0000 1.0383 1.0081 1.0093 0.9999 1.0865 1.0006 1.0668 0.9750 0.9096 1.0000 0.7631
0.8461 0.8126 1.0150 1.0055 1.1059 1.1491 1.1595 0.9298 1.0705 1.1516 1.1421 1.0209 1.0735 0.8955 0.8559 0.8002
0.8189 0.8066 0.9187 0.9623 1.2208 1.0000 1.0607 1.1769 1.1127 1.0041 1.1987 0.9229 0.9401 0.9159 0.9911 0.9511
0.8910 0.9625 0.9081 1.0164 1.1406 1.1252 1.1721 1.1506 1.1269 1.1004 1.0536 0.9216 0.9273 0.8474 0.7041 0.6863
