0.7203 0.7917 0.8385 0.8803 1.0147 1.0897 1.0514 1.1836 1.1599 1.1796 1.0468 1.0318 1.0501 1.0092 0.8556 0.8539
0.8260 0.8599 0.9329 1.0311 1.0931 1.2421 1.2191 0.9742 1.0554 0.9732 1.1100 1.0079 0.9245 0.8583 0.9648 0.7427
0.6563 0.7061 0.9141 0.9165 0.9495 1.0641 1.1535 1.0986 1.0842 1.2452 1.0270 0.9599 0.8970 0.8960 0.8779 0.7108
0.6640 0.7537 0.8379 0.9457 0.9752 1.0867 1.0981 1.0451 1.0124 1.1918 1.1385 0.9543 1.0302 0.8744 0.9118 0.7678
0.7170 0.7860 0.7877 0.9014 1.0000 1.0372 1.0974 1.0698 1.1547 1.2079 1.0529 1.0226 1.0056 1.0297 0.9271 0.8385
0.8248 0.8453 0.8696 0.9403 1.1227 1.0636 1.1746 1.1438 1.1685 1.1152 1.0600 1.0400 0.9723 0.9368 0.8628 0.8446
0.7865 0.8023 0.8582 0.9469 1.0203 1.0370 1.1739 1.1685 1.1171 1.1075 1.0991 1.0481 0.9638 0.9131 0.8271 0.9180
0.8735 0.7987 0.8567 0.9369 1.0000 1.1142 1.2192 1.1364 1.0787 1.0783 1.1614 1.0831 1.0094 0.9162 0.8409 0.8972
0.8122 0.8676 0.8268 0.8848 0.9974 1.0103 1.1261 1.0342 1.1127 1.1282 1.0526 1.1240 0.9835 1.0118 0.8956 0.8373
0.6970 0.7648 0.8540 0.9615 0.9802 1.0232 1.0374 1.0919 1.0074 1.0516 1.2046 0.9959 0.9308 0.9852 0.9896 0.9754
0.7145 0.6466 0.7357 0.8004 0.9513 1.0428 1.1203 1.0650 1.0336 1.0723 1.0472 0.9474 1.0046 0.9602 0.8425 0.9716
0.7440 0.8245 0.9122 0.9579 1.1539 1.1261 1.1291 0.8959 1.0458 1.2125 1.0866 0.9664 0.9451 1.0000 1.0000 0.6967
0.9195 0.8881 0.9110 1.0222 1.1412 1.1273 1.1889 1.0423 1.1505 1.0713 1.0673 1.0267 0.9676 0.8584 0.8109 0.9058
0.8860 0.8847 0.9397 1.0055 0.9931 1.1010 1.1735 1.1485 1.1127 1.0653 1.1741 0.9462 0.9322 1.0000 0.8256 0.7956
0.7125 0.7486 0.8773 0.9114 1.0006 1.1683 1.0735 1.0597 1.0634 1.0691 1.1022 1.1210 0.9658 0.8777 0.8751 0.8201
0.6516 0.7772 0.8944 0.9511 0.9903 1.0617 1.0978 1.0612 1.0851 1.0324 1.0259 1.0520 0.9828 0.9865 0.9295 0.8503
0.8545 0.7899 0.8807 0.9015 1.0263 1.1583 1.0108 1.1840 1.1696 1.1742 1.0613 1.0363 1.0798 0.9194 0.8735 0.8788
0.7092 0.7537 0.7903 0.8112 0.9905 1.0105 1.1242 1.0095 1.0206 1.0999 1.0645 1.0494 0.9923 1.0123 0.8663 0.8867
0.6860 1.0000 0.8767 0.9013 0.9666 1.1287 1.1364 1.0983 1.0919 1.1764 1.1081 0.9293 0.9623 0.8961 0.8617 0.8574
0.8119 0.8212 0.9017 0.8409 1.0316 1.1464 1.0266 1.0717 1.0867 1.1819 1.0654 1.1407 1.0000 0.9808 0.9391 0.9395
0.8454 0.8767 0.8724 0.9844 0.9836 1.1135 1.0774 1.0638 1.0437 0.9827 1.0711 1.1277 0.9963 0.9900 0.9856 0.9092
0.6091 0.7564 0.9040 0.9697 1.0000 1.0782 1.0565 1.0737 1.0652 1.1140 1.0329 1.0278 0.9838 0.9034 1.0000 0.8032
0.8704 0.8047 0.9332 0.9519 1.0689 1.1563 1.2020 0.9882 1.0939 1.1251 1.1592 1.0142 1.0282 0.9357 0.8717 0.8106
0.7485 0.7996 0.8702 0.9406 1.2233 1.0000 1.1016 1.2068 1.1231 1.0689 1.2315 0.9507 0.9244 0.9180 0.9472 0.9428
0.8477 0.9090 0.8784 0.9442 1.0920 1.1307 1.1744 1.1848 1.2191 1.1620 1.0995 0.9712 0.9664 0.8964 0.7691 0.7407
