0.7329 0.7852 0.8491 0.8845 1.0304 1.0873 1.0595 1.1809 1.1459 1.1870 1.0220 0.9957 1.0298 1.0219 0.8597 0.8710
0.8273 0.8429 0.9600 1.0440 1.0872 1.2288 1.2079 0.9676 1.0072 0.9620 1.1060 0.9983 0.9500 0.8583 0.9835 0.7644
0.6565 0.6960 0.9072 0.9119 0.9433 1.0812 1.1171 1.0766 1.0821 1.2472 0.9980 0.9790 0.9059 0.9145 0.9144 0.7266
0.6476 0.7346 0.8528 0.9571 0.9884 1.0731 1.1126 1.0454 0.9799 1.1553 1.1302 0.9688 1.0344 0.8937 0.9278 0.7598
0.7135 0.7550 0.7993 0.9014 1.0000 1.0022 1.0792 1.0604 1.1841 1.2432 1.0526 1.0387 0.9690 1.0467 0.9548 0.8619
0.8247 0.8479 0.8570 0.9417 1.1407 1.0776 1.1662 1.1062 1.1805 1.1263 1.0632 1.0182 0.9854 0.9379 0.8651 0.8642
0.7397 0.8111 0.8550 0.9241 1.0314 1.0348 1.1632 1.1405 1.1099 1.0736 1.0944 1.0520 0.9896 0.9250 0.8378 0.9572
0.8798 0.7994 0.8685 0.9416 1.0000 1.0834 1.1934 1.1042 1.0963 1.0675 1.1370 1.0966 1.0281 0.9268 0.8552 0.9161
0.8067 0.8725 0.8577 0.8542 1.0228 1.0116 1.1275 1.0468 1.0983 1.1201 1.0501 1.0928 0.9793 1.0358 0.9145 0.8365
0.6805 0.7579 0.8459 0.9570 0.9999 1.0044 1.0651 1.1070 0.9715 1.0377 1.1649 0.9722 0.9127 0.9735 1.0065 1.0192
0.7190 0.6553 0.7368 0.8069 0.9405 1.0360 1.1294 1.0196 1.0287 1.0744 1.0180 0.9649 1.0165 0.9894 0.8643 0.9618
0.7456 0.8431 0.9160 0.9880 1.1604 1.1301 1.1338 0.8798 1.0321 1.2370 1.0701 0.9715 0.9496 1.0000 1.0000 0.7148
0.9234 0.8840 0.8960 1.0068 1.1469 1.0895 1.1613 1.0165 1.1296 1.0549 1.0687 1.0331 1.0110 0.8491 0.8450 0.9582
0.8969 0.9042 0.9521 1.0040 0.9965 1.1023 1.1694 1.1260 1.0888 1.0597 1.1692 0.9341 0.9539 1.0000 0.8400 0.8099
0.6645 0.7315 0.8425 0.8970 0.9935 1.1651 1.0858 1.0560 1.0538 1.0834 1.0969 1.1264 0.9938 0.8685 0.9018 0.8300
0.6725 0.7915 0.9224 0.9887 0.9823 1.0398 1.0951 1.0382 1.0881 1.0161 1.0033 1.0594 0.9994 0.9815 0.9156 0.8684
0.8713 0.7672 0.8747 0.8834 1.0246 1.1545 0.9847 1.1883 1.1412 1.1836 1.0517 1.0343 1.1116 0.9353 0.8857 0.9029
0.6900 0.7690 0.7863 0.8124 1.0058 1.0047 1.1255 0.9952 1.0011 1.1043 1.0844 1.0622 1.0206 1.0297 0.8884 0.9083
0.6892 1.0000 0.8860 0.9176 0.9704 1.1252 1.1251 1.0488 1.0856 1.1516 1.0824 0.9098 1.0023 0.9088 0.8880 0.8948
0.8253 0.8083 0.9116 0.8472 1.0336 1.1480 1.0052 1.0680 1.0761 1.1849 1.0470 1.1246 1.0000 0.9719 0.9620 0.9280
0.8746 0.8834 0.8816 0.9463 0.9459 1.0906 1.0683 1.0548 1.0363 0.9697 1.0541 1.1175 1.0153 0.9915 1.0081 0.9611
0.6097 0.7717 0.9119 0.9689 1.0000 1.0545 1.0677 1.0670 1.0398 1.0915 1.0194 1.0668 0.9941 0.9094 1.0000 0.8146
0.8499 0.7901 0.9509 0.9451 1.0598 1.1595 1.1787 0.9503 1.0820 1.1373 1.1585 1.0230 1.0271 0.9301 0.8858 0.8330
0.7602 0.7876 0.8757 0.9478 1.2261 1.0000 1.0761 1.1833 1.1070 1.0647 1.2360 0.9443 0.9295 0.9336 0.9664 0.9620
0.8314 0.9179 0.8810 0.9426 1.0819 1.0955 1.1782 1.1919 1.1834 1.1681 1.1052 0.9841 0.9719 0.8993 0.7904 0.7744
