0.7286 0.7777 0.8646 0.8895 1.0057 1.0816 1.0448 1.1802 1.1690 1.1737 1.0270 1.0174 1.0338 1.0259 0.8666 0.8629
0.8326 0.8296 0.9451 1.0357 1.0849 1.2286 1.2074 0.9713 1.0291 0.9584 1.1089 1.0048 0.9305 0.8635 1.0028 0.7688
0.6397 0.6944 0.9008 0.9053 0.9488 1.0857 1.1353 1.0779 1.0784 1.2404 1.0014 0.9602 0.9068 0.9261 0.9062 0.7292
0.6562 0.7308 0.8460 0.9473 0.9696 1.0686 1.1115 1.0485 1.0028 1.1702 1.1255 0.9664 1.0389 0.8919 0.9350 0.7620
0.7034 0.7461 0.7857 0.8959 1.0000 1.0013 1.0675 1.0700 1.1907 1.2351 1.0366 1.0346 0.9690 1.0458 0.9558 0.8624
0.8188 0.8389 0.8496 0.9385 1.1366 1.0863 1.1903 1.0995 1.1789 1.1358 1.0648 1.0213 0.9815 0.9221 0.8654 0.8648
0.7491 0.8221 0.8641 0.9271 1.0289 1.0283 1.1557 1.1699 1.1021 1.0788 1.0916 1.0398 0.9804 0.9284 0.8325 0.9493
0.8628 0.8029 0.8538 0.9261 1.0000 1.0884 1.1901 1.1126 1.1053 1.0804 1.1535 1.0947 1.0309 0.9368 0.8468 0.9221
0.8114 0.8683 0.8687 0.8636 1.0093 1.0167 1.1314 1.0341 1.1044 1.1188 1.0521 1.0973 0.9880 1.0342 0.8944 0.8479
0.6933 0.7466 0.8577 0.9430 0.9892 1.0087 1.0527 1.1173 1.0000 1.0431 1.1898 0.9775 0.9148 0.9828 0.9963 1.0098
0.7097 0.6360 0.7268 0.7900 0.9385 1.0305 1.1299 1.0406 1.0266 1.0802 1.0293 0.9668 1.0177 0.9773 0.8732 0.9547
0.7361 0.8284 0.9105 0.9704 1.1635 1.1379 1.1269 0.8875 1.0438 1.2390 1.0884 0.9851 0.9452 1.0000 1.0000 0.6884
0.9232 0.8750 0.8959 1.0065 1.1451 1.0966 1.1749 1.0324 1.1178 1.0499 1.0794 1.0281 1.0030 0.8507 0.8323 0.9596
0.8840 0.8987 0.9597 1.0095 0.9910 1.1126 1.1758 1.1379 1.1083 1.0594 1.1611 0.9294 0.9339 1.0000 0.8382 0.8054
0.6694 0.7379 0.8442 0.8860 0.9822 1.1714 1.0711 1.0411 1.0716 1.0776 1.1023 1.1185 1.0021 0.8915 0.9125 0.8385
0.6684 0.7914 0.9137 0.9973 0.9772 1.0319 1.1006 1.0336 1.0909 0.9945 1.0130 1.0645 1.0090 0.9615 0.9277 0.8795
0.8800 0.7738 0.8685 0.8814 1.0256 1.1521 0.9939 1.1728 1.1551 1.1920 1.0573 1.0290 1.0914 0.9375 0.8873 0.9089
0.6997 0.7612 0.7849 0.8152 1.0114 0.9991 1.1273 0.9900 0.9925 1.0878 1.0965 1.0597 1.0268 1.0444 0.8870 0.9188
0.6884 1.0000 0.8884 0.9111 0.9783 1.1267 1.1110 1.0670 1.0839 1.1777 1.0747 0.9073 0.9894 0.9116 0.8743 0.9050
0.8350 0.8008 0.9141 0.8386 1.0434 1.1338 1.0117 1.0822 1.0622 1.1792 1.0536 1.1250 1.0000 0.9775 0.9659 0.9299
0.8522 0.8669 0.8771 0.9703 0.9375 1.0933 1.0758 1.0525 1.0590 0.9728 1.0649 1.1228 0.9987 0.9798 1.0073 0.9468
0.6267 0.7731 0.9075 0.9847 1.0000 1.0758 1.0519 1.0631 1.0432 1.1029 1.0266 1.0564 0.9851 0.9096 1.0000 0.7966
0.8542 0.7834 0.9483 0.9525 1.0651 1.1637 1.1644 0.9687 1.0854 1.1327 1.1535 1.0162 1.0261 0.9254 0.8903 0.8275
0.7593 0.7785 0.8529 0.9378 1.2104 1.0000 1.0937 1.1861 1.1106 1.0657 1.2484 0.9461 0.9480 0.9319 0.9626 0.9657
0.8170 0.9222 0.8747 0.9680 1.0812 1.1028 1.1707 1.1904 1.2050 1.1929 1.1008 0.9885 0.9661 0.8977 0.7753 0.7424
