1.4917 1.3680 1.3146 1.3003 1.0521 0.9814 1.1492 0.9917 0.9527 1.0123 0.8061 0.8289 0.8120 0.7662 0.6520 0.6648
1.0000 0.7947 1.0714 1.0253 0.9248 0.9145 1.1345 1.0049 0.9965 1.0667 1.0455 0.8820 0.9216 1.1349 1.0852 1.0000
1.3007 1.2363 1.4504 2.1381 1.0250 1.1403 1.0000 0.8455 1.0589 1.0406 0.8650 0.8160 0.9903 1.0858 0.8723 1.0891
1.0197 0.9215 0.7986 0.9278 0.8587 0.9707 0.9400 0.8961 1.0530 1.0100 1.0380 1.0831 0.9765 0.9683 0.9885 1.6559
1.1664 1.1485 0.9889 1.0262 1.0401 1.0612 1.1172 1.1369 1.0175 1.1943 1.2235 1.0022 0.9236 0.9504 0.9974 0.9781
0.7854 0.8286 0.7317 0.9523 0.8735 0.9829 1.1038 1.0147 0.9333 1.0817 1.0702 1.1652 1.0562 1.0626 1.1906 1.2645
1.5776 1.3641 1.2968 1.1605 1.1607 1.0486 1.0403 0.8936 0.8885 0.7989 0.8329 0.7574 0.7992 0.9374 1.0000 0.8542
1.0277 0.9480 1.0249 0.9033 0.8606 1.0431 1.0200 1.0778 1.1985 0.9716 1.0023 1.0003 0.9132 0.9521 1.0065 1.1059
0.9897 0.9116 1.1560 1.0524 1.0901 1.2288 0.9174 1.1489 1.1033 0.9302 1.0386 0.9869 0.9727 0.9762 1.0250 1.1169
1.0087 0.8355 1.1316 0.8891 0.9054 0.9927 0.8981 1.2047 0.9414 0.9913 0.9548 1.0135 1.1064 1.0956 1.0535 1.4959
0.7244 1.0880 1.2817 0.8254 1.1012 1.1724 1.0502 1.0053 1.0277 0.9037 0.9683 0.8092 1.0417 0.9143 0.7913 1.3703
0.8228 0.8475 0.9023 0.9234 0.8575 0.9296 1.0202 0.9288 0.9846 1.0982 1.0835 1.1145 1.1460 1.2134 1.1959 1.0276
1.1063 1.0382 0.9368 1.0876 0.9495 1.1780 1.0862 1.3890 0.7840 1.2574 1.0301 0.8030 0.8823 0.8459 0.7944 0.9297
1.1504 0.9300 1.1978 0.9299 0.7436 0.9258 0.8821 1.0328 1.0566 1.0438 1.0767 0.9964 0.9939 1.0429 1.0769 1.0371
1.4271 1.4518 1.0038 1.0909 1.2408 1.0416 1.1039 1.0750 0.9500 0.8012 0.8568 0.7936 0.7162 0.6275 0.6490 0.7250
0.7461 0.9228 0.8835 0.7908 0.9371 0.8893 0.9757 0.9371 1.0000 0.9462 1.1171 1.2868 1.0000 1.3205 1.3746 1.3772
1.0578 0.9251 1.1797 1.0000 1.0192 0.9719 1.0746 1.0712 0.9753 0.9322 0.9494 0.9695 0.9308 0.9763 1.1676 0.9948
0.8083 0.7952 0.8218 0.8968 0.7437 0.7558 0.9854 0.9657 0.9910 1.0000 1.0000 1.2216 1.0000 1.2278 1.2259 1.2884
1.7308 1.2994 1.6242 1.2810 1.0410 1.2168 1.0929 1.0645 1.0060 0.9423 0.8063 0.7705 0.6929 0.7071 0.8705 0.8673
0.8930 0.9159 0.9677 1.1529 0.9065 1.0273 0.9880 1.0208 1.2408 1.0778 1.1017 1.0080 1.0318 1.1015 0.6431 0.6513
1.3805 1.0757 1.0000 1.0311 1.1304 1.1298 0.9988 1.0426 0.9570 0.9927 0.9259 1.0344 0.8663 0.9628 0.8996 1.0187
0.8040 0.5559 0.8090 0.6984 0.9474 0.9269 0.9683 0.9267 0.9731 1.0391 1.0416 1.2234 1.1765 1.1030 1.1165 1.4787
0.9715 1.1661 1.0764 0.9300 0.9822 0.9985 1.0676 1.1204 1.0000 1.6120 0.9864 0.8986 0.8948 0.8335 0.7593 0.9887
0.7580 0.7935 0.8498 0.9457 0.8466 0.7971 0.8492 1.0910 1.1532 1.0006 1.0629 1.0916 1.1848 1.2883 0.6655 1.4291
1.3192 1.2082 1.0758 1.1545 1.0724 1.2337 1.2043 1.1780 0.9423 0.8759 0.8815 1.0209 0.9651 0.8384 0.6677 1.0064
