0.7187 0.7775 0.8589 0.8751 1.0514 1.0942 1.0561 1.1809 1.1793 1.1802 1.0268 1.0287 1.0354 1.0101 0.8518 0.8467
0.8336 0.8463 0.9415 1.0194 1.0912 1.2254 1.2118 0.9877 1.0558 0.9758 1.1232 1.0234 0.9220 0.8490 0.9839 0.7704
0.6466 0.6990 0.9070 0.9123 0.9531 1.0690 1.1512 1.0845 1.0832 1.2443 1.0191 0.9534 0.8862 0.9213 0.8979 0.7279
0.6677 0.7365 0.8397 0.9721 0.9651 1.0763 1.1189 1.0401 1.0023 1.1711 1.1379 0.9745 1.0485 0.8748 0.9099 0.7576
0.7161 0.7792 0.8088 0.9043 1.0000 1.0363 1.0824 1.0314 1.1775 1.2176 1.0657 1.0290 0.9876 1.0533 0.9431 0.8201
0.8157 0.8374 0.8689 0.9319 1.1180 1.0811 1.1756 1.1498 1.1828 1.1402 1.0464 1.0516 0.9748 0.9348 0.8515 0.8423
0.7632 0.7956 0.8606 0.9391 1.0235 1.0383 1.1691 1.1623 1.1124 1.0890 1.1034 1.0436 0.9780 0.9131 0.8245 0.9360
0.8844 0.7976 0.8550 0.9452 1.0000 1.1174 1.2141 1.1388 1.1029 1.0692 1.1372 1.0786 1.0136 0.9173 0.8334 0.8867
0.8256 0.8676 0.8469 0.8721 1.0277 1.0194 1.1386 1.0248 1.0975 1.1286 1.0418 1.1070 0.9778 1.0288 0.8873 0.8488
0.6858 0.7222 0.8485 0.9664 0.9613 1.0389 1.0516 1.1152 1.0389 1.0421 1.1910 0.9979 0.9212 0.9832 0.9785 0.9744
0.7256 0.6436 0.7307 0.7790 0.9531 1.0520 1.1466 1.0474 1.0258 1.0545 1.0208 0.9566 1.0138 0.9825 0.8513 0.9770
0.7440 0.8177 0.8969 0.9732 1.1408 1.1316 1.1213 0.8808 1.0479 1.2084 1.1030 0.9786 0.9525 1.0000 1.0000 0.7246
0.9525 0.8843 0.9014 1.0158 1.1379 1.1152 1.1749 1.0492 1.1362 1.0550 1.0513 1.0211 0.9730 0.8538 0.8206 0.9267
0.8994 0.8703 0.9738 0.9965 0.9971 1.1180 1.1820 1.1459 1.1293 1.0670 1.1671 0.9404 0.9345 1.0000 0.8110 0.7808
0.6911 0.7402 0.8751 0.8947 1.0001 1.1526 1.0740 1.0615 1.0928 1.0879 1.1364 1.1576 0.9817 0.8593 0.8553 0.7638
0.6758 0.7987 0.9201 0.9679 1.0001 1.0430 1.0821 1.0513 1.0772 1.0213 1.0248 1.0632 0.9943 0.9800 0.9197 0.8509
0.8567 0.7976 0.8709 0.8969 1.0362 1.1688 1.0225 1.1712 1.1499 1.1728 1.0675 1.0320 1.0584 0.9253 0.8770 0.8851
0.7145 0.7497 0.7949 0.8040 1.0034 1.0046 1.1132 1.0095 1.0068 1.1149 1.0750 1.0350 1.0029 1.0125 0.8780 0.8701
0.7051 1.0000 0.8886 0.9127 1.0011 1.1325 1.1439 1.0956 1.0828 1.1626 1.0849 0.9161 0.9622 0.8885 0.8586 0.8677
0.8313 0.8321 0.9086 0.8435 1.0381 1.1508 1.0009 1.0765 1.0854 1.1800 1.0617 1.1333 1.0000 0.9966 0.9481 0.9156
0.8558 0.8810 0.8737 0.9669 0.9727 1.1170 1.0880 1.0518 1.0438 0.9813 1.0600 1.1221 1.0119 0.9920 0.9892 0.9312
0.6163 0.7640 0.8905 0.9626 1.0000 1.0712 1.0572 1.0855 1.0430 1.1000 1.0536 1.0400 0.9814 0.9142 1.0000 0.7986
0.8623 0.7941 0.9354 0.9241 1.0803 1.1648 1.2021 0.9814 1.0773 1.1506 1.1559 1.0126 1.0316 0.9389 0.8830 0.8143
0.7509 0.7891 0.8693 0.9374 1.2052 1.0000 1.0955 1.2112 1.1023 1.0718 1.2571 0.9549 0.9455 0.9204 0.9379 0.9414
0.8496 0.9321 0.8917 0.9724 1.0945 1.1314 1.1626 1.1832 1.1829 1.1868 1.0857 0.9728 0.9574 0.8866 0.7783 0.7235
