0.7455 0.7961 0.8676 0.8690 1.0128 1.0978 1.0419 1.1784 1.1740 1.1638 1.0375 1.0284 1.0426 1.0277 0.8540 0.8396
0.8413 0.8521 0.9450 1.0275 1.0834 1.2154 1.2167 0.9937 1.0500 0.9828 1.1123 1.0010 0.9252 0.8603 0.9559 0.7348
0.6561 0.6873 0.8891 0.9043 0.9493 1.0599 1.1472 1.0952 1.0977 1.2392 1.0269 0.9936 0.9007 0.9008 0.8729 0.7060
0.6746 0.7503 0.8542 0.9533 0.9709 1.0908 1.1208 1.0577 0.9931 1.1897 1.1501 0.9615 1.0254 0.8603 0.9049 0.7270
0.7153 0.7694 0.8202 0.8844 1.0000 1.0212 1.1098 1.0670 1.1239 1.2292 1.0887 1.0569 0.9524 1.0065 0.8906 0.7716
0.8274 0.8455 0.8805 0.9608 1.1221 1.0622 1.1832 1.1480 1.1822 1.1245 1.0757 1.0164 0.9466 0.9333 0.8457 0.8428
0.7680 0.7932 0.8513 0.9340 1.0074 1.0541 1.1839 1.1860 1.1188 1.1039 1.1115 1.0526 0.9651 0.9148 0.8038 0.9191
0.8658 0.8067 0.8595 0.9460 1.0000 1.1319 1.2224 1.1604 1.0577 1.0564 1.1641 1.1058 1.0140 0.9101 0.8212 0.8842
0.8120 0.8570 0.8417 0.8951 1.0078 1.0249 1.1381 1.0405 1.1090 1.1279 1.0611 1.1329 0.9638 1.0091 0.8788 0.8174
0.6796 0.7493 0.8373 0.9765 0.9797 1.0274 1.0669 1.1014 1.0293 1.0830 1.1969 1.0129 0.9219 0.9961 0.9379 0.9359
0.7327 0.6570 0.7376 0.7762 0.9448 1.0254 1.1443 1.0431 1.0547 1.0680 1.0401 0.9715 0.9955 0.9718 0.8416 0.9660
0.7473 0.8158 0.9218 0.9781 1.1534 1.1167 1.1223 0.8997 1.0619 1.2096 1.0859 0.9564 0.9259 1.0000 1.0000 0.6750
0.9440 0.8807 0.9291 1.0189 1.1398 1.1588 1.1805 1.0391 1.1447 1.0415 1.0696 1.0288 0.9655 0.8263 0.8148 0.8854
0.8804 0.8847 0.9638 1.0130 0.9939 1.1036 1.1642 1.1461 1.1269 1.0647 1.1815 0.9548 0.9347 1.0000 0.8127 0.7774
0.6942 0.7648 0.8862 0.8889 1.0282 1.1580 1.0767 1.0482 1.0478 1.0732 1.1635 1.1696 1.0044 0.8686 0.8330 0.7627
0.6847 0.8110 0.9330 0.9994 0.9951 1.0640 1.0852 1.0519 1.0920 1.0269 1.0308 1.0605 0.9832 0.9546 0.8886 0.8304
0.8525 0.8113 0.8643 0.9130 1.0386 1.1742 1.0137 1.1784 1.1404 1.1938 1.0818 1.0290 1.0580 0.9334 0.8606 0.8514
0.7281 0.7696 0.8097 0.8162 1.0063 1.0122 1.1105 1.0086 1.0229 1.0962 1.0815 1.0264 1.0204 1.0160 0.8515 0.8595
0.7078 1.0000 0.8841 0.9206 0.9888 1.1559 1.1454 1.1101 1.0767 1.1513 1.0951 0.9155 0.9573 0.8977 0.8476 0.8508
0.8384 0.8115 0.9453 0.8722 1.0250 1.1222 1.0035 1.0946 1.0791 1.2068 1.0686 1.1179 1.0000 0.9905 0.9131 0.8894
0.8526 0.8687 0.8751 0.9949 0.9744 1.1170 1.0883 1.0569 1.0635 1.0204 1.0696 1.1128 1.0111 0.9911 0.9687 0.8695
0.6174 0.7574 0.8977 0.9761 1.0000 1.0619 1.0712 1.0784 1.0688 1.1128 1.0524 1.0394 0.9855 0.8968 1.0000 0.7607
0.8644 0.7966 0.9408 0.9404 1.0626 1.1604 1.1801 0.9975 1.1048 1.1574 1.1699 1.0084 1.0146 0.9313 0.8437 0.8185
0.7498 0.7978 0.8732 0.9296 1.2080 1.0000 1.0943 1.2114 1.1148 1.0732 1.2374 0.9751 0.9457 0.9255 0.9421 0.9156
0.8547 0.9131 0.9073 0.9800 1.0975 1.1065 1.1516 1.1592 1.1613 1.1656 1.1071 0.9819 0.9535 0.8952 0.7737 0.7700
