1.3537 1.1823 1.0357 1.0741 0.9707 0.9318 1.0580 0.9012 1.1184 1.1461 0.8527 0.8646 0.9417 0.8405 0.8048 0.9281
1.0000 1.0998 1.3254 1.2614 1.1378 0.9932 1.1011 0.9705 0.8855 0.8957 0.8688 0.8671 0.8694 0.8909 0.8454 1.0000
1.0169 0.8934 0.9847 1.1556 0.8438 0.9345 1.0000 0.9486 0.9780 1.0457 0.9356 0.9662 1.0411 1.1709 1.0607 1.2390
1.3341 1.2110 1.1703 1.1300 1.0191 1.0623 1.1002 0.8990 0.9558 0.8696 0.8863 0.9395 0.8101 0.9391 0.7858 0.9905
1.2135 0.9632 0.8985 1.0287 0.9564 1.0111 0.9827 0.9194 1.0128 1.0873 0.9721 1.0845 0.8876 1.0815 1.0382 1.2685
1.2545 1.1233 1.0279 1.1504 0.9805 1.0739 1.0406 0.9478 0.9199 0.9872 0.9952 0.8396 0.8632 0.8302 1.0036 0.9515
1.2188 1.1195 1.0540 1.0030 0.9599 0.9625 1.0252 0.9730 0.8986 1.0419 0.9534 0.8354 0.9611 1.0240 1.0000 1.0471
1.3756 1.2440 1.1608 1.1072 1.1448 1.1069 1.0428 1.0116 1.0854 0.9034 0.8989 0.8274 0.7867 0.7880 0.7431 0.8040
0.6662 0.7054 0.8883 0.7513 0.9265 0.9597 0.8276 1.0448 1.0276 0.8987 1.0499 0.9754 1.1979 1.0064 1.1900 1.1777
1.1723 0.9937 1.0157 1.1104 1.0178 0.9658 0.9409 1.1832 0.8892 0.8623 0.9265 0.8937 0.9822 0.9580 1.0566 1.0281
0.7133 0.7570 0.9299 0.8298 0.9951 0.9799 0.9021 1.0173 0.9691 0.9559 1.0947 0.9240 1.1953 1.1029 0.9462 1.3097
1.2735 1.1606 1.2292 1.2460 1.1051 1.1313 1.1391 0.9632 0.9833 0.8777 0.8321 0.8512 0.8186 0.7845 0.8183 0.7863
1.0054 0.8357 0.8180 0.9106 0.8761 0.9284 0.8512 1.0722 0.9483 1.0937 1.2065 1.0165 1.1081 1.1687 1.1485 1.5225
1.2471 1.0862 1.1535 1.0606 0.8660 1.0019 1.0481 1.0225 0.9451 0.8618 0.9312 0.8755 0.9699 0.8625 1.0048 1.0650
1.1537 1.1727 0.9345 0.9238 1.0610 1.0565 0.9942 1.0735 0.9923 0.9285 0.9441 0.9731 0.9599 0.8049 0.7834 0.9558
1.0461 0.8909 1.0672 0.9186 1.0191 1.0668 0.9762 1.0097 1.0000 0.9122 0.9378 1.1204 1.0000 0.9910 0.9672 1.0975
0.9226 0.9148 0.9103 1.0000 0.9915 0.9299 1.0216 1.0992 1.0094 1.0169 1.0591 0.9994 1.0449 1.0967 1.2406 1.2312
1.4831 1.3546 1.0510 1.2774 0.9835 0.9982 1.1396 0.9663 0.9158 1.0000 1.0000 0.9016 1.0000 0.8372 0.8882 0.8894
1.5084 1.0190 1.1340 0.9212 0.7877 1.1046 1.0096 0.9871 1.0903 1.0383 0.9194 1.0308 0.9044 0.8905 0.9918 1.1573
1.1727 1.1076 1.1601 1.2005 0.9826 1.0303 0.9456 0.9130 0.9989 1.0287 0.9130 0.8114 0.8304 0.7946 0.5295 0.5219
1.1875 0.9266 1.0000 0.9159 1.0704 1.0196 0.9155 1.0203 0.9637 1.0762 0.9807 1.0702 0.9245 1.0712 1.0404 1.1203
0.7755 0.8020 1.0395 1.0232 1.0894 1.0475 0.9936 0.9803 0.9313 1.0639 0.9560 0.9601 0.9968 0.9467 0.9735 1.1585
1.0265 0.8871 0.9058 0.9805 0.8707 0.9348 0.8754 0.9298 1.0000 1.1041 0.9440 0.9612 1.1713 1.2911 1.3781 1.7276
1.0429 1.0743 0.8982 1.0585 0.9110 0.9977 0.9613 1.0179 1.0994 0.8902 0.9876 1.0184 0.9387 1.0177 0.5458 1.0324
1.0813 0.9383 0.8919 0.9253 0.9387 0.9798 1.0377 1.0004 0.9924 0.9048 1.0466 0.9875 1.0877 0.9836 1.0372 1.1900
