1.3563 1.1862 1.0444 1.0810 0.9751 0.9300 1.0561 0.9001 1.1079 1.1454 0.8552 0.8611 0.9387 0.8409 0.8017 0.9198
1.0000 1.0927 1.3278 1.2637 1.1422 0.9972 1.0999 0.9759 0.8794 0.8962 0.8703 0.8667 0.8709 0.8825 0.8334 1.0000
1.0174 0.9024 0.9672 1.1526 0.8395 0.9311 1.0000 0.9434 0.9639 1.0397 0.9381 0.9713 1.0433 1.1700 1.0647 1.2439
1.3362 1.2252 1.1721 1.1328 1.0177 1.0640 1.0944 0.8991 0.9552 0.8670 0.8916 0.9366 0.8035 0.9372 0.7761 0.9906
1.2213 0.9664 0.9005 1.0380 0.9591 1.0119 0.9893 0.9160 1.0087 1.0811 0.9893 1.0787 0.8782 1.0758 1.0332 1.2564
1.2474 1.0958 1.0195 1.1457 0.9795 1.0708 1.0466 0.9523 0.9258 0.9969 1.0003 0.8459 0.8698 0.8338 1.0058 0.9606
1.2247 1.1280 1.0587 1.0029 0.9575 0.9651 1.0273 0.9719 0.8910 1.0422 0.9525 0.8337 0.9637 1.0223 1.0000 1.0475
1.3735 1.2435 1.1657 1.1054 1.1507 1.1085 1.0483 1.0132 1.0793 0.9062 0.8896 0.8192 0.7860 0.7818 0.7398 0.7958
0.6683 0.7104 0.8888 0.7488 0.9363 0.9588 0.8261 1.0364 1.0269 0.8966 1.0419 0.9753 1.1998 1.0095 1.1956 1.1927
1.1810 0.9923 1.0170 1.1106 1.0150 0.9659 0.9438 1.1801 0.8891 0.8637 0.9247 0.8955 0.9791 0.9570 1.0588 1.0279
0.7151 0.7583 0.9237 0.8301 0.9934 0.9767 0.8989 1.0186 0.9668 0.9564 1.0966 0.9220 1.1989 1.1049 0.9539 1.3059
1.2685 1.1543 1.2310 1.2473 1.1025 1.1290 1.1357 0.9582 0.9844 0.8841 0.8280 0.8536 0.8193 0.7827 0.8266 0.7886
1.0121 0.8370 0.8177 0.9080 0.8797 0.9291 0.8546 1.0692 0.9530 1.0953 1.2087 1.0107 1.1004 1.1660 1.1446 1.5205
1.2482 1.0857 1.1511 1.0571 0.8664 1.0025 1.0480 1.0257 0.9514 0.8680 0.9342 0.8756 0.9647 0.8597 1.0029 1.0630
1.1545 1.1688 0.9352 0.9238 1.0603 1.0580 0.9974 1.0746 0.9917 0.9294 0.9424 0.9749 0.9602 0.7989 0.7799 0.9555
1.0543 0.8936 1.0690 0.9196 1.0208 1.0674 0.9776 1.0106 1.0000 0.9114 0.9347 1.1072 1.0000 0.9872 0.9615 1.1013
0.9158 0.9106 0.9077 1.0000 0.9957 0.9327 1.0244 1.1023 1.0153 1.0257 1.0512 0.9933 1.0487 1.0916 1.2421 1.2343
1.4816 1.3577 1.0565 1.2820 0.9927 1.0045 1.1455 0.9634 0.9204 1.0000 1.0000 0.8921 1.0000 0.8344 0.8770 0.8866
1.5055 1.0156 1.1309 0.9166 0.7872 1.1055 1.0130 0.9905 1.0868 1.0394 0.9127 1.0313 0.9036 0.8916 0.9987 1.1587
1.1676 1.1068 1.1557 1.2099 0.9898 1.0319 0.9479 0.9180 0.9984 1.0287 0.9120 0.8065 0.8286 0.7862 0.5274 0.5213
1.1972 0.9385 1.0000 0.9436 1.1207 1.0541 0.9312 1.0407 0.9672 1.0587 0.9578 1.0505 0.8917 1.0484 0.9871 1.1007
0.7709 0.7843 1.0314 1.0208 1.1009 1.0474 0.9708 0.9707 0.9292 1.0706 0.9642 0.9594 0.9986 0.9582 0.9819 1.1732
1.0267 0.8863 0.9040 0.9843 0.8736 0.9400 0.8782 0.9326 1.0000 1.1151 0.9421 0.9539 1.1673 1.2744 1.3613 1.7203
1.0437 1.0838 0.9046 1.0661 0.9168 0.9910 0.9599 1.0206 1.0943 0.8913 0.9922 1.0192 0.9328 1.0074 0.5458 1.0355
1.0911 0.9607 0.8978 0.9304 0.9460 0.9861 1.0389 1.0036 0.9875 0.9032 1.0375 0.9809 1.0897 0.9782 1.0278 1.1784
