1.2589 1.1457 1.1489 1.1744 1.0492 0.9987 1.0992 0.8761 1.1620 1.1431 0.9040 0.8131 0.9337 0.7594 0.7685 0.7663
1.0000 1.0237 1.0010 1.2135 1.1376 1.0006 1.0129 0.9945 0.9024 0.9968 0.9710 0.9388 0.9766 1.0145 0.8306 1.0000
1.1670 1.0499 0.9410 1.4719 0.9894 1.0432 1.0000 0.9216 1.0222 1.0693 1.0771 0.9168 0.9935 0.9608 0.9079 0.9204
1.1859 0.9948 1.0761 1.1710 1.0051 1.0986 1.1358 0.9676 1.0349 0.9413 0.9529 0.9473 0.8692 0.8863 0.8549 0.9461
1.5138 1.1097 1.0666 1.0478 0.9516 0.9413 0.9944 0.9547 0.8025 0.8652 0.9385 1.1091 0.9175 1.0427 1.0698 1.2679
1.0057 1.0782 0.9067 0.9992 0.9271 1.0541 1.1098 0.9922 0.8063 1.1410 0.9063 1.0226 0.9843 0.9628 1.0005 1.1469
1.2911 1.1444 1.1057 1.0512 0.9986 0.9028 0.9583 0.8955 0.8849 1.0302 0.9773 0.8497 0.9765 1.0632 1.0000 1.0281
1.1003 1.2032 0.9482 1.0624 1.0499 1.0901 1.1193 1.0422 1.1204 0.9432 0.9515 0.9234 0.8764 0.7878 0.8556 0.9366
0.7368 0.7881 0.9864 0.8112 0.8760 0.9470 0.8539 1.0977 1.0800 0.9471 1.1081 1.0454 1.1937 0.8242 1.2585 1.0783
0.9339 0.8625 0.8382 1.0679 0.9916 1.0049 0.9935 0.9477 0.9002 0.9946 0.9299 1.0003 1.1165 1.0463 1.1664 1.3273
0.6287 0.7705 0.9154 0.8966 0.9012 1.0124 0.9678 1.1319 1.0803 0.9923 0.9318 0.9891 1.0991 1.0948 0.9643 1.0482
1.1712 1.0229 1.1010 1.1882 1.0124 1.1122 1.1762 0.9786 1.0298 0.9166 0.8753 0.9224 0.9082 0.8545 0.9466 0.7863
0.9777 1.0337 1.0218 1.1076 1.0421 0.8865 0.8173 1.1988 0.9129 0.9966 1.1150 0.8445 0.9450 1.0747 0.9906 1.2288
1.0093 0.9362 0.9759 0.8008 0.9152 0.9464 0.8889 1.0888 1.0072 1.0114 1.0511 1.0094 1.0760 1.0150 1.1393 1.0944
1.2871 1.1089 1.0006 1.0044 1.0739 1.1293 1.0900 1.0888 0.9879 0.8040 0.9526 0.9634 0.9357 0.7132 0.6741 0.7361
0.8908 0.9663 1.0773 0.8888 0.8959 1.0450 1.0241 1.0223 1.0000 0.9042 1.0020 0.9160 1.0000 1.1137 1.1493 1.3156
1.0119 0.9299 1.0154 1.0000 0.9156 0.9750 1.0791 0.8902 1.0128 1.0629 1.0686 1.0211 1.0057 0.9848 1.0851 1.2017
1.3140 1.2923 0.9359 1.2837 0.9575 1.0120 1.1548 0.9042 0.8677 1.0000 1.0000 0.9569 1.0000 0.8563 0.9624 0.9655
1.3683 1.0148 1.3289 1.0118 0.8650 1.1497 1.0546 1.0059 1.0933 0.9696 0.9022 0.9662 0.8788 0.8566 0.8314 1.0341
1.0870 1.0577 1.1484 1.1593 1.0194 1.0492 0.9607 0.9640 1.0550 1.1713 0.9223 0.8407 0.7956 0.7641 0.5702 0.5402
1.3882 0.9880 1.0000 0.9444 1.2070 1.1245 0.9814 1.0204 1.0106 0.8459 0.9461 1.1453 0.9087 1.0754 0.9664 0.8631
0.5295 0.6240 0.9372 0.9208 0.8820 1.0007 1.0027 1.0331 1.0109 1.0011 1.0309 1.1637 1.1542 0.9330 0.9640 1.3008
1.0935 0.9023 0.9833 0.8701 0.9003 0.9479 0.9570 1.0128 1.0000 1.2042 0.9752 0.9467 1.0545 1.1478 1.0516 0.9737
0.9623 0.9336 0.8039 0.9845 0.8565 0.9800 0.8624 0.8785 1.1278 0.9820 1.0700 1.1480 1.0688 1.0511 0.5458 1.2221
1.5278 1.2679 1.1558 1.2667 1.1847 1.1192 1.1932 0.9929 0.9432 0.8278 0.9698 0.8087 0.8641 0.7812 0.7199 0.8443
