0.7605 0.8118 0.8888 0.9068 1.0345 1.0950 1.0470 1.1591 1.1309 1.1464 1.0169 0.9675 1.0571 1.0245 0.8618 0.8745
0.8742 0.8744 0.9913 1.0738 1.1165 1.2545 1.2058 0.9307 0.9688 0.9112 1.0793 0.9832 0.9367 0.8453 0.9897 0.7736
0.6608 0.7445 0.9133 0.9312 0.9592 1.0979 1.1007 1.0621 1.0505 1.2170 1.0093 0.9767 0.9153 0.9300 0.9226 0.7200
0.6643 0.7420 0.8722 0.9751 0.9779 1.0824 1.0944 1.0203 0.9700 1.1332 1.1140 0.9886 1.0460 0.8977 0.9501 0.7711
0.7467 0.8007 0.8363 0.9241 1.0000 1.0328 1.0965 1.0502 1.1353 1.2111 1.0150 1.0256 0.9526 1.0407 0.9682 0.8699
0.8384 0.8810 0.8940 0.9566 1.1517 1.1012 1.1771 1.0629 1.1459 1.0879 1.0440 1.0072 0.9840 0.9264 0.8666 0.8802
0.7331 0.8307 0.8908 0.9574 1.0439 1.0359 1.1321 1.1271 1.0900 1.0623 1.0839 1.0401 0.9726 0.9095 0.8440 0.9776
0.8910 0.8110 0.8791 0.9619 1.0000 1.0898 1.1876 1.0977 1.0790 1.0420 1.1221 1.0810 1.0311 0.9354 0.8665 0.9254
0.8124 0.8819 0.8734 0.8985 1.0305 1.0301 1.1490 1.0302 1.0753 1.0968 1.0316 1.0726 0.9855 1.0272 0.8942 0.8494
0.6775 0.7630 0.8733 0.9918 1.0219 1.0245 1.0531 1.1260 0.9588 1.0011 1.1358 0.9279 0.9036 0.9778 1.0176 1.0352
0.7258 0.6657 0.7618 0.8240 0.9654 1.0451 1.1427 1.0256 0.9906 1.0449 0.9890 0.9617 1.0347 0.9927 0.8791 0.9901
0.7488 0.8552 0.8975 0.9851 1.1780 1.1544 1.1261 0.8700 1.0089 1.2273 1.0744 0.9802 0.9552 1.0000 1.0000 0.6985
0.9587 0.8918 0.9265 1.0146 1.1415 1.1012 1.1618 1.0063 1.1173 1.0264 1.0790 1.0085 1.0047 0.8463 0.8218 0.9616
0.9370 0.9300 0.9914 1.0323 0.9933 1.1074 1.1608 1.1229 1.0763 1.0331 1.1336 0.9187 0.9402 1.0000 0.8285 0.7933
0.6783 0.7536 0.8636 0.9092 1.0179 1.2046 1.1076 1.0731 1.0542 1.0506 1.0477 1.0835 0.9717 0.8598 0.9114 0.8516
0.6948 0.7998 0.9048 0.9786 0.9679 1.0270 1.0910 1.0331 1.0733 0.9914 1.0035 1.0757 1.0099 0.9921 0.9546 0.8987
0.8946 0.7627 0.8664 0.8779 1.0424 1.1786 0.9677 1.1728 1.1310 1.1561 1.0380 1.0376 1.1051 0.9447 0.8850 0.9383
0.6988 0.7995 0.7903 0.8289 1.0009 0.9859 1.1211 0.9961 0.9982 1.1050 1.0893 1.0482 1.0022 1.0212 0.9235 0.9470
0.6926 1.0000 0.9033 0.9153 0.9785 1.1276 1.1415 1.0224 1.0644 1.1486 1.0813 0.9043 0.9988 0.9056 0.8876 0.9179
0.8197 0.8045 0.9478 0.8628 1.0610 1.1486 1.0037 1.0703 1.0475 1.1551 1.0206 1.1308 1.0000 0.9646 0.9793 0.9427
0.8705 0.8974 0.9133 0.9624 0.9268 1.0857 1.0514 1.0220 1.0272 0.9388 1.0356 1.1368 1.0119 1.0104 1.0392 0.9772
0.6145 0.7737 0.9211 0.9948 1.0000 1.0563 1.0428 1.0367 1.0043 1.0867 1.0154 1.0762 1.0059 0.9183 1.0000 0.8348
0.8459 0.7929 0.9807 0.9542 1.0465 1.1407 1.1391 0.9439 1.0656 1.1284 1.1537 1.0428 1.0531 0.9276 0.8958 0.8475
0.7777 0.7982 0.8907 0.9612 1.2231 1.0000 1.0667 1.1756 1.0721 1.0298 1.2147 0.9330 0.9402 0.9344 0.9978 0.9879
0.8229 0.9285 0.8883 0.9839 1.1083 1.1087 1.2034 1.1629 1.1611 1.1452 1.0826 0.9621 0.9670 0.9017 0.7805 0.7839
