1.2974 1.1604 1.1112 1.1189 1.0108 0.9706 1.0677 0.9008 1.1363 1.1417 0.8638 0.8161 0.9091 0.8167 0.8081 0.8694
1.0000 1.0609 1.1682 1.2981 1.1694 0.9858 1.0729 0.9872 0.8875 0.9372 0.9001 0.8919 0.9054 0.9270 0.8192 1.0000
1.0984 0.9391 0.9411 1.3573 0.9172 1.0032 1.0000 0.9523 0.9847 1.0584 0.9971 0.9370 1.0397 1.0250 1.0666 1.1050
1.2611 1.1580 1.1243 1.1335 0.9974 1.0349 1.0859 0.9293 0.9938 0.9082 0.9370 0.9370 0.8412 0.9519 0.8287 0.9622
1.3625 1.0163 0.9520 1.0546 0.9516 0.9515 1.0080 0.9166 0.8895 0.9561 1.0069 1.1187 0.9170 1.0998 1.0798 1.3216
1.1614 1.0741 0.9548 1.0880 0.9689 1.0401 1.0507 0.9841 0.8740 1.0827 0.9299 0.9236 0.9163 0.9093 0.9811 1.0301
1.2299 1.1337 1.0733 0.9961 0.9650 0.9422 1.0000 0.9508 0.8735 1.0576 0.9788 0.8387 0.9517 1.0218 1.0000 1.0727
1.2522 1.2275 1.0905 1.0893 1.1201 1.1069 1.0853 1.0240 1.1243 0.8933 0.9385 0.8396 0.8147 0.7650 0.7947 0.8512
0.6801 0.7354 0.9319 0.7918 0.9151 0.9296 0.8404 1.0564 1.0545 0.9251 1.0672 1.0095 1.2132 0.9634 1.2829 1.1298
1.0723 0.9588 0.9278 1.0904 1.0119 0.9752 0.9592 1.0897 0.9026 0.9084 0.9270 0.9147 1.0413 1.0153 1.1116 1.1839
0.6410 0.7437 0.8547 0.8226 0.9013 0.9826 0.9510 1.0734 1.0091 1.0000 1.0373 0.9284 1.1671 1.1369 1.0179 1.1726
1.2565 1.0961 1.1244 1.1692 1.0693 1.0954 1.1108 0.9741 0.9900 0.9074 0.8602 0.9363 0.8864 0.8369 0.8806 0.8075
0.9869 0.8712 0.8567 0.9730 0.9253 0.8736 0.7916 1.1553 0.9426 1.0510 1.1444 0.9609 1.0822 1.1876 1.0914 1.4335
1.0977 1.0311 1.0836 0.8585 0.8671 0.9539 0.9943 1.0478 0.9936 0.9316 0.9721 0.9206 1.0402 0.9655 1.0987 1.0998
1.2710 1.1412 0.9700 0.9589 1.0444 1.0549 1.0100 1.0829 0.9882 0.8598 0.9705 0.9563 0.9490 0.7968 0.7805 0.8589
0.9860 0.9421 1.0608 0.8830 0.9239 1.0541 0.9830 0.9950 1.0000 0.9092 0.9584 1.0135 1.0000 1.0590 1.0901 1.2776
0.9546 0.9197 0.9569 1.0000 0.9631 0.9253 1.0404 0.9953 0.9748 1.0422 1.0621 1.0267 1.0558 1.0735 1.2492 1.3425
1.4149 1.3728 1.0211 1.2458 0.9725 0.9796 1.1033 0.9551 0.8902 1.0000 1.0000 0.9385 1.0000 0.8429 0.9404 0.9668
1.5104 1.0554 1.2422 0.9833 0.8370 1.1402 1.0297 0.9831 1.0802 0.9894 0.8857 0.9762 0.8747 0.8670 0.9189 1.1080
1.1351 1.0886 1.1700 1.1967 0.9834 1.0428 0.9459 0.9130 1.0267 1.0443 0.9303 0.8435 0.8581 0.7542 0.5525 0.5248
1.3201 0.9636 1.0000 0.9189 1.1500 1.0460 0.9092 0.9975 0.9787 0.9437 0.9391 1.1057 0.9295 1.1063 1.0264 1.0208
0.6397 0.7230 0.9904 1.0072 1.0242 1.0242 0.9809 0.9754 0.9708 1.0561 0.9676 1.0277 1.0693 0.9234 0.9881 1.2194
1.0375 0.8776 0.9121 0.9309 0.8469 0.9250 0.9060 0.9409 1.0000 1.1584 0.9786 0.9382 1.1284 1.2314 1.2750 1.3732
0.9840 1.0405 0.8490 1.0280 0.8757 0.9888 0.9117 0.9711 1.1316 0.9370 1.0390 1.0697 0.9748 1.0417 0.5458 1.1081
1.3248 1.1239 1.0246 1.0774 1.0486 1.0397 1.1062 0.9956 1.0156 0.8527 1.0023 0.8969 0.9967 0.8937 0.8627 0.9690
