1.3522 1.1972 1.0821 1.1124 1.0111 0.9496 1.0662 0.8968 1.0923 1.1244 0.8575 0.8163 0.9323 0.8134 0.7928 0.9074
1.0000 1.0780 1.2870 1.2472 1.1359 1.0232 1.0856 0.9628 0.8691 0.9193 0.8729 0.8757 0.8861 0.9317 0.8427 1.0000
1.0307 0.8965 0.9109 1.1932 0.8499 0.9469 1.0000 0.9373 0.9970 1.0651 0.9531 0.9442 1.0627 1.1383 1.0860 1.2204
1.2676 1.1771 1.1547 1.1411 1.0118 1.0747 1.1098 0.9015 0.9919 0.8929 0.9168 0.9375 0.8136 0.9380 0.7958 0.9622
1.2817 0.9872 0.9124 1.0115 0.9292 0.9598 0.9808 0.9088 0.9783 1.0550 0.9847 1.0900 0.8903 1.0966 1.0664 1.3330
1.1911 1.0893 0.9947 1.1137 0.9721 1.1000 1.0615 0.9729 0.9118 1.0294 0.9778 0.8728 0.8824 0.8520 1.0078 0.9708
1.1651 1.1044 1.0463 0.9778 0.9413 0.9514 1.0217 0.9741 0.8961 1.0297 0.9664 0.8592 0.9833 1.0928 1.0000 1.0396
1.3431 1.2279 1.1397 1.0791 1.1151 1.0940 1.0437 0.9904 1.0982 0.9169 0.8997 0.8352 0.8161 0.7856 0.7912 0.8314
0.6683 0.7248 0.9128 0.7522 0.9488 0.9600 0.8344 1.0318 1.0402 0.9087 1.0604 0.9814 1.2049 1.0026 1.2596 1.2085
1.1436 0.9838 0.9728 1.0964 1.0044 0.9624 0.9402 1.1195 0.8698 0.8720 0.9334 0.9026 1.0372 0.9922 1.1083 1.0988
0.6693 0.7020 0.8840 0.8189 0.9581 0.9832 0.9040 1.0326 0.9849 0.9770 1.0706 0.9188 1.2375 1.0910 0.9785 1.2327
1.2457 1.1518 1.1684 1.2021 1.0815 1.0987 1.1225 0.9596 1.0071 0.8914 0.8373 0.8843 0.8611 0.8113 0.8603 0.8111
1.0139 0.8993 0.8520 0.9751 0.9019 0.9110 0.7768 0.9281 0.9510 0.9895 1.1293 1.0009 1.1480 1.2216 1.1727 1.5769
1.1997 1.0876 1.0025 0.9603 0.8539 1.0022 1.0190 1.0497 0.9644 0.8997 0.9627 0.8985 1.0027 0.9231 1.0427 1.0945
1.2177 1.1625 0.9335 0.9135 1.0589 1.0572 1.0129 1.0690 1.0045 0.9146 0.9400 0.9693 0.9554 0.7667 0.7663 0.9283
1.0161 0.9750 1.0786 0.9007 0.9798 1.0712 0.9797 0.9883 1.0000 0.9158 0.9472 0.9929 1.0000 1.0119 1.0343 1.1853
0.9402 0.9278 0.9227 1.0000 0.9798 0.9235 1.0291 1.0727 0.9873 1.0199 1.0485 0.9849 1.0712 1.0885 1.2891 1.3113
1.4557 1.3276 1.0279 1.2510 0.9658 0.9930 1.1550 0.9757 0.9144 1.0000 1.0000 0.9011 1.0000 0.8287 0.9070 0.9018
1.4755 1.0222 1.2088 0.9177 0.7953 1.1218 1.0223 0.9819 1.0782 1.0294 0.9046 1.0022 0.8871 0.8898 0.9628 1.1409
1.1735 1.1064 1.1791 1.1945 0.9831 1.0299 0.9537 0.9379 0.9955 1.0437 0.9166 0.8032 0.7890 0.7654 0.5278 0.5230
1.2533 0.9311 1.0000 0.9434 1.1095 1.0407 0.9186 0.9967 0.9815 1.0141 0.9518 1.0812 0.9203 1.1016 0.9926 1.0707
0.5759 0.7548 1.0028 1.0080 1.1024 1.0174 0.9891 0.9459 0.9110 1.0737 0.9531 0.9852 1.0437 0.9814 0.9859 1.2010
1.0460 0.8577 0.8953 0.9644 0.8303 0.9340 0.8679 0.9118 1.0000 1.1188 0.9389 0.9362 1.1550 1.2829 1.2993 1.5992
1.0529 1.0464 0.8850 1.0374 0.8848 0.9859 0.9425 1.0069 1.1296 0.9014 1.0201 1.0176 0.9384 1.0312 0.5458 1.0557
1.2520 1.0428 0.9804 1.0263 1.0219 1.0309 1.0880 0.9893 1.0377 0.8814 1.0402 0.9033 1.0117 0.9269 0.9602 1.0205
