1.3352 1.2098 1.0730 1.0929 1.0020 0.9451 1.0598 0.9067 1.0887 1.1126 0.8713 0.8335 0.9413 0.8169 0.7963 0.9099
1.0000 1.0917 1.2800 1.2643 1.1336 1.0137 1.0860 0.9716 0.8847 0.9180 0.8805 0.8776 0.8725 0.9127 0.8269 1.0000
1.0420 0.9041 0.9173 1.1982 0.8579 0.9473 1.0000 0.9267 0.9818 1.0550 0.9653 0.9287 1.0454 1.1514 1.0813 1.2258
1.2671 1.1736 1.1629 1.1380 1.0086 1.0660 1.1088 0.9015 0.9883 0.9065 0.9077 0.9470 0.8192 0.9383 0.7908 0.9621
1.2654 1.0022 0.9285 1.0053 0.9300 0.9708 0.9936 0.9167 0.9648 1.0355 0.9938 1.0889 0.8958 1.0972 1.0753 1.3171
1.1977 1.0821 0.9974 1.1146 0.9703 1.0905 1.0481 0.9654 0.9135 1.0307 0.9868 0.8832 0.8838 0.8555 1.0111 0.9779
1.1618 1.1022 1.0363 0.9950 0.9439 0.9572 1.0126 0.9839 0.8987 1.0243 0.9757 0.8431 0.9754 1.0920 1.0000 1.0253
1.3266 1.2151 1.1595 1.0961 1.1012 1.1031 1.0214 1.0005 1.1011 0.9174 0.9075 0.8358 0.8172 0.7824 0.7755 0.8303
0.6623 0.7236 0.8951 0.7418 0.9457 0.9548 0.8240 1.0370 1.0274 0.9072 1.0620 1.0267 1.2076 0.9988 1.2652 1.2210
1.1308 0.9755 0.9748 1.0973 1.0148 0.9674 0.9395 1.1207 0.8674 0.8950 0.9359 0.8983 1.0161 0.9927 1.1126 1.1041
0.6693 0.6963 0.8707 0.8182 0.9443 0.9810 0.9092 1.0487 0.9910 0.9755 1.0743 0.9275 1.2383 1.0842 0.9721 1.2520
1.2578 1.1352 1.1637 1.1987 1.0896 1.0978 1.1289 0.9715 1.0026 0.8844 0.8395 0.8880 0.8577 0.8166 0.8529 0.8041
1.0180 0.8731 0.8482 0.9463 0.9043 0.8889 0.8070 0.9792 0.9386 1.0661 1.1164 0.9909 1.1211 1.2110 1.1482 1.5591
1.1779 1.0836 1.0141 0.9878 0.8624 1.0106 1.0255 1.0457 0.9680 0.9091 0.9630 0.8860 1.0069 0.8900 1.0318 1.0978
1.2148 1.1581 0.9471 0.9286 1.0677 1.0553 1.0056 1.0578 0.9884 0.9073 0.9379 0.9557 0.9581 0.7910 0.7755 0.9234
1.0082 0.9500 1.0650 0.9095 0.9919 1.0693 0.9812 0.9893 1.0000 0.9413 0.9422 1.0254 1.0000 1.0025 1.0258 1.1829
0.9249 0.9042 0.9054 1.0000 0.9660 0.9192 1.0328 1.0755 0.9907 1.0131 1.0579 1.0020 1.0788 1.1243 1.2936 1.3047
1.4650 1.3472 1.0491 1.2476 0.9768 1.0116 1.1427 0.9678 0.9193 1.0000 1.0000 0.8978 1.0000 0.8373 0.8993 0.8978
1.4809 1.0377 1.2335 0.9305 0.7922 1.1175 1.0182 0.9812 1.0602 1.0292 0.8838 0.9946 0.8779 0.8819 0.9677 1.1413
1.1731 1.1179 1.1595 1.2119 0.9876 1.0520 0.9628 0.9388 0.9974 1.0195 0.9024 0.7829 0.7967 0.7444 0.5255 0.5236
1.2332 0.9171 1.0000 0.9345 1.1241 1.0632 0.9233 1.0208 1.0010 1.0066 0.9339 1.0732 0.9117 1.0778 1.0064 1.0222
0.6208 0.7249 0.9799 0.9868 1.0924 0.9973 0.9968 0.9473 0.9114 1.0872 0.9554 1.0052 1.0672 0.9806 0.9875 1.2118
1.0427 0.8529 0.8924 0.9623 0.8247 0.9154 0.8652 0.9153 1.0000 1.1273 0.9446 0.9335 1.1665 1.2723 1.3138 1.5925
1.0485 1.0593 0.8794 1.0370 0.8765 0.9780 0.9307 1.0013 1.1285 0.9150 1.0248 1.0350 0.9353 1.0296 0.5458 1.0712
1.2469 1.0858 0.9694 1.0324 1.0281 1.0332 1.0777 1.0059 1.0301 0.8898 1.0401 0.9217 1.0209 0.9213 0.9385 1.0175
