1.3396 1.2034 1.0500 1.0949 0.9981 0.9569 1.0881 0.9131 1.1189 1.1023 0.8557 0.8124 0.9297 0.8255 0.7929 0.9113
1.0000 1.0723 1.3094 1.2725 1.1469 1.0232 1.0878 0.9788 0.8861 0.9259 0.8659 0.8517 0.8636 0.8897 0.8322 1.0000
1.0409 0.9164 0.9084 1.1993 0.8456 0.9594 1.0000 0.9685 0.9705 1.0433 0.9681 0.9328 1.0355 1.1382 1.0708 1.2190
1.2697 1.1950 1.1574 1.1217 1.0354 1.0609 1.1027 0.9044 0.9925 0.9049 0.8890 0.9703 0.8123 0.9192 0.7787 0.9580
1.2758 1.0209 0.9131 1.0205 0.9235 0.9797 0.9854 0.8836 0.9487 1.0540 0.9875 1.0821 0.8843 1.1087 1.0767 1.3497
1.1967 1.0958 1.0005 1.1150 0.9681 1.0898 1.0671 0.9698 0.9260 1.0172 0.9839 0.8670 0.8814 0.8437 1.0132 0.9625
1.2014 1.1031 1.0552 0.9862 0.9342 0.9589 1.0130 0.9749 0.8923 1.0568 0.9552 0.8600 0.9841 1.0825 1.0000 1.0217
1.3697 1.2341 1.1556 1.0980 1.1128 1.0888 1.0478 0.9914 1.0881 0.8904 0.9154 0.8311 0.8051 0.7712 0.7717 0.8265
0.6624 0.7181 0.9025 0.7573 0.9499 0.9588 0.8328 1.0430 1.0415 0.9183 1.0532 0.9841 1.1909 0.9996 1.2333 1.1862
1.1298 0.9725 0.9794 1.0927 0.9990 0.9765 0.9357 1.1730 0.8783 0.8890 0.9268 0.8899 1.0091 0.9870 1.1018 1.0928
0.6689 0.7151 0.8863 0.8159 0.9541 0.9645 0.9033 1.0238 1.0050 0.9583 1.0853 0.9238 1.2511 1.0953 0.9698 1.2409
1.2545 1.1421 1.1804 1.1766 1.0944 1.1074 1.1152 0.9735 0.9975 0.8962 0.8378 0.8934 0.8674 0.8044 0.8566 0.8084
1.0200 0.8751 0.8312 0.9355 0.8823 0.8905 0.7811 1.0446 0.9266 1.1092 1.1511 0.9789 1.1192 1.2015 1.1319 1.5641
1.1798 1.0653 1.0763 1.0078 0.8756 1.0000 1.0325 1.0397 0.9538 0.8954 0.9650 0.8938 0.9793 0.8980 1.0330 1.0677
1.2020 1.1713 0.9238 0.9160 1.0416 1.0569 0.9997 1.0604 1.0056 0.9142 0.9598 0.9710 0.9555 0.7823 0.7740 0.9301
0.9899 0.9560 1.0559 0.9141 0.9880 1.0621 0.9751 0.9934 1.0000 0.9180 0.9428 1.0745 1.0000 1.0150 1.0180 1.1614
0.9523 0.9211 0.9335 1.0000 0.9795 0.9229 1.0199 1.0821 0.9962 1.0278 1.0566 0.9747 1.0481 1.0967 1.2801 1.2754
1.4777 1.3529 1.0510 1.2543 0.9775 1.0050 1.1326 0.9595 0.9121 1.0000 1.0000 0.9050 1.0000 0.8352 0.8954 0.9032
1.4765 1.0338 1.2340 0.9279 0.7955 1.1084 1.0111 0.9738 1.0601 1.0167 0.9056 1.0158 0.9003 0.8813 0.9673 1.1439
1.1675 1.1165 1.1879 1.1852 0.9864 1.0238 0.9593 0.9321 0.9954 1.0460 0.9133 0.7999 0.8156 0.7727 0.5263 0.5157
1.2823 0.9553 1.0000 0.9655 1.1499 1.0801 0.9292 1.0287 0.9752 1.0094 0.9102 1.0413 0.8896 1.0512 0.9737 1.0423
0.6476 0.7311 0.9923 0.9845 1.0927 1.0132 1.0018 0.9659 0.9297 1.0883 0.9704 0.9796 1.0254 0.9777 0.9876 1.2349
1.0571 0.8873 0.9208 0.9593 0.8566 0.9348 0.8687 0.9110 1.0000 1.1300 0.9169 0.9155 1.1211 1.2442 1.2954 1.5859
1.0456 1.0526 0.8884 1.0375 0.8825 0.9956 0.9510 0.9913 1.1175 0.9117 1.0105 1.0199 0.9551 1.0348 0.5458 1.0685
1.2281 1.0397 0.9527 1.0103 1.0260 1.0212 1.0629 1.0233 1.0087 0.8734 1.0322 0.9204 1.0276 0.9231 0.9522 1.0455
