1.3405 1.2107 1.2815 1.2946 1.1433 1.0511 1.1245 0.9383 1.0946 1.0630 0.8786 0.8128 0.8440 0.7097 0.6432 0.6237
1.0000 0.7914 0.8807 0.9609 0.9905 0.9197 1.0167 1.0030 0.9570 1.1174 1.0620 1.0086 1.0596 1.2034 0.9847 1.0000
1.4196 1.2372 1.4481 2.1296 1.1426 1.1727 1.0000 0.8766 1.0977 1.0294 0.7824 0.7258 0.8721 0.8854 0.6862 0.8480
1.0205 0.7597 0.8683 0.9798 0.8964 0.9822 0.9749 0.9925 1.1221 1.0930 1.0246 0.9987 1.0011 0.9583 0.9927 1.3238
1.4877 1.1934 1.0794 1.0039 0.9530 0.9758 1.1182 1.1310 0.8777 1.0083 1.0931 0.9724 0.8505 0.9060 0.9478 0.9767
0.7816 0.8267 0.7103 0.8488 0.8579 0.9356 1.1779 0.9949 0.8585 1.1931 0.9734 1.2060 1.0879 1.0669 1.1221 1.3717
1.6346 1.2879 1.2364 1.2159 1.1689 0.9522 0.9820 0.8482 0.8675 0.9186 0.8613 0.8055 0.8312 1.0012 1.0000 0.7879
0.9098 0.9869 0.8602 0.9596 0.8397 1.0193 1.1208 1.1631 1.1752 0.9949 1.0052 1.0780 0.9488 0.8637 1.0199 1.1123
0.9105 0.8821 1.1451 0.9868 0.9616 1.0892 0.9555 1.1266 1.1226 0.9684 1.0624 1.0380 1.0760 0.8461 1.0712 1.0297
0.9125 0.7854 0.9017 0.8655 0.9599 0.9611 0.9121 1.0613 0.9266 1.0825 0.8762 1.0129 1.2440 1.1689 1.2086 1.7779
0.7124 1.0490 1.1067 0.9363 0.9999 1.1103 1.0840 1.1563 1.0666 0.9637 0.8343 0.9122 0.9217 0.9275 0.8074 1.2162
0.8920 0.8255 0.8747 0.9628 0.9010 1.0015 1.0583 0.9457 1.0354 1.0712 1.0528 1.1240 1.1052 1.1357 1.1804 0.8658
1.1209 1.1160 1.1445 1.1654 1.0853 1.1101 1.0776 1.4103 0.7822 1.1700 1.1146 0.7451 0.7249 0.7638 0.7112 0.8735
0.9422 0.8388 0.9895 0.7617 0.7842 0.8691 0.8082 1.0548 0.9778 1.0561 1.1575 1.0182 1.1157 1.1372 1.2384 1.1548
1.5018 1.3884 1.0817 1.1206 1.1960 1.1073 1.1425 1.0791 0.9279 0.7492 0.8830 0.7890 0.7002 0.5941 0.6629 0.6437
0.7474 0.8110 0.9024 0.8119 0.8894 0.8901 1.0132 0.9377 1.0000 0.9259 1.0949 1.0631 1.0000 1.3149 1.3823 1.4928
1.1519 0.9297 1.1247 1.0000 0.9372 1.0388 1.0892 0.9323 0.9876 1.0284 0.9949 0.9501 0.8744 0.9214 0.9977 0.9710
0.9104 0.8994 0.7850 0.9832 0.7901 0.8632 1.1050 0.9325 0.9439 1.0000 1.0000 1.1919 1.0000 1.0896 1.1550 1.2570
1.4732 1.2263 1.7372 1.2057 0.9595 1.1998 1.1033 1.0737 1.0671 0.8640 0.8711 0.8041 0.7318 0.7266 0.7716 0.7583
0.8655 0.9079 1.0156 0.9162 0.9725 0.9576 0.9804 1.0398 1.1886 1.5430 1.1091 0.9771 1.1290 0.9857 0.6967 0.6163
1.4798 1.1542 1.0000 1.1131 1.2150 1.2295 1.0676 1.0016 0.9717 0.8729 0.9062 1.0708 0.8663 1.0001 0.8869 0.8368
0.6441 0.5525 0.7999 0.6684 0.8233 0.9373 0.9870 1.0305 1.0618 0.9865 1.0709 1.3186 1.2372 1.0126 1.0862 1.4604
1.0702 1.0085 1.1129 0.8976 1.0209 1.0746 1.1151 1.1276 1.0000 1.4112 0.9717 0.8607 0.8367 0.7586 0.6263 0.6850
0.7881 0.7584 0.7670 0.8228 0.7901 0.8901 0.8492 0.9880 1.1605 1.0721 1.1229 1.1380 1.2751 1.2155 0.5458 1.3819
1.5561 1.3704 1.2219 1.3900 1.2535 1.3180 1.1781 1.1815 1.0281 0.9265 0.8790 0.9198 0.8445 0.7698 1.0991 0.9313
