1.3578 1.2315 1.3271 1.2831 1.1414 1.0546 1.1122 0.9333 1.1178 1.0464 0.9055 0.7805 0.8386 0.7015 0.6587 0.6234
1.0000 0.8094 0.8856 0.9776 1.0195 0.9785 1.0376 0.9956 0.9406 1.1133 1.0772 0.9759 1.0281 1.1830 0.9955 1.0000
1.2942 1.1862 1.4001 2.0383 1.0620 1.1467 1.0000 0.8764 1.0859 1.0352 0.8842 0.8117 0.9281 0.9960 0.7399 0.8586
0.9943 0.7606 0.9214 0.9962 0.8620 0.9730 1.0253 0.9797 1.1362 1.1209 1.0394 0.9907 1.0292 0.9607 1.0276 1.2507
1.5270 1.1830 1.1170 1.0356 1.0289 1.0431 1.1440 1.1160 0.8864 1.0169 1.0060 0.9685 0.8558 0.9075 0.9602 1.0531
0.8185 0.8251 0.7422 0.8686 0.8393 0.9609 1.1577 1.0033 0.8348 1.1771 0.9738 1.2008 1.0442 1.0608 1.1417 1.2926
1.6057 1.2383 1.2255 1.1846 1.1849 0.9796 0.9723 0.8637 0.8861 0.9460 0.8995 0.8335 0.8227 0.9690 1.0000 0.7828
0.9580 1.0331 0.8894 0.9716 0.8782 1.0523 1.1235 1.1691 1.1677 0.9722 0.9681 1.0580 0.8852 0.8072 0.9553 1.0561
0.9013 0.8630 1.1363 0.9523 0.9422 1.0954 0.9501 1.1286 1.1496 0.9637 1.1216 0.9994 1.0752 0.8535 1.0966 1.1191
0.8623 0.7163 0.9691 0.8570 0.9123 0.9516 0.8777 0.9726 0.9375 1.1283 0.9373 1.0357 1.2214 1.1505 1.2373 1.7454
0.6477 0.9909 1.0236 0.9103 0.9665 1.1013 1.1062 1.1813 1.0885 1.0167 0.8344 0.9569 0.9629 0.9747 0.8042 1.1568
0.8905 0.8409 0.8979 0.9710 0.9426 1.0269 1.0694 0.9719 1.0191 1.0364 1.0489 1.1142 1.0735 1.1183 1.1408 0.8663
1.0905 1.1354 1.0795 1.2229 1.0944 1.0854 1.0686 1.4046 0.8159 1.1400 1.1370 0.7555 0.7185 0.7711 0.7144 0.8908
0.9856 0.7942 1.0217 0.8054 0.7954 0.8455 0.8469 1.0789 1.0274 1.0345 1.1339 1.0674 1.1052 1.0841 1.2218 1.0597
1.4999 1.2882 1.0594 1.0971 1.1444 1.0544 1.1755 1.0683 0.9410 0.7755 0.8845 0.8419 0.7298 0.6194 0.6035 0.6386
0.7518 0.8323 0.9102 0.8420 0.8853 0.9251 1.0280 0.9311 1.0000 0.9390 1.0949 1.0284 1.0000 1.2968 1.3239 1.4235
1.1456 0.9158 1.1045 1.0000 0.9207 1.0299 1.0666 0.9194 1.0117 1.0848 0.9936 0.9905 0.9072 0.9201 0.9739 1.0331
0.9162 0.8984 0.8082 1.0238 0.8140 0.9452 1.1226 0.9301 0.9292 1.0000 1.0000 1.1585 1.0000 1.0308 1.1116 1.2137
1.4536 1.1664 1.6296 1.2005 0.9524 1.2183 1.0893 1.0617 1.0308 0.8687 0.9152 0.7854 0.7304 0.7296 0.7606 0.7596
0.9010 0.9241 1.0653 0.9823 0.9641 0.9410 0.9790 1.0410 1.1547 1.5413 1.1066 1.0048 1.0497 0.9170 0.6868 0.6456
1.4060 1.1167 1.0000 1.1101 1.1944 1.1466 1.0314 1.0052 0.9821 0.8226 0.9538 1.0757 0.8929 1.0089 0.9205 0.8296
0.6594 0.5603 0.8385 0.7029 0.8322 0.9525 1.0028 1.0409 1.0115 0.9643 1.0565 1.3449 1.2166 0.9924 1.1209 1.4284
1.0741 1.0051 1.0965 0.8829 1.0247 1.0543 1.0693 1.1619 1.0000 1.4109 1.0149 0.8796 0.8481 0.7606 0.6393 0.7111
0.7813 0.7371 0.7147 0.8327 0.8032 0.8868 0.8504 0.9662 1.1613 1.0885 1.0884 1.1784 1.2432 1.2361 0.5458 1.3864
1.5393 1.4297 1.2083 1.3812 1.2637 1.2234 1.1643 1.1558 0.9727 0.8670 0.8933 0.9702 0.8666 0.7652 0.7492 0.9659
