0.7253 0.7676 0.8473 0.8745 1.0141 1.0998 1.0520 1.1736 1.1713 1.1871 1.0295 1.0197 1.0259 1.0277 0.8599 0.8746
0.8238 0.8335 0.9441 1.0332 1.0844 1.2410 1.2185 0.9788 1.0325 0.9724 1.0997 0.9953 0.9292 0.8603 0.9885 0.7716
0.6467 0.7019 0.8936 0.9072 0.9543 1.0763 1.1253 1.0869 1.0777 1.2427 1.0135 0.9674 0.9117 0.9130 0.9010 0.7341
0.6449 0.7279 0.8376 0.9424 0.9746 1.0679 1.1091 1.0438 1.0017 1.1702 1.1322 0.9744 1.0366 0.9026 0.9228 0.7800
0.6880 0.7569 0.7786 0.8749 1.0000 0.9737 1.0669 1.0555 1.1714 1.2476 1.0654 1.0385 0.9782 1.0667 0.9544 0.8729
0.8094 0.8339 0.8627 0.9392 1.1284 1.0892 1.1793 1.1182 1.1912 1.1196 1.0622 1.0317 0.9738 0.9362 0.8600 0.8722
0.7368 0.7965 0.8543 0.9201 1.0245 1.0270 1.1739 1.1572 1.1085 1.0881 1.1022 1.0529 0.9909 0.9245 0.8303 0.9513
0.8688 0.7922 0.8567 0.9286 1.0000 1.0946 1.2042 1.1247 1.1209 1.0775 1.1527 1.0791 1.0233 0.9243 0.8456 0.9130
0.8065 0.8652 0.8515 0.8597 1.0007 1.0191 1.1162 1.0370 1.1137 1.1337 1.0476 1.1142 0.9772 1.0347 0.9051 0.8645
0.6932 0.7475 0.8504 0.9532 0.9798 1.0193 1.0498 1.1081 1.0144 1.0489 1.1743 0.9746 0.9036 0.9892 0.9896 1.0052
0.7098 0.6580 0.7323 0.8047 0.9507 1.0408 1.1285 1.0282 1.0433 1.0790 1.0259 0.9639 1.0193 0.9777 0.8651 0.9316
0.7298 0.8278 0.9134 0.9731 1.1553 1.1263 1.1289 0.8941 1.0523 1.2357 1.0971 0.9769 0.9506 1.0000 1.0000 0.7215
0.9052 0.8677 0.8958 1.0084 1.1354 1.1085 1.1763 1.0211 1.1345 1.0727 1.0739 1.0325 0.9992 0.8511 0.8426 0.9577
0.8973 0.8837 0.9453 0.9972 0.9974 1.0957 1.1572 1.1426 1.1028 1.0710 1.1832 0.9501 0.9470 1.0000 0.8250 0.8057
0.6799 0.7226 0.8157 0.8849 0.9620 1.1491 1.0842 1.0694 1.0670 1.0966 1.1484 1.1534 1.0233 0.8650 0.8731 0.8070
0.6876 0.8138 0.9221 1.0084 0.9829 1.0277 1.0678 1.0474 1.0868 1.0028 1.0150 1.0706 0.9925 0.9712 0.9259 0.8745
0.8657 0.7758 0.8721 0.8819 1.0214 1.1485 0.9791 1.1760 1.1618 1.1964 1.0672 1.0285 1.1037 0.9299 0.8882 0.9044
0.6954 0.7566 0.7904 0.8123 1.0115 1.0130 1.1067 0.9954 0.9910 1.1094 1.0892 1.0694 1.0237 1.0373 0.8949 0.9067
0.6841 1.0000 0.8777 0.9201 0.9651 1.1259 1.1128 1.0725 1.0745 1.1734 1.0890 0.9181 0.9882 0.9017 0.8797 0.8946
0.8264 0.8098 0.9056 0.8496 1.0313 1.1346 1.0051 1.0707 1.0919 1.2182 1.0625 1.1127 1.0000 0.9677 0.9474 0.9126
0.8585 0.8725 0.8777 0.9635 0.9469 1.0887 1.0875 1.0555 1.0580 0.9757 1.0599 1.1200 1.0128 0.9734 0.9913 0.9431
0.6254 0.7665 0.8929 0.9596 1.0000 1.0712 1.0635 1.0883 1.0465 1.0934 1.0376 1.0609 0.9916 0.8989 1.0000 0.7910
0.8568 0.7887 0.9384 0.9397 1.0642 1.1592 1.1764 0.9834 1.0830 1.1385 1.1605 1.0203 1.0128 0.9272 0.8924 0.8176
0.7504 0.7835 0.8610 0.9473 1.2057 1.0000 1.1016 1.1934 1.1134 1.0764 1.2386 0.9499 0.9496 0.9223 0.9519 0.9515
0.8171 0.9191 0.8873 0.9554 1.0745 1.0954 1.1663 1.1825 1.1999 1.1972 1.1104 0.9821 0.9515 0.9106 0.7723 0.7700
