0.7275 0.7868 0.8540 0.8727 1.0459 1.0954 1.0588 1.1842 1.1728 1.1848 1.0321 1.0268 1.0322 1.0080 0.8472 0.8473
0.8303 0.8524 0.9421 1.0164 1.0870 1.2296 1.2060 0.9862 1.0537 0.9808 1.1147 1.0192 0.9281 0.8466 0.9827 0.7621
0.6460 0.6981 0.9150 0.9093 0.9578 1.0596 1.1478 1.0805 1.0917 1.2507 1.0246 0.9430 0.8820 0.9185 0.8920 0.7291
0.6583 0.7377 0.8382 0.9641 0.9685 1.0885 1.1151 1.0356 0.9978 1.1683 1.1400 0.9680 1.0600 0.8785 0.9166 0.7494
0.7248 0.7910 0.8200 0.8985 1.0000 1.0480 1.0737 1.0163 1.1740 1.2170 1.0730 1.0300 0.9915 1.0435 0.9168 0.8070
0.8194 0.8447 0.8717 0.9294 1.1280 1.0862 1.1743 1.1412 1.1974 1.1372 1.0430 1.0373 0.9730 0.9289 0.8482 0.8442
0.7633 0.7939 0.8573 0.9393 1.0284 1.0424 1.1700 1.1670 1.1171 1.0941 1.0996 1.0414 0.9726 0.9114 0.8267 0.9286
0.8815 0.7961 0.8582 0.9525 1.0000 1.1213 1.2112 1.1417 1.1007 1.0593 1.1507 1.0728 1.0156 0.9071 0.8351 0.8915
0.8248 0.8768 0.8467 0.8832 1.0225 1.0265 1.1301 1.0252 1.1016 1.1248 1.0355 1.1094 0.9702 1.0255 0.8822 0.8461
0.6805 0.7176 0.8480 0.9585 0.9520 1.0483 1.0550 1.1139 1.0541 1.0545 1.2044 0.9973 0.9168 0.9855 0.9829 0.9630
0.7245 0.6402 0.7322 0.7769 0.9537 1.0565 1.1358 1.0537 1.0286 1.0543 1.0215 0.9548 1.0131 0.9787 0.8497 0.9725
0.7417 0.8124 0.8894 0.9564 1.1465 1.1377 1.1214 0.8831 1.0596 1.2156 1.1004 0.9781 0.9579 1.0000 1.0000 0.7185
0.9562 0.8913 0.8995 1.0208 1.1402 1.1108 1.1848 1.0487 1.1394 1.0570 1.0422 1.0219 0.9718 0.8465 0.8145 0.9188
0.8984 0.8672 0.9704 0.9963 1.0030 1.1131 1.1756 1.1550 1.1312 1.0639 1.1635 0.9449 0.9377 1.0000 0.8173 0.7765
0.6800 0.7390 0.8813 0.8942 0.9922 1.1622 1.0606 1.0633 1.0792 1.0764 1.1167 1.1607 0.9940 0.8690 0.8592 0.7782
0.6743 0.7950 0.9197 0.9720 1.0153 1.0482 1.0854 1.0500 1.0813 1.0198 1.0227 1.0552 0.9877 0.9746 0.9261 0.8502
0.8559 0.7935 0.8746 0.8956 1.0463 1.1654 1.0139 1.1681 1.1541 1.1797 1.0674 1.0328 1.0613 0.9253 0.8699 0.8794
0.7201 0.7480 0.7876 0.7994 1.0056 1.0098 1.1117 1.0150 1.0051 1.1245 1.0657 1.0363 1.0052 1.0033 0.8759 0.8638
0.7068 1.0000 0.8893 0.9134 0.9966 1.1261 1.1457 1.0985 1.0855 1.1670 1.0984 0.9137 0.9542 0.8911 0.8545 0.8697
0.8268 0.8339 0.9242 0.8493 1.0377 1.1461 1.0001 1.0849 1.0733 1.1788 1.0573 1.1411 1.0000 0.9834 0.9413 0.9149
0.8509 0.8785 0.8726 0.9664 0.9707 1.1215 1.0906 1.0609 1.0440 0.9783 1.0608 1.1154 1.0138 0.9862 0.9930 0.9286
0.6131 0.7654 0.8960 0.9696 1.0000 1.0804 1.0483 1.0841 1.0413 1.1039 1.0581 1.0273 0.9728 0.9165 1.0000 0.7982
0.8627 0.7925 0.9350 0.9322 1.0789 1.1655 1.2107 0.9837 1.0842 1.1477 1.1491 1.0088 1.0275 0.9362 0.8786 0.8141
0.7488 0.7861 0.8691 0.9382 1.2112 1.0000 1.0959 1.2160 1.1026 1.0711 1.2541 0.9571 0.9411 0.9211 0.9411 0.9503
0.8420 0.9294 0.8851 0.9691 1.0788 1.1212 1.1660 1.1837 1.1769 1.1932 1.0925 0.9762 0.9570 0.8857 0.7931 0.7272
