1.2513 1.1709 1.1172 1.1324 1.0512 0.9747 1.0637 0.8959 1.1483 1.1197 0.9050 0.8352 0.9579 0.7893 0.7704 0.8140
1.0000 1.0321 1.0913 1.2508 1.1262 0.9986 1.0106 0.9909 0.9136 0.9875 0.9529 0.8959 0.9204 0.9968 0.8392 1.0000
1.1852 1.0456 1.0143 1.4777 0.9861 1.0307 1.0000 0.9481 1.0008 1.0350 1.0052 0.9062 0.9890 0.9562 0.9329 0.9624
1.1691 1.0497 1.1003 1.1757 1.0356 1.0986 1.1278 0.9476 1.0244 0.9516 0.8967 0.9474 0.8678 0.8660 0.8273 0.9607
1.4401 1.0674 0.9768 1.0709 0.9564 0.9606 1.0241 0.9936 0.8413 0.9035 0.9445 1.1063 0.9033 1.0226 1.0567 1.2373
1.0099 1.0555 0.9190 1.0195 0.9272 1.1015 1.1164 0.9882 0.8334 1.1262 0.8947 0.9940 0.9390 0.9371 1.0090 1.1008
1.2645 1.1378 1.1241 1.0443 0.9792 0.9124 0.9835 0.8794 0.8816 1.0472 0.9690 0.8603 0.9670 1.0453 1.0000 1.0349
1.1798 1.2082 0.9818 1.0591 1.0600 1.0715 1.0865 1.0434 1.1028 0.9425 0.9446 0.8905 0.8646 0.8028 0.8619 0.9409
0.7268 0.7599 0.9316 0.8003 0.8803 0.9427 0.8557 1.0810 1.0763 0.9634 1.1090 1.0618 1.1822 0.8587 1.2567 1.0402
0.9688 0.8965 0.8560 1.0805 0.9887 1.0283 0.9565 0.9599 0.8854 0.9747 0.9310 0.9569 1.1230 1.0735 1.1465 1.3332
0.6463 0.7826 0.8845 0.8710 0.9079 0.9994 0.9490 1.1726 1.0661 0.9606 0.9630 0.9763 1.1377 1.0990 0.9490 1.0758
1.1590 1.0595 1.1143 1.1392 1.0443 1.1170 1.1613 1.0050 1.0124 0.9068 0.8709 0.9145 0.9107 0.8529 0.9207 0.8041
1.0033 1.0104 1.0003 1.0929 1.0091 0.8775 0.8192 1.1929 0.8923 0.9911 1.1076 0.8261 0.9608 1.1312 1.0356 1.2875
1.0237 0.9623 1.0076 0.8007 0.9130 0.9644 0.9426 1.1058 0.9816 0.9749 1.0308 0.9707 1.0739 0.9848 1.1332 1.0924
1.3095 1.1148 1.0345 0.9844 1.0892 1.0910 1.0600 1.0621 0.9704 0.7881 0.9377 0.9782 0.9350 0.7364 0.6972 0.7676
0.9161 0.9552 1.0500 0.9142 0.9136 1.0584 0.9992 1.0135 1.0000 0.9294 1.0055 0.9041 1.0000 1.0899 1.1314 1.3008
1.0147 0.9501 1.0094 1.0000 0.9483 0.9937 1.0695 0.9054 0.9981 1.0553 1.0661 0.9698 1.0309 0.9712 1.1027 1.2140
1.3633 1.3326 0.9303 1.2570 0.9283 1.0005 1.1604 0.9030 0.8663 1.0000 1.0000 0.9744 1.0000 0.8812 0.9520 0.9762
1.4005 1.0222 1.3136 0.9930 0.8641 1.1305 1.0556 0.9839 1.0989 0.9516 0.9018 0.9712 0.8791 0.8581 0.8905 1.0478
1.0642 1.0956 1.1334 1.1647 1.0024 1.0286 0.9621 0.9715 1.0689 0.9638 0.9348 0.8441 0.8344 0.7709 0.5614 0.5187
1.3893 1.0419 1.0000 0.9871 1.1596 1.0745 0.9700 0.9939 0.9866 0.8439 0.9421 1.1226 0.9325 1.0833 1.0085 0.9041
0.5600 0.6848 0.9923 0.9587 0.9449 1.0419 1.0130 1.0406 0.9847 1.0020 0.9961 1.1115 1.0842 0.9038 0.9232 1.2498
1.0723 0.8600 0.9375 0.8547 0.8875 0.9601 0.9244 0.9878 1.0000 1.1992 0.9466 0.9528 1.0854 1.2369 1.1263 1.0633
0.9962 0.9187 0.8083 0.9836 0.8727 0.9852 0.8957 0.9030 1.1514 0.9774 1.0650 1.0980 1.0459 1.0435 0.5458 1.1602
1.3608 1.1354 1.0229 1.1560 1.0913 1.0678 1.1645 1.0190 0.9929 0.8455 1.0222 0.8812 1.0155 0.9007 0.7819 0.8642
