0.8098 0.8319 0.9168 0.9306 1.0202 1.0787 1.0435 1.1483 1.1548 1.1620 1.0289 0.9182 1.1060 1.0485 0.9023 0.9078
0.9120 0.9127 1.0190 1.0805 1.1333 1.2190 1.1976 0.9138 0.9669 0.8983 1.0749 1.0194 0.9523 0.8495 0.9745 0.7704
0.6838 0.7730 0.9343 0.9625 0.9907 1.0937 1.1240 1.0799 1.0844 1.2334 1.0153 0.9687 0.9206 0.9300 0.9021 0.7207
0.7124 0.7756 0.8890 0.9590 0.9593 1.0943 1.1019 1.0203 0.9591 1.1616 1.1255 0.9908 1.0470 0.9176 0.9452 0.7438
0.8242 0.9096 0.8986 0.9045 1.0000 1.0902 1.1211 1.0584 1.1415 1.2096 1.0071 1.0475 0.9658 1.0346 0.9269 0.7732
0.8691 0.9107 0.9250 0.9656 1.1263 1.1041 1.1502 1.0593 1.1461 1.1087 1.0536 0.9939 0.9598 0.9369 0.8515 0.8398
0.7725 0.8453 0.9047 0.9751 1.0234 1.0484 1.1268 1.1146 1.1089 1.1025 1.0914 1.0722 0.9802 0.8708 0.8228 0.9281
0.9221 0.8273 0.8907 0.9526 1.0000 1.1085 1.1760 1.0616 1.1155 1.0743 1.1548 1.0482 1.0214 0.9129 0.8218 0.8969
0.8428 0.9153 0.8599 0.8975 1.0183 1.0319 1.1734 1.0406 1.0907 1.1231 1.0525 1.0721 0.9942 1.0124 0.8788 0.8290
0.7224 0.8310 0.9293 1.0373 1.0250 1.0735 1.0788 1.1361 0.9989 1.0344 1.1363 0.9247 0.9007 0.9526 0.9691 0.9462
0.7833 0.7347 0.8215 0.8725 0.9896 1.1032 1.1771 1.0744 1.0640 1.1210 1.0485 1.0071 1.0685 1.0025 0.8799 0.9020
0.7950 0.8672 0.9054 1.0006 1.1693 1.1096 1.1310 0.8528 0.9929 1.2151 1.0650 0.9756 0.9318 1.0000 1.0000 0.6387
0.9341 0.8572 0.9343 1.0001 1.1240 1.0885 1.1134 0.9620 1.0998 1.0036 1.0680 0.9824 0.9887 0.8255 0.7744 0.9182
0.9296 0.9329 0.9423 1.0232 0.9844 1.0892 1.1294 1.0918 1.0728 1.0380 1.1030 0.9257 0.9288 1.0000 0.8184 0.7740
0.6940 0.7996 0.8839 0.9361 1.0323 1.1844 1.1088 1.0873 1.0676 1.0441 1.0997 1.1371 1.0188 0.8203 0.8877 0.7616
0.7857 0.8709 0.9407 1.0046 0.9726 1.0425 1.1012 1.0318 1.0482 1.0258 1.0208 1.0701 0.9936 0.9660 0.9099 0.8477
0.8968 0.7813 0.9046 0.8875 1.0641 1.1856 0.9727 1.1389 1.0933 1.1898 1.0140 1.0602 1.1066 0.9165 0.8787 0.8923
0.7066 0.8345 0.8391 0.8596 1.0316 1.0267 1.1302 1.0288 1.0370 1.1330 1.0971 1.0564 1.0168 1.0055 0.9478 0.9354
0.7319 1.0000 0.9274 0.9110 0.9908 1.1441 1.1312 1.0583 1.0577 1.1443 1.0884 0.9138 0.9777 0.8883 0.8974 0.8883
0.8910 0.8991 1.0025 0.8973 1.0860 1.2086 1.0116 1.0801 1.0875 1.1792 0.9830 1.1050 1.0000 0.9012 0.8905 0.7901
0.9051 0.9023 0.9162 0.9803 0.9500 1.0955 1.0624 1.0600 1.0250 0.9534 1.0500 1.1012 1.0412 1.0142 1.0147 0.8846
0.6223 0.7672 0.9053 0.9791 1.0000 1.0188 1.0103 1.0196 1.0055 1.0793 1.0105 1.0681 0.9936 0.9171 1.0000 0.7807
0.8425 0.7926 0.9997 0.9846 1.0984 1.1493 1.1541 0.9276 1.0751 1.1685 1.1374 1.0301 1.0733 0.9101 0.8747 0.8056
0.7974 0.8047 0.9014 0.9539 1.1875 1.0000 1.0550 1.1940 1.1133 1.0076 1.2112 0.9362 0.9548 0.9233 1.0000 0.9600
0.8554 0.9201 0.8804 0.9812 1.1106 1.1237 1.1775 1.1681 1.1372 1.1404 1.0792 0.9551 0.9437 0.8545 0.7039 0.6626
