1.3688 1.2146 1.0424 1.0945 0.9771 0.9387 1.0642 0.8855 1.0964 1.1303 0.8362 0.8348 0.9335 0.8438 0.7969 0.9186
1.0000 1.0981 1.3081 1.2681 1.1310 0.9999 1.0972 0.9642 0.8763 0.9015 0.8514 0.8564 0.8776 0.9135 0.8419 1.0000
1.0251 0.8999 1.0595 1.1631 0.8255 0.9411 1.0000 0.9597 0.9622 1.0688 0.9499 0.9639 1.0470 1.1878 1.0715 1.2348
1.3757 1.2216 1.1896 1.1447 1.0013 1.0674 1.0793 0.9141 0.9482 0.8645 0.8866 0.9420 0.8127 0.9288 0.7869 0.9783
1.2420 0.9904 0.9123 1.0328 0.9449 1.0138 0.9885 0.8969 1.0439 1.1173 0.9012 1.0974 0.8558 1.0599 1.0267 1.2589
1.2787 1.1039 1.0238 1.1604 0.9802 1.0704 1.0576 0.9635 0.9367 0.9773 1.0014 0.8399 0.8605 0.8052 0.9980 0.9234
1.2104 1.1045 1.0588 0.9852 0.9202 0.9515 1.0220 0.9826 0.8909 1.0473 0.9764 0.8391 0.9859 1.0531 1.0000 1.0486
1.3870 1.2297 1.1847 1.0801 1.1458 1.1123 1.0566 1.0043 1.0633 0.8782 0.8856 0.8215 0.7995 0.7881 0.7641 0.7982
0.6516 0.7057 0.8706 0.7290 0.9267 0.9383 0.8193 1.0215 1.0085 0.8821 1.0330 0.9577 1.2037 1.0145 1.1786 1.2952
1.1884 1.0226 1.0327 1.0913 0.9996 0.9658 0.9422 1.1992 0.8857 0.8669 0.9380 0.8733 0.9881 0.9960 1.0535 1.0141
0.7179 0.7341 0.8888 0.8262 0.9728 0.9826 0.9045 1.0133 0.9717 0.9451 1.1144 0.9241 1.2510 1.1072 0.9435 1.3225
1.3018 1.1529 1.1843 1.2308 1.0698 1.1064 1.1401 0.9867 0.9880 0.8835 0.8330 0.8762 0.8550 0.7879 0.8151 0.7889
1.0086 0.8157 0.7970 0.8805 0.8578 0.9197 0.8359 1.0912 0.9722 1.1152 1.1808 1.0163 1.0990 1.2077 1.1686 1.5104
1.2694 1.0897 1.1523 1.0461 0.8565 1.0100 1.0466 1.0157 0.9315 0.8603 0.9171 0.8566 0.9780 0.8691 1.0166 1.0805
1.1461 1.1608 0.9297 0.9011 1.0517 1.0541 0.9955 1.0682 1.0011 0.9591 0.9732 0.9952 0.9787 0.8207 0.7725 0.9728
1.0590 0.9244 1.0484 0.9061 1.0143 1.0600 0.9652 0.9871 1.0000 0.8872 0.9212 1.1031 1.0000 0.9660 0.9680 1.1297
0.9136 0.9306 0.9169 1.0000 0.9977 0.9499 1.0388 1.1101 1.0042 1.0111 1.0298 1.0010 1.0522 1.0792 1.2484 1.2473
1.5055 1.3619 1.0558 1.2858 0.9926 1.0044 1.1193 0.9926 0.9147 1.0000 1.0000 0.9031 1.0000 0.8504 0.9177 0.9041
1.5436 1.0201 1.1848 0.9276 0.8086 1.1117 1.0192 0.9821 1.0933 1.0403 0.9245 1.0082 0.8981 0.8885 0.9787 1.1452
1.1691 1.1160 1.1482 1.2187 0.9790 1.0319 0.9469 0.9127 1.0003 1.0287 0.9141 0.8082 0.8382 0.7920 0.5348 0.5383
1.1342 0.8957 1.0000 0.8927 1.0837 1.0211 0.9087 0.9932 0.9758 1.0528 0.9338 1.0474 0.9320 1.1073 1.0409 1.1701
0.7347 0.7318 0.9982 1.0022 1.1031 1.0070 0.9691 0.9550 0.9094 1.0886 0.9678 0.9939 1.0120 0.9835 0.9882 1.1685
1.0473 0.8763 0.9304 0.9847 0.8336 0.9290 0.8656 0.9228 1.0000 1.1445 0.9583 0.9758 1.1928 1.3121 1.4256 1.8158
1.0377 1.0887 0.9116 1.0699 0.8983 0.9926 0.9690 1.0198 1.1033 0.8972 0.9879 1.0257 0.9253 1.0299 0.5458 1.0325
1.0286 0.9046 0.8347 0.8736 0.9157 0.9355 1.0554 0.9798 0.9634 0.8869 1.0228 1.0274 1.1239 1.0201 1.1008 1.2717
