0.7359 0.7873 0.8565 0.8879 1.0379 1.0750 1.0644 1.1775 1.1918 1.1632 1.0430 1.0106 1.0337 1.0067 0.8631 0.8561
0.8494 0.8376 0.9450 1.0286 1.0973 1.2196 1.2062 0.9853 1.0603 0.9840 1.1178 1.0018 0.9222 0.8485 0.9652 0.7452
0.6631 0.7024 0.9149 0.9087 0.9636 1.0766 1.1566 1.0838 1.0981 1.2380 1.0110 0.9679 0.8990 0.9182 0.8643 0.7173
0.6812 0.7499 0.8663 0.9567 0.9721 1.0850 1.1253 1.0505 0.9974 1.1636 1.1285 0.9670 1.0233 0.8788 0.9068 0.7417
0.7091 0.8018 0.8144 0.8817 1.0000 1.0295 1.0959 1.0677 1.1516 1.2131 1.0731 1.0309 0.9657 1.0292 0.9193 0.8174
0.8403 0.8452 0.8742 0.9510 1.1248 1.0915 1.1555 1.1434 1.1648 1.1191 1.0705 1.0216 0.9496 0.9465 0.8514 0.8399
0.7693 0.7996 0.8633 0.9482 1.0257 1.0605 1.1658 1.1632 1.0988 1.0830 1.1075 1.0648 0.9720 0.9127 0.8209 0.9089
0.8776 0.8048 0.8552 0.9515 1.0000 1.1184 1.2331 1.1118 1.0638 1.0724 1.1573 1.1026 1.0031 0.9095 0.8246 0.8974
0.8307 0.8663 0.8553 0.8850 1.0122 1.0274 1.1322 1.0399 1.0863 1.1440 1.0593 1.1053 0.9700 1.0241 0.8740 0.8259
0.6900 0.7543 0.8532 0.9805 0.9914 1.0377 1.0802 1.1174 1.0127 1.0335 1.1757 0.9945 0.9094 0.9798 0.9439 0.9452
0.7347 0.6566 0.7572 0.8005 0.9571 1.0356 1.1232 1.0435 1.0470 1.0610 1.0309 0.9689 1.0046 0.9767 0.8612 0.9458
0.7472 0.8342 0.9176 0.9823 1.1432 1.1085 1.1123 0.9087 1.0597 1.2081 1.1017 0.9631 0.9254 1.0000 1.0000 0.6877
0.9472 0.8844 0.9040 1.0229 1.1138 1.1165 1.1870 1.0491 1.1274 1.0516 1.0599 1.0123 0.9800 0.8474 0.8243 0.9217
0.9100 0.9072 0.9616 1.0087 1.0071 1.1031 1.1389 1.1432 1.1156 1.0542 1.1693 0.9572 0.9207 1.0000 0.8129 0.7874
0.7132 0.7506 0.8600 0.9004 1.0074 1.1622 1.0762 1.0659 1.0670 1.0617 1.1483 1.1367 0.9746 0.8509 0.8694 0.7739
0.6935 0.8060 0.9172 0.9863 0.9940 1.0498 1.1051 1.0575 1.0851 1.0262 1.0301 1.0696 0.9832 0.9651 0.8983 0.8351
0.8620 0.8095 0.8847 0.9092 1.0526 1.1589 1.0109 1.1771 1.1504 1.1669 1.0661 1.0319 1.0683 0.9208 0.8667 0.8565
0.7143 0.7611 0.7922 0.8067 1.0072 1.0207 1.1116 1.0120 1.0185 1.0992 1.0688 1.0487 0.9921 1.0282 0.8587 0.8816
0.7200 1.0000 0.9039 0.9228 0.9864 1.1548 1.1368 1.0988 1.0823 1.1533 1.0707 0.9183 0.9578 0.9127 0.8416 0.8552
0.8598 0.8415 0.9436 0.8799 1.0239 1.1568 1.0099 1.0786 1.0738 1.1762 1.0689 1.1140 1.0000 0.9837 0.9180 0.8837
0.8701 0.8842 0.8809 0.9771 0.9872 1.1221 1.0796 1.0586 1.0318 1.0200 1.0807 1.1337 0.9933 0.9794 0.9697 0.8725
0.6299 0.7615 0.9001 0.9597 1.0000 1.0808 1.0659 1.0769 1.0665 1.1022 1.0241 1.0216 0.9750 0.9103 1.0000 0.8113
0.8875 0.8159 0.9255 0.9306 1.0736 1.1695 1.1955 0.9825 1.1038 1.1616 1.1581 1.0144 1.0165 0.9200 0.8463 0.8035
0.7504 0.7909 0.8777 0.9382 1.2195 1.0000 1.0840 1.1948 1.1051 1.0775 1.2413 0.9601 0.9319 0.9349 0.9463 0.9340
0.8722 0.9201 0.8966 0.9533 1.0735 1.1031 1.1480 1.1787 1.1718 1.1721 1.0993 0.9994 0.9646 0.9042 0.7893 0.7662
