1.4525 1.4139 1.3360 1.3696 1.0947 0.9925 1.1225 0.9969 1.0406 0.9744 0.7903 0.7850 0.8208 0.7258 0.6418 0.6589
1.0000 0.7465 0.9135 0.9651 0.9201 0.9301 1.0668 1.0058 1.0254 1.0933 1.0891 0.9726 1.0287 1.1776 1.0827 1.0000
1.2892 1.3245 1.5387 2.0059 1.1396 1.1360 1.0000 0.7867 1.1095 1.0322 0.9082 0.8037 0.9884 0.9282 0.7510 1.0526
1.0209 0.7672 0.8353 1.0244 0.8862 0.9295 0.9611 0.9295 1.0834 1.0089 1.0581 1.0795 1.0241 0.9944 1.0385 1.4666
1.2277 1.1573 1.0699 0.8303 0.9042 0.9855 1.2324 1.2221 0.9828 1.1967 1.2098 1.0480 1.0076 1.0387 1.1047 1.0874
0.8235 0.9067 0.7433 0.9087 0.8935 0.9817 1.1353 1.0189 0.8856 1.1336 1.0068 1.2737 1.1471 1.0348 1.1748 1.3247
1.7641 1.4362 1.3932 1.2668 1.2172 1.0377 1.0181 0.8758 0.8698 0.8066 0.8067 0.7211 0.7432 0.9310 1.0000 0.7479
0.9345 0.9051 0.9507 0.8759 0.8567 0.9993 1.0241 1.1130 1.2213 1.0156 1.0023 1.0442 0.9423 0.9315 1.1067 1.2089
1.0001 0.9799 1.2101 1.0710 1.0317 1.2130 0.9699 1.1488 1.1271 0.9787 1.0300 0.9162 0.9171 0.8820 1.0100 1.1507
0.9917 0.8084 1.0335 0.8502 0.9550 0.9653 0.8599 1.1916 0.9028 1.0939 0.8977 1.0645 1.1557 1.1364 1.1978 1.5878
0.7081 1.1197 1.2032 0.8721 1.1473 1.1669 1.0653 1.0410 1.1204 0.9527 0.8523 0.8845 0.9271 0.8615 0.7373 1.3877
0.7678 0.7780 0.8620 0.8726 0.8178 0.9300 0.9767 0.8966 1.0327 1.1277 1.1190 1.1574 1.1820 1.2768 1.2733 1.0208
1.1838 1.0895 1.1793 1.1505 1.1130 1.2587 1.1819 1.5245 0.7733 1.2113 1.0214 0.7564 0.8133 0.8385 0.7144 0.8415
1.1218 0.9416 1.1084 0.8888 0.7687 0.9213 0.8374 1.0465 1.0395 1.0369 1.1304 1.0028 1.0394 1.0244 1.1145 1.1211
1.5295 1.4982 1.1479 1.1264 1.3399 1.1234 1.0928 1.0707 0.8979 0.7903 0.8196 0.7904 0.6567 0.7139 0.6123 0.7206
0.7484 0.8237 0.9286 0.7802 0.9109 0.8586 0.9459 0.9056 1.0000 0.9592 1.1347 1.1331 1.0000 1.3207 1.3743 1.4136
1.2124 0.9158 1.2642 1.0000 1.0007 1.0529 1.1160 1.0258 0.9341 0.9114 0.9080 0.9491 0.8461 0.9026 1.0568 0.9410
0.8173 0.8185 0.7841 0.9713 0.8090 0.8099 1.0522 0.9342 0.9964 1.0000 1.0000 1.2317 1.0000 1.1708 1.1782 1.2896
1.6148 1.3357 1.7824 1.2966 1.0483 1.2125 1.1470 1.0948 1.0164 0.9404 0.8183 0.7448 0.6947 0.6864 0.8438 0.8526
0.8289 0.7756 1.0680 1.0763 0.9293 0.9153 1.0700 1.1419 1.2765 1.2511 1.2915 1.1083 1.1744 1.1594 0.7266 0.6767
1.4936 1.2843 1.0000 1.1132 1.2205 1.1781 1.0644 0.9898 1.0095 0.8998 0.8546 1.0086 0.9066 0.9296 0.9268 1.0046
0.7662 0.6863 0.8347 0.6987 0.8982 0.8730 1.0179 0.9558 1.0189 0.9949 1.0602 1.2838 1.2148 1.1299 1.1458 1.5351
1.0442 1.0910 1.0677 0.9385 1.0210 1.0479 1.1659 1.1668 1.0000 1.5058 0.9843 0.8553 0.8442 0.6946 0.5945 0.7802
0.7470 0.7881 0.8406 0.8703 0.8111 0.8958 0.8362 0.9966 1.0982 1.0776 1.1064 1.1144 1.2552 1.2300 0.7912 1.4741
1.5006 1.4197 1.2305 1.3768 1.0773 1.2732 1.3783 1.2304 0.8974 0.9966 0.9514 1.0032 0.8754 0.8338 0.9892 0.9532
