1.3184 1.1711 1.0627 1.1016 0.9993 0.9563 1.0753 0.9031 1.1236 1.1209 0.8699 0.8365 0.9460 0.8156 0.8021 0.8996
1.0000 1.0916 1.2706 1.2718 1.1279 1.0149 1.0797 0.9540 0.8914 0.9304 0.8832 0.8709 0.8741 0.9133 0.8324 1.0000
1.0421 0.9068 0.9236 1.1771 0.8693 0.9620 1.0000 0.9369 1.0028 1.0418 0.9660 0.9401 1.0456 1.1270 1.0630 1.1973
1.2586 1.1927 1.1605 1.1379 1.0050 1.0607 1.0912 0.9002 0.9815 0.8987 0.9049 0.9677 0.8211 0.9401 0.7992 0.9676
1.2893 1.0100 0.9232 1.0202 0.9591 0.9924 0.9930 0.8938 0.9544 1.0378 0.9399 1.0850 0.8837 1.1096 1.0570 1.3326
1.1892 1.0885 0.9785 1.1195 0.9642 1.0596 1.0546 0.9740 0.9080 1.0442 0.9629 0.8850 0.8748 0.8735 1.0343 0.9988
1.1666 1.0876 1.0501 0.9715 0.9495 0.9529 1.0204 0.9695 0.8923 1.0568 0.9658 0.8295 0.9858 1.0904 1.0000 1.0506
1.3561 1.2154 1.1544 1.0847 1.0964 1.1129 1.0431 0.9942 1.0896 0.8985 0.9221 0.8353 0.8140 0.7819 0.7644 0.8255
0.6683 0.7273 0.9086 0.7546 0.9538 0.9734 0.8407 1.0532 1.0455 0.9085 1.0542 1.0103 1.2030 0.9918 1.2116 1.1839
1.0984 0.9756 0.9609 1.0937 0.9950 0.9626 0.9519 1.1446 0.8664 0.9087 0.9484 0.8946 1.0293 0.9926 1.1221 1.1073
0.6806 0.7178 0.9017 0.8302 0.9623 0.9868 0.9048 1.0133 0.9888 0.9655 1.0682 0.9195 1.2426 1.0920 0.9834 1.2107
1.2417 1.1543 1.1676 1.1942 1.0659 1.1023 1.1343 0.9818 1.0172 0.8773 0.8464 0.8764 0.8548 0.8130 0.8643 0.8057
1.0276 0.8787 0.8443 0.9403 0.9136 0.9215 0.7885 0.9461 0.9375 0.9795 1.1581 0.9943 1.1460 1.2120 1.1800 1.5368
1.1827 1.0903 1.0057 0.9649 0.8937 1.0105 1.0324 1.0425 0.9638 0.9077 0.9485 0.8909 1.0012 0.8963 1.0396 1.1050
1.2435 1.1698 0.9495 0.9178 1.0413 1.0554 0.9999 1.0661 0.9871 0.9003 0.9477 0.9576 0.9566 0.7545 0.7731 0.9259
0.9973 0.9554 1.0533 0.9003 0.9790 1.0482 0.9808 0.9997 1.0000 0.9391 0.9528 1.0382 1.0000 1.0275 1.0300 1.1882
0.9294 0.9181 0.9135 1.0000 0.9660 0.9183 1.0412 1.0655 0.9801 1.0248 1.0715 1.0055 1.0564 1.1069 1.2863 1.2758
1.4196 1.3334 1.0357 1.2529 0.9696 0.9954 1.1192 0.9709 0.9125 1.0000 1.0000 0.8954 1.0000 0.8522 0.9080 0.9199
1.4680 1.0189 1.2182 0.9342 0.7847 1.1100 1.0050 0.9902 1.0916 1.0227 0.8958 1.0039 0.8847 0.8864 0.9611 1.1455
1.1607 1.1290 1.1533 1.1944 0.9958 1.0486 0.9456 0.9259 1.0157 1.0484 0.9038 0.8095 0.8013 0.7600 0.5291 0.5131
1.2650 0.9435 1.0000 0.9252 1.1287 1.0750 0.9209 1.0144 0.9662 0.9733 0.9337 1.0963 0.9082 1.0702 1.0084 1.0675
0.5549 0.7285 1.0001 0.9655 1.0873 1.0253 0.9832 0.9502 0.9323 1.0781 0.9674 1.0011 1.0294 0.9677 1.0043 1.2193
1.0393 0.8670 0.9004 0.9718 0.8361 0.9032 0.8657 0.9024 1.0000 1.1099 0.9551 0.9470 1.1521 1.2771 1.3376 1.5960
1.0339 1.0588 0.8831 1.0375 0.8686 0.9860 0.9337 0.9986 1.1247 0.9274 1.0030 1.0394 0.9489 1.0358 0.5458 1.0823
1.2324 1.0541 0.9598 0.9920 1.0039 1.0260 1.0571 0.9946 1.0377 0.8923 1.0478 0.9332 1.0417 0.9391 0.9587 1.0234
