1.3492 1.1713 1.0539 1.0853 1.0024 0.9452 1.0757 0.9004 1.1084 1.1288 0.8332 0.8363 0.9349 0.8346 0.7994 0.9354
1.0000 1.0714 1.3004 1.2794 1.1708 1.0147 1.1068 0.9661 0.8794 0.9092 0.8606 0.8522 0.8729 0.9043 0.8153 1.0000
0.9998 0.8759 0.9018 1.1787 0.8490 0.9543 1.0000 0.9745 0.9762 1.0587 0.9619 0.9575 1.0426 1.1721 1.0809 1.2720
1.3282 1.1960 1.1579 1.1443 1.0049 1.0668 1.0958 0.9011 0.9592 0.8909 0.9100 0.9411 0.8051 0.9234 0.7988 0.9764
1.2304 0.9446 0.8918 1.0170 0.9591 0.9979 0.9850 0.8800 1.0024 1.0779 0.9913 1.0857 0.8953 1.1020 1.0468 1.3107
1.2036 1.0730 1.0036 1.1128 0.9679 1.0807 1.0563 0.9584 0.9233 1.0329 1.0203 0.8665 0.8934 0.8403 0.9968 0.9580
1.2010 1.1043 1.0358 0.9824 0.9464 0.9529 1.0260 0.9680 0.9092 1.0627 0.9678 0.8564 0.9678 1.0566 1.0000 1.0330
1.3809 1.2281 1.1646 1.1012 1.0981 1.0915 1.0764 1.0015 1.1021 0.9023 0.8826 0.8350 0.7961 0.7728 0.7508 0.8282
0.6726 0.7272 0.8715 0.7581 0.9603 0.9754 0.8357 1.0346 1.0503 0.9098 1.0703 0.9891 1.2077 0.9950 1.2113 1.2411
1.1559 1.0207 0.9952 1.1170 1.0083 0.9660 0.9546 1.1690 0.8635 0.8779 0.9160 0.8759 0.9880 0.9756 1.0856 1.0831
0.6632 0.7283 0.8696 0.7839 0.9386 0.9558 0.8949 1.0590 1.0097 0.9558 1.0807 0.9298 1.2450 1.0952 0.9464 1.3269
1.2794 1.1338 1.1669 1.1984 1.0809 1.1199 1.1252 0.9734 0.9895 0.8929 0.8456 0.8900 0.8639 0.8014 0.8430 0.8015
0.9987 0.8326 0.8108 0.9056 0.8671 0.9049 0.8066 1.0152 0.9436 1.1215 1.2056 1.0107 1.1169 1.1928 1.1535 1.5261
1.1939 1.0752 1.1040 1.0224 0.8570 0.9984 1.0349 1.0442 0.9632 0.8822 0.9462 0.8879 0.9866 0.8753 1.0038 1.0817
1.1936 1.1631 0.9338 0.9220 1.0430 1.0348 0.9716 1.0685 1.0018 0.9409 0.9683 0.9585 0.9486 0.7926 0.7645 0.9284
1.0318 0.9717 1.0494 0.9041 0.9955 1.0459 0.9733 0.9817 1.0000 0.9029 0.9347 1.0859 1.0000 1.0034 1.0153 1.1946
0.9439 0.9475 0.9361 1.0000 0.9821 0.9459 1.0212 1.0724 0.9901 1.0050 1.0430 0.9923 1.0432 1.0758 1.2699 1.2708
1.4857 1.3559 1.0634 1.2599 0.9689 0.9860 1.1105 0.9466 0.8868 1.0000 1.0000 0.9056 1.0000 0.8379 0.9095 0.9292
1.5157 1.0224 1.1926 0.8983 0.7929 1.1044 0.9822 0.9686 1.0763 1.0380 0.9221 1.0075 0.9233 0.8852 0.9955 1.1500
1.2027 1.1240 1.1552 1.2232 0.9871 1.0322 0.9442 0.9132 0.9781 1.0363 0.9020 0.8111 0.8161 0.7663 0.5284 0.5244
1.2237 0.9102 1.0000 0.9284 1.0848 1.0511 0.9405 1.0103 0.9963 1.0411 0.9303 1.0668 0.9000 1.0613 0.9900 1.0779
0.7510 0.7450 0.9932 0.9725 1.1134 1.0000 0.9612 0.9559 0.9258 1.0796 0.9773 0.9950 1.0277 1.0079 0.9867 1.1939
1.0324 0.8651 0.8878 0.9661 0.8502 0.9135 0.8596 0.9131 1.0000 1.1553 0.9401 0.9491 1.1707 1.2812 1.3591 1.6773
1.0320 1.0695 0.9041 1.0403 0.8892 0.9906 0.9577 1.0079 1.0796 0.9197 1.0035 1.0364 0.9271 1.0367 0.5458 1.0561
1.1642 0.9424 0.9031 0.9544 0.9852 0.9925 1.0656 0.9843 0.9936 0.8882 1.0441 0.9718 1.0810 0.9541 1.0331 1.1516
