0.7393 0.7969 0.8629 0.8853 1.0243 1.0773 1.0412 1.1757 1.1500 1.1709 1.0175 1.0016 1.0457 1.0227 0.8658 0.8794
0.8499 0.8458 0.9694 1.0331 1.0947 1.2189 1.2081 0.9644 1.0215 0.9469 1.1046 1.0018 0.9286 0.8555 0.9895 0.7706
0.6554 0.7039 0.9207 0.9209 0.9624 1.0882 1.1195 1.0730 1.0729 1.2226 0.9992 0.9704 0.9021 0.9133 0.9205 0.7254
0.6595 0.7387 0.8520 0.9663 0.9808 1.0937 1.1064 1.0229 0.9789 1.1625 1.1331 0.9662 1.0340 0.8957 0.9368 0.7516
0.7161 0.7662 0.8060 0.8950 1.0000 1.0342 1.0868 1.0627 1.1818 1.2121 1.0282 1.0408 0.9612 1.0475 0.9453 0.8625
0.8336 0.8561 0.8595 0.9405 1.1470 1.0862 1.1824 1.0997 1.1605 1.1104 1.0514 1.0286 0.9811 0.9308 0.8622 0.8668
0.7535 0.8069 0.8646 0.9410 1.0394 1.0372 1.1520 1.1598 1.1045 1.0762 1.0826 1.0491 0.9899 0.9179 0.8379 0.9419
0.8951 0.8151 0.8675 0.9429 1.0000 1.0920 1.1828 1.1091 1.0922 1.0752 1.1458 1.0828 1.0142 0.9170 0.8547 0.9161
0.8135 0.8655 0.8685 0.8717 1.0194 1.0162 1.1273 1.0503 1.0799 1.1167 1.0417 1.0931 0.9887 1.0281 0.9104 0.8402
0.6860 0.7590 0.8658 0.9721 1.0126 1.0232 1.0559 1.1318 0.9928 1.0255 1.1725 0.9509 0.9080 0.9499 0.9964 1.0073
0.7245 0.6604 0.7512 0.7905 0.9614 1.0487 1.1428 1.0320 1.0136 1.0618 1.0118 0.9602 1.0161 0.9834 0.8574 0.9679
0.7558 0.8431 0.9153 0.9773 1.1521 1.1442 1.1445 0.8748 1.0313 1.2357 1.0815 0.9621 0.9440 1.0000 1.0000 0.6937
0.9298 0.8867 0.9004 1.0102 1.1433 1.1171 1.1658 1.0142 1.1191 1.0375 1.0643 1.0284 0.9955 0.8528 0.8377 0.9742
0.9083 0.8948 0.9688 1.0233 0.9935 1.1041 1.1620 1.1229 1.0926 1.0468 1.1490 0.9439 0.9467 1.0000 0.8453 0.8044
0.6736 0.7438 0.8595 0.9026 1.0017 1.1921 1.0829 1.0517 1.0484 1.0527 1.1003 1.1247 0.9929 0.8623 0.8973 0.8294
0.6881 0.7956 0.9077 0.9946 0.9805 1.0380 1.0880 1.0463 1.0878 1.0089 1.0044 1.0714 1.0022 0.9750 0.9291 0.8697
0.8728 0.7676 0.8710 0.8873 1.0301 1.1701 0.9786 1.1753 1.1371 1.1765 1.0537 1.0357 1.1067 0.9321 0.8860 0.9208
0.6916 0.7760 0.7972 0.8239 0.9979 0.9969 1.1229 1.0081 0.9956 1.1226 1.0954 1.0594 1.0112 1.0155 0.8929 0.9067
0.6816 1.0000 0.8922 0.9209 0.9795 1.1305 1.1206 1.0481 1.0630 1.1762 1.0851 0.9224 0.9900 0.8933 0.8789 0.8995
0.8300 0.8189 0.9169 0.8541 1.0271 1.1349 1.0261 1.0562 1.0639 1.1680 1.0451 1.1283 1.0000 0.9830 0.9679 0.9238
0.8777 0.8937 0.8937 0.9548 0.9462 1.0976 1.0467 1.0400 1.0437 0.9623 1.0562 1.1152 1.0054 0.9929 1.0197 0.9534
0.6330 0.7755 0.9127 0.9797 1.0000 1.0703 1.0586 1.0613 1.0295 1.1013 1.0077 1.0613 0.9787 0.9191 1.0000 0.8171
0.8403 0.7834 0.9620 0.9420 1.0625 1.1607 1.1727 0.9448 1.0757 1.1361 1.1482 1.0316 1.0446 0.9333 0.8819 0.8373
0.7646 0.7853 0.8699 0.9494 1.2157 1.0000 1.0846 1.1817 1.0970 1.0562 1.2345 0.9322 0.9438 0.9479 0.9715 0.9593
0.8313 0.9130 0.8884 0.9670 1.0940 1.1005 1.1797 1.1753 1.1745 1.1696 1.0965 0.9728 0.9650 0.9119 0.7856 0.7903
