0.7384 0.7730 0.8561 0.8886 1.0247 1.0995 1.0496 1.1827 1.1727 1.1923 1.0287 1.0091 1.0420 1.0212 0.8571 0.8571
0.8301 0.8500 0.9500 1.0338 1.0888 1.2484 1.2161 0.9729 1.0400 0.9686 1.1022 0.9989 0.9317 0.8629 0.9891 0.7492
0.6340 0.7034 0.9138 0.9170 0.9686 1.0940 1.1339 1.0775 1.0807 1.2312 1.0162 0.9594 0.8946 0.9105 0.8867 0.7269
0.6500 0.7461 0.8446 0.9551 0.9739 1.0698 1.1138 1.0503 0.9986 1.1611 1.1217 0.9679 1.0405 0.8806 0.9152 0.7650
0.7160 0.7803 0.8095 0.9099 1.0000 0.9943 1.0690 1.0620 1.2021 1.2574 1.0751 1.0454 0.9705 1.0420 0.9256 0.8120
0.8215 0.8495 0.8675 0.9519 1.1308 1.0852 1.1806 1.1403 1.1806 1.1187 1.0610 1.0137 0.9755 0.9164 0.8529 0.8470
0.7706 0.8054 0.8520 0.9269 1.0148 1.0432 1.1705 1.1615 1.0970 1.0904 1.0896 1.0471 0.9781 0.9308 0.8367 0.9599
0.8611 0.7910 0.8653 0.9382 1.0000 1.0855 1.2193 1.1299 1.1069 1.0805 1.1509 1.0830 1.0226 0.9360 0.8265 0.9091
0.8136 0.8729 0.8665 0.8575 1.0236 1.0200 1.1060 1.0291 1.0881 1.1141 1.0369 1.1085 0.9742 1.0608 0.8895 0.8776
0.6943 0.7570 0.8416 0.9596 0.9967 1.0141 1.0467 1.0888 0.9891 1.0747 1.1846 0.9753 0.9072 0.9854 1.0166 1.0251
0.7256 0.6533 0.7442 0.7913 0.9708 1.0536 1.1264 1.0572 1.0300 1.0702 1.0333 0.9652 1.0020 0.9610 0.8453 0.9635
0.7376 0.8234 0.9024 0.9631 1.1498 1.1560 1.1223 0.8677 1.0320 1.2300 1.0973 0.9634 0.9439 1.0000 1.0000 0.6884
0.9573 0.8988 0.9065 1.0374 1.1367 1.1158 1.1716 1.0315 1.1187 1.0748 1.0494 1.0076 0.9888 0.8603 0.8393 0.9296
0.9037 0.9007 0.9673 1.0006 0.9944 1.0961 1.1699 1.1472 1.0952 1.0737 1.1693 0.9443 0.9334 1.0000 0.8140 0.7897
0.6990 0.7334 0.8482 0.9170 0.9867 1.1572 1.0636 1.0676 1.0558 1.0760 1.1349 1.1195 1.0031 0.8651 0.8775 0.8156
0.6827 0.8101 0.9285 0.9799 0.9916 1.0440 1.0951 1.0420 1.0805 1.0027 1.0147 1.0527 0.9826 0.9808 0.9356 0.8620
0.8644 0.7986 0.8750 0.8983 1.0532 1.1662 0.9972 1.1749 1.1515 1.1653 1.0532 1.0302 1.0735 0.9182 0.8795 0.8973
0.7048 0.7409 0.7838 0.8069 0.9999 1.0010 1.1136 0.9847 0.9819 1.1123 1.0683 1.0365 1.0132 1.0307 0.8794 0.9010
0.6868 1.0000 0.8949 0.9069 0.9753 1.1125 1.1347 1.0653 1.0773 1.1687 1.0792 0.9241 0.9863 0.9010 0.8804 0.8971
0.8170 0.8010 0.9039 0.8241 1.0201 1.1618 1.0284 1.0786 1.0716 1.1888 1.0752 1.1274 1.0000 0.9939 0.9649 0.9496
0.8556 0.8960 0.8879 0.9708 0.9675 1.1127 1.0906 1.0580 1.0646 0.9684 1.0527 1.1176 0.9989 0.9716 0.9909 0.9247
0.6187 0.7651 0.9000 0.9757 1.0000 1.0867 1.0630 1.0801 1.0508 1.0991 1.0412 1.0368 0.9860 0.8911 1.0000 0.7866
0.8716 0.8027 0.9509 0.9408 1.0689 1.1551 1.1839 0.9842 1.0948 1.1253 1.1671 1.0227 1.0397 0.9329 0.8834 0.7994
0.7592 0.7917 0.8587 0.9533 1.2169 1.0000 1.0974 1.1929 1.0885 1.0627 1.2415 0.9548 0.9405 0.9403 0.9587 0.9429
0.8456 0.9279 0.8903 0.9565 1.0997 1.0867 1.1916 1.1751 1.1722 1.1871 1.1009 0.9586 0.9671 0.9040 0.7841 0.7599
