0.7066 0.7634 0.8562 0.8873 1.0385 1.0972 1.0631 1.1869 1.1700 1.1670 1.0177 1.0258 1.0365 1.0088 0.8604 0.8621
0.8333 0.8431 0.9466 1.0328 1.0898 1.2486 1.2024 0.9853 1.0305 0.9751 1.1066 0.9996 0.9286 0.8620 0.9878 0.7669
0.6456 0.7037 0.9122 0.9055 0.9632 1.0886 1.1531 1.0967 1.0721 1.2240 1.0109 0.9641 0.9065 0.8946 0.8679 0.7400
0.6601 0.7362 0.8429 0.9628 0.9859 1.0840 1.1147 1.0534 1.0101 1.1659 1.1088 0.9602 1.0376 0.8857 0.9012 0.7385
0.7149 0.7769 0.8120 0.9047 1.0000 1.0148 1.0417 1.0332 1.1828 1.2301 1.0681 1.0316 0.9698 1.0303 0.9464 0.8474
0.8215 0.8446 0.8749 0.9477 1.1325 1.0819 1.1831 1.1476 1.1930 1.1205 1.0488 1.0201 0.9782 0.9133 0.8626 0.8367
0.7551 0.8004 0.8512 0.9351 1.0309 1.0477 1.1837 1.1770 1.1066 1.0876 1.1130 1.0457 0.9708 0.9187 0.8195 0.9172
0.8837 0.7976 0.8610 0.9435 1.0000 1.1068 1.2251 1.1249 1.0876 1.0768 1.1574 1.0973 1.0017 0.9131 0.8289 0.8910
0.8164 0.8662 0.8418 0.8761 1.0172 1.0535 1.1136 1.0291 1.0911 1.1300 1.0385 1.1275 0.9702 1.0292 0.8845 0.8497
0.6870 0.7425 0.8460 0.9468 0.9700 1.0285 1.0674 1.1022 1.0283 1.0661 1.1836 0.9880 0.9134 0.9842 0.9764 0.9894
0.7199 0.6619 0.7304 0.8104 0.9480 1.0429 1.1303 1.0509 1.0468 1.0702 1.0220 0.9689 0.9966 0.9663 0.8573 0.9543
0.7404 0.8189 0.9211 0.9639 1.1511 1.1312 1.1306 0.8945 1.0500 1.2074 1.0869 0.9674 0.9428 1.0000 1.0000 0.7031
0.9354 0.8892 0.9093 1.0046 1.1202 1.1174 1.1865 1.0420 1.1294 1.0641 1.0522 1.0175 0.9739 0.8604 0.8416 0.9454
0.9044 0.8836 0.9629 0.9981 1.0027 1.1026 1.1830 1.1445 1.1058 1.0508 1.1651 0.9395 0.9274 1.0000 0.8186 0.8031
0.6962 0.7398 0.8567 0.9242 0.9987 1.1634 1.0747 1.0550 1.0792 1.0679 1.1400 1.1256 0.9814 0.8749 0.8576 0.7911
0.6779 0.7911 0.9100 0.9816 1.0188 1.0628 1.0924 1.0650 1.0837 0.9973 1.0088 1.0850 0.9838 0.9700 0.9028 0.8448
0.8689 0.7836 0.8699 0.8886 1.0315 1.1585 1.0091 1.1847 1.1654 1.1790 1.0552 1.0275 1.0891 0.9257 0.8745 0.8784
0.7099 0.7555 0.7939 0.8134 1.0010 1.0097 1.0928 1.0115 1.0077 1.1019 1.0698 1.0416 1.0092 1.0365 0.8648 0.8651
0.7045 1.0000 0.8867 0.9180 0.9762 1.1496 1.1355 1.0904 1.0682 1.1600 1.1041 0.9197 0.9717 0.8926 0.8678 0.8618
0.8369 0.8249 0.9110 0.8445 1.0360 1.1473 1.0070 1.0637 1.0665 1.1775 1.0531 1.1288 1.0000 0.9943 0.9677 0.9199
0.8579 0.8874 0.8866 0.9797 0.9604 1.0894 1.0820 1.0609 1.0477 0.9983 1.0462 1.1349 0.9993 0.9852 0.9807 0.9196
0.6442 0.7620 0.9037 0.9574 1.0000 1.0875 1.0663 1.0893 1.0491 1.0772 1.0487 1.0361 0.9847 0.9010 1.0000 0.8042
0.8654 0.8037 0.9237 0.9426 1.0716 1.1454 1.1954 0.9861 1.0992 1.1384 1.1439 1.0290 1.0298 0.9528 0.8806 0.8220
0.7389 0.7850 0.8513 0.9508 1.2205 1.0000 1.1055 1.1908 1.1090 1.0703 1.2405 0.9665 0.9426 0.9225 0.9524 0.9377
0.8258 0.9058 0.8884 0.9512 1.0983 1.1138 1.1690 1.1652 1.1954 1.2030 1.1114 0.9911 0.9650 0.8939 0.7742 0.7476
