1.3150 1.1790 1.0412 1.0992 0.9883 0.9626 1.0789 0.8936 1.1415 1.1586 0.8705 0.8510 0.9136 0.8146 0.8120 0.8908
1.0000 1.0733 1.2345 1.2335 1.1447 1.0024 1.0594 0.9583 0.9072 0.9414 0.9031 0.8995 0.8942 0.9332 0.8235 1.0000
1.0617 0.9189 0.9430 1.2965 0.8782 0.9809 1.0000 0.9530 0.9830 1.0493 0.9878 0.9320 1.0592 1.0859 1.0532 1.1761
1.2604 1.1639 1.1486 1.1348 1.0092 1.0714 1.0957 0.9007 0.9612 0.9107 0.9270 0.9415 0.8269 0.9622 0.8049 0.9753
1.3378 1.0121 0.9357 1.0452 0.9371 0.9721 0.9950 0.9025 0.9185 1.0044 0.9703 1.0919 0.8883 1.1008 1.0785 1.3034
1.1322 1.0637 0.9849 1.0874 0.9639 1.0673 1.0541 0.9815 0.8914 1.0675 0.9820 0.9040 0.9256 0.8842 1.0162 1.0130
1.1808 1.1075 1.0441 1.0138 0.9176 0.9685 1.0143 0.9666 0.8934 1.0549 0.9595 0.8536 0.9671 1.0709 1.0000 1.0526
1.3211 1.2028 1.1156 1.0491 1.1143 1.0525 1.0442 0.9939 1.1144 0.9135 0.8979 0.8571 0.8438 0.7850 0.8118 0.8661
0.6586 0.7117 0.9118 0.7468 0.9088 0.9640 0.8376 1.0631 1.0506 0.9226 1.0685 1.0261 1.2268 0.9729 1.2418 1.1364
1.0892 0.9423 0.9002 1.0769 0.9827 0.9357 0.9449 1.1077 0.8879 0.9026 0.9198 0.9467 1.0695 1.0170 1.1594 1.1891
0.6767 0.7480 0.8952 0.8453 0.9566 0.9694 0.9468 1.0422 0.9957 0.9912 1.0572 0.9164 1.1748 1.1102 0.9666 1.2103
1.2459 1.1091 1.1786 1.2159 1.0644 1.1027 1.1298 0.9730 1.0140 0.8575 0.8375 0.8757 0.8521 0.8335 0.8831 0.8322
0.9844 0.8590 0.8526 0.9378 0.8975 0.8791 0.8056 1.1390 0.9169 1.0647 1.1724 0.9833 1.0802 1.1792 1.1353 1.4885
1.1390 1.0321 1.1117 0.9485 0.8541 0.9735 1.0127 1.0445 0.9564 0.9100 0.9669 0.9002 1.0229 0.9273 1.0725 1.0909
1.2497 1.1634 0.9382 0.9460 1.0411 1.0864 1.0236 1.0851 0.9791 0.8655 0.9225 0.9722 0.9533 0.7587 0.7435 0.8967
0.9864 0.9428 1.0419 0.8820 0.9518 1.0666 0.9975 0.9984 1.0000 0.9052 0.9535 1.0599 1.0000 1.0214 1.0774 1.2084
0.9261 0.9222 0.9265 1.0000 0.9556 0.9402 1.0512 1.0469 1.0095 1.0364 1.0643 1.0036 1.0535 1.0519 1.2448 1.3001
1.4210 1.3577 1.0103 1.2677 0.9534 0.9995 1.1158 0.9936 0.8876 1.0000 1.0000 0.9019 1.0000 0.8345 0.9280 0.9506
1.4683 0.9995 1.1915 0.9322 0.8251 1.1219 1.0195 0.9868 1.1092 1.0274 0.8886 1.0104 0.8815 0.8693 0.9573 1.1276
1.1647 1.0943 1.1417 1.2078 0.9929 1.0266 0.9454 0.9324 1.0292 1.0293 0.9141 0.8191 0.7998 0.7732 0.5383 0.5174
1.3110 0.9726 1.0000 0.9345 1.1324 1.0601 0.9226 1.0120 0.9863 0.9476 0.9228 1.0738 0.9118 1.0853 1.0182 1.0592
0.6623 0.7290 0.9772 0.9832 1.0542 1.0411 1.0107 0.9768 0.9253 1.0808 0.9499 1.0251 1.0653 0.9389 0.9757 1.2712
1.0453 0.8704 0.9178 0.9729 0.8586 0.9370 0.8877 0.9491 1.0000 1.1221 0.9422 0.9298 1.1148 1.2306 1.2472 1.5092
1.0144 1.0303 0.8559 1.0122 0.8853 0.9793 0.9190 0.9824 1.1090 0.9271 1.0382 1.0605 0.9798 1.0492 0.5458 1.0936
1.2830 1.1562 0.9971 1.0619 1.0587 1.0638 1.0933 1.0016 1.0056 0.8613 1.0412 0.8876 1.0116 0.9049 0.8795 0.9861
