1.2602 1.1423 1.1521 1.2124 1.0562 0.9876 1.0961 0.8730 1.1646 1.0989 0.8886 0.8453 0.9306 0.7453 0.7772 0.7530
1.0000 1.0214 0.9948 1.2156 1.1349 1.0052 0.9853 0.9670 0.8957 1.0277 0.9761 0.9549 0.9544 1.0372 0.8468 1.0000
1.2220 1.1091 0.9457 1.5942 1.0258 1.0286 1.0000 0.9242 1.0351 1.0752 1.0171 0.8969 1.0060 0.9364 0.9253 0.9142
1.1124 0.9776 1.0376 1.1787 1.0337 1.0409 1.0927 0.9824 1.0532 0.9843 0.9577 0.9338 0.9143 0.8754 0.8722 0.9770
1.5153 1.1865 1.0459 1.1082 0.9686 0.9951 1.0152 0.9536 0.7936 0.8770 0.9002 1.0739 0.8961 1.0010 0.9990 1.1987
0.9688 1.0545 0.8659 0.9540 0.9036 1.0359 1.0943 0.9993 0.7867 1.1625 0.9001 1.0549 1.0130 1.0041 1.0213 1.1788
1.3507 1.1113 1.1100 1.0540 1.0354 0.8992 0.9779 0.8851 0.9225 1.0114 0.9616 0.8948 0.9610 1.0952 1.0000 0.9962
1.0943 1.2099 0.9163 1.0821 1.0456 1.0653 1.1000 1.0379 1.1388 0.9521 1.0031 0.9274 0.8544 0.7666 0.8606 0.9516
0.7586 0.7800 0.9785 0.8458 0.8796 0.9601 0.8764 1.0869 1.1144 0.9843 1.1188 1.0425 1.1712 0.7946 1.2607 1.0218
0.9152 0.8638 0.8586 1.0608 1.0082 1.0049 1.0451 0.9380 0.9100 1.0100 0.9593 0.9955 1.1199 1.0386 1.1415 1.3123
0.6163 0.7976 0.8785 0.8613 0.8807 1.0121 1.0309 1.1255 1.0823 1.0189 0.9238 1.0034 1.0607 1.1182 0.9766 1.0545
1.1147 1.0097 1.0756 1.1051 1.0181 1.0971 1.1222 0.9807 1.0192 0.9331 0.9218 0.9582 0.9439 0.9315 0.9585 0.8115
0.9919 1.0726 1.0557 1.1447 1.0436 0.8996 0.8353 1.2303 0.9025 1.0238 1.1153 0.8012 0.8621 1.0393 0.9463 1.1558
0.9799 0.8879 0.9710 0.7685 0.9047 0.9295 0.8792 1.1287 0.9942 1.0140 1.0666 1.0129 1.0792 1.0283 1.1571 1.1259
1.4064 1.1221 1.0254 1.0388 1.0859 1.1080 1.1147 1.0867 1.0116 0.7798 0.9583 0.9195 0.8814 0.6566 0.6467 0.6970
0.8644 0.9368 1.0433 0.8911 0.8822 1.0117 1.0314 1.0382 1.0000 0.9258 1.0228 0.9334 1.0000 1.1428 1.1723 1.3008
1.0483 0.9177 1.0210 1.0000 0.9218 0.9743 1.0566 0.8795 1.0176 1.0901 1.0625 1.0311 0.9860 0.9923 1.0625 1.1710
1.2489 1.2496 0.8888 1.2270 0.9179 0.9753 1.1464 0.9133 0.8805 1.0000 1.0000 1.0046 1.0000 0.8972 1.0114 1.0345
1.3798 1.0358 1.3420 1.0529 0.8821 1.1899 1.0808 1.0286 1.1337 0.9194 0.9132 0.9562 0.8763 0.8276 0.7800 0.9636
1.0430 1.0672 1.1416 1.1711 0.9838 1.0451 0.9632 1.0062 1.0418 1.2184 0.9478 0.8292 0.8055 0.7765 0.5534 0.5241
1.4271 1.0354 1.0000 1.0185 1.1433 1.1362 0.9509 0.9839 0.9711 0.8074 0.9353 1.1111 0.9469 1.0948 1.0043 0.8969
0.5476 0.5986 0.9489 0.8917 0.8757 1.0070 1.0158 1.0454 1.0260 0.9699 1.0426 1.1560 1.1384 0.9300 0.9709 1.3008
1.0958 0.8852 0.9525 0.8081 0.9063 0.9524 0.9558 1.0105 1.0000 1.2646 1.0231 0.9661 1.0732 1.1245 1.0226 0.9543
0.9473 0.8757 0.7913 0.9592 0.8768 1.0340 0.8712 0.9104 1.1488 1.0182 1.0707 1.1143 1.1144 1.0227 0.5458 1.1828
1.4980 1.3133 1.1243 1.2170 1.1321 1.1404 1.1968 0.9744 0.9357 0.8054 0.9211 0.8737 0.9293 0.8007 0.7520 0.8566
