0.8023 0.8486 0.9022 0.9295 1.0579 1.1188 1.0682 1.2021 1.0557 1.1866 0.9803 1.0476 1.0718 1.0876 0.8505 0.7966
0.8515 0.9076 1.0275 1.0754 1.1280 1.2136 1.1831 0.9574 0.9551 0.9310 1.0767 0.9839 0.9608 0.8429 0.9982 0.7279
0.7183 0.7763 0.9962 0.9845 0.9867 1.1431 1.0577 1.1009 1.0441 1.2693 1.0115 0.8664 0.9605 0.8961 0.9231 0.5645
0.6651 0.7869 0.9007 0.9901 1.0087 1.1184 1.1613 1.0788 0.9109 1.1015 1.1787 0.9330 0.9990 0.8426 0.8954 0.5414
0.7167 0.8172 0.8553 0.9201 1.0000 1.0571 1.1419 1.0640 1.1661 1.2541 1.0637 1.0411 1.0161 1.0473 0.9539 0.8040
0.8748 0.8794 0.8723 0.9911 1.1687 1.0605 1.1620 0.9709 1.2035 1.1241 1.0673 1.0338 1.0054 0.9187 0.8606 0.8130
0.7189 0.8698 0.9323 0.9462 1.0608 0.9655 1.1834 1.2170 1.0757 0.9782 1.0905 1.0276 0.9786 1.0070 0.8607 0.8149
0.9200 0.8429 0.9114 0.9629 1.0000 1.1346 1.2213 1.0759 1.0987 1.0659 1.0649 1.1403 1.0778 0.8784 0.8456 0.7657
0.8490 0.9110 0.8822 0.8915 1.0483 1.0297 1.1148 1.0194 1.0719 1.1206 1.0386 1.0951 1.0002 1.0666 0.9147 0.7334
0.7040 0.7781 0.8843 0.9951 0.9786 1.0411 1.0907 1.1229 0.9840 1.0452 1.1794 0.8471 0.8639 0.9873 1.0343 1.0241
0.7861 0.7125 0.8024 0.8488 1.0009 1.1237 1.2057 1.0397 1.0367 1.1628 1.0157 1.0235 1.1053 1.0314 0.8635 0.8824
0.7875 0.8985 0.8959 1.0345 1.1827 1.1838 1.1709 0.9034 0.9325 1.2127 0.9880 0.9072 0.9075 1.0000 1.0000 0.6254
0.9520 0.9028 0.9193 1.0369 1.1239 1.0794 1.1019 0.9330 1.0810 0.9679 1.0187 1.0372 1.0046 0.8538 0.8131 0.9607
0.9347 0.9208 0.9489 1.0160 0.9937 1.0812 1.1476 1.0878 1.0416 1.0234 1.1083 0.9154 0.9710 1.0000 0.8094 0.7168
0.6772 0.7699 0.8466 0.8967 1.0011 1.1712 1.0838 1.0775 1.0270 1.0352 1.1080 1.1428 1.0413 0.8530 0.9259 0.8255
0.6966 0.8627 0.9721 1.0128 1.0155 1.0666 1.0908 0.9631 1.0981 0.9246 1.0014 1.0749 1.0444 0.9664 0.9057 0.7664
0.8946 0.7141 0.8616 0.8610 1.0297 1.1782 0.9700 1.1881 1.1272 1.1738 1.0423 1.0634 1.1502 0.9470 0.8545 0.9344
0.7281 0.8715 0.8768 0.8604 1.0768 0.9860 1.2413 1.0911 1.0298 1.1418 1.1195 1.0018 0.9121 0.8641 0.9333 0.9540
0.7066 1.0000 0.9591 0.9172 0.9790 1.1377 1.1270 0.9658 1.0735 1.1678 1.0970 0.9036 1.0104 0.8885 0.8889 0.8960
0.8285 0.8528 0.9639 0.8511 1.0483 1.1899 0.9985 1.0760 1.0308 1.1446 1.0144 1.1515 1.0000 0.9851 0.9729 0.8803
0.9338 0.9352 0.9148 0.9388 0.8928 1.1410 1.0684 1.0876 1.0891 0.9611 1.0814 1.1578 1.0182 1.0159 0.9607 0.6887
0.6355 0.8496 0.9683 1.0131 1.0000 1.1574 1.0915 1.0926 0.9667 1.0121 0.9815 1.0221 0.8697 0.8241 1.0000 0.5944
0.8566 0.8400 0.9854 0.9481 1.1031 1.1204 1.1722 0.9551 1.0464 1.0985 1.1325 1.0645 1.0861 0.9706 0.8741 0.7695
0.7897 0.8179 0.8799 0.9919 1.2723 1.0000 1.0848 1.1672 1.1411 1.0687 1.2464 0.8487 0.9537 0.9519 0.9485 0.8343
0.8155 0.9041 0.8607 0.9570 1.1282 1.0924 1.1659 1.1763 1.1097 1.1514 1.0856 0.9319 0.9926 0.8808 0.7557 0.7653
