0.8071 0.8211 0.9071 0.9305 0.9999 1.0655 1.0293 1.1552 1.1531 1.1603 1.0261 0.9376 1.1159 1.0621 0.9171 0.9121
0.8989 0.9035 0.9959 1.0571 1.1262 1.2246 1.2166 0.9178 0.9717 0.9155 1.0767 1.0163 0.9639 0.8531 0.9835 0.7847
0.6731 0.7451 0.9270 0.9545 0.9855 1.0872 1.1378 1.0798 1.0666 1.2392 1.0104 0.9873 0.9268 0.9354 0.9130 0.7244
0.7012 0.7599 0.8686 0.9494 0.9516 1.0910 1.0875 1.0192 0.9544 1.1910 1.1249 0.9996 1.0671 0.9262 0.9666 0.7670
0.8301 0.8893 0.8750 0.9241 1.0000 1.0966 1.1341 1.0643 1.1525 1.2109 1.0193 1.0293 0.9866 1.0235 0.9414 0.7536
0.8782 0.8886 0.9039 0.9622 1.1332 1.0933 1.1488 1.0557 1.1600 1.1008 1.0725 1.0036 0.9792 0.9355 0.8584 0.8300
0.7678 0.8474 0.9002 0.9751 1.0120 1.0581 1.1321 1.1153 1.0932 1.0901 1.0813 1.0647 0.9659 0.8884 0.8231 0.9646
0.8959 0.8259 0.8775 0.9294 1.0000 1.0875 1.1795 1.0634 1.0901 1.0696 1.1560 1.0697 1.0388 0.9324 0.8398 0.9192
0.8302 0.9041 0.8695 0.8942 1.0137 1.0293 1.1655 1.0311 1.0696 1.1484 1.0384 1.0841 0.9957 1.0318 0.8995 0.8372
0.7351 0.8235 0.9270 1.0443 1.0211 1.0478 1.0791 1.1351 0.9970 1.0568 1.1529 0.9300 0.8923 0.9379 0.9780 0.9223
0.7729 0.7376 0.8193 0.8549 0.9918 1.0887 1.1687 1.0558 1.0536 1.1144 1.0501 1.0119 1.0656 1.0290 0.8947 0.9428
0.7777 0.8628 0.8987 0.9912 1.1734 1.1096 1.1153 0.8543 1.0169 1.2139 1.0603 0.9806 0.9400 1.0000 1.0000 0.6434
0.9468 0.8653 0.9289 0.9919 1.1243 1.1173 1.1092 0.9624 1.1076 0.9762 1.0552 0.9726 0.9912 0.8088 0.7920 0.9262
0.9110 0.9229 0.9364 1.0254 0.9833 1.0856 1.1246 1.0930 1.0678 1.0415 1.1267 0.9256 0.9317 1.0000 0.8239 0.7992
0.6823 0.8045 0.8790 0.9340 1.0266 1.1653 1.0987 1.0743 1.0651 1.0457 1.1131 1.1440 1.0352 0.8436 0.8679 0.7674
0.7643 0.8667 0.9499 0.9969 0.9725 1.0477 1.0953 1.0260 1.0540 1.0032 1.0257 1.0743 0.9996 0.9631 0.9219 0.8735
0.8943 0.7848 0.9006 0.8964 1.0576 1.1572 0.9798 1.1401 1.1027 1.1861 1.0105 1.0322 1.1151 0.9301 0.8917 0.8912
0.7165 0.8267 0.8318 0.8438 1.0230 1.0266 1.1398 1.0195 1.0252 1.1276 1.0986 1.0602 1.0455 1.0299 0.9566 0.9362
0.7250 1.0000 0.9110 0.9125 0.9721 1.1422 1.1342 1.0531 1.0507 1.1551 1.0891 0.9067 0.9807 0.8927 0.9101 0.8998
0.9083 0.8840 1.0169 0.9095 1.0803 1.1891 1.0039 1.0867 1.0904 1.1771 0.9823 1.0975 1.0000 0.9003 0.8849 0.7808
0.8922 0.8992 0.9101 0.9798 0.9362 1.0867 1.0408 1.0588 1.0435 0.9460 1.0587 1.1232 1.0548 1.0217 1.0258 0.9046
0.6131 0.7604 0.9217 0.9706 1.0000 1.0299 1.0015 1.0038 0.9932 1.0827 1.0039 1.0674 0.9993 0.9284 1.0000 0.7942
0.8504 0.7963 1.0127 0.9784 1.0935 1.1467 1.1490 0.9218 1.0717 1.1494 1.1356 1.0320 1.0591 0.9139 0.8847 0.8254
0.7873 0.7922 0.8902 0.9264 1.1876 1.0000 1.0647 1.1850 1.0952 1.0203 1.2199 0.9538 0.9514 0.9305 1.0211 0.9753
0.8428 0.9295 0.8859 0.9859 1.1066 1.1201 1.1861 1.1907 1.1300 1.1394 1.0628 0.9526 0.9406 0.8541 0.6957 0.6411
