0.7364 0.8114 0.8667 0.8617 1.0220 1.0980 1.0414 1.1708 1.1676 1.1803 1.0415 1.0179 1.0416 1.0120 0.8449 0.8729
0.8484 0.8466 0.9531 1.0285 1.0744 1.2093 1.2189 0.9815 1.0243 0.9849 1.1032 1.0064 0.9293 0.8667 0.9618 0.7444
0.6512 0.7014 0.8942 0.9173 0.9572 1.0450 1.1523 1.0950 1.0933 1.2424 1.0289 0.9836 0.8911 0.9063 0.8705 0.7047
0.6794 0.7424 0.8664 0.9537 0.9866 1.0856 1.1119 1.0554 1.0158 1.1788 1.1525 0.9535 1.0219 0.8763 0.8777 0.7170
0.7641 0.8210 0.8250 0.9036 1.0000 1.0281 1.1267 1.0926 1.1964 1.1989 1.0453 1.0247 0.9504 1.0261 0.9027 0.7759
0.8396 0.8381 0.8785 0.9694 1.1056 1.0620 1.1766 1.1567 1.1880 1.1300 1.0747 1.0228 0.9548 0.9191 0.8540 0.8381
0.7660 0.7923 0.8621 0.9262 1.0245 1.0686 1.1985 1.1825 1.1123 1.1012 1.1084 1.0532 0.9577 0.8961 0.8071 0.9077
0.8753 0.8121 0.8537 0.9360 1.0000 1.1234 1.2282 1.1551 1.0297 1.0723 1.1706 1.1091 1.0089 0.9290 0.8183 0.8832
0.8188 0.8607 0.8568 0.8949 1.0059 1.0261 1.1351 1.0489 1.1116 1.1145 1.0745 1.1010 0.9727 1.0150 0.8707 0.8258
0.6775 0.7480 0.8941 0.9848 0.9917 1.0410 1.0869 1.1230 1.0431 1.1037 1.2006 0.9901 0.8969 0.9596 0.9565 0.9214
0.7205 0.6509 0.7401 0.7800 0.9470 1.0439 1.1304 1.0373 1.0615 1.0760 1.0526 0.9660 0.9848 0.9576 0.8352 0.9746
0.7505 0.8185 0.9280 0.9754 1.1544 1.1157 1.1210 0.8985 1.0542 1.2106 1.1006 0.9530 0.9192 1.0000 1.0000 0.6934
0.9270 0.8876 0.9300 1.0093 1.1611 1.1280 1.1730 1.0457 1.1549 1.0595 1.0899 1.0152 0.9684 0.8233 0.8178 0.8804
0.9084 0.9101 0.9576 1.0022 0.9904 1.1127 1.1716 1.1501 1.1224 1.0690 1.1630 0.9455 0.9272 1.0000 0.7888 0.7793
0.6699 0.7671 0.8583 0.8816 1.0246 1.1788 1.0785 1.0530 1.0729 1.0763 1.1557 1.1562 0.9903 0.8544 0.8259 0.7534
0.6966 0.8134 0.9336 1.0095 0.9934 1.0536 1.0908 1.0706 1.0970 1.0218 1.0303 1.0590 0.9804 0.9516 0.8764 0.8187
0.8572 0.8031 0.8644 0.9028 1.0373 1.1669 1.0096 1.1809 1.1524 1.1917 1.0900 1.0319 1.0694 0.9277 0.8493 0.8619
0.7080 0.7529 0.8052 0.8102 0.9900 1.0053 1.1181 1.0289 1.0205 1.1054 1.0958 1.0299 1.0090 1.0140 0.8544 0.8481
0.7126 1.0000 0.8796 0.9231 0.9760 1.1753 1.1452 1.1100 1.0695 1.1540 1.1071 0.9152 0.9631 0.8933 0.8496 0.8500
0.8747 0.8292 0.9278 0.9041 1.0448 1.1331 1.0182 1.0844 1.0729 1.1900 1.0691 1.1116 1.0000 0.9515 0.9091 0.8771
0.8610 0.8625 0.8749 0.9763 0.9615 1.0972 1.0627 1.0738 1.0611 1.0390 1.0824 1.1353 0.9960 0.9841 0.9789 0.8789
0.6051 0.7639 0.8992 0.9545 1.0000 1.0666 1.0586 1.0847 1.0612 1.1039 1.0532 1.0390 0.9916 0.8976 1.0000 0.7694
0.8738 0.8045 0.9355 0.9529 1.0497 1.1683 1.1865 1.0070 1.0968 1.1591 1.1771 1.0161 1.0128 0.9297 0.8419 0.8112
0.7552 0.7912 0.8628 0.9236 1.2008 1.0000 1.1058 1.2059 1.1278 1.0841 1.2487 0.9720 0.9361 0.9198 0.9323 0.9118
0.8806 0.9275 0.8987 1.0046 1.1016 1.1011 1.1561 1.1660 1.1865 1.1854 1.1131 0.9801 0.9334 0.8735 0.7476 0.7362
