1.3197 1.1915 1.0882 1.0863 1.0261 0.9791 1.0913 0.8790 1.1192 1.1534 0.8542 0.8346 0.9291 0.7913 0.8035 0.8579
1.0000 1.0591 1.2140 1.2795 1.1565 0.9905 1.0732 0.9760 0.8853 0.9544 0.9157 0.8751 0.8849 0.9262 0.8256 1.0000
1.0918 0.9414 0.9303 1.3148 0.8903 0.9979 1.0000 0.9390 0.9845 1.0418 1.0030 0.9467 1.0316 1.0406 1.0618 1.1422
1.2472 1.1672 1.1152 1.1256 0.9871 1.0520 1.0903 0.9175 0.9976 0.9231 0.9120 0.9532 0.8528 0.9171 0.8321 0.9777
1.3541 1.0144 0.9369 1.0264 0.9295 0.9372 1.0065 0.9271 0.9157 0.9747 1.0302 1.0987 0.9086 1.1061 1.0679 1.3150
1.1323 1.0911 0.9804 1.0951 0.9759 1.0717 1.0582 0.9860 0.8746 1.0534 0.9380 0.9210 0.8974 0.8890 1.0002 1.0146
1.2324 1.1074 1.0654 1.0128 0.9606 0.9571 1.0178 0.9609 0.8833 1.0540 0.9726 0.8449 0.9505 1.0408 1.0000 1.0361
1.2858 1.2354 1.0669 1.1078 1.0918 1.0943 1.0683 1.0327 1.1168 0.8969 0.9137 0.8538 0.8042 0.7806 0.7781 0.8758
0.6842 0.7187 0.9219 0.7749 0.9373 0.9574 0.8436 1.0749 1.0425 0.9136 1.0735 0.9880 1.2256 0.9513 1.2340 1.1714
1.0511 0.9405 0.9195 1.1083 1.0022 0.9805 0.9772 1.1012 0.9212 0.9375 0.9420 0.9065 1.0402 0.9798 1.1099 1.1684
0.6528 0.7250 0.8675 0.8084 0.9326 0.9774 0.9526 1.0542 1.0017 0.9997 1.0576 0.9358 1.1486 1.1351 0.9830 1.1939
1.2407 1.1175 1.1381 1.1613 1.0768 1.0718 1.1230 0.9791 1.0218 0.8901 0.8555 0.9003 0.8843 0.8404 0.9024 0.7934
1.0113 0.8734 0.8529 0.9702 0.9074 0.8573 0.7899 1.1554 0.9320 1.0517 1.1643 0.9632 1.0615 1.1933 1.1038 1.4525
1.0979 1.0260 1.0722 0.8884 0.8721 0.9640 1.0000 1.0701 0.9670 0.9288 0.9752 0.9397 1.0395 0.9472 1.0735 1.1080
1.2402 1.1568 0.9606 0.9626 1.0657 1.0611 1.0319 1.0737 0.9922 0.8542 0.9623 0.9730 0.9411 0.7712 0.7640 0.8436
0.9701 0.9690 1.0527 0.9160 0.9557 1.0303 0.9838 0.9974 1.0000 0.9218 0.9804 1.0051 1.0000 1.0528 1.0549 1.2670
0.9589 0.9559 0.9522 1.0000 0.9541 0.9336 1.0420 0.9724 0.9823 1.0381 1.0634 1.0300 1.0338 1.0830 1.2598 1.3170
1.4469 1.3454 1.0228 1.2535 0.9475 0.9805 1.1147 0.9520 0.8934 1.0000 1.0000 0.9247 1.0000 0.8569 0.9378 0.9760
1.4664 1.0424 1.1915 0.9666 0.8174 1.1224 1.0284 0.9773 1.0651 0.9855 0.8860 1.0017 0.8911 0.8603 0.9658 1.1265
1.1071 1.1537 1.1542 1.1936 0.9907 1.0354 0.9568 0.9343 1.0125 1.0391 0.9163 0.8317 0.7938 0.7557 0.5281 0.5181
1.3625 0.9477 1.0000 0.9387 1.1058 1.0530 0.9105 0.9896 0.9613 0.9162 0.9640 1.1279 0.9180 1.0986 1.0236 1.0323
0.6352 0.7195 0.9938 0.9817 1.0393 1.0241 0.9997 0.9737 0.9644 1.0722 0.9565 1.0392 1.0822 0.9317 0.9671 1.2325
1.0673 0.8589 0.9020 0.9462 0.8670 0.8981 0.8807 0.9561 1.0000 1.1414 0.9393 0.9446 1.1381 1.2438 1.2580 1.4090
1.0401 1.0503 0.8482 1.0074 0.8774 0.9943 0.9057 0.9587 1.1205 0.9224 1.0258 1.0729 0.9936 1.0509 0.5458 1.1042
1.3320 1.1079 0.9861 1.0578 1.0678 1.0662 1.1103 1.0251 1.0223 0.8976 1.0589 0.9077 0.9956 0.8620 0.8543 0.9255
