0.7004 0.7606 0.8601 0.8849 1.0417 1.0861 1.0589 1.1780 1.1876 1.1650 1.0239 1.0251 1.0482 1.0116 0.8639 0.8525
0.8367 0.8481 0.9371 1.0304 1.0929 1.2204 1.2219 0.9871 1.0501 0.9724 1.1273 1.0127 0.9195 0.8520 0.9808 0.7758
0.6501 0.7093 0.9052 0.9171 0.9520 1.0857 1.1641 1.0938 1.0618 1.2268 1.0099 0.9650 0.9002 0.9111 0.8884 0.7362
0.6777 0.7359 0.8407 0.9745 0.9688 1.0657 1.1123 1.0492 1.0093 1.1783 1.1371 0.9736 1.0262 0.8731 0.9006 0.7648
0.6999 0.7562 0.8021 0.9187 1.0000 0.9999 1.0776 1.0679 1.1707 1.2097 1.0635 1.0263 0.9869 1.0510 0.9583 0.8482
0.8185 0.8370 0.8665 0.9464 1.1168 1.0769 1.1753 1.1520 1.1713 1.1307 1.0537 1.0507 0.9717 0.9389 0.8582 0.8354
0.7605 0.8021 0.8641 0.9353 1.0262 1.0326 1.1673 1.1654 1.1155 1.0923 1.1110 1.0470 0.9757 0.9134 0.8193 0.9311
0.8869 0.8059 0.8565 0.9366 1.0000 1.1176 1.2144 1.1227 1.0978 1.0906 1.1311 1.0893 1.0015 0.9253 0.8304 0.8888
0.8237 0.8513 0.8444 0.8665 1.0174 1.0092 1.1422 1.0245 1.0960 1.1395 1.0569 1.1117 0.9908 1.0296 0.8920 0.8516
0.6926 0.7479 0.8551 0.9695 0.9843 1.0228 1.0409 1.1055 1.0152 1.0456 1.1898 0.9977 0.9312 0.9820 0.9647 0.9982
0.7185 0.6534 0.7326 0.7915 0.9524 1.0429 1.1450 1.0489 1.0271 1.0689 1.0312 0.9557 1.0036 0.9796 0.8522 0.9754
0.7432 0.8322 0.9172 0.9864 1.1447 1.1170 1.1237 0.8829 1.0297 1.2113 1.0887 0.9684 0.9486 1.0000 1.0000 0.7205
0.9303 0.8783 0.9147 1.0055 1.1238 1.1203 1.1809 1.0464 1.1321 1.0626 1.0641 1.0245 0.9751 0.8633 0.8224 0.9443
0.8946 0.8826 0.9618 1.0000 0.9896 1.1088 1.1786 1.1406 1.1114 1.0643 1.1754 0.9413 0.9343 1.0000 0.8074 0.7988
0.7090 0.7461 0.8700 0.9212 1.0001 1.1454 1.0909 1.0588 1.0914 1.0928 1.1534 1.1372 0.9694 0.8586 0.8573 0.7603
0.6731 0.7933 0.9192 0.9660 0.9851 1.0365 1.0917 1.0617 1.0753 1.0204 1.0282 1.0702 0.9940 0.9828 0.9145 0.8460
0.8611 0.7976 0.8724 0.8971 1.0235 1.1649 1.0299 1.1806 1.1505 1.1701 1.0573 1.0317 1.0679 0.9227 0.8822 0.8905
0.7072 0.7534 0.8023 0.8154 0.9978 1.0016 1.1167 1.0032 1.0105 1.0903 1.0858 1.0409 1.0011 1.0276 0.8729 0.8681
0.6980 1.0000 0.8871 0.9053 0.9882 1.1458 1.1317 1.0910 1.0841 1.1675 1.0772 0.9255 0.9736 0.8887 0.8612 0.8645
0.8284 0.8267 0.8892 0.8349 1.0186 1.1524 1.0143 1.0673 1.0928 1.1924 1.0747 1.1217 1.0000 0.9973 0.9657 0.9309
0.8631 0.8902 0.8829 0.9757 0.9718 1.1054 1.0796 1.0429 1.0459 0.9926 1.0596 1.1289 0.9967 0.9977 0.9779 0.9259
0.6264 0.7606 0.8958 0.9503 1.0000 1.0699 1.0672 1.0932 1.0559 1.0930 1.0418 1.0508 0.9892 0.8985 1.0000 0.8063
0.8654 0.8035 0.9381 0.9236 1.0774 1.1619 1.1878 0.9824 1.0789 1.1394 1.1608 1.0272 1.0252 0.9421 0.8850 0.8178
0.7499 0.7914 0.8610 0.9374 1.2098 1.0000 1.0937 1.1922 1.1120 1.0753 1.2510 0.9514 0.9387 0.9216 0.9427 0.9316
0.8565 0.9162 0.8991 0.9560 1.1076 1.1462 1.1715 1.1858 1.2022 1.1742 1.0904 0.9636 0.9652 0.8899 0.7562 0.7271
