0.7331 0.7721 0.8587 0.8937 1.0316 1.0920 1.0487 1.1785 1.1697 1.1830 1.0270 1.0114 1.0484 1.0151 0.8590 0.8598
0.8313 0.8576 0.9481 1.0410 1.0797 1.2452 1.2195 0.9769 1.0333 0.9662 1.1081 0.9959 0.9310 0.8630 0.9820 0.7555
0.6366 0.7058 0.9064 0.9239 0.9616 1.0870 1.1514 1.0756 1.0793 1.2369 1.0209 0.9549 0.8984 0.9066 0.8782 0.7209
0.6491 0.7405 0.8450 0.9582 0.9733 1.0709 1.1155 1.0500 1.0080 1.1604 1.1269 0.9680 1.0304 0.8785 0.9170 0.7666
0.7052 0.7764 0.8114 0.9108 1.0000 0.9883 1.0747 1.0511 1.1810 1.2431 1.0638 1.0403 0.9730 1.0479 0.9268 0.8285
0.8249 0.8440 0.8649 0.9587 1.1412 1.0833 1.1787 1.1265 1.1853 1.1125 1.0648 1.0060 0.9757 0.9266 0.8578 0.8438
0.7673 0.8097 0.8573 0.9305 1.0303 1.0417 1.1703 1.1672 1.1056 1.0871 1.0913 1.0299 0.9783 0.9252 0.8282 0.9488
0.8710 0.7954 0.8588 0.9319 1.0000 1.1004 1.2196 1.1304 1.1007 1.0833 1.1544 1.0764 1.0224 0.9364 0.8307 0.8995
0.8156 0.8751 0.8660 0.8591 1.0244 1.0156 1.1187 1.0409 1.0942 1.1141 1.0455 1.1019 0.9704 1.0394 0.8868 0.8630
0.6966 0.7506 0.8567 0.9724 0.9858 1.0212 1.0582 1.1051 0.9995 1.0884 1.1963 0.9715 0.9147 0.9920 0.9917 0.9952
0.7182 0.6543 0.7400 0.7961 0.9675 1.0556 1.1253 1.0613 1.0320 1.0736 1.0342 0.9571 1.0033 0.9676 0.8435 0.9650
0.7312 0.8199 0.9071 0.9688 1.1470 1.1535 1.1235 0.8880 1.0349 1.2228 1.0891 0.9568 0.9504 1.0000 1.0000 0.6878
0.9495 0.8967 0.9106 1.0307 1.1313 1.1208 1.1819 1.0275 1.1186 1.0695 1.0614 0.9997 0.9904 0.8449 0.8353 0.9370
0.9033 0.8971 0.9644 1.0034 0.9966 1.0978 1.1642 1.1533 1.0989 1.0661 1.1672 0.9384 0.9430 1.0000 0.8111 0.7870
0.7010 0.7312 0.8458 0.9243 0.9915 1.1506 1.0617 1.0669 1.0591 1.0719 1.1242 1.1108 1.0085 0.8719 0.8758 0.8276
0.6796 0.8048 0.9219 0.9759 0.9949 1.0386 1.1033 1.0444 1.0829 1.0059 1.0157 1.0453 0.9816 0.9829 0.9341 0.8662
0.8595 0.7984 0.8750 0.9020 1.0587 1.1691 0.9998 1.1786 1.1454 1.1734 1.0466 1.0312 1.0854 0.9188 0.8760 0.8870
0.7040 0.7434 0.7813 0.8099 1.0059 0.9985 1.1216 0.9966 0.9975 1.1140 1.0653 1.0351 1.0038 1.0159 0.8768 0.8848
0.6883 1.0000 0.8894 0.9084 0.9732 1.1199 1.1419 1.0720 1.0869 1.1741 1.0803 0.9304 0.9794 0.8910 0.8715 0.8820
0.8214 0.8137 0.9042 0.8428 1.0195 1.1532 1.0292 1.0777 1.0744 1.1901 1.0686 1.1170 1.0000 0.9951 0.9682 0.9412
0.8473 0.8943 0.8978 0.9756 0.9625 1.1182 1.0879 1.0574 1.0572 0.9782 1.0610 1.1087 1.0056 0.9660 0.9883 0.9237
0.6286 0.7666 0.8962 0.9719 1.0000 1.0779 1.0630 1.0784 1.0534 1.1032 1.0361 1.0404 0.9763 0.8965 1.0000 0.8006
0.8749 0.8002 0.9458 0.9392 1.0671 1.1581 1.1925 0.9836 1.0858 1.1255 1.1626 1.0194 1.0367 0.9367 0.8920 0.8049
0.7501 0.7917 0.8570 0.9500 1.2211 1.0000 1.0941 1.1854 1.0927 1.0723 1.2396 0.9544 0.9443 0.9473 0.9590 0.9480
0.8376 0.9235 0.8892 0.9649 1.0988 1.0957 1.1891 1.1684 1.1791 1.1892 1.0984 0.9487 0.9616 0.9125 0.7839 0.7586
