0.7981 0.8519 0.9140 0.9588 1.0450 1.1156 1.0596 1.2264 1.0990 1.2064 0.9872 1.0550 1.0521 1.0282 0.8272 0.7778
0.8518 0.8996 0.9972 1.0338 1.1040 1.2214 1.2030 0.9990 0.9996 0.9692 1.0824 1.0081 0.9338 0.8228 0.9693 0.7486
0.6988 0.7538 0.9666 0.9515 0.9691 1.1292 1.0798 1.1134 1.1000 1.2871 1.0117 0.8719 0.9499 0.8906 0.9304 0.6107
0.6429 0.7399 0.8674 0.9614 0.9803 1.1059 1.1513 1.0850 0.9515 1.1326 1.1436 0.9374 0.9988 0.8791 0.9679 0.6054
0.6886 0.8240 0.8378 0.8930 1.0000 1.0637 1.1261 1.0628 1.1957 1.2268 1.0809 1.0037 0.9971 1.0429 0.9829 0.8916
0.8745 0.8943 0.8803 0.9750 1.1522 1.0520 1.1443 1.0016 1.1900 1.1230 1.0410 1.0296 0.9860 0.9435 0.8626 0.8267
0.7329 0.8662 0.9198 0.9669 1.0420 0.9690 1.1672 1.1838 1.1061 0.9860 1.0883 1.0504 1.0019 0.9818 0.8535 0.7982
0.9420 0.8573 0.9307 0.9731 1.0000 1.1498 1.2360 1.0630 1.0847 1.0643 1.0764 1.1101 1.0558 0.8549 0.8405 0.7602
0.8710 0.9191 0.9097 0.8826 1.0373 1.0445 1.1322 1.0257 1.0647 1.1223 1.0324 1.1098 0.9878 1.0405 0.9054 0.7248
0.7214 0.7767 0.8799 1.0089 0.9981 1.0420 1.1079 1.1322 0.9987 1.0365 1.1853 0.8634 0.8669 0.9798 1.0147 1.0052
0.8009 0.7271 0.8096 0.8715 1.0048 1.1277 1.2017 1.0565 1.0602 1.1555 1.0172 1.0224 1.0947 1.0137 0.8380 0.8637
0.7865 0.8993 0.9084 1.0281 1.2137 1.1761 1.1964 0.8932 0.9104 1.2119 0.9765 0.9001 0.8960 1.0000 1.0000 0.6466
0.9453 0.9096 0.9254 1.0421 1.1186 1.0903 1.1141 0.9529 1.0876 0.9464 0.9813 1.0483 0.9839 0.8409 0.8140 0.9612
0.9473 0.9209 0.9409 1.0238 0.9838 1.0608 1.1342 1.0910 1.0592 1.0305 1.1038 0.9109 0.9586 1.0000 0.8206 0.7499
0.6986 0.7623 0.8627 0.8940 0.9932 1.1754 1.0878 1.0969 1.0325 1.0332 1.0846 1.1372 1.0224 0.8447 0.9189 0.8638
0.6968 0.8639 0.9813 1.0085 0.9908 1.0429 1.0840 0.9688 1.0791 0.9375 1.0139 1.0965 1.0376 0.9834 0.9040 0.7307
0.8891 0.7374 0.8944 0.8921 1.0395 1.1783 0.9427 1.1733 1.1195 1.1718 1.0492 1.0770 1.1431 0.9327 0.8504 0.9100
0.7433 0.8641 0.9002 0.8966 1.0729 0.9924 1.2176 1.0691 1.0332 1.1429 1.1252 1.0127 0.9059 0.8706 0.9443 0.9229
0.7189 1.0000 0.9589 0.9285 0.9737 1.1568 1.1351 0.9798 1.0588 1.1555 1.1043 0.9036 1.0029 0.8892 0.8896 0.8589
0.8447 0.8707 0.9621 0.8467 1.0619 1.1687 0.9903 1.0569 1.0427 1.1286 1.0036 1.1491 1.0000 0.9927 0.9801 0.9023
0.9802 0.9842 0.9595 0.9803 0.9376 1.1402 1.0758 1.0604 1.0390 0.9245 1.0515 1.0925 1.0044 0.9925 0.9562 0.6943
0.6565 0.8942 1.0241 1.0689 1.0000 1.1882 1.0935 1.0679 0.9612 0.9838 0.9729 0.9834 0.8464 0.8123 1.0000 0.5871
0.9230 0.8819 1.0209 0.9824 1.1206 1.1107 1.1666 0.9495 1.0370 1.0622 1.1058 1.0170 1.0534 0.9498 0.8654 0.7635
0.8112 0.8380 0.9110 1.0006 1.2835 1.0000 1.0745 1.2002 1.1455 1.0167 1.2272 0.8268 0.9443 0.9311 0.9373 0.8423
0.8371 0.9222 0.8725 0.9740 1.1206 1.0888 1.1712 1.1751 1.1213 1.1424 1.0710 0.9203 0.9652 0.8643 0.7550 0.7531
