0.7495 0.7994 0.8853 0.9089 1.0404 1.0963 1.0595 1.1644 1.1308 1.1396 1.0279 0.9699 1.0445 1.0118 0.8703 0.8675
0.8797 0.8834 0.9820 1.0613 1.1044 1.2482 1.2069 0.9317 0.9914 0.9162 1.0763 0.9922 0.9180 0.8439 0.9972 0.7742
0.6712 0.7247 0.9333 0.9248 0.9562 1.0947 1.1261 1.0668 1.0507 1.2115 1.0072 0.9734 0.9002 0.9206 0.9137 0.7189
0.6758 0.7474 0.8809 0.9874 0.9760 1.0837 1.0940 1.0150 0.9739 1.1403 1.1327 0.9703 1.0365 0.9028 0.9351 0.7508
0.7682 0.8158 0.8426 0.9237 1.0000 1.0299 1.0889 1.0359 1.1493 1.2100 1.0306 1.0242 0.9484 1.0469 0.9547 0.8486
0.8573 0.8771 0.8777 0.9632 1.1662 1.0964 1.1622 1.0923 1.1742 1.0746 1.0510 1.0056 0.9769 0.9120 0.8542 0.8563
0.7375 0.8363 0.8736 0.9591 1.0381 1.0572 1.1407 1.1557 1.0966 1.0539 1.0705 1.0494 0.9696 0.9122 0.8271 0.9540
0.9057 0.8080 0.8821 0.9424 1.0000 1.0841 1.2004 1.0998 1.0828 1.0347 1.1436 1.0735 1.0271 0.9328 0.8449 0.9354
0.8137 0.8891 0.8872 0.8962 1.0332 1.0271 1.1441 1.0345 1.0726 1.1110 1.0315 1.0736 0.9783 1.0235 0.8793 0.8406
0.6988 0.7831 0.8870 1.0057 1.0238 1.0374 1.0599 1.1115 0.9834 1.0027 1.1637 0.9416 0.9192 0.9572 0.9864 1.0119
0.7438 0.6759 0.7668 0.8271 0.9684 1.0630 1.1463 1.0297 0.9923 1.0550 0.9988 0.9483 1.0235 0.9852 0.8667 0.9700
0.7549 0.8590 0.9134 0.9791 1.1724 1.1468 1.1254 0.8673 1.0296 1.2268 1.0761 0.9703 0.9479 1.0000 1.0000 0.7026
0.9694 0.9008 0.9076 1.0385 1.1449 1.1126 1.1594 0.9969 1.1172 1.0230 1.0524 1.0129 1.0073 0.8369 0.8315 0.9737
0.9294 0.9310 0.9795 1.0289 1.0021 1.0969 1.1638 1.1176 1.0732 1.0394 1.1335 0.9261 0.9498 1.0000 0.8191 0.8104
0.6736 0.7504 0.8847 0.9115 1.0237 1.1921 1.1038 1.0645 1.0409 1.0425 1.0856 1.1111 0.9808 0.8604 0.8887 0.8149
0.7261 0.8316 0.9337 0.9938 0.9963 1.0219 1.0828 1.0521 1.0536 0.9898 1.0188 1.0735 0.9924 0.9765 0.9294 0.8830
0.8998 0.7596 0.8758 0.8874 1.0496 1.2037 0.9620 1.1571 1.1262 1.1570 1.0343 1.0329 1.0999 0.9285 0.8901 0.9274
0.7026 0.8133 0.8157 0.8309 1.0269 0.9854 1.1227 0.9998 1.0017 1.1067 1.0768 1.0521 0.9988 1.0224 0.8955 0.9191
0.7023 1.0000 0.9150 0.9378 0.9876 1.1445 1.1420 1.0420 1.0573 1.1428 1.0658 0.9055 0.9776 0.8974 0.8923 0.8903
0.8521 0.8359 0.9398 0.8637 1.0484 1.1477 0.9866 1.0598 1.0385 1.1593 1.0248 1.1272 1.0000 0.9687 0.9756 0.9337
0.8949 0.8985 0.8967 0.9630 0.9288 1.0972 1.0567 1.0283 1.0192 0.9716 1.0428 1.1133 1.0042 1.0148 1.0201 0.9641
0.6381 0.7745 0.9212 0.9954 1.0000 1.0580 1.0526 1.0559 1.0112 1.0833 1.0111 1.0739 0.9839 0.9163 1.0000 0.8362
0.8449 0.7891 0.9913 0.9533 1.0465 1.1545 1.1573 0.9250 1.0600 1.1264 1.1405 1.0465 1.0546 0.9389 0.8865 0.8392
0.7735 0.7976 0.8792 0.9596 1.2176 1.0000 1.0671 1.1788 1.0905 1.0328 1.2116 0.9484 0.9343 0.9375 1.0009 0.9739
0.8437 0.9351 0.8938 0.9799 1.1014 1.1195 1.1941 1.1686 1.1680 1.1427 1.0580 0.9630 0.9595 0.9031 0.7825 0.7936
