1.2952 1.1556 1.0498 1.1016 0.9959 0.9432 1.0666 0.9100 1.1120 1.1470 0.8508 0.8331 0.9229 0.8326 0.7969 0.9353
1.0000 1.0622 1.2818 1.2878 1.1306 1.0004 1.0973 0.9704 0.8893 0.9157 0.8700 0.8583 0.8751 0.8947 0.8164 1.0000
1.0306 0.8833 0.8867 1.1731 0.8466 0.9528 1.0000 0.9583 0.9748 1.0517 0.9638 0.9550 1.0461 1.1737 1.0659 1.2895
1.2583 1.1491 1.1531 1.1292 1.0046 1.0791 1.0885 0.8925 0.9593 0.8786 0.9001 0.9542 0.8269 0.9543 0.7848 0.9798
1.2682 0.9875 0.9219 1.0204 0.9701 0.9903 0.9668 0.9045 1.0130 1.0778 0.9648 1.1029 0.8912 1.0827 1.0447 1.3005
1.1764 1.0676 1.0216 1.1360 0.9995 1.0802 1.0525 0.9662 0.9287 1.0069 1.0051 0.8562 0.8663 0.8320 0.9922 0.9365
1.1465 1.0924 1.0470 0.9739 0.9342 0.9303 1.0401 0.9748 0.8926 1.0472 0.9771 0.8571 0.9901 1.0358 1.0000 1.0734
1.3595 1.2174 1.1483 1.1054 1.1319 1.0862 1.0825 1.0091 1.0707 0.9062 0.9156 0.8251 0.7852 0.7665 0.7586 0.7953
0.6758 0.6988 0.8828 0.7456 0.9453 0.9509 0.8143 1.0165 1.0214 0.8848 1.0422 0.9953 1.1959 1.0181 1.2100 1.2185
1.1431 1.0134 1.0023 1.1216 1.0135 0.9636 0.9513 1.1843 0.8728 0.8705 0.9190 0.8839 0.9813 0.9781 1.0546 1.0547
0.6689 0.7353 0.9048 0.7855 0.9625 0.9646 0.8984 1.0566 0.9910 0.9605 1.0910 0.9313 1.2181 1.1101 0.9600 1.3416
1.2382 1.0891 1.1859 1.2036 1.0817 1.0726 1.1223 0.9713 0.9910 0.8961 0.8441 0.9039 0.8636 0.7937 0.8353 0.8132
1.0291 0.8522 0.8242 0.9125 0.8795 0.9214 0.8229 1.0378 0.9356 1.1336 1.1801 1.0271 1.1143 1.1993 1.1411 1.5679
1.1818 1.0695 1.0974 1.0217 0.8560 0.9911 1.0385 1.0314 0.9515 0.8831 0.9354 0.8782 0.9878 0.8816 1.0177 1.0795
1.1796 1.1529 0.9370 0.9191 1.0403 1.0486 0.9800 1.0751 0.9964 0.9512 0.9641 0.9634 0.9575 0.8186 0.7846 0.9456
1.0350 0.9321 1.0607 0.9000 1.0004 1.0545 0.9632 0.9901 1.0000 0.9036 0.9292 1.1182 1.0000 1.0006 0.9904 1.1641
0.9203 0.9338 0.9266 1.0000 0.9690 0.9135 1.0265 1.1106 0.9927 1.0235 1.0534 1.0069 1.0482 1.0982 1.2498 1.2660
1.4434 1.3237 1.0214 1.2427 0.9763 1.0136 1.1288 0.9695 0.9078 1.0000 1.0000 0.8958 1.0000 0.8465 0.9063 0.8975
1.5073 1.0091 1.1694 0.9011 0.7782 1.1136 1.0213 0.9760 1.0808 1.0328 0.9066 1.0197 0.9083 0.8875 0.9860 1.1489
1.1941 1.1074 1.1631 1.2240 0.9868 1.0340 0.9556 0.9063 0.9939 1.0317 0.8904 0.7960 0.8062 0.7624 0.5279 0.5156
1.2928 0.9671 1.0000 0.9619 1.1411 1.0560 0.9177 1.0358 0.9891 1.0643 0.9142 1.0569 0.8812 1.0421 0.9507 1.0337
0.7682 0.7692 0.9841 0.9906 1.1069 1.0088 0.9581 0.9577 0.9256 1.0830 0.9787 0.9700 1.0323 0.9888 0.9891 1.1895
1.0358 0.8764 0.8940 0.9780 0.8468 0.9307 0.8614 0.9334 1.0000 1.1846 0.9460 0.9547 1.1693 1.2912 1.3543 1.7068
1.0183 1.0755 0.8871 1.0539 0.8980 0.9960 0.9598 1.0155 1.1047 0.9048 1.0189 1.0274 0.9036 1.0284 0.5458 1.0345
1.1391 0.9781 0.8977 0.9427 0.9702 0.9888 1.0614 1.0050 0.9783 0.8707 1.0416 0.9544 1.0879 0.9699 1.0256 1.1451
