0.7119 0.7669 0.8623 0.8673 1.0101 1.0704 1.0722 1.1685 1.1793 1.1933 1.0406 1.0261 1.0236 1.0131 0.8566 0.8553
0.8253 0.8345 0.9309 1.0205 1.0864 1.2214 1.2296 0.9798 1.0531 0.9553 1.1196 0.9961 0.9299 0.8542 0.9969 0.7886
0.6402 0.6992 0.8987 0.8929 0.9632 1.0751 1.1417 1.0750 1.0879 1.2363 1.0089 0.9629 0.9035 0.9216 0.8962 0.7367
0.6492 0.7254 0.8388 0.9500 0.9649 1.0538 1.1042 1.0537 1.0100 1.1827 1.1309 0.9807 1.0397 0.8895 0.9218 0.7672
0.6948 0.7668 0.7843 0.8894 1.0000 1.0104 1.0442 1.0565 1.1924 1.2385 1.0515 1.0340 0.9805 1.0045 0.9208 0.8491
0.8129 0.8371 0.8467 0.9305 1.1391 1.0710 1.1703 1.1324 1.1824 1.1512 1.0689 1.0256 0.9663 0.9341 0.8632 0.8749
0.7540 0.8102 0.8400 0.9141 1.0134 1.0344 1.1620 1.1730 1.1106 1.0902 1.0951 1.0513 0.9881 0.9374 0.8268 0.9562
0.8563 0.7881 0.8451 0.9225 1.0000 1.0868 1.2024 1.1274 1.1195 1.0935 1.1612 1.0938 1.0140 0.9261 0.8254 0.9271
0.8106 0.8629 0.8490 0.8509 0.9966 1.0299 1.1141 1.0301 1.1086 1.1452 1.0527 1.0958 0.9853 1.0397 0.9090 0.8597
0.6662 0.7272 0.8470 0.9250 0.9723 0.9949 1.0454 1.1120 1.0128 1.0561 1.1844 0.9882 0.9327 0.9836 0.9913 1.0237
0.7199 0.6602 0.7259 0.7983 0.9572 1.0419 1.1302 1.0475 1.0324 1.0757 1.0344 0.9639 0.9935 0.9708 0.8648 0.9441
0.7431 0.8354 0.9043 0.9575 1.1460 1.1363 1.1153 0.8757 1.0462 1.2332 1.1041 0.9750 0.9534 1.0000 1.0000 0.7341
0.9292 0.8772 0.9028 1.0118 1.1464 1.1039 1.1642 1.0366 1.1394 1.0630 1.0614 1.0334 0.9936 0.8434 0.8187 0.9538
0.8827 0.8769 0.9481 0.9915 0.9760 1.0870 1.1555 1.1354 1.1223 1.0669 1.1775 0.9548 0.9500 1.0000 0.8374 0.8241
0.6894 0.7288 0.8389 0.8701 0.9581 1.1460 1.0731 1.0576 1.1000 1.0882 1.1389 1.1589 1.0311 0.8612 0.8690 0.8027
0.6770 0.8116 0.9319 0.9970 0.9655 1.0071 1.0786 1.0591 1.0797 1.0067 1.0246 1.0719 1.0069 0.9731 0.9347 0.8516
0.8515 0.7777 0.8741 0.8968 1.0246 1.1544 0.9928 1.1645 1.1531 1.1831 1.0758 1.0383 1.0926 0.9343 0.8747 0.8978
0.6884 0.7563 0.7867 0.8126 0.9858 0.9930 1.1142 1.0007 1.0042 1.1105 1.0989 1.0672 1.0270 1.0259 0.8742 0.8789
0.6787 1.0000 0.8728 0.9013 0.9820 1.1342 1.1059 1.0816 1.0788 1.1717 1.0992 0.9184 0.9824 0.8983 0.8730 0.9066
0.8181 0.7941 0.9115 0.8277 1.0429 1.1316 0.9891 1.0729 1.0780 1.1854 1.0665 1.1310 1.0000 0.9905 0.9679 0.9619
0.8377 0.8674 0.8747 0.9848 0.9504 1.0980 1.0882 1.0546 1.0485 0.9771 1.0627 1.1225 1.0028 0.9742 1.0024 0.9516
0.6109 0.7643 0.8923 0.9552 1.0000 1.0564 1.0617 1.0844 1.0426 1.1080 1.0418 1.0585 0.9951 0.8995 1.0000 0.8091
0.8501 0.7926 0.9421 0.9345 1.0725 1.1556 1.1808 0.9875 1.0849 1.1505 1.1583 1.0336 1.0266 0.9434 0.8762 0.7999
0.7474 0.7822 0.8451 0.9319 1.2008 1.0000 1.0965 1.1998 1.1209 1.0743 1.2402 0.9509 0.9443 0.9294 0.9590 0.9555
0.8329 0.9155 0.8619 0.9442 1.0706 1.1109 1.1739 1.1861 1.1937 1.1846 1.1005 0.9761 0.9553 0.8858 0.7916 0.7846
