1.2588 1.2194 1.2624 1.2480 1.1113 1.0422 1.1160 0.9009 1.1106 1.0847 0.9120 0.8040 0.9036 0.6938 0.7140 0.6430
1.0000 0.9489 0.9843 1.0905 1.0727 0.9519 0.9632 0.9876 0.8972 1.0954 1.0476 1.0061 1.0335 1.1095 0.8952 1.0000
1.3696 1.2407 1.1284 1.8616 1.1308 1.0956 1.0000 0.9234 1.0114 1.0055 0.9392 0.7924 0.8411 0.9040 0.8256 0.7702
1.0499 0.8551 0.9903 1.1090 1.0070 0.9718 1.1004 0.9875 1.1070 1.0801 0.9973 0.9501 0.9676 0.8633 0.9307 1.0836
1.5584 1.1409 1.1466 1.0625 0.9890 0.9896 1.0429 1.0381 0.7952 0.9656 0.9461 1.0533 0.9242 0.9072 0.9488 1.0864
0.9317 1.0544 0.8353 0.9406 0.8888 1.0463 1.1316 0.9919 0.8311 1.1535 0.9108 1.1761 0.9231 1.0299 1.0114 1.1741
1.4798 1.2158 1.2208 1.1460 1.1347 0.9157 0.9733 0.8591 0.8899 0.9748 0.9047 0.8308 0.8972 0.9998 1.0000 0.8478
1.0154 1.1636 0.8622 1.0193 0.9585 1.0760 1.0885 1.1018 1.1289 0.9753 0.9664 1.0120 0.8914 0.7940 0.9040 1.0368
0.8185 0.8250 1.0475 0.9057 0.8849 1.0258 0.8758 1.1043 1.1274 0.9617 1.1370 0.9823 1.1151 0.7789 1.1641 1.0370
0.8367 0.7504 0.8235 0.9485 0.9364 0.9705 0.9398 0.9347 0.9402 1.1197 0.9676 1.0808 1.1652 1.0642 1.1937 1.5585
0.5878 0.9013 0.9590 0.9093 0.8882 1.0267 1.0742 1.1317 1.0981 1.0134 0.8644 1.0143 1.0043 1.0721 0.8975 1.0803
1.0431 0.9384 1.0296 1.0321 0.9554 1.0297 1.0970 0.9836 1.0299 0.9660 0.9618 1.0265 0.9891 1.0234 1.0603 0.8157
1.0816 1.1583 1.1121 1.2239 1.1352 0.9539 0.9327 1.3316 0.8545 1.0542 1.0896 0.7534 0.7480 0.8486 0.7618 0.9464
0.9557 0.8273 0.9662 0.7499 0.8554 0.8828 0.8350 1.1043 0.9730 1.0282 1.0896 1.0379 1.1281 1.1065 1.2450 1.1697
1.4727 1.2325 1.0813 1.0847 1.0982 1.1097 1.1402 1.1008 0.9745 0.7481 0.8949 0.8595 0.7844 0.6238 0.6330 0.6455
0.8134 0.9132 1.0044 0.8905 0.8463 0.9421 1.0245 0.9898 1.0000 0.9716 1.0977 0.9691 1.0000 1.1571 1.2253 1.3913
1.1649 1.0024 1.1255 1.0000 0.9347 1.0195 1.0409 0.8582 0.9790 1.0860 0.9967 0.9903 0.9555 0.9427 0.9995 1.0624
1.1112 1.0746 0.8088 1.1454 0.8502 0.9371 1.1139 0.9164 0.8876 1.0000 1.0000 1.1324 1.0000 0.9495 1.1012 1.1446
1.4262 1.1204 1.5835 1.1582 0.9713 1.1852 1.0961 1.0479 1.1139 0.8687 0.8552 0.8806 0.8158 0.7450 0.7528 0.8284
0.9465 1.0584 1.1797 1.0469 0.9773 1.0044 0.9186 1.0017 1.0959 1.1688 0.9872 0.8876 0.8917 0.8170 0.5661 0.5543
1.4771 1.2006 1.0000 1.0782 1.2212 1.1312 1.0515 1.0074 0.9734 0.8140 0.9531 1.0576 0.8833 0.9720 0.8905 0.7819
0.6066 0.6011 0.9502 0.8161 0.8396 0.9031 1.0159 1.0551 1.0508 0.9730 1.0418 1.2529 1.1962 0.9503 0.9837 1.3103
1.1352 0.9882 1.0580 0.8647 1.0084 1.0398 1.0486 1.1010 1.0000 1.2911 0.9957 0.9006 0.9029 0.9406 0.7741 0.7943
0.8648 0.8432 0.7358 0.8773 0.7849 0.9021 0.8316 0.8974 1.1507 1.1124 1.1303 1.1449 1.2385 1.1012 0.5458 1.2983
1.5501 1.4270 1.2495 1.2774 1.0741 1.0997 1.1247 0.9947 0.9971 0.8480 0.9655 0.8841 0.8362 0.7442 0.7002 0.8332
