0.7191 0.7670 0.8615 0.8733 1.0118 1.0790 1.0701 1.1707 1.1767 1.1945 1.0362 1.0218 1.0271 1.0162 0.8571 0.8569
0.8267 0.8370 0.9359 1.0244 1.0894 1.2299 1.2282 0.9775 1.0514 0.9573 1.1131 0.9972 0.9290 0.8565 0.9955 0.7776
0.6369 0.7003 0.9060 0.8972 0.9683 1.0838 1.1371 1.0733 1.0874 1.2341 1.0124 0.9613 0.8988 0.9189 0.8908 0.7325
0.6501 0.7322 0.8408 0.9547 0.9655 1.0537 1.1066 1.0540 1.0066 1.1759 1.1294 0.9783 1.0404 0.8846 0.9205 0.7636
0.7054 0.7748 0.7940 0.8987 1.0000 1.0197 1.0465 1.0586 1.2023 1.2449 1.0542 1.0337 0.9782 1.0052 0.9174 0.8308
0.8146 0.8400 0.8521 0.9370 1.1362 1.0761 1.1741 1.1356 1.1802 1.1442 1.0631 1.0227 0.9677 0.9260 0.8631 0.8693
0.7600 0.8076 0.8404 0.9177 1.0114 1.0381 1.1646 1.1701 1.1056 1.0911 1.0909 1.0542 0.9847 0.9373 0.8302 0.9582
0.8546 0.7875 0.8516 0.9293 1.0000 1.0829 1.2074 1.1271 1.1167 1.0925 1.1571 1.0926 1.0152 0.9282 0.8256 0.9244
0.8118 0.8663 0.8528 0.8537 1.0037 1.0299 1.1097 1.0268 1.1001 1.1370 1.0483 1.0988 0.9837 1.0500 0.9052 0.8664
0.6713 0.7301 0.8392 0.9299 0.9839 0.9996 1.0435 1.1027 1.0025 1.0560 1.1802 0.9859 0.9294 0.9838 1.0052 1.0293
0.7245 0.6566 0.7354 0.7966 0.9652 1.0454 1.1261 1.0545 1.0296 1.0722 1.0349 0.9648 0.9923 0.9676 0.8575 0.9518
0.7455 0.8333 0.9022 0.9570 1.1475 1.1416 1.1143 0.8694 1.0415 1.2319 1.1033 0.9721 0.9509 1.0000 1.0000 0.7219
0.9436 0.8862 0.9036 1.0219 1.1457 1.1065 1.1659 1.0377 1.1356 1.0645 1.0555 1.0245 0.9912 0.8462 0.8224 0.9406
0.8864 0.8856 0.9556 0.9930 0.9801 1.0891 1.1638 1.1356 1.1161 1.0707 1.1733 0.9513 0.9438 1.0000 0.8308 0.8151
0.6945 0.7325 0.8436 0.8785 0.9683 1.1541 1.0733 1.0592 1.0890 1.0843 1.1305 1.1492 1.0173 0.8635 0.8743 0.8049
0.6774 0.8119 0.9337 0.9899 0.9681 1.0187 1.0843 1.0584 1.0784 1.0056 1.0188 1.0676 1.0018 0.9744 0.9371 0.8500
0.8548 0.7855 0.8743 0.8989 1.0370 1.1599 0.9961 1.1647 1.1529 1.1734 1.0701 1.0349 1.0825 0.9280 0.8755 0.8974
0.6926 0.7529 0.7837 0.8093 0.9869 0.9953 1.1121 0.9940 0.9962 1.1110 1.0923 1.0597 1.0264 1.0253 0.8703 0.8829
0.6793 1.0000 0.8824 0.9009 0.9821 1.1245 1.1173 1.0760 1.0759 1.1648 1.0938 0.9192 0.9859 0.9009 0.8766 0.9084
0.8196 0.7927 0.9138 0.8181 1.0365 1.1437 0.9979 1.0782 1.0722 1.1776 1.0684 1.1320 1.0000 0.9945 0.9695 0.9695
0.8422 0.8753 0.8775 0.9823 0.9561 1.1041 1.0908 1.0567 1.0497 0.9733 1.0585 1.1220 1.0016 0.9747 1.0018 0.9429
0.6113 0.7658 0.8952 0.9610 1.0000 1.0649 1.0614 1.0813 1.0447 1.1043 1.0440 1.0486 0.9971 0.8969 1.0000 0.8026
0.8561 0.7976 0.9459 0.9367 1.0730 1.1559 1.1831 0.9861 1.0883 1.1425 1.1630 1.0293 1.0316 0.9432 0.8751 0.7982
0.7525 0.7857 0.8501 0.9352 1.2052 1.0000 1.0948 1.2003 1.1112 1.0691 1.2427 0.9524 0.9398 0.9325 0.9587 0.9512
0.8408 0.9195 0.8693 0.9442 1.0787 1.1053 1.1843 1.1812 1.1855 1.1830 1.1002 0.9759 0.9579 0.8848 0.7900 0.7763
