0.7563 0.8078 0.8837 0.9124 1.0382 1.0907 1.0550 1.1711 1.1357 1.1497 1.0096 0.9621 1.0519 1.0152 0.8647 0.8704
0.8714 0.8785 0.9972 1.0692 1.1228 1.2700 1.2100 0.9310 0.9706 0.9089 1.0703 0.9732 0.9267 0.8379 0.9925 0.7644
0.6606 0.7440 0.9183 0.9287 0.9579 1.1082 1.1038 1.0682 1.0464 1.2180 1.0035 0.9766 0.9085 0.9216 0.9226 0.7096
0.6638 0.7452 0.8716 0.9869 0.9833 1.0821 1.0964 1.0238 0.9779 1.1274 1.1168 0.9825 1.0361 0.8973 0.9453 0.7567
0.7509 0.8073 0.8384 0.9174 1.0000 1.0405 1.0919 1.0526 1.1398 1.2284 1.0162 1.0152 0.9511 1.0395 0.9662 0.8563
0.8385 0.8795 0.8897 0.9601 1.1505 1.1102 1.1747 1.0579 1.1443 1.0936 1.0480 1.0180 0.9709 0.9284 0.8631 0.8725
0.7343 0.8287 0.8840 0.9554 1.0469 1.0342 1.1433 1.1338 1.0850 1.0583 1.0745 1.0488 0.9781 0.9072 0.8404 0.9803
0.8819 0.8183 0.8807 0.9605 1.0000 1.0986 1.1907 1.1026 1.0653 1.0476 1.1140 1.0728 1.0285 0.9345 0.8599 0.9445
0.8025 0.8829 0.8762 0.8902 1.0369 1.0291 1.1365 1.0367 1.0700 1.1043 1.0421 1.0626 0.9838 1.0276 0.9019 0.8444
0.6819 0.7632 0.8796 0.9925 1.0182 1.0197 1.0565 1.1227 0.9669 1.0019 1.1522 0.9354 0.9074 0.9757 1.0047 1.0327
0.7341 0.6703 0.7677 0.8203 0.9762 1.0498 1.1444 1.0282 0.9953 1.0437 0.9900 0.9616 1.0315 0.9847 0.8661 0.9818
0.7442 0.8507 0.9012 0.9925 1.1812 1.1626 1.1452 0.8682 1.0203 1.2173 1.0732 0.9684 0.9430 1.0000 1.0000 0.6957
0.9510 0.8931 0.9332 1.0146 1.1504 1.1056 1.1613 0.9977 1.1226 1.0267 1.0742 1.0136 1.0082 0.8345 0.8264 0.9702
0.9297 0.9269 0.9782 1.0247 1.0025 1.1083 1.1697 1.1372 1.0878 1.0358 1.1209 0.9226 0.9401 1.0000 0.8268 0.7896
0.6759 0.7567 0.8761 0.9111 1.0199 1.2064 1.1161 1.0774 1.0424 1.0503 1.0399 1.0863 0.9578 0.8667 0.9095 0.8407
0.6923 0.8047 0.9062 0.9674 0.9729 1.0272 1.1027 1.0434 1.0695 1.0014 1.0089 1.0843 1.0019 0.9838 0.9386 0.8908
0.8968 0.7585 0.8706 0.8792 1.0401 1.2069 0.9678 1.1787 1.1340 1.1512 1.0386 1.0282 1.1038 0.9375 0.8866 0.9210
0.6938 0.8029 0.7954 0.8220 1.0004 0.9898 1.1256 1.0082 0.9887 1.1077 1.0884 1.0507 1.0014 1.0213 0.9101 0.9353
0.6906 1.0000 0.9058 0.9290 0.9772 1.1340 1.1395 1.0287 1.0696 1.1636 1.0703 0.9046 0.9931 0.8906 0.8824 0.9158
0.8217 0.8171 0.9508 0.8666 1.0614 1.1489 1.0043 1.0680 1.0434 1.1676 1.0126 1.1302 1.0000 0.9603 0.9705 0.9352
0.8657 0.9065 0.9074 0.9631 0.9325 1.0961 1.0421 1.0263 1.0203 0.9481 1.0378 1.1366 1.0083 1.0196 1.0289 0.9620
0.6257 0.7750 0.9157 0.9962 1.0000 1.0481 1.0552 1.0423 1.0092 1.0813 1.0152 1.0737 1.0004 0.9231 1.0000 0.8385
0.8443 0.7961 0.9864 0.9580 1.0592 1.1495 1.1498 0.9333 1.0621 1.1207 1.1526 1.0467 1.0515 0.9270 0.8861 0.8327
0.7730 0.7958 0.8973 0.9604 1.2296 1.0000 1.0736 1.1713 1.0760 1.0422 1.2165 0.9372 0.9389 0.9234 0.9933 0.9705
0.8291 0.9339 0.8822 0.9860 1.0969 1.1094 1.2056 1.1794 1.1387 1.1537 1.0702 0.9626 0.9807 0.9103 0.7782 0.7835
