0.7470 0.7973 0.8603 0.8671 1.0065 1.0861 1.0391 1.1807 1.1711 1.1683 1.0451 1.0302 1.0426 1.0323 0.8591 0.8407
0.8400 0.8492 0.9376 1.0275 1.0877 1.2138 1.2086 1.0040 1.0578 0.9810 1.1148 1.0001 0.9242 0.8613 0.9558 0.7415
0.6597 0.6882 0.8972 0.9032 0.9507 1.0688 1.1469 1.0869 1.0954 1.2333 1.0231 0.9984 0.8998 0.9073 0.8713 0.6949
0.6685 0.7479 0.8545 0.9668 0.9756 1.0864 1.1199 1.0457 0.9991 1.1745 1.1477 0.9576 1.0229 0.8672 0.8972 0.7317
0.7169 0.7871 0.8178 0.8856 1.0000 1.0151 1.0901 1.0584 1.1335 1.2557 1.0848 1.0479 0.9787 1.0088 0.9013 0.7450
0.8301 0.8499 0.8780 0.9632 1.1219 1.0719 1.1755 1.1528 1.1835 1.1306 1.0709 1.0164 0.9461 0.9237 0.8472 0.8383
0.7692 0.7953 0.8547 0.9315 1.0106 1.0593 1.1816 1.1873 1.1156 1.1121 1.1104 1.0565 0.9576 0.9171 0.8088 0.9051
0.8659 0.8102 0.8652 0.9489 1.0000 1.1272 1.2168 1.1566 1.0622 1.0566 1.1630 1.1060 1.0114 0.9114 0.8253 0.8885
0.8101 0.8591 0.8468 0.8883 1.0098 1.0206 1.1311 1.0511 1.0911 1.1273 1.0669 1.1274 0.9654 1.0151 0.8845 0.8139
0.6779 0.7408 0.8427 0.9644 0.9915 1.0203 1.0511 1.0934 1.0227 1.0893 1.1978 1.0049 0.9244 0.9881 0.9571 0.9537
0.7377 0.6553 0.7449 0.7834 0.9424 1.0285 1.1388 1.0490 1.0588 1.0646 1.0331 0.9677 0.9962 0.9736 0.8423 0.9804
0.7482 0.8117 0.9213 0.9746 1.1537 1.1161 1.1279 0.8921 1.0693 1.2053 1.0816 0.9602 0.9261 1.0000 1.0000 0.6764
0.9464 0.8756 0.9295 1.0176 1.1347 1.1493 1.1772 1.0436 1.1418 1.0427 1.0655 1.0426 0.9616 0.8317 0.8138 0.8985
0.8944 0.8847 0.9676 1.0035 0.9991 1.1058 1.1647 1.1468 1.1178 1.0739 1.1795 0.9320 0.9361 1.0000 0.8137 0.7700
0.7015 0.7667 0.8906 0.9211 1.0269 1.1530 1.0565 1.0505 1.0444 1.0600 1.1679 1.1555 1.0130 0.8701 0.8508 0.7637
0.6838 0.8134 0.9343 0.9944 0.9913 1.0699 1.0879 1.0560 1.0905 1.0280 1.0293 1.0506 0.9848 0.9586 0.8885 0.8301
0.8520 0.8152 0.8727 0.9123 1.0415 1.1749 1.0122 1.1763 1.1337 1.1956 1.0775 1.0260 1.0647 0.9262 0.8606 0.8589
0.7352 0.7653 0.8108 0.8209 1.0052 1.0053 1.1130 1.0159 1.0199 1.0976 1.0828 1.0254 1.0229 1.0229 0.8484 0.8581
0.7125 1.0000 0.8829 0.9230 0.9977 1.1497 1.1391 1.1028 1.0865 1.1558 1.0878 0.9133 0.9592 0.8977 0.8448 0.8621
0.8404 0.8124 0.9300 0.8712 1.0301 1.1180 1.0131 1.1192 1.0804 1.2045 1.0647 1.1174 1.0000 0.9863 0.9098 0.8933
0.8541 0.8600 0.8838 0.9982 0.9611 1.1181 1.0923 1.0476 1.0604 1.0231 1.0676 1.1176 1.0120 0.9909 0.9704 0.8710
0.6176 0.7605 0.8883 0.9769 1.0000 1.0669 1.0645 1.0862 1.0634 1.1048 1.0479 1.0381 0.9898 0.9024 1.0000 0.7800
0.8581 0.7964 0.9361 0.9345 1.0814 1.1688 1.1826 0.9921 1.1031 1.1520 1.1630 1.0109 1.0261 0.9340 0.8456 0.8235
0.7609 0.8018 0.8751 0.9312 1.2064 1.0000 1.0907 1.2076 1.1120 1.0739 1.2309 0.9718 0.9505 0.9262 0.9449 0.9206
0.8600 0.9169 0.9030 0.9839 1.0817 1.1094 1.1441 1.1608 1.1639 1.1701 1.1144 0.9787 0.9530 0.9011 0.7792 0.7624
