1.3740 1.1851 1.0234 1.0980 0.9666 0.9466 1.0762 0.8969 1.0986 1.1300 0.8427 0.8463 0.9291 0.8582 0.8106 0.9381
1.0000 1.0968 1.3359 1.2718 1.1406 0.9938 1.0998 0.9724 0.8794 0.9007 0.8732 0.8446 0.8737 0.9020 0.8276 1.0000
1.0331 0.9001 1.0006 1.1409 0.8408 0.9517 1.0000 0.9564 0.9508 1.0410 0.9589 0.9518 1.0419 1.1521 1.0658 1.2602
1.3699 1.2064 1.1836 1.1311 1.0199 1.0677 1.0827 0.9146 0.9584 0.8722 0.8948 0.9519 0.8225 0.9413 0.7934 0.9951
1.2439 0.9751 0.9025 1.0111 0.9740 1.0196 0.9709 0.8982 1.0306 1.1133 0.9896 1.0885 0.8852 1.0589 1.0294 1.2508
1.2473 1.0895 1.0154 1.1478 0.9980 1.0779 1.0581 0.9652 0.9398 0.9964 1.0044 0.8487 0.8665 0.8423 0.9925 0.9259
1.2165 1.1195 1.0560 0.9934 0.9521 0.9604 1.0195 0.9659 0.8880 1.0420 0.9688 0.8324 0.9619 1.0736 1.0000 1.0512
1.3765 1.2723 1.1759 1.1375 1.1533 1.1199 1.0711 1.0174 1.0630 0.8846 0.8780 0.8100 0.7833 0.7550 0.7238 0.7802
0.6659 0.7103 0.8898 0.7468 0.9384 0.9537 0.8304 1.0154 1.0026 0.8752 1.0170 0.9527 1.1805 0.9986 1.1677 1.2716
1.1779 1.0258 1.0164 1.0986 1.0169 0.9791 0.9460 1.1910 0.8654 0.8547 0.9198 0.8725 0.9747 0.9730 1.0461 1.0016
0.7124 0.7343 0.8859 0.8082 0.9672 0.9789 0.9023 1.0171 0.9627 0.9555 1.1119 0.9293 1.2394 1.1068 0.9661 1.3185
1.2810 1.1611 1.1966 1.2328 1.0885 1.1011 1.1276 0.9689 0.9940 0.8749 0.8297 0.8869 0.8426 0.7778 0.8185 0.7776
1.0076 0.8167 0.7996 0.8842 0.8303 0.9197 0.8445 1.0663 0.9438 1.1240 1.2143 1.0308 1.1277 1.2290 1.1793 1.5430
1.2599 1.0762 1.1517 1.0565 0.8637 1.0127 1.0435 1.0227 0.9355 0.8528 0.9263 0.8516 0.9837 0.8593 0.9957 1.0557
1.1285 1.1782 0.9367 0.9039 1.0424 1.0406 0.9918 1.0627 1.0101 0.9570 0.9622 0.9771 0.9665 0.8029 0.7923 0.9651
1.0442 0.9055 1.0206 0.9108 1.0213 1.0553 0.9754 0.9931 1.0000 0.9036 0.9212 1.1095 1.0000 0.9867 0.9850 1.1198
0.9371 0.9207 0.9122 1.0000 0.9984 0.9454 1.0169 1.1186 0.9889 1.0089 1.0422 0.9938 1.0557 1.0668 1.2378 1.2611
1.5053 1.3795 1.0845 1.2977 0.9919 1.0110 1.1419 0.9779 0.9224 1.0000 1.0000 0.8949 1.0000 0.8311 0.9003 0.8812
1.5024 0.9881 1.1580 0.9056 0.7943 1.0996 1.0251 0.9878 1.0800 1.0389 0.8974 1.0239 0.9058 0.8996 0.9911 1.1747
1.1697 1.1128 1.1532 1.2206 0.9836 1.0377 0.9503 0.9136 1.0013 1.0287 0.9064 0.8107 0.8362 0.7930 0.5285 0.5244
1.2926 1.0089 1.0000 0.9741 1.1425 1.0651 0.9392 1.0080 0.9752 1.0029 0.8827 1.0379 0.8483 1.0186 0.9186 1.0187
0.7390 0.7457 0.9801 1.0108 1.1173 1.0105 0.9909 0.9592 0.9700 1.0673 0.9575 0.9722 1.0097 0.9851 0.9826 1.1393
1.0303 0.8807 0.9167 0.9720 0.8451 0.9039 0.8589 0.9193 1.0000 1.1182 0.9376 0.9425 1.1956 1.3178 1.3900 1.7714
1.0286 1.0950 0.8952 1.0566 0.8954 0.9850 0.9670 1.0327 1.1086 0.9073 0.9920 1.0395 0.9265 1.0552 0.5458 1.0418
1.0642 0.9178 0.8713 0.8935 0.9268 0.9395 1.0401 0.9819 0.9629 0.8926 1.0230 1.0030 1.1248 0.9884 1.0640 1.2324
