1.3042 1.1759 1.0707 1.1284 1.0258 0.9806 1.1023 0.8968 1.1215 1.1308 0.8566 0.8308 0.9205 0.7906 0.8042 0.8486
1.0000 1.0686 1.2090 1.2310 1.1721 1.0119 1.0909 0.9973 0.8811 0.9648 0.9013 0.8579 0.8767 0.9161 0.8204 1.0000
1.1207 0.9728 0.9437 1.3436 0.9128 1.0276 1.0000 0.9469 0.9855 1.0569 0.9913 0.9180 1.0206 0.9911 1.0288 1.1092
1.2688 1.1195 1.1106 1.1365 0.9762 1.0834 1.1060 0.9311 0.9708 0.9313 0.9233 0.9543 0.8589 0.9268 0.8203 0.9670
1.3574 1.0667 0.9747 1.0412 0.9619 0.9691 1.0093 0.9177 0.8777 0.9322 0.9434 1.0800 0.8968 1.0753 1.0771 1.2872
1.1324 1.1021 0.9761 1.0797 0.9495 1.0559 1.0636 0.9815 0.8711 1.0619 0.9319 0.9056 0.9368 0.9070 1.0142 1.0289
1.2612 1.1242 1.0824 1.0188 0.9717 0.9576 1.0238 0.9399 0.8719 1.0446 0.9701 0.8218 0.9543 1.0193 1.0000 1.0366
1.2737 1.2488 1.0720 1.1026 1.0908 1.0686 1.0901 1.0376 1.1146 0.9040 0.9326 0.8250 0.8149 0.7852 0.7864 0.8602
0.6980 0.7355 0.9420 0.7699 0.9305 0.9740 0.8676 1.0801 1.0628 0.9174 1.0704 0.9826 1.2008 0.9353 1.2252 1.1410
1.0613 0.9405 0.9095 1.1168 0.9861 0.9676 0.9823 1.0749 0.8813 0.9549 0.9170 0.9269 1.0697 0.9965 1.1225 1.1982
0.6352 0.7294 0.8834 0.8196 0.9314 0.9791 0.9306 1.0726 1.0175 0.9869 1.0244 0.9278 1.2050 1.1227 0.9847 1.1823
1.2264 1.1189 1.1270 1.1944 1.0492 1.0657 1.1634 0.9623 1.0139 0.8905 0.8610 0.8916 0.9045 0.8337 0.8902 0.8037
0.9937 0.8947 0.8780 0.9894 0.9291 0.8478 0.7948 1.1669 0.9280 1.0544 1.1232 0.9283 1.0727 1.1695 1.1173 1.4399
1.0950 1.0223 1.0590 0.8881 0.8538 0.9530 0.9773 1.0786 0.9867 0.9542 0.9870 0.9291 1.0421 0.9373 1.0975 1.1132
1.2681 1.1550 0.9887 0.9612 1.0636 1.0708 0.9976 1.0921 0.9946 0.8496 0.9421 0.9592 0.9474 0.7721 0.7527 0.8302
0.9765 0.9135 1.0330 0.9168 0.9468 1.0528 0.9978 1.0002 1.0000 0.9309 0.9586 1.0100 1.0000 1.0498 1.0718 1.2432
0.9605 0.9507 0.9664 1.0000 0.9730 0.9339 1.0125 0.9618 0.9897 1.0216 1.0593 1.0274 1.0718 1.0831 1.2392 1.3443
1.4026 1.3438 1.0130 1.2722 0.9496 1.0002 1.1412 0.9319 0.8751 1.0000 1.0000 0.9533 1.0000 0.8341 0.9129 0.9573
1.4640 1.0233 1.2433 0.9438 0.8496 1.1168 0.9943 1.0051 1.0965 0.9949 0.9248 0.9907 0.8704 0.8575 0.9233 1.1034
1.1332 1.1048 1.1731 1.1663 1.0049 1.0056 0.9415 0.9620 1.0076 1.1138 0.9420 0.8192 0.8119 0.7598 0.5303 0.5147
1.3922 0.9953 1.0000 0.9788 1.1540 1.0974 0.9324 1.0014 0.9762 0.9119 0.9493 1.0891 0.8689 1.0777 0.9911 0.9857
0.6304 0.6983 0.9869 0.9938 1.0185 1.0123 0.9932 0.9822 0.9571 1.0649 0.9754 1.0349 1.0662 0.9509 0.9690 1.2682
1.0449 0.8608 0.9102 0.9490 0.8624 0.9482 0.8887 0.9687 1.0000 1.1456 0.9317 0.9249 1.1124 1.2425 1.2424 1.3063
0.9905 1.0522 0.8607 1.0281 0.8747 0.9994 0.9007 0.9454 1.1179 0.9030 1.0519 1.0660 0.9991 1.0465 0.5458 1.1096
1.3769 1.0853 1.0588 1.1035 1.0586 1.0792 1.1038 0.9995 1.0128 0.8656 0.9972 0.8660 0.9757 0.8652 0.8579 0.9570
