1.2092 1.1457 1.1643 1.2585 1.1154 1.0846 1.1183 0.9141 1.0952 1.1310 0.9409 0.8397 0.9104 0.7176 0.7104 0.6680
1.0000 0.8812 0.8880 1.0469 1.0586 0.9473 0.9797 0.9968 0.9207 1.1078 1.0806 0.9863 1.0659 1.1330 0.9218 1.0000
1.2639 1.2021 1.2123 1.9456 1.1386 1.1435 1.0000 0.9343 1.0696 1.0420 0.9512 0.8093 0.9057 0.9536 0.7201 0.7614
0.9892 0.8035 0.9489 1.1010 0.9586 0.9996 1.1026 1.0404 1.1198 1.1176 1.0048 0.9612 0.9957 0.8826 0.9369 1.0903
1.5202 1.1696 1.1594 1.0475 0.9861 0.9610 1.0089 1.0014 0.8096 0.9322 1.1266 1.0303 0.9784 0.9430 1.0200 1.1758
0.8894 1.0024 0.7737 0.9034 0.8838 1.0470 1.1775 1.0078 0.8439 1.2172 0.9487 1.0904 0.9753 1.0096 1.0162 1.2619
1.4808 1.1876 1.1865 1.1135 1.1285 0.9325 0.9842 0.8622 0.8766 0.9909 0.9268 0.8878 0.9018 1.0355 1.0000 0.8620
0.9470 1.0776 0.8318 0.9676 0.9189 1.0540 1.1005 1.1167 1.1850 1.0023 1.0271 1.0359 0.9197 0.8439 0.9467 1.0391
0.8194 0.8080 1.0476 0.9066 0.8659 1.0306 0.9187 1.1117 1.1409 1.0021 1.1640 1.0563 1.1279 0.8065 1.1619 0.9429
0.7872 0.7112 0.7985 0.8997 0.8794 0.9424 0.9692 0.9834 1.0100 1.1702 1.0039 1.1408 1.2265 1.1514 1.2133 1.5765
0.5855 0.8819 0.9051 0.9026 0.8850 1.0323 1.0749 1.1520 1.1424 1.0369 0.8711 0.9827 1.0095 1.0685 0.8645 1.1124
0.9738 0.8790 0.9885 1.0496 0.9661 1.0649 1.1420 1.0026 1.0484 0.9960 0.9941 1.0170 1.0029 1.0234 1.0520 0.7836
1.0790 1.1548 1.1449 1.2308 1.1174 0.9688 1.0027 1.3071 0.8551 1.0940 1.1080 0.7392 0.7308 0.8128 0.7552 0.9563
0.9407 0.8361 1.0043 0.7924 0.8552 0.8941 0.8478 1.1068 1.0097 1.0581 1.0929 1.0180 1.0892 1.0816 1.2172 1.1287
1.3948 1.1426 0.9908 1.0649 1.1223 1.0850 1.1070 1.1324 0.9887 0.7740 0.9514 0.9329 0.8024 0.6403 0.6492 0.6719
0.7539 0.8958 0.8980 0.8508 0.8380 0.9658 1.0980 1.0238 1.0000 0.9637 1.0704 1.0160 1.0000 1.1831 1.2672 1.4197
1.0330 0.8716 1.0681 1.0000 0.9010 1.0373 1.0592 0.9029 1.0197 1.1353 1.0567 1.0270 0.9490 0.8918 0.9747 0.9690
1.0306 1.0195 0.8019 1.1453 0.8348 0.9098 1.1100 0.9322 0.9065 1.0000 1.0000 1.1009 1.0000 0.9734 1.0849 1.1873
1.3600 1.0503 1.5489 1.1193 0.9388 1.2148 1.1117 1.0686 1.1149 0.8809 0.9120 0.9111 0.7754 0.7392 0.7437 0.7994
0.8453 0.9103 1.0921 1.0296 0.9916 1.0273 0.9793 1.0681 1.1774 1.2540 1.0716 0.9534 0.9786 0.8363 0.6046 0.5565
1.3388 1.0903 1.0000 1.0301 1.2194 1.1866 1.0423 1.0207 1.0082 0.8193 0.9569 1.0957 0.9309 0.9960 0.8996 0.7708
0.5783 0.5394 0.8026 0.7334 0.7775 0.9072 1.0004 1.1138 1.0731 0.9820 1.0954 1.3215 1.2208 0.9893 1.0414 1.3638
1.1079 0.9433 1.0311 0.8323 0.9858 1.0400 1.0463 1.1098 1.0000 1.3540 1.0053 0.8970 0.8859 0.8814 0.7964 0.7727
0.7538 0.7108 0.6705 0.8271 0.7893 0.9298 0.8643 0.8996 1.2356 1.0972 1.1514 1.1783 1.2760 1.1900 0.5458 1.3552
1.4042 1.1766 1.0085 1.0790 1.0231 1.0959 1.1610 1.0468 1.0104 0.9066 1.0286 1.0243 1.0468 0.9612 0.8642 0.9735
