0.7360 0.7828 0.8494 0.8822 1.0418 1.0677 1.0677 1.1884 1.1912 1.1620 1.0424 1.0126 1.0347 1.0075 0.8644 0.8482
0.8457 0.8411 0.9402 1.0235 1.1040 1.2187 1.2080 0.9868 1.0576 0.9869 1.1244 1.0077 0.9177 0.8534 0.9612 0.7493
0.6635 0.7023 0.9221 0.9079 0.9629 1.0743 1.1613 1.0934 1.0989 1.2413 1.0127 0.9715 0.8878 0.9196 0.8649 0.7037
0.6725 0.7476 0.8699 0.9587 0.9705 1.0787 1.1261 1.0537 1.0046 1.1594 1.1208 0.9692 1.0251 0.8787 0.9013 0.7319
0.7210 0.8273 0.8163 0.8879 1.0000 1.0339 1.1045 1.0370 1.1257 1.2000 1.0522 1.0346 0.9598 1.0357 0.9225 0.8045
0.8455 0.8395 0.8674 0.9544 1.1172 1.0933 1.1603 1.1520 1.1727 1.1278 1.0690 1.0232 0.9498 0.9390 0.8511 0.8354
0.7697 0.7996 0.8639 0.9493 1.0365 1.0714 1.1618 1.1634 1.0982 1.0787 1.1088 1.0606 0.9645 0.9164 0.8161 0.8971
0.8862 0.8102 0.8586 0.9477 1.0000 1.1126 1.2361 1.1180 1.0742 1.0704 1.1646 1.0944 0.9962 0.9068 0.8232 0.8909
0.8270 0.8685 0.8605 0.8865 1.0100 1.0267 1.1255 1.0523 1.0810 1.1445 1.0608 1.1036 0.9676 1.0219 0.8702 0.8138
0.6918 0.7607 0.8580 1.0053 0.9875 1.0210 1.0769 1.1210 1.0161 1.0478 1.1963 0.9964 0.8994 0.9795 0.9509 0.9496
0.7354 0.6570 0.7557 0.8046 0.9515 1.0405 1.1399 1.0438 1.0576 1.0609 1.0324 0.9620 0.9985 0.9713 0.8615 0.9564
0.7570 0.8376 0.9239 0.9837 1.1399 1.1153 1.1221 0.9001 1.0533 1.1999 1.0938 0.9686 0.9218 1.0000 1.0000 0.6970
0.9490 0.8846 0.9189 1.0228 1.1165 1.1085 1.1884 1.0422 1.1270 1.0583 1.0579 1.0161 0.9731 0.8505 0.8198 0.9213
0.9071 0.9066 0.9651 1.0065 1.0091 1.1052 1.1522 1.1458 1.0998 1.0529 1.1720 0.9506 0.9222 1.0000 0.8103 0.7879
0.7133 0.7525 0.8642 0.9126 1.0087 1.1564 1.0854 1.0543 1.0775 1.0482 1.1403 1.1299 0.9667 0.8581 0.8829 0.7800
0.6854 0.8005 0.9100 0.9795 0.9924 1.0578 1.1054 1.0704 1.0809 1.0242 1.0377 1.0676 0.9861 0.9623 0.8955 0.8303
0.8615 0.8059 0.8943 0.9061 1.0505 1.1491 1.0150 1.1779 1.1429 1.1646 1.0704 1.0339 1.0690 0.9234 0.8640 0.8644
0.7153 0.7609 0.7980 0.8144 1.0020 1.0184 1.1131 1.0139 1.0313 1.0929 1.0781 1.0449 0.9794 1.0292 0.8528 0.8763
0.7068 1.0000 0.9048 0.9239 0.9929 1.1504 1.1398 1.0999 1.0826 1.1559 1.0728 0.9179 0.9598 0.9040 0.8411 0.8488
0.8745 0.8441 0.9410 0.8860 1.0301 1.1561 1.0219 1.0782 1.0662 1.1811 1.0587 1.1243 1.0000 0.9706 0.9029 0.8747
0.8707 0.8876 0.8809 0.9803 0.9818 1.1181 1.0753 1.0449 1.0356 1.0204 1.0807 1.1328 1.0000 0.9791 0.9627 0.8898
0.6230 0.7583 0.9050 0.9658 1.0000 1.0851 1.0549 1.0778 1.0655 1.0998 1.0224 1.0213 0.9814 0.9134 1.0000 0.8104
0.8846 0.8277 0.9290 0.9323 1.0687 1.1659 1.1989 0.9784 1.1003 1.1496 1.1532 1.0178 1.0196 0.9223 0.8452 0.8130
0.7559 0.7932 0.8801 0.9515 1.2248 1.0000 1.0850 1.1963 1.1027 1.0691 1.2321 0.9621 0.9335 0.9330 0.9420 0.9332
0.8689 0.9333 0.8929 0.9475 1.0655 1.1009 1.1617 1.1778 1.1776 1.1802 1.1025 0.9878 0.9654 0.8962 0.7840 0.7482
