0.7206 0.7912 0.8497 0.8870 1.0303 1.0961 1.0490 1.1844 1.1557 1.1889 1.0433 1.0313 1.0315 1.0050 0.8538 0.8445
0.8323 0.8565 0.9317 1.0292 1.0931 1.2504 1.2122 0.9801 1.0513 0.9642 1.1190 1.0115 0.9195 0.8629 0.9684 0.7438
0.6567 0.7001 0.9033 0.9158 0.9398 1.0617 1.1525 1.1046 1.0918 1.2393 1.0283 0.9678 0.9049 0.8951 0.8776 0.7084
0.6673 0.7452 0.8438 0.9418 0.9709 1.0844 1.1067 1.0472 1.0269 1.2036 1.1304 0.9566 1.0222 0.8751 0.8998 0.7665
0.7185 0.8045 0.7861 0.8975 1.0000 1.0490 1.1112 1.0487 1.1771 1.2145 1.0215 1.0094 0.9900 1.0275 0.9289 0.8526
0.8248 0.8395 0.8744 0.9403 1.1072 1.0561 1.1744 1.1513 1.1609 1.1201 1.0606 1.0470 0.9722 0.9362 0.8731 0.8485
0.7946 0.7972 0.8508 0.9500 1.0120 1.0484 1.1712 1.1716 1.1108 1.0974 1.1074 1.0446 0.9701 0.9180 0.8237 0.9246
0.8774 0.7927 0.8541 0.9310 1.0000 1.0977 1.2279 1.1433 1.0756 1.0829 1.1634 1.0869 1.0128 0.9212 0.8391 0.8930
0.8129 0.8700 0.8296 0.8731 1.0112 1.0186 1.1284 1.0430 1.1070 1.1178 1.0528 1.1212 0.9769 1.0053 0.9006 0.8288
0.6987 0.7528 0.8510 0.9733 0.9741 1.0154 1.0476 1.1036 1.0053 1.0468 1.1898 0.9836 0.9326 0.9869 0.9889 0.9658
0.7199 0.6531 0.7286 0.8166 0.9488 1.0428 1.1243 1.0668 1.0437 1.0640 1.0393 0.9460 0.9959 0.9593 0.8501 0.9686
0.7534 0.8210 0.9126 0.9625 1.1465 1.1284 1.1365 0.9011 1.0538 1.1917 1.0940 0.9751 0.9314 1.0000 1.0000 0.6922
0.9300 0.8870 0.9071 1.0253 1.1501 1.1370 1.1764 1.0349 1.1533 1.0659 1.0664 1.0101 0.9733 0.8564 0.8146 0.8973
0.8960 0.8847 0.9496 1.0067 1.0003 1.1057 1.1913 1.1382 1.1238 1.0607 1.1632 0.9311 0.9273 1.0000 0.8242 0.7891
0.7151 0.7452 0.8611 0.9031 1.0124 1.1730 1.0832 1.0544 1.0776 1.0472 1.1065 1.1074 0.9610 0.8744 0.8755 0.8248
0.6566 0.7802 0.8911 0.9545 0.9902 1.0740 1.0885 1.0614 1.0881 1.0228 1.0259 1.0677 0.9909 0.9825 0.9091 0.8469
0.8504 0.7887 0.8826 0.9053 1.0221 1.1635 1.0120 1.1829 1.1681 1.1736 1.0712 1.0407 1.0836 0.9184 0.8680 0.8676
0.7115 0.7589 0.7893 0.8104 0.9922 1.0040 1.1263 1.0170 1.0248 1.1060 1.0630 1.0458 0.9805 1.0143 0.8677 0.8874
0.6888 1.0000 0.8687 0.9169 0.9776 1.1352 1.1444 1.1003 1.0825 1.1630 1.1081 0.9245 0.9637 0.8911 0.8638 0.8533
0.8308 0.8234 0.9077 0.8493 1.0595 1.1506 1.0262 1.0579 1.0772 1.1659 1.0485 1.1460 1.0000 0.9901 0.9274 0.9311
0.8458 0.8681 0.8720 0.9899 0.9875 1.1085 1.0826 1.0625 1.0462 0.9863 1.0697 1.1329 1.0045 0.9920 0.9852 0.9049
0.6122 0.7549 0.9000 0.9710 1.0000 1.0699 1.0619 1.0614 1.0650 1.1079 1.0266 1.0305 0.9900 0.9136 1.0000 0.8009
0.8774 0.8038 0.9256 0.9492 1.0698 1.1470 1.2063 0.9933 1.0884 1.1322 1.1624 1.0070 1.0366 0.9413 0.8684 0.8170
0.7456 0.7982 0.8734 0.9407 1.2197 1.0000 1.1053 1.2129 1.1172 1.0688 1.2374 0.9602 0.9360 0.9238 0.9403 0.9341
0.8324 0.9194 0.8817 0.9445 1.0970 1.1268 1.1644 1.1671 1.2087 1.1696 1.0976 0.9819 0.9627 0.9019 0.7642 0.7595
