1.2584 1.1714 1.1446 1.2047 1.0463 0.9823 1.0763 0.8976 1.1251 1.1067 0.8983 0.8440 0.9158 0.7667 0.7811 0.7934
1.0000 1.0259 1.0070 1.2415 1.1407 1.0190 1.0189 0.9904 0.9355 0.9967 0.9593 0.9096 0.9347 0.9978 0.8509 1.0000
1.2365 1.0841 1.0331 1.4988 0.9770 1.0042 1.0000 0.9123 1.0197 1.0356 0.9968 0.8913 0.9674 0.9436 0.9271 0.9338
1.1661 0.9980 1.0600 1.1474 1.0110 1.0577 1.0949 0.9819 1.0299 0.9781 0.9629 0.9730 0.8860 0.9073 0.8633 0.9487
1.4396 1.1159 1.0474 1.0874 0.9372 0.9497 1.0294 0.9814 0.7831 0.8667 0.9751 1.1134 0.9323 1.0078 1.0580 1.2177
1.0341 1.1292 0.9219 1.0228 0.9452 1.0686 1.1121 1.0057 0.8267 1.1330 0.8726 0.9786 0.9235 0.9271 0.9717 1.0991
1.2704 1.1108 1.1223 1.0359 1.0023 0.9043 1.0123 0.8957 0.8913 1.0140 0.9868 0.8661 0.9821 1.0551 1.0000 1.0038
1.1162 1.2146 0.9301 1.0881 1.0241 1.0803 1.1103 1.0928 1.1616 0.9326 0.9877 0.8770 0.8677 0.7555 0.8438 0.9250
0.7287 0.7873 0.9710 0.8137 0.9038 0.9785 0.8880 1.0708 1.0848 0.9579 1.0915 1.0301 1.1888 0.8410 1.2373 1.0975
0.9200 0.8684 0.8401 1.0538 0.9794 1.0137 1.0177 0.9657 0.9053 1.0058 0.9564 1.0144 1.1257 1.0221 1.1260 1.3136
0.6238 0.7588 0.8957 0.8825 0.9036 1.0236 0.9820 1.1085 1.0779 1.0285 0.9493 0.9759 1.0864 1.1152 0.9748 1.0533
1.1469 1.0265 1.0930 1.1346 1.0225 1.0703 1.1319 0.9921 1.0042 0.9257 0.9160 0.9322 0.9384 0.9026 0.9567 0.8061
0.9847 1.0219 1.0182 1.0825 1.0450 0.8697 0.8314 1.1818 0.9169 1.0155 1.1151 0.8709 0.9589 1.0704 0.9724 1.2204
1.0124 0.9089 0.9704 0.7803 0.8977 0.9146 0.8980 1.0813 1.0051 1.0023 1.0518 1.0180 1.1043 1.0338 1.1485 1.1001
1.3386 1.1234 1.0135 1.0152 1.1112 1.1121 1.0624 1.1077 0.9707 0.7950 0.9553 0.9548 0.9192 0.6843 0.6459 0.7107
0.8935 0.9384 1.0451 0.9030 0.8949 1.0526 1.0098 1.0235 1.0000 0.9277 0.9983 0.9117 1.0000 1.1133 1.1760 1.3199
1.0287 0.9257 0.9769 1.0000 0.9326 0.9744 1.0552 0.9035 1.0086 1.0917 1.0802 1.0361 1.0001 1.0047 1.0886 1.2081
1.2590 1.2660 0.8943 1.2505 0.9509 0.9967 1.1598 0.9122 0.8796 1.0000 1.0000 0.9893 1.0000 0.9047 0.9588 1.0003
1.3955 1.0099 1.3418 1.0357 0.8761 1.1697 1.0606 1.0236 1.0875 0.9512 0.9168 0.9463 0.8594 0.8409 0.8404 1.0209
1.0616 1.0675 1.1452 1.1916 0.9584 1.0578 0.9588 0.9864 1.0438 1.1349 0.9469 0.8415 0.8171 0.7593 0.5373 0.5297
1.3350 0.9980 1.0000 1.0055 1.1431 1.1459 0.9618 0.9976 0.9917 0.8349 0.9408 1.1335 0.9047 1.0821 1.0020 0.9062
0.5293 0.6402 0.9381 0.9167 0.9106 1.0245 1.0307 1.0139 1.0114 0.9959 1.0393 1.1284 1.1078 0.9259 0.9740 1.2684
1.0504 0.8649 0.9427 0.8570 0.9203 0.9538 0.9397 1.0150 1.0000 1.2288 1.0049 0.9607 1.0823 1.2116 1.1160 1.0216
0.9940 0.9114 0.8183 0.9781 0.8640 1.0008 0.8568 0.9058 1.1434 0.9820 1.0807 1.0905 1.0689 1.0374 0.5458 1.2160
1.4958 1.2312 1.1269 1.2075 1.1420 1.1183 1.1532 1.0256 0.9901 0.8496 0.9724 0.8358 0.9245 0.8871 0.7606 0.8358
