1.2477 1.1684 1.1152 1.1172 1.0456 0.9698 1.0739 0.9021 1.1442 1.1178 0.9044 0.8334 0.9597 0.7946 0.7751 0.8195
1.0000 1.0232 1.0809 1.2375 1.1282 0.9870 1.0060 0.9872 0.9186 0.9922 0.9614 0.9081 0.9358 1.0072 0.8457 1.0000
1.1826 1.0509 1.0467 1.4595 0.9749 1.0401 1.0000 0.9466 1.0113 1.0405 1.0075 0.8932 0.9899 0.9459 0.9264 0.9409
1.1544 1.0316 1.0867 1.1561 1.0441 1.0879 1.1286 0.9439 1.0273 0.9653 0.9108 0.9541 0.8713 0.8737 0.8365 0.9460
1.4340 1.0780 0.9874 1.0626 0.9452 0.9452 0.9814 0.9635 0.8249 0.9231 0.9434 1.1351 0.9253 1.0711 1.0756 1.2740
1.0283 1.0461 0.9180 1.0101 0.9153 1.0864 1.1003 0.9820 0.8235 1.1221 0.8986 1.0115 0.9665 0.9550 1.0109 1.1201
1.2770 1.1412 1.1143 1.0533 0.9879 0.9127 0.9844 0.8713 0.8747 1.0395 0.9727 0.8618 0.9645 1.0432 1.0000 1.0358
1.1713 1.2168 0.9895 1.0786 1.0518 1.0863 1.0921 1.0335 1.1154 0.9437 0.9313 0.8927 0.8600 0.7666 0.8542 0.9273
0.7235 0.7535 0.9179 0.7955 0.8839 0.9456 0.8514 1.0745 1.0718 0.9637 1.1098 1.0529 1.2057 0.8489 1.2605 1.0956
0.9635 0.8777 0.8520 1.0661 0.9890 1.0095 0.9763 0.9757 0.9055 0.9748 0.9275 0.9849 1.1233 1.0666 1.1529 1.3012
0.6495 0.7834 0.8833 0.8667 0.9052 0.9968 0.9547 1.1490 1.0698 0.9605 0.9622 0.9887 1.1231 1.1207 0.9606 1.0793
1.1999 1.0564 1.1205 1.1211 1.0437 1.1018 1.1400 1.0074 1.0181 0.8996 0.8643 0.9183 0.9062 0.8610 0.9322 0.8024
0.9820 1.0142 0.9914 1.0915 1.0068 0.8881 0.8307 1.1981 0.8923 1.0019 1.1038 0.8306 0.9571 1.1250 1.0061 1.2682
1.0217 0.9447 1.0018 0.7874 0.9053 0.9593 0.9382 1.0996 0.9919 0.9864 1.0343 0.9750 1.0831 1.0018 1.1361 1.0955
1.3089 1.1164 1.0238 0.9668 1.0702 1.0969 1.0674 1.0733 0.9907 0.7983 0.9413 0.9828 0.9485 0.7365 0.7001 0.7678
0.9275 0.9475 1.0619 0.9057 0.9143 1.0547 0.9914 1.0105 1.0000 0.9301 0.9917 0.8987 1.0000 1.0923 1.1471 1.2946
1.0068 0.9361 1.0105 1.0000 0.9432 1.0104 1.0715 0.9129 0.9905 1.0693 1.0687 0.9645 1.0099 0.9791 1.1047 1.2277
1.3608 1.3294 0.9386 1.2668 0.9315 1.0012 1.1595 0.9121 0.8519 1.0000 1.0000 0.9612 1.0000 0.8623 0.9472 0.9684
1.3806 1.0236 1.3273 0.9932 0.8666 1.1288 1.0506 0.9850 1.1009 0.9414 0.8948 0.9712 0.8879 0.8624 0.8963 1.0588
1.0813 1.0920 1.1372 1.1895 1.0040 1.0346 0.9494 0.9632 1.0457 1.0045 0.9280 0.8290 0.8089 0.7657 0.5648 0.5211
1.3837 1.0160 1.0000 0.9824 1.1628 1.0703 0.9737 0.9969 0.9917 0.8408 0.9436 1.1300 0.9275 1.0946 1.0189 0.9038
0.5480 0.6721 0.9772 0.9456 0.9366 1.0342 1.0178 1.0390 0.9973 1.0122 0.9939 1.1115 1.0877 0.9115 0.9220 1.2347
1.0716 0.8721 0.9352 0.8509 0.8986 0.9423 0.9286 0.9930 1.0000 1.1977 0.9521 0.9479 1.0939 1.2245 1.1292 1.0758
0.9816 0.9028 0.8014 0.9880 0.8765 0.9862 0.8983 0.9004 1.1513 0.9911 1.0872 1.1001 1.0543 1.0457 0.5458 1.1751
1.4011 1.1561 1.0440 1.1722 1.0872 1.0626 1.1571 0.9648 0.9682 0.8301 1.0123 0.8772 1.0069 0.8845 0.7988 0.8907
