1.4073 1.2721 1.3389 1.3073 1.0771 1.0153 1.1028 0.9482 1.0228 1.0344 0.8384 0.8037 0.8663 0.7738 0.6554 0.6633
1.0000 0.7191 0.8966 0.9305 0.9278 0.9132 1.0621 1.0128 0.9519 1.1048 1.0665 0.9741 1.0685 1.2589 1.0910 1.0000
1.3822 1.2699 1.3691 2.0397 1.1153 1.1773 1.0000 0.8905 1.1399 1.0575 0.9110 0.7626 0.8846 0.8980 0.7783 0.7787
0.9932 0.7667 0.8282 0.9329 0.8174 0.9141 0.9593 0.9247 1.1298 1.0943 1.0025 1.0578 1.0639 0.9795 1.0551 1.4925
1.3470 1.1345 1.0262 1.0735 0.9976 1.0222 1.2715 1.1757 0.9262 1.1146 1.2983 0.9922 1.0027 0.9353 1.0700 1.0030
0.7450 0.8450 0.6703 0.8384 0.8627 0.9494 1.1789 0.9791 0.8441 1.2092 0.9784 1.2851 1.1256 1.1054 1.1945 1.3635
1.7093 1.3353 1.3023 1.2128 1.1915 0.9883 0.9915 0.8453 0.8896 0.8773 0.8427 0.7740 0.8364 0.9732 1.0000 0.8071
0.9033 0.8866 0.9114 0.9016 0.8162 1.0102 1.1163 1.1801 1.2114 1.0357 1.0023 1.1156 0.9414 0.8881 0.9985 1.1792
1.0238 0.9324 1.1569 1.0292 1.0030 1.1943 0.9919 1.0858 1.1175 0.9602 1.0545 0.9698 0.9979 0.8992 1.0288 1.1339
1.0615 0.8607 1.0664 0.8838 0.9468 0.9842 0.9045 1.0577 0.9174 1.0443 0.8961 1.0155 1.2394 1.1133 1.1450 1.6060
0.6885 1.1124 1.0980 0.9487 1.0946 1.1668 1.0597 1.1497 1.0700 0.9292 0.8393 0.8846 0.9187 0.8454 0.7574 1.2718
0.8236 0.7786 0.8334 0.9291 0.8112 0.9491 1.0310 0.9269 1.0225 1.1144 1.1105 1.1139 1.1545 1.1867 1.2244 0.9818
1.1706 1.1518 1.0988 1.2139 1.0688 1.1676 1.1386 1.5096 0.7581 1.1736 1.0751 0.7250 0.7341 0.7243 0.6965 0.7546
1.0393 0.8735 1.0364 0.8495 0.7778 0.8903 0.8600 1.0343 0.9565 1.0503 1.0980 1.0339 1.0756 1.0548 1.1089 1.0732
1.5682 1.4152 1.1335 1.1513 1.2320 1.1621 1.1517 1.0638 0.8943 0.7982 0.8811 0.7547 0.7432 0.6454 0.6401 0.6502
0.7404 0.9765 0.9141 0.8221 0.8656 0.8850 0.9655 0.9127 1.0000 0.9386 1.1350 1.1249 1.0000 1.3674 1.4201 1.5186
1.1706 0.9368 1.1897 1.0000 0.9869 1.0389 1.0820 0.9396 0.9712 1.0101 0.9500 0.9149 0.8865 0.9172 1.0595 0.9463
0.8386 0.8288 0.7596 0.9586 0.7987 0.8504 1.0474 0.9607 0.9621 1.0000 1.0000 1.2340 1.0000 1.1296 1.1749 1.3231
1.6024 1.2305 1.8048 1.3240 1.0022 1.2059 1.0938 1.0758 0.9930 0.8775 0.9595 0.7690 0.7098 0.7295 0.8428 0.7893
0.8185 0.8251 1.0304 0.9659 0.9395 0.9460 1.0405 1.0790 1.2869 1.4241 1.1907 1.0210 1.1288 1.1156 0.7061 0.6955
1.4659 1.1785 1.0000 1.0651 1.2158 1.1521 1.0587 1.0106 0.9689 0.8671 0.9166 1.0142 0.8347 0.9276 0.9359 0.9368
0.7240 0.5884 0.8508 0.6709 0.8374 0.8885 1.0236 0.9622 1.0126 1.0162 1.0850 1.3403 1.2709 1.0829 1.1699 1.5130
1.0054 1.0437 1.0853 0.9057 1.0013 1.0600 1.1654 1.1343 1.0000 1.5390 0.9687 0.8295 0.7980 0.7344 0.6088 0.7268
0.8445 0.7408 0.8139 0.8169 0.7632 0.8505 0.7595 0.9641 1.1351 1.0484 1.1094 1.1295 1.3217 1.3027 1.9256 1.5826
1.5276 1.2961 1.1911 1.3442 1.1087 1.2584 1.3665 1.2369 0.9518 0.8959 0.8439 0.9084 0.9657 0.8308 0.7648 0.8683
