1.3166 1.1820 1.0472 1.0910 1.0142 0.9639 1.0813 0.9075 1.1042 1.1384 0.8601 0.8310 0.9347 0.8133 0.8085 0.9231
1.0000 1.0681 1.3110 1.2669 1.1462 1.0008 1.0951 0.9710 0.8839 0.9064 0.8895 0.8634 0.8735 0.9076 0.8237 1.0000
1.0317 0.8999 0.9177 1.2167 0.8528 0.9718 1.0000 0.9396 0.9744 1.0208 0.9662 0.9342 1.0512 1.1556 1.0622 1.2806
1.2816 1.1946 1.1549 1.1482 1.0087 1.0753 1.1070 0.9055 0.9760 0.8827 0.9023 0.9444 0.8098 0.9400 0.7894 0.9636
1.2420 0.9928 0.8910 1.0165 0.9294 0.9815 0.9934 0.9032 0.9705 1.0780 0.9756 1.0765 0.9014 1.0811 1.0747 1.3444
1.1929 1.0869 0.9940 1.1163 0.9733 1.0653 1.0744 0.9623 0.8993 1.0234 0.9919 0.8707 0.8950 0.8508 1.0251 0.9800
1.2066 1.1056 1.0480 1.0047 0.9353 0.9433 1.0279 0.9721 0.8854 1.0443 0.9683 0.8430 0.9479 1.1150 1.0000 1.0502
1.3639 1.2403 1.1430 1.1132 1.1092 1.0961 1.0493 0.9837 1.1040 0.9015 0.9052 0.8267 0.7900 0.7789 0.7743 0.8121
0.6679 0.7070 0.8899 0.7582 0.9488 0.9586 0.8367 1.0487 1.0338 0.9166 1.0672 0.9922 1.2071 1.0296 1.1966 1.2153
1.1522 0.9946 0.9912 1.0932 1.0027 0.9788 0.9581 1.1571 0.8811 0.8953 0.9174 0.8926 1.0005 0.9862 1.0669 1.0704
0.6787 0.7362 0.8919 0.8197 0.9649 0.9528 0.8890 1.0407 1.0016 0.9656 1.0566 0.9180 1.2624 1.0917 0.9552 1.2636
1.2608 1.1447 1.1790 1.1663 1.0747 1.1069 1.1438 0.9713 0.9999 0.8804 0.8465 0.8803 0.8524 0.8097 0.8651 0.8140
1.0474 0.8393 0.8162 0.9243 0.8632 0.9147 0.8171 1.0626 0.9279 1.1170 1.1434 0.9964 1.0938 1.1877 1.1233 1.5157
1.2033 1.0719 1.1139 1.0106 0.8546 0.9926 1.0481 1.0367 0.9409 0.8833 0.9550 0.8740 0.9998 0.8889 1.0151 1.0779
1.1912 1.1562 0.9397 0.9091 1.0344 1.0658 1.0080 1.0689 1.0093 0.9299 0.9604 0.9614 0.9496 0.7967 0.7787 0.9209
1.0070 0.9505 1.0539 0.8951 0.9795 1.0467 0.9554 0.9816 1.0000 0.9070 0.9457 1.1147 1.0000 1.0281 1.0225 1.1667
0.9497 0.9347 0.9258 1.0000 0.9843 0.9152 1.0146 1.0947 0.9947 1.0194 1.0453 0.9866 1.0445 1.0923 1.2618 1.2759
1.4699 1.3513 1.0514 1.2738 0.9844 1.0171 1.1189 0.9729 0.8902 1.0000 1.0000 0.8811 1.0000 0.8326 0.9138 0.8967
1.4879 1.0142 1.2501 0.9217 0.7984 1.0995 0.9990 0.9760 1.0612 1.0342 0.8941 0.9966 0.8801 0.8816 0.9679 1.1770
1.1814 1.1252 1.1692 1.2080 0.9815 1.0525 0.9488 0.9250 0.9912 1.0423 0.8947 0.7988 0.7798 0.7665 0.5265 0.5155
1.2754 0.9517 1.0000 0.9212 1.1255 1.0700 0.9049 1.0024 0.9736 1.0236 0.9225 1.0400 0.8979 1.0972 1.0270 1.0823
0.7038 0.7321 0.9786 0.9842 1.0967 1.0293 0.9945 0.9438 0.9339 1.0643 0.9536 0.9798 1.0465 0.9832 1.0100 1.2210
1.0396 0.8723 0.9035 0.9302 0.8338 0.9104 0.8653 0.9162 1.0000 1.1299 0.9397 0.9401 1.1466 1.2592 1.3242 1.6519
1.0372 1.0628 0.8945 1.0329 0.8706 0.9924 0.9371 0.9891 1.1076 0.9206 1.0186 1.0415 0.9336 1.0411 0.5458 1.0770
1.2086 1.0246 0.9477 0.9880 1.0189 1.0340 1.0770 1.0179 1.0177 0.8943 1.0454 0.9303 1.0407 0.9244 0.9497 1.0625
