0.7229 0.7759 0.8454 0.8746 1.0438 1.0652 1.0694 1.1879 1.1882 1.1680 1.0406 1.0106 1.0402 1.0150 0.8653 0.8450
0.8507 0.8518 0.9349 1.0231 1.0946 1.2129 1.2110 0.9929 1.0529 0.9825 1.1343 1.0125 0.9131 0.8539 0.9694 0.7506
0.6629 0.6997 0.9225 0.9087 0.9600 1.0854 1.1582 1.0944 1.0822 1.2389 1.0195 0.9589 0.8864 0.9204 0.8725 0.7050
0.6634 0.7382 0.8622 0.9531 0.9705 1.0823 1.1197 1.0465 1.0154 1.1750 1.1323 0.9690 1.0232 0.8775 0.8904 0.7233
0.7156 0.8251 0.8175 0.9150 1.0000 1.0360 1.1016 1.0323 1.1287 1.2039 1.0409 1.0292 0.9534 1.0305 0.9271 0.7930
0.8479 0.8477 0.8641 0.9565 1.1149 1.0955 1.1582 1.1580 1.1738 1.1300 1.0639 1.0192 0.9510 0.9263 0.8525 0.8444
0.7701 0.8008 0.8597 0.9463 1.0370 1.0735 1.1610 1.1656 1.1073 1.0904 1.1084 1.0593 0.9615 0.9189 0.8073 0.8951
0.8894 0.8128 0.8617 0.9401 1.0000 1.1127 1.2198 1.1199 1.0775 1.0824 1.1700 1.0892 0.9967 0.9006 0.8278 0.8981
0.8219 0.8667 0.8654 0.8824 1.0132 1.0117 1.1251 1.0530 1.0811 1.1443 1.0510 1.1072 0.9682 1.0251 0.8786 0.8180
0.6896 0.7655 0.8728 1.0066 0.9883 1.0115 1.0537 1.1225 1.0319 1.0528 1.2125 1.0024 0.9021 0.9864 0.9623 0.9614
0.7321 0.6529 0.7586 0.7960 0.9537 1.0489 1.1380 1.0478 1.0546 1.0708 1.0344 0.9658 0.9918 0.9629 0.8601 0.9631
0.7601 0.8295 0.9252 0.9763 1.1440 1.1292 1.1327 0.8935 1.0568 1.2028 1.0755 0.9618 0.9314 1.0000 1.0000 0.6969
0.9409 0.8827 0.9258 1.0175 1.1204 1.1130 1.1910 1.0440 1.1331 1.0663 1.0405 1.0198 0.9732 0.8531 0.8142 0.9266
0.9018 0.8938 0.9665 1.0052 1.0057 1.0920 1.1652 1.1442 1.1001 1.0607 1.1751 0.9485 0.9257 1.0000 0.8158 0.7912
0.6965 0.7331 0.8629 0.9236 1.0052 1.1530 1.0967 1.0654 1.0669 1.0560 1.1100 1.1167 0.9698 0.8721 0.9016 0.7981
0.6750 0.7887 0.9012 0.9684 0.9917 1.0600 1.1028 1.0830 1.0896 1.0157 1.0386 1.0724 0.9972 0.9631 0.8918 0.8318
0.8518 0.8005 0.9014 0.9083 1.0465 1.1462 1.0209 1.1773 1.1456 1.1657 1.0744 1.0390 1.0659 0.9247 0.8649 0.8656
0.7174 0.7546 0.7968 0.8105 0.9958 1.0162 1.1193 1.0049 1.0268 1.0947 1.0727 1.0383 0.9935 1.0229 0.8491 0.8797
0.6967 1.0000 0.8974 0.9244 0.9900 1.1353 1.1454 1.0987 1.0842 1.1534 1.0920 0.9233 0.9624 0.9027 0.8508 0.8487
0.8652 0.8420 0.9225 0.8721 1.0329 1.1404 1.0177 1.0645 1.0669 1.1970 1.0663 1.1395 1.0000 0.9563 0.9165 0.8990
0.8650 0.8887 0.8790 0.9828 0.9758 1.1102 1.0702 1.0359 1.0576 1.0072 1.0718 1.1266 1.0104 0.9879 0.9691 0.8948
0.6144 0.7569 0.9089 0.9697 1.0000 1.0850 1.0634 1.0759 1.0589 1.0926 1.0204 1.0261 0.9897 0.9106 1.0000 0.8003
0.8873 0.8204 0.9378 0.9349 1.0651 1.1745 1.1960 0.9763 1.0916 1.1424 1.1502 1.0254 1.0135 0.9271 0.8505 0.8206
0.7503 0.7881 0.8743 0.9446 1.2227 1.0000 1.0862 1.1962 1.1117 1.0785 1.2255 0.9780 0.9372 0.9314 0.9493 0.9316
0.8479 0.9317 0.8921 0.9534 1.0705 1.1039 1.1834 1.1830 1.1655 1.1812 1.1173 0.9663 0.9653 0.8981 0.7782 0.7507
