1.2368 1.3108 1.4161 1.4467 1.1999 1.0980 1.1129 0.8815 1.0146 0.9732 0.8435 0.7419 0.8047 0.6387 0.7019 0.5915
1.0000 1.0637 1.2224 1.2932 1.1665 0.9889 0.9962 0.9567 0.8393 0.9932 0.9579 0.8832 0.9100 0.9828 0.7874 1.0000
1.3293 1.2315 1.2620 1.9183 1.1864 1.1476 1.0000 0.9381 1.0065 1.0245 0.9566 0.8100 0.8428 0.8804 0.7488 0.7604
1.0292 0.8288 0.9863 1.0914 0.9647 0.9881 1.0878 1.0135 1.0972 1.0681 1.0091 0.9286 0.9798 0.8853 0.9380 1.0940
1.4749 1.1562 1.1370 1.0363 0.9904 0.9492 0.9927 1.0026 0.8050 0.9640 1.1232 1.0585 0.9244 1.0025 1.0261 1.1346
0.8276 1.1202 0.9949 1.1662 1.0614 1.0982 1.1590 0.9825 0.8273 1.0690 0.8625 1.0717 0.8697 0.9195 0.9220 1.0615
1.3697 1.2506 1.3555 1.3083 1.2183 0.9689 0.9625 0.8418 0.8495 0.9099 0.8346 0.7491 0.8299 0.9331 1.0000 0.8121
0.9644 1.1945 0.9415 1.0853 1.0009 1.0922 1.0865 1.1244 1.1184 0.9548 0.9516 0.9815 0.8617 0.7872 0.8857 0.9997
0.8621 0.8717 1.1653 0.9693 0.9294 1.0610 0.9127 1.1066 1.1228 0.9472 1.0963 0.9982 1.0866 0.7963 1.1258 0.9287
0.8780 0.9619 1.1435 1.2565 1.0980 1.0529 0.9721 0.9432 0.8071 0.9589 0.8156 0.9000 0.9868 0.9437 1.0174 1.3923
0.5850 0.9930 1.1971 1.1519 1.1233 1.1548 1.1024 1.1713 1.0622 0.9072 0.7652 0.8715 0.8722 0.9223 0.7794 0.9523
0.9645 1.0668 1.3233 1.3580 1.1110 1.1145 1.1501 0.9576 0.9717 0.8767 0.8342 0.8792 0.8703 0.8868 0.9323 0.6897
1.0956 1.2301 1.1851 1.3171 1.1961 0.9949 0.9596 1.3132 0.8050 1.0016 1.0118 0.7247 0.7212 0.7829 0.7868 0.9092
0.9331 0.8511 1.0809 0.8266 0.8932 0.8930 0.8684 1.0708 0.9768 1.0296 1.0623 1.0055 1.0688 1.0755 1.2049 1.0970
1.3704 1.4353 1.2958 1.3638 1.3057 1.1695 1.0825 1.0052 0.8682 0.6481 0.7647 0.7468 0.6986 0.6028 0.5873 0.6034
0.7932 1.0742 1.2875 1.1473 1.0318 1.0338 1.0631 0.9690 1.0000 0.8085 0.8717 0.8082 1.0000 0.9675 1.0473 1.1510
1.0703 1.0765 1.3803 1.0000 1.1211 1.1080 1.1149 0.8901 0.9223 0.9722 0.8937 0.8385 0.7822 0.8113 0.8594 0.8657
1.0268 1.1099 0.8552 1.2218 0.8842 0.9441 1.1381 0.9071 0.8793 1.0000 1.0000 1.0726 1.0000 0.9431 1.0466 1.0826
1.3757 1.1489 1.6484 1.3020 1.0197 1.2803 1.1087 1.0746 1.1036 0.8255 0.7593 0.8458 0.7623 0.6888 0.6903 0.8150
0.8013 1.2133 1.6434 1.5905 1.1702 1.0673 0.9093 0.8610 0.8538 0.9060 0.7207 0.6955 0.7881 0.6831 0.5479 0.5348
1.4478 1.3456 1.0000 1.3505 1.4551 1.3087 1.0951 1.0057 0.9419 0.7406 0.8044 0.9336 0.7710 0.8862 0.8133 0.6992
0.5915 0.6360 1.1757 1.0504 1.0213 1.0075 1.0673 1.0771 0.9772 0.8574 0.9443 1.1104 1.0478 0.8377 0.8539 1.1569
1.1033 0.9399 1.0506 0.8933 1.0185 1.0383 1.0313 1.0906 1.0000 1.3456 0.9953 0.8951 0.8874 0.9181 0.7666 0.7791
0.8852 1.0082 1.0489 1.2194 0.9459 1.0298 0.8441 0.8859 1.0447 0.9724 0.9460 0.9945 1.0906 1.0002 0.5458 1.1594
1.2672 1.4657 1.7505 1.7887 1.5095 1.2631 1.2291 0.9948 0.7988 0.6529 0.6828 0.7756 0.7372 0.7154 0.6854 0.7527
