1.2689 1.1550 1.0712 1.1335 1.0392 0.9762 1.0688 0.9062 1.1289 1.1464 0.8751 0.8492 0.9433 0.7889 0.7951 0.8477
1.0000 1.0659 1.1258 1.2288 1.1339 0.9898 1.0470 0.9700 0.8768 0.9860 0.9167 0.9050 0.9198 0.9899 0.8569 1.0000
1.1301 1.0093 0.9556 1.3863 0.9573 1.0313 1.0000 0.9722 0.9850 1.0654 1.0221 0.9446 1.0180 0.9796 0.9873 0.9703
1.2578 1.1070 1.1046 1.1679 0.9851 1.0428 1.1120 0.9499 0.9969 0.9266 0.9334 0.9376 0.8645 0.9180 0.8408 0.9496
1.3726 1.0716 0.9832 1.0426 0.9449 0.9541 0.9641 0.9633 0.8423 0.9214 1.0141 1.0897 0.9102 1.0663 1.0864 1.2955
1.0727 1.0797 0.9440 1.0549 0.9656 1.0540 1.1061 0.9932 0.8316 1.1051 0.8990 0.9596 0.9461 0.9330 0.9801 1.0581
1.2532 1.1500 1.0874 1.0372 0.9693 0.9399 0.9866 0.8927 0.8995 1.0418 0.9452 0.8440 0.9913 1.0229 1.0000 1.0345
1.2306 1.2462 1.0449 1.0947 1.0862 1.1091 1.0683 1.0218 1.1165 0.9081 0.8918 0.8426 0.8274 0.7742 0.8300 0.8990
0.6978 0.7278 0.9686 0.7898 0.9197 0.9500 0.8621 1.0493 1.0758 0.9460 1.1177 1.0031 1.1748 0.8850 1.2414 1.1184
1.0072 0.9022 0.8706 1.0923 0.9763 0.9967 0.9665 1.0042 0.9048 0.9456 0.9527 0.9640 1.0955 1.0330 1.1438 1.2456
0.6284 0.7456 0.8597 0.8406 0.9196 0.9868 0.9529 1.1156 1.0392 0.9860 0.9653 0.9700 1.1606 1.1487 0.9763 1.1211
1.2216 1.1025 1.1259 1.1749 1.0597 1.1041 1.1410 0.9784 1.0070 0.8929 0.8571 0.8867 0.8860 0.8480 0.9079 0.7965
0.9847 0.9720 0.9643 1.0617 0.9858 0.8615 0.7892 1.1119 0.9123 0.9702 1.1121 0.8959 1.0258 1.1607 1.0868 1.3772
1.0684 0.9752 1.0285 0.8094 0.8746 0.9590 0.9402 1.0746 0.9574 0.9539 1.0279 0.9624 1.0754 0.9890 1.1412 1.1367
1.3314 1.1703 1.0070 0.9668 1.0734 1.0841 1.0349 1.0672 0.9738 0.8139 0.9665 0.9423 0.9091 0.7521 0.7358 0.8089
0.9164 0.9790 1.0588 0.8880 0.9111 1.0702 1.0159 0.9892 1.0000 0.9403 1.0186 0.9327 1.0000 1.0879 1.1175 1.2835
0.9961 0.9409 0.9789 1.0000 0.9759 0.9530 1.0145 0.9336 1.0019 1.0621 1.0621 1.0216 1.0484 1.0276 1.1490 1.3082
1.3962 1.3627 0.9728 1.2668 0.9755 1.0085 1.1434 0.9492 0.8868 1.0000 1.0000 0.9492 1.0000 0.8303 0.9035 0.9890
1.4052 1.0132 1.3187 0.9885 0.8463 1.1363 1.0269 0.9820 1.0766 0.9724 0.8754 0.9937 0.8915 0.8641 0.9193 1.0758
1.1542 1.0732 1.1501 1.1935 0.9867 1.0284 0.9346 0.9610 1.0350 1.1011 0.9315 0.8401 0.8251 0.7756 0.5579 0.5191
1.3841 0.9838 1.0000 0.9584 1.1366 1.0685 0.9358 0.9975 1.0132 0.8746 0.9567 1.1216 0.9390 1.0764 0.9964 0.9504
0.5289 0.6865 0.9651 0.9715 0.9526 1.0155 1.0223 0.9660 0.9923 1.0495 1.0013 1.0802 1.1301 0.9242 0.9507 1.2567
1.0518 0.8738 0.8903 0.8903 0.8627 0.9485 0.9019 0.9802 1.0000 1.2422 0.9597 0.9555 1.0915 1.2515 1.1979 1.1785
0.9912 0.9799 0.8035 0.9930 0.8748 0.9835 0.9342 0.9319 1.1257 0.9516 1.0542 1.1145 1.0095 1.0458 0.5458 1.1142
1.4264 1.1369 1.1118 1.1852 1.1133 1.1144 1.1485 1.0173 0.9875 0.8151 0.9930 0.8285 0.9399 0.8284 0.7541 0.8558
