1.3209 1.2391 1.2721 1.3116 1.1450 1.0497 1.0896 0.9001 1.0630 1.0674 0.8966 0.7754 0.8763 0.7029 0.6918 0.6327
1.0000 0.8479 0.9185 1.0333 1.0078 0.9398 1.0065 1.0019 0.9278 1.1297 1.0753 0.9956 1.0178 1.1842 0.9497 1.0000
1.4286 1.2868 1.3137 2.0296 1.1563 1.1938 1.0000 0.8694 1.0548 1.0367 0.8870 0.7987 0.8761 0.9224 0.7244 0.8142
0.9834 0.7637 0.9175 1.0524 0.9382 0.9668 1.0529 0.9699 1.1045 1.1010 1.0144 0.9923 1.0496 0.9033 0.9944 1.2325
1.5861 1.2703 1.1174 1.1244 1.0341 0.9654 1.0389 1.0068 0.8534 0.9745 1.1473 0.9787 0.8932 0.8631 0.9550 1.0487
0.7985 0.8926 0.7692 0.8595 0.8673 1.0012 1.1297 1.0064 0.8309 1.2704 0.9783 1.1744 1.0499 1.1002 1.0779 1.2939
1.5630 1.2347 1.1866 1.2003 1.1410 0.9253 0.9624 0.8418 0.8463 0.9585 0.8909 0.8449 0.8734 1.0446 1.0000 0.8649
0.9943 1.1291 0.8809 0.9646 0.9356 1.0550 1.1121 1.1176 1.1333 0.9715 0.9910 0.9845 0.9275 0.8134 0.9115 1.0530
0.8570 0.8494 1.0884 0.9452 0.8827 1.0654 0.9250 1.1295 1.1272 0.9548 1.1254 1.0334 1.0856 0.8352 1.1212 1.0901
0.8030 0.6852 0.8691 0.8838 0.8890 0.9671 0.9251 0.9486 0.9102 1.1644 0.9763 1.1391 1.2350 1.1111 1.2929 1.7538
0.6118 0.9505 0.9827 0.9313 0.9079 1.0732 1.0832 1.1658 1.1327 1.0114 0.8533 0.9586 0.9576 0.9784 0.8457 1.1882
0.9227 0.8548 0.9419 1.0068 0.9166 1.0287 1.1008 0.9190 1.0324 1.0278 1.0014 1.1025 1.0643 1.0951 1.1416 0.8592
1.1537 1.2034 1.2012 1.2100 1.1231 1.0454 0.9834 1.3474 0.8219 1.0773 1.0317 0.7085 0.6723 0.7337 0.6954 0.9204
0.9351 0.8240 0.9838 0.7884 0.8298 0.8775 0.8469 1.0621 1.0167 1.0714 1.1256 1.0151 1.1002 1.0857 1.2793 1.1149
1.4998 1.2246 1.0679 1.0921 1.1624 1.1122 1.1771 1.0653 0.9347 0.7277 0.8876 0.8508 0.7598 0.6295 0.6885 0.6462
0.7460 0.9309 0.9109 0.8614 0.8387 0.8781 1.0531 0.9797 1.0000 0.9427 1.0851 1.0269 1.0000 1.2554 1.3366 1.4753
1.1586 0.8946 1.0933 1.0000 0.8942 1.0424 1.0326 0.8666 0.9786 1.0652 1.0010 1.0126 0.9457 0.9853 1.0584 1.0664
0.9859 0.9969 0.7934 1.1049 0.7993 0.9120 1.1281 0.9497 0.9099 1.0000 1.0000 1.1216 1.0000 1.0319 1.1564 1.1852
1.3886 1.1256 1.5886 1.2331 1.0210 1.2210 1.1167 1.0834 1.1120 0.8740 0.8731 0.8450 0.7428 0.7024 0.7262 0.7540
0.8924 0.9242 1.0826 1.0176 0.9701 0.9915 0.9736 0.9952 1.0849 1.4404 1.0432 0.9437 0.9962 0.9751 0.6836 0.6996
1.4581 1.1639 1.0000 1.1040 1.2107 1.1556 1.0491 0.9855 0.9721 0.8331 0.9227 1.0807 0.8835 0.9461 0.9426 0.8299
0.6317 0.5708 0.8239 0.7301 0.7722 0.9190 0.9954 1.0535 1.0858 0.9750 1.0945 1.3114 1.2048 1.0014 1.0857 1.4442
1.0769 0.9714 1.0647 0.8395 1.0294 1.0355 1.0699 1.1332 1.0000 1.3453 1.0070 0.8679 0.8821 0.8214 0.7145 0.7591
0.7621 0.7382 0.7056 0.8978 0.8014 0.8870 0.8437 0.9349 1.1762 1.0903 1.1137 1.1543 1.2343 1.1803 0.5458 1.4228
1.5457 1.4382 1.0948 1.2868 1.2459 1.2119 1.0577 1.0561 1.0392 0.7933 0.8129 0.9456 0.9556 0.8605 0.8455 1.0664
