1.2650 1.1717 1.1930 1.2397 1.0914 1.0585 1.1125 0.9213 1.1219 1.0646 0.9119 0.8143 0.9027 0.7251 0.7258 0.6801
1.0000 0.9543 0.9545 1.1245 1.1246 0.9815 0.9651 0.9772 0.8863 1.0606 1.0297 0.9939 0.9886 1.0900 0.8643 1.0000
1.2503 1.1679 1.1323 1.7774 1.0796 1.0673 1.0000 0.9119 1.0301 1.0595 1.0331 0.8668 0.9713 0.9734 0.8380 0.7951
1.0434 0.8403 0.9679 1.1188 0.9701 0.9938 1.1276 0.9829 1.1073 1.0836 0.9982 0.9523 1.0071 0.8807 0.9304 1.0483
1.5225 1.0952 1.0963 1.0683 0.9430 0.9912 1.0462 1.0088 0.8000 0.9030 0.9321 1.0630 0.9287 0.9704 1.0507 1.2334
0.9137 1.0193 0.8066 0.9337 0.8877 0.9799 1.1024 0.9963 0.8439 1.2013 0.9284 1.1075 0.9917 1.0324 1.0480 1.2515
1.3776 1.1780 1.1654 1.1184 1.0871 0.9157 0.9567 0.8404 0.8778 0.9918 0.9558 0.8671 0.9403 1.0295 1.0000 0.9486
1.0035 1.1669 0.8690 1.0233 0.9660 1.0640 1.1047 1.0974 1.1540 0.9737 0.9730 0.9928 0.8845 0.8086 0.9116 1.0310
0.7773 0.7917 1.0664 0.8829 0.8761 1.0180 0.8916 1.1130 1.1309 0.9663 1.1258 1.0257 1.1190 0.7783 1.2124 0.9757
0.8241 0.7555 0.8424 0.9904 0.9934 1.0023 1.0276 0.9597 0.9484 1.0680 0.9383 1.0166 1.1387 1.0506 1.1593 1.5009
0.6175 0.8393 0.9167 0.9170 0.8840 1.0411 1.0587 1.1378 1.0723 1.0260 0.8701 0.9973 1.0211 1.1030 0.9187 1.0544
1.0202 0.9196 0.9926 1.0501 0.9560 1.0772 1.1379 0.9265 1.0280 0.9785 0.9614 1.0233 1.0176 1.0102 1.0689 0.8148
1.0208 1.1546 1.1005 1.2168 1.1241 0.9201 0.8873 1.2815 0.8640 1.0304 1.0972 0.7937 0.7891 0.8953 0.8708 1.0321
0.9273 0.8235 0.9477 0.7413 0.8692 0.8843 0.8383 1.1079 0.9920 1.0769 1.0957 1.0517 1.1070 1.0726 1.2431 1.1369
1.4568 1.1693 1.0254 1.0971 1.1089 1.1197 1.1272 1.0817 1.0007 0.7216 0.9294 0.8712 0.8112 0.6526 0.6391 0.6758
0.8273 0.9065 0.9815 0.8988 0.8690 0.9753 1.0620 1.0167 1.0000 0.9596 1.0792 0.9591 1.0000 1.1609 1.2145 1.3762
1.0703 0.9285 1.0728 1.0000 0.8920 1.0088 1.0597 0.8760 1.0010 1.0831 1.0507 1.0293 0.9427 0.9500 1.0138 1.0783
1.1200 1.1122 0.8033 1.1879 0.8450 0.9352 1.1531 0.9034 0.8569 1.0000 1.0000 1.0772 1.0000 0.9880 1.0828 1.0986
1.3466 1.0661 1.4579 1.1432 0.9559 1.1908 1.1075 1.0642 1.1590 0.8775 0.9166 0.9032 0.8271 0.7489 0.7261 0.8501
0.9149 0.9952 1.1211 1.1037 1.0279 1.0163 0.9700 1.0308 1.0768 1.1333 1.0062 0.9521 0.9021 0.8388 0.6227 0.5560
1.4210 1.1475 1.0000 1.0867 1.2220 1.1592 1.0591 1.0287 0.9767 0.8072 0.9358 1.0606 0.8877 0.9975 0.8805 0.8071
0.5663 0.5490 0.8622 0.8447 0.8124 0.9498 1.0128 1.0852 1.0460 0.9897 1.0639 1.2283 1.2016 0.9625 0.9812 1.3013
1.1144 0.9062 1.0331 0.8442 0.9570 1.0262 1.0167 1.1082 1.0000 1.2691 1.0013 0.9157 0.9191 0.9773 0.8470 0.8349
0.8901 0.8303 0.7843 0.8955 0.8349 0.9913 0.8226 0.9022 1.1537 1.0282 1.1151 1.1490 1.1721 1.1120 0.5458 1.2793
1.4876 1.3349 1.1776 1.2547 1.2064 1.2368 1.2270 1.0137 0.9872 0.8293 0.9906 0.8696 0.9060 0.8536 0.7823 0.9313
