0.7196 0.7910 0.8360 0.8779 1.0119 1.0875 1.0529 1.1828 1.1623 1.1771 1.0471 1.0307 1.0550 1.0109 0.8562 0.8565
0.8257 0.8610 0.9336 1.0313 1.0919 1.2381 1.2206 0.9737 1.0563 0.9759 1.1085 1.0072 0.9257 0.8562 0.9652 0.7429
0.6561 0.7072 0.9172 0.9164 0.9528 1.0663 1.1533 1.0957 1.0810 1.2465 1.0267 0.9559 0.8945 0.8977 0.8785 0.7130
0.6628 0.7547 0.8362 0.9469 0.9762 1.0881 1.0964 1.0437 1.0081 1.1885 1.1420 0.9544 1.0330 0.8744 0.9145 0.7661
0.7155 0.7802 0.7902 0.9042 1.0000 1.0340 1.0922 1.0747 1.1495 1.2069 1.0629 1.0263 1.0078 1.0299 0.9261 0.8324
0.8254 0.8480 0.8683 0.9404 1.1275 1.0676 1.1736 1.1418 1.1713 1.1143 1.0593 1.0366 0.9716 0.9362 0.8592 0.8444
0.7830 0.8035 0.8600 0.9456 1.0229 1.0345 1.1743 1.1676 1.1192 1.1104 1.0969 1.0494 0.9625 0.9118 0.8271 0.9162
0.8728 0.8006 0.8577 0.9390 1.0000 1.1196 1.2152 1.1336 1.0797 1.0774 1.1608 1.0821 1.0086 0.9135 0.8412 0.8992
0.8127 0.8670 0.8278 0.8878 0.9949 1.0075 1.1259 1.0312 1.1134 1.1317 1.0512 1.1242 0.9846 1.0148 0.8939 0.8404
0.6955 0.7670 0.8560 0.9580 0.9816 1.0264 1.0343 1.0900 1.0110 1.0524 1.2089 1.0000 0.9297 0.9854 0.9888 0.9776
0.7135 0.6444 0.7387 0.7940 0.9527 1.0436 1.1189 1.0638 1.0304 1.0748 1.0484 0.9494 1.0069 0.9608 0.8411 0.9717
0.7413 0.8247 0.9115 0.9564 1.1560 1.1263 1.1268 0.8942 1.0449 1.2191 1.0838 0.9632 0.9499 1.0000 1.0000 0.6979
0.9176 0.8883 0.9117 1.0208 1.1379 1.1244 1.1927 1.0452 1.1492 1.0724 1.0648 1.0310 0.9668 0.8583 0.8099 0.9096
0.8838 0.8838 0.9384 1.0050 0.9914 1.0985 1.1680 1.1513 1.1106 1.0669 1.1770 0.9512 0.9337 1.0000 0.8260 0.7971
0.7091 0.7473 0.8812 0.9134 0.9967 1.1665 1.0713 1.0630 1.0584 1.0766 1.0998 1.1255 0.9688 0.8788 0.8758 0.8178
0.6514 0.7767 0.8961 0.9510 0.9913 1.0573 1.1003 1.0616 1.0852 1.0338 1.0258 1.0487 0.9816 0.9867 0.9341 0.8511
0.8551 0.7905 0.8806 0.9008 1.0288 1.1569 1.0109 1.1836 1.1695 1.1744 1.0590 1.0352 1.0774 0.9200 0.8749 0.8811
0.7091 0.7517 0.7902 0.8102 0.9906 1.0127 1.1234 1.0065 1.0181 1.0991 1.0641 1.0496 0.9979 1.0112 0.8657 0.8863
0.6863 1.0000 0.8796 0.8979 0.9643 1.1262 1.1349 1.0976 1.0943 1.1789 1.1085 0.9305 0.9616 0.8982 0.8612 0.8589
0.8070 0.8214 0.9005 0.8385 1.0234 1.1440 1.0246 1.0747 1.0888 1.1876 1.0713 1.1395 1.0000 0.9772 0.9436 0.9420
0.8457 0.8797 0.8726 0.9822 0.9820 1.1149 1.0760 1.0636 1.0446 0.9814 1.0706 1.1254 0.9951 0.9898 0.9862 0.9096
0.6085 0.7572 0.9052 0.9692 1.0000 1.0807 1.0562 1.0773 1.0640 1.1145 1.0350 1.0271 0.9819 0.9007 1.0000 0.8030
0.8692 0.8040 0.9360 0.9517 1.0687 1.1607 1.2004 0.9863 1.0949 1.1246 1.1577 1.0168 1.0245 0.9338 0.8725 0.8090
0.7485 0.7987 0.8689 0.9394 1.2236 1.0000 1.0999 1.2049 1.1246 1.0706 1.2304 0.9499 0.9219 0.9169 0.9500 0.9452
0.8507 0.9063 0.8782 0.9457 1.0902 1.1309 1.1781 1.1903 1.2179 1.1608 1.1012 0.9675 0.9673 0.8952 0.7716 0.7368
