1.3532 1.1865 1.0187 1.0827 0.9823 0.9298 1.0712 0.8974 1.1042 1.1271 0.8395 0.8410 0.9344 0.8351 0.8064 0.9223
1.0000 1.0854 1.2966 1.2636 1.1368 0.9995 1.1043 0.9647 0.8799 0.9176 0.8618 0.8575 0.8598 0.8870 0.8266 1.0000
1.0265 0.9146 0.8642 1.2005 0.8438 0.9459 1.0000 0.9609 0.9647 1.0347 0.9552 0.9598 1.0508 1.1747 1.0687 1.2510
1.3295 1.2031 1.1631 1.1284 1.0207 1.0577 1.0652 0.9092 0.9501 0.8635 0.8964 0.9390 0.8006 0.9304 0.7669 0.9741
1.2271 0.9852 0.8995 1.0274 0.9803 1.0228 0.9762 0.9225 1.0281 1.0880 0.9258 1.0906 0.8809 1.0790 1.0218 1.2582
1.2303 1.0790 1.0081 1.1412 0.9779 1.0707 1.0555 0.9657 0.9403 1.0032 1.0037 0.8586 0.8647 0.8210 0.9893 0.9274
1.2100 1.0976 1.0395 0.9869 0.9444 0.9644 1.0285 0.9827 0.8804 1.0459 0.9621 0.8416 0.9819 1.0437 1.0000 1.0492
1.3171 1.2026 1.1226 1.0687 1.1066 1.0920 1.0684 1.0029 1.0824 0.9142 0.9150 0.8413 0.8113 0.7839 0.7537 0.7939
0.6685 0.7057 0.8777 0.7531 0.9497 0.9392 0.8337 1.0225 1.0141 0.8997 1.0443 0.9807 1.2034 1.0161 1.1885 1.2565
1.1828 1.0063 0.9958 1.1013 0.9995 0.9654 0.9378 1.1949 0.8761 0.8751 0.9311 0.8883 0.9827 0.9720 1.0582 1.0193
0.7199 0.7575 0.9252 0.8170 0.9932 0.9828 0.9108 1.0335 0.9615 0.9496 1.1168 0.9187 1.2126 1.1073 0.9620 1.3244
1.2555 1.1433 1.1845 1.2236 1.0900 1.0951 1.1396 0.9661 0.9976 0.8819 0.8354 0.8764 0.8368 0.7933 0.8255 0.7874
1.0098 0.8532 0.8194 0.9243 0.8582 0.9323 0.8491 1.0571 0.9612 1.1075 1.1956 0.9951 1.1147 1.1989 1.1557 1.5210
1.2578 1.0848 1.1429 1.0526 0.8665 0.9964 1.0128 1.0208 0.9475 0.8691 0.9209 0.8664 0.9787 0.8578 1.0007 1.0640
1.1500 1.1655 0.9372 0.9128 1.0370 1.0404 0.9955 1.0706 1.0113 0.9422 0.9606 0.9670 0.9529 0.7998 0.7734 0.9554
1.0674 0.8817 1.0729 0.9188 1.0191 1.0557 0.9810 1.0049 1.0000 0.9034 0.9188 1.1068 1.0000 0.9786 0.9666 1.1050
0.9395 0.9311 0.9189 1.0000 1.0089 0.9454 1.0192 1.0998 1.0091 1.0158 1.0380 0.9846 1.0496 1.0882 1.2355 1.2372
1.4361 1.3456 1.0454 1.2583 0.9846 0.9983 1.1245 0.9496 0.9087 1.0000 1.0000 0.9126 1.0000 0.8293 0.8807 0.8782
1.4940 0.9904 1.1404 0.9050 0.7832 1.1092 1.0279 1.0109 1.0833 1.0473 0.8866 1.0311 0.9057 0.8963 0.9857 1.1476
1.1661 1.0951 1.1418 1.1999 0.9662 1.0355 0.9535 0.9161 0.9978 1.0287 0.9094 0.8127 0.8439 0.7800 0.5347 0.5307
1.1947 0.9559 1.0000 0.9110 1.1072 1.0532 0.9136 1.0214 0.9729 1.0557 0.9301 1.0529 0.9139 1.0527 0.9665 1.0725
0.7474 0.7655 1.0174 1.0160 1.1044 1.0276 0.9691 0.9579 0.9536 1.0873 0.9651 0.9672 0.9864 0.9728 0.9736 1.1812
1.0328 0.8841 0.9076 0.9743 0.8694 0.9438 0.8766 0.9204 1.0000 1.1688 0.9559 0.9428 1.1792 1.2808 1.3493 1.7322
1.0501 1.1003 0.9010 1.0599 0.9022 0.9891 0.9666 1.0284 1.0845 0.8944 0.9850 1.0323 0.9268 1.0151 0.5458 1.0298
1.0661 0.9427 0.8604 0.8900 0.9340 0.9867 1.0255 0.9960 0.9939 0.8997 1.0338 1.0165 1.1284 0.9891 1.0696 1.2088
