1.4241 1.3512 1.3460 1.2980 1.1208 1.0336 1.1126 0.9859 1.0169 0.9628 0.8142 0.7717 0.8225 0.7408 0.6526 0.6372
1.0000 0.8008 0.9381 0.9735 0.9539 0.9050 1.0688 0.9838 0.9926 1.0762 1.0520 0.9647 1.0396 1.2385 1.0870 1.0000
1.3108 1.3360 1.3575 2.0767 1.0458 1.1750 1.0000 0.8749 1.1279 1.0112 0.8817 0.7550 0.9269 0.9413 0.7399 0.7862
0.9844 0.7471 0.8398 1.0024 0.8498 0.9228 0.9479 0.9001 1.1163 1.0379 1.0591 1.0066 1.0928 1.0169 1.0279 1.5812
1.2565 1.1567 0.9852 0.9816 0.9975 1.0169 1.3034 1.2081 0.9367 1.1747 1.2971 0.9823 0.9539 0.9406 1.0226 0.9930
0.8259 0.8400 0.6834 0.8081 0.8354 0.9714 1.1600 0.9898 0.9216 1.1622 1.0208 1.3363 1.1720 1.1071 1.2448 1.4400
1.7019 1.3893 1.3215 1.2188 1.1860 0.9947 0.9875 0.8626 0.8622 0.8396 0.8133 0.7545 0.8000 0.9716 1.0000 0.8061
0.9204 0.9200 0.9170 0.8988 0.8329 0.9671 1.0363 1.1398 1.2241 1.0012 0.9918 1.0563 0.9152 0.9280 1.0875 1.1513
1.0612 0.9772 1.2244 1.1016 1.0041 1.2365 0.9777 1.1638 1.1075 0.9711 1.0571 0.9624 1.0177 0.8561 1.0051 1.1057
0.9831 0.8396 1.1352 0.8551 0.9327 1.0236 0.9748 1.0924 0.9283 1.0344 0.9382 0.9912 1.2160 1.1608 1.1849 1.6419
0.7320 1.1746 1.1919 0.9278 1.0680 1.1662 1.0233 1.1768 1.0849 0.9444 0.8394 0.8707 0.9548 0.8584 0.7898 1.3134
0.8187 0.7654 0.8844 0.8780 0.8068 0.8882 0.9807 0.8940 0.9924 1.1463 1.1174 1.1670 1.1358 1.2542 1.3041 0.9957
1.2128 1.2217 1.0924 1.1968 1.0414 1.2309 1.1001 1.5160 0.7648 1.1362 1.0608 0.7337 0.7506 0.7008 0.6769 0.8563
1.0134 0.8798 1.0460 0.8388 0.7667 0.8751 0.8444 1.0331 1.0708 1.0969 1.1026 1.0264 1.0590 1.0909 1.1130 1.1379
1.4892 1.4355 1.0839 1.1648 1.3008 1.0936 1.1769 1.1613 0.8947 0.8254 0.8234 0.7779 0.6915 0.6574 0.6787 0.6535
0.7240 0.9663 0.8791 0.8258 0.8840 0.8731 0.9759 0.9187 1.0000 0.9540 1.1311 1.1240 1.0000 1.3636 1.3704 1.4977
1.1424 0.9273 1.2068 1.0000 0.9416 1.0273 1.1266 0.9760 0.9653 0.9624 0.9034 0.9395 0.8751 0.9420 1.0565 0.9534
0.8446 0.8577 0.8386 0.9244 0.8054 0.8378 0.9946 0.9462 0.9863 1.0000 1.0000 1.2293 1.0000 1.2147 1.2691 1.2904
1.6697 1.3302 1.8871 1.2938 1.0092 1.2289 1.1534 1.0880 0.9973 0.8944 0.8139 0.7721 0.6882 0.6611 0.7549 0.7668
0.8027 0.8046 1.1166 1.0554 0.9337 0.9317 1.0236 1.0739 1.2875 1.3524 1.2452 1.0776 1.1927 1.1676 0.8118 0.7136
1.5169 1.2290 1.0000 1.1441 1.2205 1.1876 1.0994 1.0360 0.9900 0.8812 0.8966 0.9910 0.8556 0.9055 0.8440 0.8766
0.7218 0.6428 0.8260 0.6385 0.8151 0.9113 1.0047 0.9662 1.0748 1.0076 1.0652 1.3409 1.3067 1.1117 1.0972 1.5135
1.1628 1.1102 1.1383 0.9495 1.0474 1.0757 1.2051 1.1610 1.0000 1.4227 0.9546 0.8182 0.8291 0.6997 0.5834 0.7310
0.7176 0.7905 0.7938 0.8777 0.7703 0.8550 0.7836 0.9909 1.1282 1.0922 1.0937 1.1763 1.2464 1.2931 -8.3148 1.5473
1.5448 1.4969 1.1290 1.3256 1.0645 1.3069 1.2880 1.0862 0.9568 0.9008 0.9324 0.9433 0.8631 0.8629 0.7641 0.9432
