1.3594 1.2248 1.0598 1.1041 1.0005 0.9407 1.0694 0.8950 1.0958 1.1222 0.8572 0.8318 0.9244 0.8166 0.7691 0.9239
1.0000 1.1037 1.3350 1.2779 1.1294 1.0048 1.1081 0.9860 0.8899 0.8945 0.8666 0.8612 0.8540 0.8816 0.7982 1.0000
1.0115 0.8886 0.9552 1.1720 0.8548 0.9591 1.0000 0.9639 0.9774 1.0741 0.9644 0.9617 1.0344 1.1616 1.0503 1.2232
1.3348 1.2076 1.1558 1.1381 1.0165 1.0578 1.0880 0.9031 0.9614 0.8724 0.8960 0.9555 0.8183 0.9425 0.7785 0.9643
1.2550 0.9652 0.9072 1.0441 0.9718 0.9973 0.9750 0.9133 1.0219 1.0850 1.0016 1.1038 0.8851 1.0989 1.0275 1.2870
1.2277 1.0991 1.0343 1.1532 0.9809 1.0783 1.0574 0.9637 0.9342 1.0106 1.0012 0.8567 0.8622 0.8209 1.0048 0.9330
1.1587 1.1021 1.0417 0.9917 0.9446 0.9514 1.0346 0.9829 0.9025 1.0488 0.9769 0.8441 0.9724 1.0237 1.0000 1.0454
1.3494 1.2301 1.1433 1.0962 1.1410 1.1013 1.0915 1.0093 1.0668 0.9046 0.9063 0.8236 0.8054 0.7813 0.7505 0.7991
0.6414 0.7020 0.8757 0.7175 0.9259 0.9428 0.8271 1.0293 1.0284 0.8969 1.0478 0.9877 1.2127 1.0150 1.1968 1.2130
1.1650 1.0043 0.9908 1.1192 0.9922 0.9512 0.9284 1.1872 0.8906 0.8746 0.9431 0.8928 0.9970 0.9824 1.0672 1.0459
0.7008 0.7405 0.8926 0.8163 0.9656 0.9710 0.9140 1.0320 0.9726 0.9545 1.1082 0.9314 1.2008 1.1074 0.9541 1.3339
1.2574 1.1267 1.1814 1.2271 1.0747 1.1200 1.1554 0.9744 0.9997 0.8865 0.8432 0.8856 0.8527 0.7981 0.8227 0.8045
0.9721 0.8058 0.7875 0.9014 0.8668 0.9142 0.8346 1.0492 0.9637 1.1272 1.2066 1.0226 1.1156 1.2029 1.1615 1.5455
1.2219 1.0765 1.1262 1.0462 0.8546 0.9855 1.0257 1.0240 0.9496 0.8793 0.9637 0.8701 0.9797 0.8734 1.0239 1.0753
1.1728 1.1587 0.9267 0.9157 1.0615 1.0571 0.9945 1.0645 1.0003 0.9311 0.9568 0.9725 0.9619 0.8084 0.7738 0.9504
1.0514 0.9349 1.0518 0.9111 0.9940 1.0740 0.9677 0.9974 1.0000 0.9101 0.9399 1.1182 1.0000 0.9812 0.9801 1.1206
0.9239 0.9355 0.9126 1.0000 0.9770 0.9223 1.0212 1.1008 0.9963 1.0259 1.0566 1.0057 1.0331 1.0858 1.2536 1.2429
1.4563 1.3469 1.0329 1.2740 0.9873 0.9972 1.1235 0.9634 0.9154 1.0000 1.0000 0.8868 1.0000 0.8219 0.8874 0.8950
1.4865 1.0098 1.1208 0.8936 0.7732 1.1143 1.0165 0.9844 1.0763 1.0586 0.9212 1.0284 0.9089 0.8959 1.0038 1.1610
1.1601 1.1072 1.1522 1.1922 0.9802 1.0371 0.9580 0.9176 1.0072 1.0572 0.9186 0.8245 0.8313 0.7841 0.5431 0.5265
1.1880 0.9302 1.0000 0.8966 1.1184 1.0630 0.8984 1.0126 0.9948 1.0474 0.9186 1.0655 0.8968 1.1036 1.0173 1.0748
0.7586 0.7349 0.9834 0.9811 1.0995 1.0159 0.9854 0.9608 0.9073 1.1131 0.9876 0.9816 1.0129 0.9852 0.9885 1.2139
1.0148 0.8784 0.9035 0.9585 0.8251 0.8971 0.8576 0.9301 1.0000 1.1650 0.9573 0.9584 1.1764 1.3056 1.3730 1.7474
1.0343 1.0895 0.8976 1.0489 0.8928 0.9853 0.9401 1.0157 1.1204 0.8980 1.0125 1.0392 0.9329 1.0312 0.5458 1.0357
1.1085 0.9861 0.8942 0.9403 0.9639 0.9779 1.0524 0.9793 0.9813 0.8833 1.0394 0.9833 1.0859 0.9742 1.0301 1.1712
