1.3443 1.1817 1.0300 1.1048 0.9916 0.9468 1.0553 0.8953 1.1063 1.1291 0.8653 0.8559 0.9433 0.8283 0.7911 0.9286
1.0000 1.0790 1.3215 1.2605 1.1467 0.9866 1.0908 0.9718 0.8915 0.8971 0.8802 0.8732 0.8638 0.9117 0.8292 1.0000
1.0083 0.8921 0.9357 1.1161 0.8117 0.9412 1.0000 0.9522 0.9566 1.0388 0.9548 0.9735 1.0385 1.1578 1.0777 1.2822
1.3268 1.1845 1.1799 1.1605 1.0055 1.0620 1.0960 0.8954 0.9715 0.8796 0.8868 0.9327 0.8014 0.9294 0.8152 0.9758
1.2598 0.9683 0.9016 1.0229 0.9513 0.9926 0.9715 0.9147 0.9782 1.0646 0.9655 1.0940 0.8953 1.1039 1.0540 1.3075
1.2212 1.0940 1.0041 1.1375 0.9871 1.0781 1.0595 0.9520 0.9123 1.0175 0.9896 0.8703 0.8739 0.8398 1.0040 0.9621
1.1864 1.0994 1.0305 0.9922 0.9493 0.9351 1.0315 0.9645 0.8880 1.0565 0.9796 0.8327 0.9692 1.0950 1.0000 1.0518
1.3655 1.2368 1.1232 1.0969 1.0896 1.0794 1.0544 1.0107 1.0845 0.8982 0.9052 0.8301 0.8163 0.8105 0.7719 0.8274
0.6511 0.7153 0.8918 0.7202 0.9296 0.9473 0.8243 1.0321 1.0408 0.9205 1.0788 0.9861 1.2113 1.0265 1.2268 1.2326
1.1545 1.0014 0.9866 1.0831 1.0050 0.9739 0.9494 1.1477 0.8690 0.8773 0.9256 0.8903 1.0172 0.9820 1.0940 1.0686
0.6665 0.7196 0.8693 0.7977 0.9461 0.9576 0.8795 1.0586 1.0174 0.9628 1.0643 0.9032 1.2704 1.0978 0.9577 1.3015
1.2523 1.1378 1.1730 1.2129 1.0828 1.1023 1.1367 0.9799 1.0006 0.8793 0.8354 0.8675 0.8480 0.8148 0.8631 0.8190
1.0344 0.8568 0.8332 0.9104 0.8961 0.9182 0.8147 0.9954 0.9470 1.0708 1.1721 1.0051 1.0861 1.1761 1.1542 1.5500
1.2051 1.0730 1.1047 1.0166 0.8681 1.0093 1.0375 1.0346 0.9507 0.8747 0.9464 0.8680 0.9766 0.8872 1.0206 1.0986
1.2195 1.1714 0.9395 0.9242 1.0532 1.0468 0.9816 1.0661 0.9805 0.9141 0.9566 0.9602 0.9465 0.7953 0.7783 0.9512
1.0127 0.9267 1.0348 0.9027 1.0015 1.0648 0.9745 0.9755 1.0000 0.9240 0.9659 1.0916 1.0000 1.0016 1.0263 1.1839
0.9385 0.9164 0.8948 1.0000 0.9788 0.9407 1.0320 1.0976 0.9896 1.0181 1.0374 1.0000 1.0524 1.0929 1.2584 1.3006
1.4456 1.3433 1.0208 1.2488 0.9783 0.9956 1.1070 0.9663 0.9101 1.0000 1.0000 0.8968 1.0000 0.8391 0.9302 0.9236
1.4652 1.0165 1.2353 0.8998 0.7909 1.0980 1.0114 0.9817 1.0754 1.0376 0.9075 1.0068 0.8923 0.8849 0.9859 1.1432
1.1735 1.1289 1.1612 1.2007 0.9570 1.0429 0.9628 0.9201 0.9983 1.0239 0.9222 0.7992 0.8036 0.7687 0.5252 0.5173
1.2918 0.9262 1.0000 0.8853 1.1071 1.0270 0.9285 1.0165 0.9606 1.0290 0.9293 1.0781 0.9164 1.0997 1.0343 1.0929
0.7009 0.7526 0.9655 1.0011 1.1140 1.0044 1.0039 0.9406 0.9141 1.0754 0.9694 0.9758 1.0355 0.9932 1.0062 1.2128
1.0480 0.8532 0.8869 0.9475 0.8415 0.9297 0.8617 0.9200 1.0000 1.0971 0.9213 0.9350 1.1558 1.2783 1.3536 1.6369
1.0239 1.0812 0.8754 1.0473 0.8887 0.9742 0.9576 1.0079 1.1148 0.8908 0.9994 1.0399 0.9331 1.0477 0.5458 1.0645
1.2050 1.0130 0.9225 0.9781 0.9788 1.0015 1.0532 1.0092 0.9968 0.8961 1.0447 0.9346 1.0628 0.9342 1.0010 1.1064
