0.7449 0.7995 0.8871 0.9096 1.0303 1.0986 1.0468 1.1553 1.1415 1.1572 1.0086 0.9481 1.0539 1.0220 0.8790 0.8727
0.8558 0.8587 0.9773 1.0592 1.1118 1.2616 1.2003 0.9361 0.9744 0.9058 1.0899 0.9893 0.9467 0.8487 1.0108 0.7780
0.6530 0.7285 0.8993 0.9204 0.9693 1.0892 1.0988 1.0626 1.0496 1.2143 1.0092 0.9733 0.9075 0.9360 0.9411 0.7419
0.6639 0.7420 0.8705 0.9770 0.9839 1.0841 1.0965 1.0276 0.9703 1.1327 1.1144 0.9828 1.0338 0.8953 0.9472 0.7478
0.7605 0.8009 0.8314 0.9147 1.0000 1.0552 1.0908 1.0535 1.1168 1.2098 1.0099 1.0227 0.9500 1.0561 0.9657 0.8666
0.8552 0.8930 0.8911 0.9535 1.1482 1.0970 1.1757 1.0758 1.1343 1.0814 1.0490 1.0028 0.9897 0.9202 0.8638 0.8702
0.7311 0.8291 0.8870 0.9496 1.0438 1.0456 1.1310 1.1376 1.0937 1.0535 1.0847 1.0484 0.9760 0.9057 0.8417 0.9742
0.9031 0.8254 0.8771 0.9531 1.0000 1.0861 1.2080 1.0891 1.0833 1.0333 1.1250 1.0707 1.0209 0.9374 0.8597 0.9329
0.8106 0.8794 0.8720 0.8986 1.0354 1.0263 1.1514 1.0341 1.0786 1.0999 1.0447 1.0531 0.9850 1.0271 0.8925 0.8478
0.6712 0.7638 0.8730 0.9894 1.0211 1.0311 1.0596 1.1089 0.9549 1.0019 1.1343 0.9365 0.9067 0.9804 1.0102 1.0390
0.7230 0.6702 0.7595 0.8135 0.9486 1.0306 1.1272 1.0208 0.9880 1.0379 0.9933 0.9545 1.0350 0.9977 0.8924 1.0087
0.7428 0.8477 0.8963 0.9901 1.1759 1.1356 1.1326 0.8672 1.0281 1.2143 1.0951 0.9874 0.9576 1.0000 1.0000 0.7115
0.9510 0.8979 0.9447 0.9982 1.1681 1.1076 1.1491 0.9989 1.1087 1.0186 1.0918 1.0192 1.0026 0.8381 0.8358 0.9838
0.9217 0.9195 0.9830 1.0187 0.9981 1.1193 1.1673 1.1231 1.0707 1.0362 1.1327 0.9385 0.9511 1.0000 0.8285 0.8052
0.6546 0.7434 0.8572 0.8996 1.0104 1.1982 1.0952 1.0769 1.0284 1.0282 1.0718 1.0980 0.9837 0.8704 0.9111 0.8625
0.7084 0.8033 0.9117 0.9805 0.9683 1.0369 1.0832 1.0459 1.0683 0.9915 1.0064 1.0729 1.0088 0.9799 0.9502 0.8950
0.8705 0.7583 0.8673 0.8878 1.0424 1.1962 0.9758 1.1562 1.1165 1.1545 1.0445 1.0437 1.1066 0.9404 0.8925 0.9447
0.6746 0.7846 0.7923 0.8319 0.9960 0.9956 1.1160 0.9991 0.9925 1.1074 1.0870 1.0457 1.0051 1.0145 0.9280 0.9276
0.6952 1.0000 0.8954 0.9333 0.9889 1.1245 1.1263 1.0337 1.0681 1.1464 1.0844 0.9036 0.9888 0.8973 0.8954 0.9173
0.8194 0.8060 0.9419 0.8586 1.0387 1.1302 0.9956 1.0557 1.0664 1.1461 1.0152 1.1209 1.0000 0.9694 1.0118 0.9601
0.8823 0.9081 0.9081 0.9617 0.9370 1.0761 1.0397 1.0392 1.0121 0.9236 1.0284 1.1409 1.0117 1.0210 1.0296 0.9847
0.6330 0.7771 0.9189 0.9957 1.0000 1.0362 1.0437 1.0373 1.0154 1.0845 1.0110 1.0763 1.0148 0.9307 1.0000 0.8510
0.8542 0.7905 0.9801 0.9552 1.0604 1.1427 1.1450 0.9400 1.0581 1.1239 1.1493 1.0405 1.0438 0.9274 0.8931 0.8476
0.7737 0.7915 0.8948 0.9557 1.2138 1.0000 1.0713 1.1820 1.0752 1.0367 1.2192 0.9295 0.9300 0.9332 1.0065 0.9890
0.8245 0.9274 0.8895 0.9735 1.1023 1.1209 1.1844 1.1718 1.1573 1.1315 1.0731 0.9602 0.9670 0.9127 0.8000 0.8176
