#ID  wavelnth  frmtime  detbias  frmrate  dichr_n  eperADU sigLevel  pe_rate   Bkgnd   Ampl       x         y       x_FWHM    y_FWHM   Theta    Phot  PhtErr   SNR_ph   gPhot   egPht    SNR_g  Source
  0     11.28    8.192    1.505    122.1    3.000     1294     1055    15.05  -1.610  867.51     17.85    202.33     1.235     1.335    0.00  1816.5  30.726    59.12  1620.5  39.150    41.39   Finder output
  1     11.28    8.192    1.505    122.1    3.000     1294     1055    15.05  -2.988  731.73     17.92    180.72     1.197     1.291    0.00  1436.3  32.408    44.32  1280.8  41.078    31.18   Finder output
  2     11.28    8.192    1.505    122.1    3.000     1294     1055    15.05   0.063  1008.7     17.92    223.84     1.207     1.252    0.00  1924.5  23.434    82.13  1727.5  26.983    64.02   Finder output
  3     11.28    8.192    1.505    122.1    3.000     1294     1055    15.05   3.867  953.33     18.13    245.30     1.213     1.229    0.00  1803.7  25.437    70.91  1611.3  34.392    46.85   Finder output
  4     11.28    8.192    1.505    122.1    3.000     1294     1055    15.05  -4.419  956.37     18.17    159.26     1.193     1.328    0.00  1879.4  34.109    55.10  1717.8  44.985    38.19   Finder output
  5     11.28    8.192    1.505    122.1    3.000     1294     1055    15.05  -7.630  859.70     18.50    137.58     1.356     1.311    0.00  1856.4  41.365    44.88  1732.4  83.414    20.77   Finder output
  6     11.28    8.192    1.505    122.1    3.000     1294     1055    15.05  -7.887  892.27     18.63    116.15     1.225     1.246    0.00  1693.4  40.955    41.35  1542.7  67.710    22.78   Finder output
  7     11.28    8.192    1.505    122.1    3.000     1294     1055    15.05 -12.014  1002.7     19.18     94.43     1.164     1.248    0.00  1828.2  46.783    39.08  1650.3  70.515    23.40   Finder output
  8     11.28    8.192    1.505    122.1    3.000     1294     1055    15.05  -8.871  735.71     19.85     72.72     1.143     1.347    0.00  1476.3  46.988    31.42  1283.1  60.943    21.05   Finder output
 10     11.28    8.192    1.505    122.1    3.000     1294     1055    15.05  -8.536  850.35     20.66     50.98     1.251     1.328    0.00  1868.9  47.678    39.20  1601.5  74.391    21.53   Finder output
 11     11.28    8.192    1.505    122.1    3.000     1294     1055    15.05 -13.482  842.12     21.61     29.11     1.325     1.389    0.00  2002.7  50.149    39.94  1756.4  84.523    20.78   Finder output
 12     11.28    8.192    1.505    122.1    3.000     1294     1055    15.05  -9.669  731.13     22.70      7.27     1.237     1.523    0.00  1792.0  53.224    33.67  1560.4  80.840    19.30   Finder output
 13     11.28    8.192    1.505    122.1    3.000     1294     1055    15.05  -1.852  906.47     37.83    203.00     1.189     1.279    0.00  1809.1  31.058    58.25  1562.6  33.095    47.21   Finder output
 14     11.28    8.192    1.505    122.1    3.000     1294     1055    15.05  -0.112  1001.7     37.90    224.45     1.193     1.294    0.00  1942.0  29.219    66.46  1752.2  50.548    34.66   Finder output
 15     11.28    8.192    1.505    122.1    3.000     1294     1055    15.05  -2.184  984.24     37.91    181.55     1.193     1.442    0.00  2142.9  27.649    77.50  1918.8  44.171    43.44   Finder output
 16     11.28    8.192    1.505    122.1    3.000     1294     1055    15.05   2.606  1020.3     38.10    245.95     1.231     1.248    0.00  2008.8  29.886    67.21  1776.3  30.053    59.10   Finder output
 17     11.28    8.192    1.505    122.1    3.000     1294     1055    15.05  -2.648  1074.9     38.16    160.01     1.213     1.298    0.00  2164.3  32.580    66.43  1916.7  36.133    53.05   Finder output
 18     11.28    8.192    1.505    122.1    3.000     1294     1055    15.05  -4.567  933.01     38.48    138.40     1.351     1.327    0.00  2091.0  36.239    57.70  1896.1  65.531    28.93   Finder output
 19     11.28    8.192    1.505    122.1    3.000     1294     1055    15.05  -6.809  942.40     38.54    116.81     1.286     1.264    0.00  1913.3  34.626    55.26  1736.8  77.119    22.52   Finder output
 20     11.28    8.192    1.505    122.1    3.000     1294     1055    15.05  -9.426  1008.3     39.10     95.06     1.213     1.230    0.00  1918.7  48.352    39.68  1704.1  46.163    36.91   Finder output
 21     11.28    8.192    1.505    122.1    3.000     1294     1055    15.05  -7.094  978.88     39.78     73.29     1.204     1.270    0.00  1848.0  50.806    36.37  1696.4  63.446    26.74   Finder output
 22     11.28    8.192    1.505    122.1    3.000     1294     1055    15.05  -8.387  818.09     40.60     51.53     1.210     1.460    0.00  1744.0  43.466    40.12  1637.7  101.70    16.10   Finder output
 23     11.28    8.192    1.505    122.1    3.000     1294     1055    15.05  -9.754  782.55     41.55     29.66     1.300     1.392    0.00  1682.9  35.993    46.76  1603.9  73.573    21.80   Finder output
 24     11.28    8.192    1.505    122.1    3.000     1294     1055    15.05 -10.404  728.55     42.60      7.84     1.232     1.327    0.00  1418.4  43.188    32.84  1350.1  76.918    17.55   Finder output
 25     11.28    8.192    1.505    122.1    3.000     1294     1055    15.05  -0.289  1006.6     57.91    203.50     1.201     1.415    0.00  2109.1  30.609    68.91  1938.1  46.847    41.37   Finder output
 26     11.28    8.192    1.505    122.1    3.000     1294     1055    15.05  -0.014  1280.6     58.00    182.13     1.245     1.376    0.00  2823.6  30.022    94.05  2485.5  30.181    82.35   Finder output
 27     11.28    8.192    1.505    122.1    3.000     1294     1055    15.05   0.193  1062.2     58.03    224.97     1.248     1.280    0.00  2114.6  28.964    73.01  1923.1  25.233    76.21   Finder output
 28     11.28    8.192    1.505    122.1    3.000     1294     1055    15.05  -0.469  1138.1     58.20    160.63     1.237     1.388    0.00  2461.5  29.889    82.36  2214.8  51.631    42.90   Finder output
 29     11.28    8.192    1.505    122.1    3.000     1294     1055    15.05   0.831  994.96     58.24    246.44     1.224     1.211    0.00  1845.7  28.823    64.03  1671.9  62.630    26.69   Finder output
 30     11.28    8.192    1.505    122.1    3.000     1294     1055    15.05  -0.959  953.65     58.50    139.00     1.247     1.275    0.00  1907.9  30.720    62.11  1718.1  57.297    29.99   Finder output
 31     11.28    8.192    1.505    122.1    3.000     1294     1055    15.05  -2.246  762.75     58.56    117.35     1.276     1.293    0.00  1556.6  40.198    38.72  1426.0  70.340    20.27   Finder output
 32     11.28    8.192    1.505    122.1    3.000     1294     1055    15.05  -4.449  1004.2     59.12     95.70     1.180     1.307    0.00  1972.9  39.964    49.37  1755.5  52.501    33.44   Finder output
 33     11.28    8.192    1.505    122.1    3.000     1294     1055    15.05  -3.393  891.95     60.62     52.07     1.211     1.294    0.00  1743.1  33.536    51.98  1583.8  63.571    24.91   Finder output
 34     11.28    8.192    1.505    122.1    3.000     1294     1055    15.05  -6.976  869.61     61.56     30.21     1.222     1.376    0.00  1818.7  39.047    46.58  1656.1  81.060    20.43   Finder output
 35     11.28    8.192    1.505    122.1    3.000     1294     1055    15.05  -8.541  774.39     62.62      8.32     1.261     1.398    0.00  1744.3  42.638    40.91  1547.2  75.305    20.55   Finder output
 36     11.28    8.192    1.505    122.1    3.000     1294     1055    15.05  -0.642  1059.4     78.16    204.04     1.251     1.294    0.00  2162.8  29.923    72.28  1942.9  27.737    70.05   Finder output
 37     11.28    8.192    1.505    122.1    3.000     1294     1055    15.05  -0.595  1022.1     78.22    182.54     1.210     1.447    0.00  2138.1  28.613    74.73  2028.1  48.120    42.15   Finder output
 38     11.28    8.192    1.505    122.1    3.000     1294     1055    15.05   0.903  1086.5     78.23    225.52     1.229     1.364    0.00  2253.7  27.049    83.32  2064.2  49.055    42.08   Finder output
 39     11.28    8.192    1.505    122.1    3.000     1294     1055    15.05  -0.377  1107.2     78.41    160.98     1.265     1.303    0.00  2274.0  28.252    80.49  2067.2  55.150    37.48   Finder output
 40     11.28    8.192    1.505    122.1    3.000     1294     1055    15.05  -0.853  1005.2     78.41    246.99     1.254     1.235    0.00  1900.2  25.774    73.72  1764.9  52.120    33.86   Finder output
 41     11.28    8.192    1.505    122.1    3.000     1294     1055    15.05  -3.635  514.14     78.71    117.80     1.261     1.148    0.00  888.96  42.517    20.91  843.68  54.682    15.43   Finder output
 42     11.28    8.192    1.505    122.1    3.000     1294     1055    15.05  -1.159  878.66     78.76    139.33     1.221     1.284    0.00  1708.7  31.801    53.73  1560.1  48.123    32.42   Finder output
 43     11.28    8.192    1.505    122.1    3.000     1294     1055    15.05  -3.574  886.68     79.25     96.24     1.177     1.222    0.00  1565.4  34.988    44.74  1445.2  49.481    29.21   Finder output
 44     11.28    8.192    1.505    122.1    3.000     1294     1055    15.05  -7.716  872.32     82.72      8.88     1.176     1.326    0.00  1799.0  41.362    43.50  1540.9  67.111    22.96   Finder output
 45     11.28    8.192    1.505    122.1    3.000     1294     1055    15.05   0.252  968.80     98.05    204.61     1.196     1.399    0.00  2008.5  30.143    66.63  1837.0  43.650    42.09   Finder output
 46     11.28    8.192    1.505    122.1    3.000     1294     1055    15.05   1.144  1001.5     98.11    183.08     1.199     1.305    0.00  1998.1  27.141    73.62  1775.5  26.740    66.40   Finder output
 47     11.28    8.192    1.505    122.1    3.000     1294     1055    15.05  -0.212  1118.6     98.15    226.16     1.239     1.309    0.00  2277.6  30.049    75.80  2055.3  33.163    61.98   Finder output
 48     11.28    8.192    1.505    122.1    3.000     1294     1055    15.05   1.071  855.02     98.26    161.54     1.227     1.421    0.00  1866.5  32.678    57.12  1689.8  51.709    32.68   Finder output
 49     11.28    8.192    1.505    122.1    3.000     1294     1055    15.05  -2.362  1060.1     98.36    247.65     1.204     1.278    0.00  1973.2  31.556    62.53  1847.6  56.254    32.84   Finder output
 50     11.28    8.192    1.505    122.1    3.000     1294     1055    15.05  -0.275  897.76     98.61    139.96     1.263     1.262    0.00  1804.6  27.711    65.12  1622.0  49.829    32.55   Finder output
 51     11.28    8.192    1.505    122.1    3.000     1294     1055    15.05  -1.228  804.07     99.00    118.31     1.163     1.174    0.00  1412.5  34.496    40.95  1243.8  47.373    26.25   Finder output
 52     11.28    8.192    1.505    122.1    3.000     1294     1055    15.05  -1.678  829.40     99.54     96.59     1.144     1.229    0.00  1408.1  33.217    42.39  1321.3  99.413    13.29   Finder output
 53     11.28    8.192    1.505    122.1    3.000     1294     1055    15.05  -6.977  887.40    100.22     74.81     1.143     1.268    0.00  1641.2  47.935    34.24  1456.9  53.413    27.28   Finder output
 54     11.28    8.192    1.505    122.1    3.000     1294     1055    15.05  -5.476  775.52    101.00     53.02     1.206     1.336    0.00  1579.3  44.391    35.58  1415.5  40.038    35.35   Finder output
 55     11.28    8.192    1.505    122.1    3.000     1294     1055    15.05  -3.985  800.79    101.92     31.19     1.164     1.351    0.00  1601.3  36.008    44.47  1427.7  35.101    40.67   Finder output
 56     11.28    8.192    1.505    122.1    3.000     1294     1055    15.05  -6.911  823.28    102.98      9.33     1.159     1.374    0.00  1613.0  41.881    38.51  1485.6  53.665    27.68   Finder output
 57     11.28    8.192    1.505    122.1    3.000     1294     1055    15.05   2.422  1089.4    118.42    205.17     1.311     1.309    0.00  2344.0  30.986    75.65  2118.2  55.397    38.24   Finder output
 58     11.28    8.192    1.505    122.1    3.000     1294     1055    15.05   2.074  948.56    118.47    183.72     1.315     1.350    0.00  2119.9  30.656    69.15  1907.3  70.443    27.08   Finder output
 59     11.28    8.192    1.505    122.1    3.000     1294     1055    15.05   1.010  1192.2    118.52    226.68     1.268     1.356    0.00  2490.2  28.255    88.13  2323.0  55.633    41.76   Finder output
 60     11.28    8.192    1.505    122.1    3.000     1294     1055    15.05   2.596  1067.8    118.63    162.16     1.283     1.319    0.00  2270.7  26.676    85.12  2048.3  56.532    36.23   Finder output
 61     11.28    8.192    1.505    122.1    3.000     1294     1055    15.05  -0.798  1083.0    118.73    248.10     1.228     1.262    0.00  2085.2  33.288    62.64  1901.2  41.716    45.57   Finder output
 62     11.28    8.192    1.505    122.1    3.000     1294     1055    15.05   0.083  731.75    119.89     96.93     1.195     1.255    0.00  1437.3  34.731    41.38  1243.5  31.553    39.41   Finder output
 63     11.28    8.192    1.505    122.1    3.000     1294     1055    15.05  -3.043  783.93    120.58     75.19     1.220     1.252    0.00  1432.6  47.881    29.92  1357.2  80.308    16.90   Finder output
 64     11.28    8.192    1.505    122.1    3.000     1294     1055    15.05  -3.947  788.52    121.39     53.37     1.292     1.307    0.00  1614.8  37.042    43.59  1508.5  74.686    20.20   Finder output
 65     11.28    8.192    1.505    122.1    3.000     1294     1055    15.05  -0.713  791.44    122.32     31.61     1.213     1.379    0.00  1617.6  35.086    46.10  1500.0  66.119    22.69   Finder output
 66     11.28    8.192    1.505    122.1    3.000     1294     1055    15.05  -1.268  774.05    123.43      9.75     1.165     1.271    0.00  1378.1  39.851    34.58  1298.6  86.387    15.03   Finder output
# 67     11.28    8.192    1.505    122.1    3.000     1294     1055    15.05   2.089  986.83    129.34    129.80     1.291     1.279    0.00  2050.2  30.126    68.05  1845.7  62.481    29.54   Finder output
 68     11.28    8.192    1.505    122.1    3.000     1294     1055    15.05   1.031  1129.7    138.91    184.22     1.225     1.382    0.00  2427.8  31.365    77.40  2167.5  31.674    68.43   Finder output
 69     11.28    8.192    1.505    122.1    3.000     1294     1055    15.05   2.132  1379.6    138.92    205.58     1.211     1.465    0.00  3087.9  26.840   115.05  2772.4  45.059    61.53   Finder output
 70     11.28    8.192    1.505    122.1    3.000     1294     1055    15.05   1.580  1014.3    139.07    162.62     1.192     1.390    0.00  2089.4  28.341    73.72  1904.7  42.719    44.59   Finder output
 71     11.28    8.192    1.505    122.1    3.000     1294     1055    15.05  -0.594  897.87    139.09    226.84     1.209     1.267    0.00  1734.7  30.162    57.51  1558.2  32.599    47.80   Finder output
 72     11.28    8.192    1.505    122.1    3.000     1294     1055    15.05  -1.086  842.05    139.36    248.28     1.140     1.208    0.00  1418.8  28.522    49.74  1314.2  57.464    22.87   Finder output
 73     11.28    8.192    1.505    122.1    3.000     1294     1055    15.05  -0.573  530.04    140.52     97.47     1.215     1.352    0.00  1017.9  37.979    26.80  986.06  87.150    11.31   Finder output
 74     11.28    8.192    1.505    122.1    3.000     1294     1055    15.05  -0.422  877.88    141.14     75.71     1.208     1.243    0.00  1676.4  43.441    38.59  1493.4  60.221    24.80   Finder output
 75     11.28    8.192    1.505    122.1    3.000     1294     1055    15.05  -2.261  993.41    141.97     53.94     1.220     1.324    0.00  1998.8  39.339    50.81  1818.7  37.793    48.12   Finder output
 76     11.28    8.192    1.505    122.1    3.000     1294     1055    15.05   2.617  994.97    142.95     32.07     1.230     1.330    0.00  2100.2  32.798    64.03  1844.6  36.904    49.98   Finder output
 77     11.28    8.192    1.505    122.1    3.000     1294     1055    15.05   3.838  1115.3    144.04     10.23     1.213     1.393    0.00  2414.4  41.515    58.16  2135.5  47.348    45.10   Finder output
 78     11.28    8.192    1.505    122.1    3.000     1294     1055    15.05   0.860  822.59    159.54    184.21     1.220     1.314    0.00  1586.9  24.998    63.48  1494.6  55.967    26.71   Finder output
 79     11.28    8.192    1.505    122.1    3.000     1294     1055    15.05   0.779  899.98    159.54    205.76     1.237     1.305    0.00  1815.9  33.912    53.55  1645.5  73.677    22.33   Finder output
 80     11.28    8.192    1.505    122.1    3.000     1294     1055    15.05   1.355  662.35    159.67    162.66     1.225     1.386    0.00  1359.8  30.260    44.94  1274.5  54.991    23.18   Finder output
 81     11.28    8.192    1.505    122.1    3.000     1294     1055    15.05   0.068  907.38    159.67    227.19     1.215     1.261    0.00  1694.3  28.289    59.89  1575.3  49.814    31.62   Finder output
 82     11.28    8.192    1.505    122.1    3.000     1294     1055    15.05  -0.640  747.38    159.97    248.66     1.175     1.275    0.00  1385.7  30.505    45.43  1268.7  40.044    31.68   Finder output
 83     11.28    8.192    1.505    122.1    3.000     1294     1055    15.05   1.237  789.49    159.99    141.07     1.197     1.277    0.00  1520.0  32.079    47.38  1367.4  25.848    52.90   Finder output
 84     11.28    8.192    1.505    122.1    3.000     1294     1055    15.05   2.599  841.09    160.37    119.56     1.198     1.311    0.00  1621.7  32.789    49.46  1496.9  71.355    20.98   Finder output
 85     11.28    8.192    1.505    122.1    3.000     1294     1055    15.05   2.611  666.54    160.95     97.87     1.196     1.217    0.00  1149.9  34.634    33.20  1099.5  28.370    38.75   Finder output
 86     11.28    8.192    1.505    122.1    3.000     1294     1055    15.05   3.540  966.07    161.64     76.03     1.222     1.286    0.00  1952.4  41.999    46.49  1720.1  66.342    25.93   Finder output
 87     11.28    8.192    1.505    122.1    3.000     1294     1055    15.05   1.257  885.51    162.48     54.14     1.310     1.279    0.00  1890.0  38.473    49.13  1680.9  68.330    24.60   Finder output
 88     11.28    8.192    1.505    122.1    3.000     1294     1055    15.05   6.740  858.00    163.43     32.28     1.336     1.282    0.00  1873.2  34.411    54.44  1666.2  67.135    24.82   Finder output
 89     11.28    8.192    1.505    122.1    3.000     1294     1055    15.05   6.126  811.89    164.55     10.38     1.336     1.357    0.00  1796.8  41.250    43.56  1667.7  90.527    18.42   Finder output
 90     11.28    8.192    1.505    122.1    3.000     1294     1055    15.05   1.220  649.80    180.23    184.46     1.177     1.365    0.00  1292.5  25.747    50.20  1183.8  43.239    27.38   Finder output
 91     11.28    8.192    1.505    122.1    3.000     1294     1055    15.05   1.798  748.03    180.25    206.04     1.244     1.259    0.00  1454.8  25.816    56.35  1327.0  31.185    42.55   Finder output
 92     11.28    8.192    1.505    122.1    3.000     1294     1055    15.05   2.040  817.19    180.35    162.88     1.190     1.287    0.00  1551.2  27.244    56.94  1417.2  49.699    28.52   Finder output
 93     11.28    8.192    1.505    122.1    3.000     1294     1055    15.05   0.913  776.89    180.42    227.49     1.312     1.261    0.00  1546.3  26.656    58.01  1456.8  54.391    26.78   Finder output
 94     11.28    8.192    1.505    122.1    3.000     1294     1055    15.05   2.047  818.22    180.63    141.26     1.234     1.251    0.00  1528.1  31.028    49.25  1430.5  58.627    24.40   Finder output
 95     11.28    8.192    1.505    122.1    3.000     1294     1055    15.05  -0.354  928.85    180.72    249.05     1.259     1.227    0.00  1818.4  32.238    56.41  1625.8  42.867    37.93   Finder output
 96     11.28    8.192    1.505    122.1    3.000     1294     1055    15.05   6.005  838.93    181.01    119.68     1.201     1.277    0.00  1637.1  33.392    49.03  1458.7  43.904    33.23   Finder output
 97     11.28    8.192    1.505    122.1    3.000     1294     1055    15.05   6.265  903.93    181.57     97.97     1.214     1.246    0.00  1701.9  28.879    58.93  1549.3  54.638    28.36   Finder output
 98     11.28    8.192    1.505    122.1    3.000     1294     1055    15.05   7.906  856.53    182.29     76.14     1.244     1.279    0.00  1730.0  37.891    45.66  1543.8  53.727    28.73   Finder output
 99     11.28    8.192    1.505    122.1    3.000     1294     1055    15.05   4.856  945.24    183.12     54.24     1.228     1.346    0.00  2058.0  42.104    48.88  1770.4  49.620    35.68   Finder output
100     11.28    8.192    1.505    122.1    3.000     1294     1055    15.05   7.760  888.75    184.08     32.39     1.224     1.458    0.00  2031.5  31.864    63.76  1796.7  51.490    34.89   Finder output
101     11.28    8.192    1.505    122.1    3.000     1294     1055    15.05   9.854  650.98    185.16     10.52     1.244     1.335    0.00  1358.1  42.899    31.66  1225.6  66.181    18.52   Finder output
102     11.28    8.192    1.505    122.1    3.000     1294     1055    15.05   1.244  772.37    201.14    184.69     1.201     1.320    0.00  1562.7  29.373    53.20  1386.9  42.933    32.30   Finder output
103     11.28    8.192    1.505    122.1    3.000     1294     1055    15.05   1.838  1044.7    201.16    206.26     1.222     1.250    0.00  1956.1  28.896    67.70  1809.2  41.141    43.98   Finder output
104     11.28    8.192    1.505    122.1    3.000     1294     1055    15.05   0.617  848.82    201.25    227.78     1.254     1.215    0.00  1576.3  32.172    49.00  1466.0  42.310    34.65   Finder output
105     11.28    8.192    1.505    122.1    3.000     1294     1055    15.05   0.036  986.28    201.29    163.12     1.264     1.245    0.00  1955.2  32.290    60.55  1758.5  41.599    42.27   Finder output
106     11.28    8.192    1.505    122.1    3.000     1294     1055    15.05   1.780  983.67    201.57    141.45     1.242     1.306    0.00  1976.0  32.898    60.07  1807.8  74.521    24.26   Finder output
107     11.28    8.192    1.505    122.1    3.000     1294     1055    15.05  -1.143  827.40    201.57    249.34     1.235     1.134    0.00  1410.2  31.115    45.32  1313.0  66.409    19.77   Finder output
108     11.28    8.192    1.505    122.1    3.000     1294     1055    15.05   5.259  817.71    201.83    119.77     1.221     1.236    0.00  1589.5  33.469    47.49  1397.3  45.982    30.39   Finder output
109     11.28    8.192    1.505    122.1    3.000     1294     1055    15.05   7.810  903.24    202.41     98.05     1.290     1.275    0.00  1892.2  31.027    60.99  1683.7  46.983    35.84   Finder output
110     11.28    8.192    1.505    122.1    3.000     1294     1055    15.05  11.433  792.17    203.11     76.21     1.196     1.273    0.00  1554.8  31.530    49.31  1365.5  38.510    35.46   Finder output
111     11.28    8.192    1.505    122.1    3.000     1294     1055    15.05   7.076  700.50    203.90     54.32     1.181     1.331    0.00  1305.1  38.623    33.79  1248.0  46.459    26.86   Finder output
112     11.28    8.192    1.505    122.1    3.000     1294     1055    15.05   9.111  625.28    204.88     32.49     1.194     1.445    0.00  1340.2  33.666    39.81  1223.1  54.255    22.54   Finder output
113     11.28    8.192    1.505    122.1    3.000     1294     1055    15.05  12.205  681.18    205.93     10.59     1.223     1.400    0.00  1474.3  37.753    39.05  1321.6  52.651    25.10   Finder output
114     11.28    8.192    1.505    122.1    3.000     1294     1055    15.05   1.017  733.62    222.27    184.83     1.246     1.239    0.00  1397.7  26.584    52.58  1283.6  38.850    33.04   Finder output
115     11.28    8.192    1.505    122.1    3.000     1294     1055    15.05   0.650  869.94    222.30    206.41     1.221     1.215    0.00  1551.9  32.480    47.78  1462.2  56.711    25.78   Finder output
116     11.28    8.192    1.505    122.1    3.000     1294     1055    15.05   2.351  821.05    222.42    163.24     1.274     1.188    0.00  1494.0  31.907    46.82  1407.5  53.803    26.16   Finder output
117     11.28    8.192    1.505    122.1    3.000     1294     1055    15.05   1.312  844.74    222.42    227.97     1.265     1.208    0.00  1574.2  25.388    62.00  1462.4  40.729    35.90   Finder output
118     11.28    8.192    1.505    122.1    3.000     1294     1055    15.05   4.437  810.19    222.68    141.54     1.156     1.230    0.00  1420.0  29.716    47.79  1305.2  76.571    17.05   Finder output
119     11.28    8.192    1.505    122.1    3.000     1294     1055    15.05   1.922  786.34    222.71    249.51     1.199     1.231    0.00  1408.2  29.631    47.53  1314.5  65.977    19.92   Finder output
120     11.28    8.192    1.505    122.1    3.000     1294     1055    15.05   7.528  959.69    222.91    119.83     1.178     1.302    0.00  1863.0  32.716    56.94  1667.8  39.292    42.45   Finder output
121     11.28    8.192    1.505    122.1    3.000     1294     1055    15.05   9.362  794.47    223.46     98.11     1.244     1.281    0.00  1609.6  28.466    56.54  1434.9  63.209    22.70   Finder output
122     11.28    8.192    1.505    122.1    3.000     1294     1055    15.05  13.228  794.14    224.17     76.25     1.258     1.356    0.00  1675.8  31.301    53.54  1535.5  41.116    37.34   Finder output
123     11.28    8.192    1.505    122.1    3.000     1294     1055    15.05  12.499  576.44    224.94     54.42     1.219     1.489    0.00  1258.8  33.470    37.61  1185.8  50.903    23.29   Finder output
124     11.28    8.192    1.505    122.1    3.000     1294     1055    15.05  11.184  619.44    225.91     32.54     1.197     1.551    0.00  1433.1  30.977    46.26  1303.8  47.198    27.62   Finder output
125     11.28    8.192    1.505    122.1    3.000     1294     1055    15.05  13.389  578.86    226.97     10.69     1.241     1.373    0.00  1315.7  37.040    35.52  1117.7  52.378    21.34   Finder output
126     11.28    8.192    1.505    122.1    3.000     1294     1055    15.05  -6.321  716.40    243.49    206.51     1.266     1.247    0.00  1355.7  35.628    38.05  1281.5  80.446    15.93   Finder output
127     11.28    8.192    1.505    122.1    3.000     1294     1055    15.05  -3.321  803.28    243.49    184.96     1.162     1.185    0.00  1377.3  35.156    39.18  1252.6  72.575    17.26   Finder output
129     11.28    8.192    1.505    122.1    3.000     1294     1055    15.05  -2.830  725.93    243.65    228.04     1.227     1.182    0.00  1317.9  35.709    36.91  1193.2  49.925    23.90   Finder output
130     11.28    8.192    1.505    122.1    3.000     1294     1055    15.05   0.781  565.18    243.85    249.59     1.182     1.210    0.00  1011.1  37.043    27.29  916.30  59.085    15.51   Finder output
128     11.28    8.192    1.505    122.1    3.000     1294     1055    15.05   1.356  841.86    243.62    163.31     1.255     1.241    0.00  1567.8  33.793    46.39  1486.3  60.219    24.68   Finder output
131     11.28    8.192    1.505    122.1    3.000     1294     1055    15.05   3.553  855.40    243.85    141.65     1.197     1.307    0.00  1624.7  32.157    50.52  1517.2  48.032    31.59   Finder output
132     11.28    8.192    1.505    122.1    3.000     1294     1055    15.05   2.123  772.36    244.32    119.95     1.280     1.274    0.00  1576.5  36.258    43.48  1427.2  49.477    28.85   Finder output
133     11.28    8.192    1.505    122.1    3.000     1294     1055    15.05   3.724  812.14    244.91     98.16     1.240     1.345    0.00  1736.4  42.905    40.47  1534.2  39.689    38.66   Finder output
134     11.28    8.192    1.505    122.1    3.000     1294     1055    15.05  11.534  170.39    245.57     76.22     1.489     1.329  -77.01  447.79  35.831    12.50  382.14  47.386     8.06   b038_1576
135     11.28    8.192    1.505    122.1    3.000     1294     1055    15.05   8.473  377.62    246.39     54.46     1.336     1.583    0.00  926.32  38.806    23.87  905.04  73.340    12.34   Finder output
136     11.28    8.192    1.505    122.1    3.000     1294     1055    15.05   9.835  243.54    247.26     32.74     1.375     1.484    0.00  649.90  35.778    18.17  563.10  48.181    11.69   Finder output
137     11.28    8.192    1.505    122.1    3.000     1294     1055    15.05  14.393  493.26    248.31     10.82     1.273     1.359    0.00  1045.2  37.841    27.62  967.10  60.123    16.09   Finder output
