1.2867 1.1505 1.1742 1.2195 1.0648 1.0040 1.1121 0.9001 1.1111 1.0694 0.8953 0.8419 0.9064 0.7176 0.7975 0.7432
1.0000 0.9986 0.9992 1.1633 1.1578 0.9914 1.0054 0.9808 0.8997 1.0527 0.9940 0.9272 0.9457 1.0668 0.8490 1.0000
1.2522 1.1435 0.9557 1.6179 1.0631 1.0550 1.0000 0.9053 1.0216 1.0459 0.9997 0.8467 0.9499 0.9348 0.8653 0.8592
1.1031 0.9367 0.9956 1.1300 1.0202 1.0701 1.1482 0.9613 1.0481 1.0290 0.9780 0.9339 0.9052 0.9045 0.9015 0.9955
1.4880 1.1399 1.0759 1.0916 0.9458 0.9858 1.0270 0.9981 0.8369 0.8509 0.9329 1.1148 0.8877 0.9516 1.0039 1.1902
0.9815 1.0785 0.8744 0.9714 0.8573 0.9962 1.1155 0.9800 0.8041 1.1627 0.9112 1.0681 1.0049 0.9906 1.0106 1.1625
1.3434 1.1411 1.1714 1.0769 1.0513 0.8915 0.9820 0.8525 0.8637 0.9891 0.9594 0.8588 0.9638 1.0612 1.0000 0.9913
1.0771 1.1869 0.8910 1.0642 1.0227 1.0814 1.0924 1.0885 1.1615 0.9520 0.9614 0.9218 0.8599 0.7863 0.8773 0.9609
0.7536 0.7766 0.9978 0.8512 0.8750 0.9799 0.8576 1.1019 1.0896 0.9617 1.1164 1.0390 1.1645 0.8020 1.2519 1.0309
0.8549 0.8254 0.7986 1.0252 0.9883 1.0102 1.0121 0.9729 0.9216 1.0609 0.9678 1.0044 1.1590 1.0430 1.1800 1.4088
0.6268 0.8056 0.9234 0.9063 0.9138 1.0390 1.0365 1.1490 1.0823 1.0314 0.8608 1.0023 1.0140 1.0776 0.9274 1.0175
1.1112 0.9932 1.0612 1.1235 0.9936 1.0521 1.1195 0.9605 1.0344 0.9274 0.9138 0.9974 0.9576 0.9305 1.0111 0.8114
0.9979 1.0799 1.0960 1.1482 1.0619 0.9192 0.8697 1.2486 0.8889 1.0311 1.0826 0.7943 0.8523 0.9903 0.9015 1.0921
0.9758 0.8915 0.9693 0.7755 0.9090 0.8981 0.8736 1.1244 0.9821 1.0327 1.0788 1.0333 1.1348 1.0208 1.1525 1.1118
1.3655 1.1584 1.0229 1.0093 1.1233 1.1095 1.0894 1.1085 1.0097 0.7652 0.9514 0.9239 0.8949 0.6473 0.6548 0.6909
0.8339 0.9513 1.0601 0.9145 0.8781 1.0126 1.0492 0.9982 1.0000 0.9279 1.0563 0.9185 1.0000 1.1191 1.1820 1.3638
1.0476 0.9265 1.0278 1.0000 0.9171 1.0166 1.0782 0.8743 1.0108 1.0871 1.0631 1.0287 0.9797 0.9381 1.0531 1.0979
1.2031 1.2214 0.8918 1.2109 0.8905 0.9478 1.1504 0.9080 0.8908 1.0000 1.0000 1.0401 1.0000 0.9263 1.0217 1.0232
1.4063 1.0688 1.3959 1.0966 0.9004 1.1607 1.0616 1.0204 1.1115 0.9081 0.8922 0.9727 0.8723 0.8032 0.7868 0.9490
0.9744 1.0441 1.1175 1.1261 0.9729 1.0106 0.9921 1.0166 1.0757 1.2054 0.9844 0.8892 0.9258 0.8267 0.6048 0.5589
1.3736 1.0472 1.0000 1.0062 1.1692 1.0783 0.9375 1.0217 0.9986 0.7978 0.9548 1.1467 0.9433 1.0500 1.0242 0.8774
0.5661 0.5957 0.9360 0.8990 0.8964 1.0047 1.0543 1.0396 1.0177 0.9826 1.0514 1.1615 1.1091 0.9217 0.9550 1.2883
1.1220 0.9136 0.9643 0.8287 0.9610 0.9521 0.9668 1.0512 1.0000 1.2152 0.9683 0.9519 1.0383 1.1331 0.9944 0.9013
0.9380 0.8843 0.7713 0.9331 0.8564 0.9844 0.8680 0.9083 1.1475 1.0378 1.0710 1.1364 1.1226 1.0463 0.5458 1.2089
1.4811 1.2894 1.0861 1.2661 1.1231 1.0738 1.2140 0.9884 1.0133 0.8351 0.9936 0.9202 0.9580 0.8277 0.7499 0.8940
