0.8702 0.9731 0.9555 0.9549 1.0550 1.1298 1.0512 1.1968 1.1410 1.1543 1.0083 0.8935 1.0243 0.9973 0.7826 0.8080
0.9370 0.9719 1.0753 1.1228 1.1820 1.2816 1.2366 0.8693 0.9374 0.8676 1.0894 0.9525 0.9114 0.7889 0.9268 0.7160
0.6964 0.8265 0.9513 0.9877 1.0540 1.1998 1.0796 1.1179 1.0417 1.2272 0.9712 0.8886 0.8951 0.8819 0.9274 0.6138
0.7089 0.8181 0.9160 1.0443 1.0413 1.1100 1.1405 1.0635 0.9691 1.1278 1.1600 0.9367 0.9686 0.8601 0.8484 0.6374
0.8017 0.8922 0.9006 0.9166 1.0000 1.0923 1.1338 1.0771 1.1489 1.2204 0.9981 0.9578 0.9339 1.0411 0.9549 0.8510
0.8677 0.9638 0.9561 1.0200 1.2005 1.1823 1.1886 0.9880 1.2217 1.1121 1.0691 0.9536 0.9191 0.8615 0.7494 0.7449
0.7738 0.9148 0.9755 0.9908 1.1160 1.0428 1.1816 1.1487 1.1320 1.0572 1.0659 1.0312 0.9415 0.8093 0.7616 0.8375
0.9850 0.8669 0.9378 1.0071 1.0000 1.1653 1.2051 1.0644 1.0842 1.0959 1.0968 1.0440 1.0106 0.8803 0.7517 0.8114
0.8426 0.9541 0.9211 0.9668 1.0803 1.0484 1.1854 1.0345 1.1282 1.1142 1.0279 0.9803 0.9460 0.9949 0.7988 0.7130
0.7649 0.8329 0.9620 1.1050 1.0862 1.1471 1.0983 1.1800 0.9274 1.0320 1.1384 0.8059 0.8039 0.9692 0.9711 0.9455
0.8337 0.7768 0.8906 0.8739 1.1049 1.1812 1.2592 1.0892 1.0457 1.1167 1.0124 0.9956 1.0032 0.9209 0.8116 0.7806
0.8004 0.8880 0.8951 1.0322 1.1620 1.1636 1.1854 0.9198 0.9894 1.2025 0.9829 0.9095 0.8683 1.0000 1.0000 0.5634
0.9454 0.9122 0.9399 1.0359 1.1701 1.0697 1.1439 0.9048 1.1112 0.9849 1.0155 0.9410 0.9809 0.7594 0.7151 0.8640
0.9419 0.9859 0.9966 1.0238 0.9933 1.1483 1.1744 1.0559 1.0520 0.9924 1.0785 0.9043 0.8746 1.0000 0.7783 0.6949
0.7043 0.8170 0.8867 0.9220 1.0837 1.2793 1.1078 1.0934 1.0281 1.0665 1.1087 1.1437 0.9993 0.8223 0.8368 0.7563
0.7634 0.9268 0.9702 1.1051 1.0388 1.0412 1.1100 1.0115 1.1126 0.9552 0.9928 1.0101 0.9876 0.8973 0.8288 0.7541
0.9392 0.7258 0.8820 0.8738 1.1445 1.2693 1.0025 1.2047 1.0844 1.1217 0.9915 1.0131 1.1292 0.8740 0.7980 0.8930
0.7204 0.9527 0.8495 0.8522 1.0750 1.0035 1.2217 1.1446 1.0273 1.1587 1.1080 0.9843 0.9393 0.9084 0.8679 0.8507
0.7771 1.0000 0.9668 0.9306 1.0093 1.1675 1.1639 1.0329 1.0846 1.1786 1.1132 0.8770 0.9751 0.8583 0.8466 0.7976
0.9027 0.8937 1.0266 0.9322 1.1013 1.2387 1.0022 1.1218 1.0719 1.1459 0.9715 1.1117 1.0000 0.8609 0.8869 0.7304
0.9473 0.9701 0.9204 0.9707 0.9089 1.1326 1.0762 1.0849 1.0478 0.9758 1.0371 1.1783 0.9673 0.9769 0.9333 0.7774
0.6572 0.8291 0.9635 1.0271 1.0000 1.0355 1.0483 1.0437 1.0218 1.0603 0.9440 1.0404 0.9560 0.8589 1.0000 0.7278
0.8063 0.8156 1.0348 1.0501 1.0596 1.1667 1.1723 0.9079 1.1127 1.1742 1.1550 1.0197 1.0661 0.8892 0.8098 0.7838
0.8777 0.8608 0.9241 1.0105 1.2680 1.0000 1.1096 1.1936 1.1013 1.0269 1.2127 0.8946 0.9014 0.8469 0.9241 0.8579
0.8325 0.9712 0.8572 1.0374 1.1343 1.1150 1.2255 1.1703 1.1257 1.1848 1.0578 0.9238 0.9107 0.8154 0.6674 0.6290
