1.2644 1.1771 1.2072 1.2313 1.1040 1.0759 1.1142 0.9172 1.1035 1.0704 0.8940 0.7930 0.8975 0.7198 0.7275 0.6767
1.0000 0.9232 0.9596 1.1164 1.1361 0.9950 0.9915 0.9847 0.9020 1.0770 1.0321 0.9852 0.9833 1.0738 0.8610 1.0000
1.2848 1.1888 1.1181 1.7671 1.1037 1.0772 1.0000 0.9118 1.0289 1.0583 1.0282 0.8541 0.9548 0.9567 0.8339 0.8019
1.0629 0.8471 0.9745 1.1312 0.9790 1.0026 1.1269 0.9695 1.0999 1.0793 0.9845 0.9445 0.9900 0.8651 0.9214 1.0641
1.5444 1.1328 1.1155 1.0235 0.9590 1.0073 1.0455 1.0368 0.8091 0.9232 0.9480 1.0456 0.9121 0.9391 0.9775 1.1968
0.9005 1.0311 0.8124 0.9312 0.8854 0.9976 1.0990 0.9829 0.8113 1.2032 0.9073 1.0772 0.9751 1.0235 1.0483 1.2593
1.3874 1.1773 1.1632 1.1140 1.0895 0.9015 0.9534 0.8389 0.8908 0.9937 0.9483 0.8718 0.9408 1.0434 1.0000 0.9529
1.0083 1.1555 0.8601 1.0271 0.9733 1.0622 1.1137 1.0998 1.1515 0.9604 0.9718 0.9592 0.8808 0.8250 0.8861 1.0483
0.7777 0.7936 1.0362 0.8879 0.8660 1.0178 0.8828 1.1335 1.1364 0.9828 1.1300 1.0247 1.1281 0.7878 1.2186 0.9870
0.7977 0.7560 0.7956 0.9293 0.9502 0.9977 0.9965 0.9523 0.9676 1.1040 0.9853 1.0288 1.1874 1.0946 1.2190 1.5274
0.6167 0.8508 0.9261 0.9148 0.8858 1.0499 1.0612 1.1300 1.0685 1.0288 0.8667 0.9848 1.0169 1.0948 0.9032 1.0588
1.0444 0.9310 0.9975 1.0543 0.9551 1.0682 1.1295 0.9202 1.0342 0.9559 0.9517 1.0149 1.0109 1.0216 1.0757 0.8365
1.0268 1.1372 1.1051 1.2283 1.1208 0.9372 0.8882 1.3025 0.8624 1.0248 1.0367 0.7882 0.7771 0.8792 0.8435 1.0163
0.9525 0.8139 0.9443 0.7457 0.8591 0.8784 0.8225 1.1081 0.9815 1.0898 1.0944 1.0563 1.1051 1.0638 1.2424 1.1237
1.4845 1.1636 1.0169 1.1081 1.1340 1.1269 1.1376 1.0927 0.9971 0.7191 0.9275 0.8637 0.7966 0.6570 0.6351 0.6754
0.8128 0.9042 0.9796 0.8981 0.8580 0.9617 1.0599 1.0054 1.0000 0.9579 1.0700 0.9705 1.0000 1.1816 1.2508 1.4205
1.1218 0.9384 1.0695 1.0000 0.8922 1.0113 1.0413 0.8696 1.0077 1.0727 1.0618 1.0290 0.9559 0.9577 1.0386 1.0999
1.1678 1.1280 0.8426 1.1977 0.8494 0.9266 1.1412 0.8882 0.8494 1.0000 1.0000 1.0737 1.0000 0.9827 1.0847 1.1019
1.3501 1.0561 1.4468 1.1314 0.9203 1.1822 1.0943 1.0622 1.1510 0.8644 0.9163 0.9271 0.8431 0.7749 0.7583 0.8861
0.9389 1.0066 1.1383 1.0954 1.0365 1.0173 0.9724 1.0178 1.0793 0.9270 1.0050 0.9139 0.8971 0.8305 0.6036 0.5499
1.3895 1.1127 1.0000 1.0666 1.2238 1.1389 1.0629 1.0314 0.9983 0.8221 0.9403 1.0950 0.9154 0.9972 0.8786 0.7760
0.5636 0.5475 0.8518 0.8291 0.8059 0.9414 1.0066 1.0812 1.0597 0.9761 1.0709 1.2496 1.1975 0.9516 0.9933 1.3260
1.1067 0.8942 1.0064 0.8397 0.9689 1.0356 1.0110 1.1079 1.0000 1.3085 1.0059 0.9353 0.9475 0.9863 0.8337 0.8402
0.8699 0.8227 0.7927 0.9159 0.8384 0.9856 0.8288 0.9026 1.1516 1.0487 1.1117 1.1415 1.1674 1.0906 0.5458 1.2844
1.4599 1.3441 1.1685 1.3154 1.1733 1.1963 1.2109 0.9828 0.9318 0.8428 0.9741 0.8863 0.9047 0.8575 0.7730 0.8883
