1.3194 1.1800 1.0472 1.0838 0.9878 0.9752 1.0779 0.8975 1.1099 1.1321 0.8785 0.8383 0.9602 0.8249 0.8023 0.8911
1.0000 1.0760 1.2187 1.2716 1.1421 1.0086 1.0797 0.9725 0.8873 0.9365 0.9040 0.8726 0.8821 0.9302 0.8348 1.0000
1.0873 0.9181 0.8974 1.2658 0.8589 0.9963 1.0000 0.9448 0.9915 1.0428 0.9748 0.9361 1.0554 1.0770 1.0604 1.1739
1.2649 1.1723 1.1452 1.1283 1.0236 1.0527 1.0835 0.8970 0.9971 0.8991 0.9368 0.9582 0.8345 0.9461 0.8086 0.9540
1.2900 1.0104 0.9363 1.0246 0.9230 0.9598 0.9916 0.9102 0.8994 1.0189 1.0010 1.0868 0.9023 1.1175 1.0885 1.3128
1.1744 1.1042 0.9913 1.0996 0.9763 1.0513 1.0641 0.9826 0.8989 1.0413 0.9463 0.9028 0.8958 0.8710 1.0126 0.9978
1.2137 1.0858 1.0484 0.9880 0.9654 0.9714 1.0158 0.9729 0.8921 1.0438 0.9712 0.8558 0.9754 1.0884 1.0000 1.0133
1.3367 1.2378 1.1237 1.0929 1.1260 1.0965 1.0698 1.0225 1.0876 0.8869 0.9116 0.8364 0.8108 0.7647 0.7697 0.8254
0.6705 0.7173 0.9094 0.7595 0.9482 0.9604 0.8395 1.0723 1.0483 0.9331 1.0659 0.9990 1.2134 0.9754 1.2128 1.1776
1.1161 0.9369 0.9247 1.0767 1.0039 0.9698 0.9438 1.1380 0.8833 0.9198 0.9461 0.9137 1.0445 1.0031 1.1158 1.1416
0.6752 0.7479 0.8708 0.8311 0.9432 1.0084 0.9353 1.0355 0.9821 0.9594 1.0566 0.9276 1.1833 1.1271 0.9813 1.2108
1.2528 1.1330 1.1703 1.1635 1.0825 1.1056 1.1298 0.9688 0.9808 0.8811 0.8638 0.8970 0.8660 0.8301 0.8541 0.8217
0.9936 0.8913 0.8436 0.9385 0.8835 0.8803 0.7865 1.1195 0.9441 1.0481 1.1944 0.9609 1.0992 1.1755 1.1194 1.4657
1.1395 1.0391 1.0899 0.9554 0.8533 0.9804 0.9927 1.0304 0.9664 0.9372 0.9545 0.9118 1.0221 0.9146 1.0658 1.1082
1.2261 1.1688 0.9721 0.9341 1.0264 1.0788 1.0151 1.0356 1.0101 0.8879 0.9646 0.9583 0.9445 0.7745 0.7586 0.9030
1.0043 0.9662 1.0462 0.8886 0.9747 1.0375 0.9980 0.9911 1.0000 0.9154 0.9610 1.0366 1.0000 1.0345 1.0473 1.1999
0.9583 0.9411 0.9285 1.0000 0.9598 0.9249 1.0301 1.0384 0.9749 1.0359 1.0641 1.0055 1.0517 1.0852 1.2550 1.3186
1.4157 1.3203 1.0434 1.2409 0.9554 0.9642 1.0999 0.9813 0.9116 1.0000 1.0000 0.9006 1.0000 0.8531 0.9371 0.9451
1.4304 0.9918 1.1847 0.9295 0.8367 1.1192 1.0282 1.0024 1.1047 1.0270 0.9011 0.9951 0.8760 0.8657 0.9456 1.1285
1.1702 1.1122 1.1333 1.2179 0.9912 1.0455 0.9436 0.9372 1.0208 1.0438 0.9074 0.8138 0.8228 0.7571 0.5399 0.5176
1.3082 0.9463 1.0000 0.9231 1.1046 1.0579 0.9314 1.0218 0.9863 0.9716 0.9465 1.0820 0.9357 1.0942 0.9892 1.0260
0.6688 0.7405 0.9885 0.9705 1.0522 1.0093 1.0022 0.9571 0.9238 1.0795 0.9484 1.0294 1.0581 0.9910 0.9998 1.2602
1.0459 0.8757 0.9302 0.9611 0.8591 0.9232 0.8737 0.9204 1.0000 1.1248 0.9185 0.9323 1.1272 1.2631 1.2931 1.5102
1.0281 1.0414 0.8600 1.0324 0.8773 0.9899 0.9542 0.9824 1.1171 0.9247 0.9920 1.0519 0.9817 1.0225 0.5458 1.0863
1.2999 1.1194 0.9742 1.0308 1.0529 1.0446 1.0872 1.0150 1.0260 0.8864 1.0100 0.9217 0.9942 0.9046 0.9020 0.9808
