0.8691 0.9635 0.9509 0.9526 1.0514 1.1266 1.0521 1.1948 1.1393 1.1500 1.0085 0.8914 1.0291 1.0024 0.7893 0.8197
0.9347 0.9684 1.0752 1.1212 1.1800 1.2784 1.2386 0.8687 0.9381 0.8689 1.0896 0.9541 0.9137 0.7919 0.9306 0.7198
0.6921 0.8254 0.9518 0.9863 1.0482 1.1926 1.0819 1.1151 1.0481 1.2281 0.9675 0.8908 0.8977 0.8860 0.9257 0.6170
0.7047 0.8147 0.9157 1.0402 1.0337 1.1126 1.1371 1.0595 0.9702 1.1305 1.1580 0.9386 0.9731 0.8615 0.8517 0.6453
0.7928 0.8799 0.8995 0.9167 1.0000 1.0915 1.1416 1.0758 1.1427 1.2280 1.0038 0.9634 0.9354 1.0406 0.9560 0.8495
0.8733 0.9578 0.9545 1.0204 1.1987 1.1772 1.1855 0.9847 1.2233 1.1111 1.0670 0.9512 0.9217 0.8645 0.7550 0.7504
0.7701 0.9141 0.9711 0.9880 1.1112 1.0407 1.1809 1.1415 1.1313 1.0546 1.0677 1.0328 0.9400 0.8128 0.7652 0.8478
0.9813 0.8641 0.9379 0.9993 1.0000 1.1621 1.2022 1.0647 1.0786 1.0923 1.0924 1.0469 1.0162 0.8858 0.7575 0.8158
0.8389 0.9515 0.9146 0.9670 1.0752 1.0449 1.1896 1.0315 1.1344 1.1142 1.0284 0.9856 0.9456 0.9965 0.8041 0.7155
0.7543 0.8343 0.9600 1.0974 1.0801 1.1361 1.0963 1.1798 0.9320 1.0311 1.1391 0.8137 0.8078 0.9704 0.9649 0.9459
0.8305 0.7717 0.8871 0.8724 1.0986 1.1750 1.2547 1.0853 1.0477 1.1147 1.0124 0.9955 1.0051 0.9254 0.8140 0.7897
0.7953 0.8853 0.8963 1.0310 1.1575 1.1542 1.1826 0.9172 0.9897 1.2081 0.9889 0.9135 0.8741 1.0000 1.0000 0.5661
0.9474 0.9077 0.9411 1.0310 1.1671 1.0766 1.1402 0.9063 1.1125 0.9882 1.0192 0.9399 0.9817 0.7593 0.7179 0.8668
0.9378 0.9868 0.9922 1.0208 0.9930 1.1482 1.1687 1.0532 1.0531 0.9960 1.0805 0.9056 0.8788 1.0000 0.7818 0.7004
0.6972 0.8133 0.8833 0.9203 1.0791 1.2672 1.1010 1.0910 1.0280 1.0691 1.1071 1.1433 1.0054 0.8223 0.8380 0.7613
0.7617 0.9251 0.9686 1.1020 1.0359 1.0422 1.1100 1.0132 1.1081 0.9548 0.9970 1.0161 0.9861 0.8960 0.8323 0.7594
0.9365 0.7278 0.8814 0.8721 1.1452 1.2691 1.0003 1.2020 1.0822 1.1245 0.9908 1.0131 1.1328 0.8771 0.8047 0.8928
0.7162 0.9489 0.8452 0.8464 1.0702 0.9997 1.2151 1.1416 1.0313 1.1583 1.1085 0.9877 0.9453 0.9151 0.8712 0.8571
0.7754 1.0000 0.9670 0.9311 1.0056 1.1658 1.1634 1.0378 1.0786 1.1787 1.1102 0.8837 0.9727 0.8620 0.8480 0.7995
0.8977 0.8902 1.0299 0.9302 1.0992 1.2339 0.9971 1.1189 1.0730 1.1516 0.9680 1.1137 1.0000 0.8629 0.8864 0.7358
0.9400 0.9663 0.9213 0.9739 0.9107 1.1337 1.0775 1.0831 1.0505 0.9725 1.0365 1.1742 0.9670 0.9774 0.9360 0.7807
0.6570 0.8265 0.9623 1.0242 1.0000 1.0343 1.0490 1.0429 1.0247 1.0637 0.9444 1.0408 0.9553 0.8581 1.0000 0.7292
0.8023 0.8104 1.0344 1.0518 1.0628 1.1627 1.1675 0.9054 1.1165 1.1718 1.1588 1.0207 1.0681 0.8889 0.8099 0.7868
0.8746 0.8568 0.9166 1.0077 1.2648 1.0000 1.1096 1.1957 1.1009 1.0280 1.2063 0.8998 0.9058 0.8472 0.9281 0.8660
0.8254 0.9732 0.8565 1.0327 1.1337 1.1127 1.2232 1.1774 1.1288 1.1835 1.0540 0.9252 0.9102 0.8168 0.6740 0.6328
