0.7402 0.7976 0.8584 0.8866 1.0247 1.0820 1.0432 1.1740 1.1488 1.1711 1.0229 1.0036 1.0446 1.0279 0.8565 0.8705
0.8449 0.8428 0.9618 1.0329 1.0945 1.2138 1.1952 0.9673 1.0245 0.9527 1.1085 1.0011 0.9335 0.8591 0.9978 0.7706
0.6549 0.6981 0.9157 0.9207 0.9526 1.0872 1.1232 1.0745 1.0708 1.2252 1.0002 0.9695 0.8986 0.9226 0.9210 0.7286
0.6561 0.7360 0.8533 0.9614 0.9828 1.0854 1.1082 1.0342 0.9793 1.1584 1.1281 0.9608 1.0414 0.8916 0.9401 0.7475
0.7125 0.7734 0.8057 0.8945 1.0000 1.0281 1.0679 1.0572 1.1874 1.2207 1.0269 1.0399 0.9568 1.0408 0.9473 0.8760
0.8331 0.8531 0.8593 0.9432 1.1526 1.0850 1.1765 1.1098 1.1652 1.1214 1.0617 1.0208 0.9737 0.9270 0.8583 0.8591
0.7519 0.8140 0.8591 0.9404 1.0433 1.0422 1.1516 1.1617 1.1074 1.0832 1.0899 1.0480 0.9828 0.9147 0.8294 0.9314
0.8918 0.8161 0.8660 0.9348 1.0000 1.0908 1.1837 1.1117 1.0967 1.0739 1.1468 1.0832 1.0150 0.9243 0.8525 0.9163
0.8192 0.8666 0.8759 0.8644 1.0194 1.0133 1.1268 1.0498 1.0819 1.1105 1.0420 1.0900 0.9878 1.0369 0.9107 0.8418
0.6848 0.7527 0.8598 0.9760 1.0018 1.0223 1.0545 1.1307 0.9869 1.0164 1.1737 0.9636 0.9093 0.9626 0.9985 1.0088
0.7224 0.6480 0.7456 0.7901 0.9624 1.0393 1.1382 1.0382 1.0248 1.0659 1.0116 0.9624 1.0206 0.9818 0.8608 0.9647
0.7517 0.8395 0.9191 0.9767 1.1569 1.1396 1.1330 0.8765 1.0381 1.2355 1.0884 0.9707 0.9383 1.0000 1.0000 0.6908
0.9312 0.8791 0.8985 1.0070 1.1470 1.1171 1.1707 1.0194 1.1255 1.0460 1.0576 1.0323 0.9965 0.8473 0.8389 0.9690
0.9047 0.8996 0.9603 1.0207 0.9939 1.1036 1.1619 1.1195 1.0922 1.0548 1.1511 0.9402 0.9455 1.0000 0.8441 0.8174
0.6636 0.7363 0.8558 0.8985 0.9908 1.1893 1.0742 1.0633 1.0530 1.0551 1.0996 1.1308 1.0054 0.8634 0.8928 0.8248
0.6781 0.7945 0.9110 0.9972 0.9800 1.0385 1.0919 1.0392 1.0802 1.0144 1.0033 1.0666 1.0005 0.9785 0.9297 0.8716
0.8742 0.7752 0.8622 0.8885 1.0373 1.1658 0.9718 1.1712 1.1344 1.1717 1.0489 1.0421 1.1082 0.9390 0.8875 0.9241
0.6980 0.7791 0.7983 0.8260 1.0062 0.9971 1.1173 1.0093 1.0050 1.1211 1.0839 1.0508 1.0103 1.0145 0.8956 0.9089
0.6869 1.0000 0.8909 0.9279 0.9749 1.1208 1.1234 1.0442 1.0711 1.1642 1.0872 0.9144 0.9943 0.9038 0.8833 0.9008
0.8352 0.8137 0.9154 0.8544 1.0278 1.1337 1.0129 1.0655 1.0676 1.1689 1.0471 1.1347 1.0000 0.9758 0.9676 0.9240
0.8762 0.8945 0.8930 0.9589 0.9476 1.0938 1.0516 1.0344 1.0475 0.9582 1.0548 1.1175 1.0091 0.9946 1.0144 0.9532
0.6301 0.7772 0.9123 0.9817 1.0000 1.0705 1.0591 1.0619 1.0309 1.1008 1.0077 1.0640 0.9793 0.9121 1.0000 0.8178
0.8450 0.7839 0.9520 0.9397 1.0691 1.1504 1.1713 0.9456 1.0741 1.1329 1.1533 1.0335 1.0472 0.9348 0.8835 0.8394
0.7611 0.7908 0.8751 0.9502 1.2052 1.0000 1.0847 1.1843 1.0931 1.0540 1.2354 0.9341 0.9355 0.9516 0.9780 0.9673
0.8341 0.9112 0.8852 0.9617 1.0966 1.0976 1.1863 1.1730 1.1792 1.1698 1.1000 0.9718 0.9689 0.9099 0.7824 0.7889
