0.7304 0.7785 0.8452 0.8764 1.0435 1.0638 1.0691 1.1918 1.1894 1.1644 1.0416 1.0126 1.0377 1.0115 0.8653 0.8443
0.8466 0.8470 0.9361 1.0216 1.1019 1.2154 1.2098 0.9905 1.0546 0.9860 1.1309 1.0118 0.9142 0.8555 0.9635 0.7515
0.6634 0.7011 0.9247 0.9080 0.9614 1.0786 1.1614 1.0968 1.0915 1.2411 1.0163 0.9675 0.8833 0.9205 0.8685 0.6991
0.6653 0.7424 0.8678 0.9574 0.9703 1.0781 1.1233 1.0511 1.0120 1.1644 1.1237 0.9696 1.0248 0.8783 0.8941 0.7245
0.7231 0.8355 0.8176 0.9023 1.0000 1.0359 1.1055 1.0247 1.1189 1.1983 1.0402 1.0333 0.9557 1.0355 0.9256 0.7931
0.8485 0.8414 0.8636 0.9569 1.1135 1.0951 1.1609 1.1579 1.1762 1.1320 1.0661 1.0218 0.9503 0.9301 0.8516 0.8377
0.7698 0.8001 0.8624 0.9479 1.0405 1.0762 1.1604 1.1648 1.1022 1.0831 1.1090 1.0587 0.9602 0.9187 0.8105 0.8917
0.8905 0.8134 0.8614 0.9432 1.0000 1.1108 1.2294 1.1213 1.0789 1.0750 1.1696 1.0895 0.9941 0.9033 0.8249 0.8920
0.8232 0.8684 0.8648 0.8852 1.0107 1.0196 1.1229 1.0572 1.0788 1.1444 1.0573 1.1044 0.9671 1.0228 0.8729 0.8115
0.6911 0.7645 0.8668 1.0137 0.9871 1.0109 1.0648 1.1226 1.0245 1.0560 1.2108 0.9996 0.8972 0.9821 0.9590 0.9568
0.7343 0.6552 0.7567 0.8020 0.9505 1.0460 1.1445 1.0457 1.0602 1.0654 1.0337 0.9613 0.9933 0.9658 0.8607 0.9637
0.7617 0.8347 0.9267 0.9807 1.1409 1.1237 1.1303 0.8938 1.0530 1.1984 1.0827 0.9673 0.9249 1.0000 1.0000 0.7000
0.9459 0.8835 0.9273 1.0202 1.1192 1.1076 1.1898 1.0409 1.1297 1.0642 1.0495 1.0198 0.9705 0.8525 0.8157 0.9237
0.9042 0.9006 0.9670 1.0047 1.0083 1.1001 1.1626 1.1461 1.0944 1.0565 1.1744 0.9467 0.9245 1.0000 0.8117 0.7892
0.7055 0.7448 0.8654 0.9226 1.0077 1.1528 1.0927 1.0554 1.0759 1.0470 1.1245 1.1217 0.9661 0.8669 0.8959 0.7897
0.6782 0.7936 0.9041 0.9725 0.9915 1.0616 1.1043 1.0806 1.0835 1.0198 1.0406 1.0685 0.9921 0.9616 0.8927 0.8291
0.8569 0.8026 0.9008 0.9060 1.0481 1.1447 1.0189 1.1778 1.1412 1.1647 1.0737 1.0366 1.0680 0.9247 0.8633 0.8678
0.7170 0.7578 0.7997 0.8155 0.9973 1.0163 1.1164 1.0109 1.0334 1.0917 1.0791 1.0404 0.9821 1.0269 0.8489 0.8755
0.6981 1.0000 0.9016 0.9246 0.9940 1.1421 1.1431 1.0995 1.0837 1.1558 1.0820 0.9201 0.9617 0.9004 0.8452 0.8470
0.8754 0.8439 0.9313 0.8821 1.0335 1.1482 1.0243 1.0732 1.0640 1.1902 1.0587 1.1344 1.0000 0.9593 0.9038 0.8825
0.8684 0.8887 0.8803 0.9826 0.9765 1.1131 1.0716 1.0360 1.0470 1.0151 1.0766 1.1298 1.0070 0.9830 0.9633 0.8978
0.6167 0.7568 0.9080 0.9696 1.0000 1.0865 1.0548 1.0777 1.0619 1.0955 1.0213 1.0235 0.9875 0.9131 1.0000 0.8057
0.8843 0.8282 0.9341 0.9340 1.0659 1.1689 1.1986 0.9761 1.0953 1.1422 1.1502 1.0225 1.0182 0.9253 0.8471 0.8198
0.7558 0.7919 0.8783 0.9527 1.2253 1.0000 1.0858 1.1967 1.1061 1.0707 1.2259 0.9699 0.9359 0.9315 0.9438 0.9321
0.8589 0.9372 0.8913 0.9491 1.0647 1.1015 1.1758 1.1798 1.1741 1.1836 1.1108 0.9739 0.9652 0.8942 0.7796 0.7427
