0.8571 0.9656 0.9382 0.9470 1.0624 1.1194 1.0691 1.1974 1.0998 1.1568 0.9870 0.9309 1.0329 1.0325 0.7885 0.8179
0.9194 0.9412 1.0581 1.1233 1.1851 1.2871 1.2277 0.8748 0.9200 0.8658 1.0972 0.9551 0.9396 0.8024 0.9766 0.7447
0.6943 0.8176 0.9681 0.9768 1.0433 1.1764 1.0586 1.1065 1.0458 1.2440 0.9600 0.8708 0.9021 0.9089 0.9745 0.6157
0.6872 0.8184 0.9077 1.0516 1.0553 1.1140 1.1629 1.0891 0.9512 1.0978 1.1489 0.9255 0.9720 0.8433 0.8570 0.6312
0.8053 0.8619 0.9041 0.9236 1.0000 1.0751 1.1351 1.0482 1.1475 1.2322 1.0040 0.9538 0.9486 1.0449 0.9845 0.8911
0.8553 0.9560 0.9442 1.0098 1.1908 1.1323 1.2085 0.9699 1.2080 1.1166 1.0735 0.9781 0.9341 0.8748 0.7691 0.7764
0.7661 0.8963 0.9710 0.9701 1.1131 0.9922 1.1962 1.1855 1.1071 1.0377 1.0608 1.0221 0.9713 0.8459 0.8037 0.8268
0.9967 0.8617 0.9204 0.9967 1.0000 1.1387 1.1832 1.0342 1.0954 1.0960 1.0825 1.0774 1.0322 0.8854 0.7841 0.8179
0.8328 0.9486 0.8996 0.9344 1.0715 1.0494 1.1786 1.0323 1.1215 1.1044 1.0282 0.9895 0.9979 1.0005 0.8134 0.7441
0.7714 0.8183 0.9302 1.0718 1.0546 1.1266 1.0821 1.1518 0.9464 1.0130 1.1374 0.8057 0.8338 1.0061 1.0198 0.9846
0.8381 0.7627 0.8743 0.8622 1.0620 1.1579 1.2304 1.0642 1.0373 1.1056 1.0009 1.0051 1.0372 0.9713 0.8530 0.8312
0.7994 0.8847 0.8804 1.0448 1.1544 1.1688 1.1813 0.9350 0.9683 1.2147 0.9783 0.9125 0.8785 1.0000 1.0000 0.5899
0.9481 0.9125 0.9089 1.0049 1.1555 1.0766 1.1139 0.9040 1.0901 1.0202 1.0290 0.9643 0.9964 0.7927 0.7294 0.9120
0.9635 0.9554 0.9731 1.0055 0.9670 1.1137 1.1571 1.0866 1.0685 0.9843 1.0729 0.9285 0.8888 1.0000 0.8322 0.7070
0.6830 0.8010 0.8429 0.8852 1.0613 1.2541 1.0693 1.1293 1.0072 1.0476 1.1288 1.1796 1.0189 0.8471 0.8995 0.7990
0.7486 0.9173 0.9371 1.0749 1.0361 1.0146 1.0862 0.9831 1.1194 0.9613 0.9861 1.0318 1.0368 0.9376 0.8725 0.7668
0.9207 0.7058 0.8520 0.8488 1.0983 1.2237 1.0103 1.1911 1.0890 1.1226 1.0223 1.0241 1.1550 0.9162 0.8198 0.9630
0.7097 0.9494 0.8322 0.8332 1.0486 0.9978 1.2091 1.1424 1.0360 1.1742 1.0914 0.9968 0.9235 0.9180 0.9199 0.8730
0.7556 1.0000 0.9493 0.9209 1.0004 1.1305 1.1198 0.9975 1.0852 1.1879 1.1247 0.8698 1.0149 0.8878 0.8826 0.8317
0.8831 0.8760 1.0104 0.8996 1.0851 1.2055 0.9980 1.0964 1.0772 1.1443 0.9670 1.1339 1.0000 0.9001 0.9474 0.7780
0.9281 0.9622 0.9301 0.9613 0.8878 1.1086 1.0539 1.0861 1.0588 0.9696 1.0514 1.1969 0.9756 1.0070 0.9455 0.8027
0.6537 0.8471 0.9747 1.0299 1.0000 1.0457 1.0547 1.0490 1.0051 1.0416 0.9333 1.0415 0.9546 0.8743 1.0000 0.7398
0.7869 0.8077 1.0066 1.0325 1.0394 1.1642 1.1736 0.9114 1.0883 1.1619 1.1498 1.0288 1.0749 0.9219 0.8453 0.8312
0.8646 0.8503 0.9304 1.0016 1.2456 1.0000 1.1241 1.1743 1.1026 1.0254 1.2332 0.8579 0.8937 0.8768 0.9434 0.8835
0.8365 0.9337 0.8392 1.0100 1.1435 1.1006 1.2221 1.1682 1.1313 1.1827 1.0936 0.9000 0.9378 0.8351 0.7159 0.7003
