1.2514 1.1604 1.1629 1.2029 1.0546 1.0016 1.0948 0.8901 1.1590 1.0947 0.9005 0.8467 0.9260 0.7478 0.7748 0.7412
1.0000 1.0182 0.9953 1.2140 1.1398 0.9853 1.0150 0.9659 0.9082 1.0183 0.9764 0.9438 0.9555 1.0331 0.8486 1.0000
1.2360 1.1060 0.9630 1.5922 1.0467 1.0362 1.0000 0.9454 1.0572 1.0827 1.0209 0.8770 1.0108 0.9435 0.9073 0.8902
1.1240 0.9754 1.0078 1.1649 1.0342 1.0521 1.0899 0.9830 1.0391 1.0034 0.9694 0.9377 0.9167 0.8742 0.8867 0.9728
1.5221 1.1547 1.0845 1.0708 0.9329 0.9539 0.9731 0.9504 0.7829 0.8583 0.9339 1.1219 0.9443 1.0719 1.0862 1.2626
0.9895 1.0433 0.8857 0.9562 0.9333 1.0737 1.1271 1.0202 0.8117 1.1598 0.9116 1.0579 0.9730 0.9550 0.9750 1.1161
1.3315 1.1203 1.1067 1.0716 1.0308 0.9342 0.9735 0.8937 0.9072 0.9980 0.9664 0.8779 0.9418 1.0583 1.0000 0.9846
1.0908 1.2015 0.9138 1.0896 1.0235 1.0823 1.1082 1.0520 1.1592 0.9519 0.9648 0.9157 0.8664 0.7562 0.8589 0.9558
0.7394 0.7741 0.9900 0.8266 0.8730 0.9567 0.8650 1.0613 1.1044 0.9737 1.1283 1.0404 1.1921 0.8185 1.2709 1.0213
0.8938 0.8630 0.8225 1.0450 0.9923 1.0069 1.0310 0.9376 0.9047 0.9900 0.9553 1.0006 1.1326 1.1017 1.1829 1.3707
0.6256 0.7989 0.8804 0.8747 0.9012 1.0110 1.0192 1.1319 1.0859 1.0201 0.9076 0.9843 1.0533 1.1064 0.9776 1.0476
1.1380 1.0088 1.0674 1.1020 1.0176 1.1062 1.1436 0.9859 1.0080 0.9316 0.9152 0.9463 0.9377 0.9074 0.9828 0.7997
0.9975 1.0684 1.0358 1.1573 1.0614 0.8783 0.8398 1.2001 0.9029 1.0057 1.1031 0.8374 0.8871 1.0270 0.9334 1.1882
0.9788 0.9202 0.9835 0.7750 0.9089 0.9189 0.8641 1.1041 0.9818 1.0144 1.0639 1.0200 1.0862 1.0446 1.1990 1.1242
1.3759 1.1259 1.0132 1.0092 1.0772 1.1046 1.1028 1.0947 1.0156 0.7680 0.9516 0.9320 0.8927 0.6632 0.6489 0.7088
0.8805 0.9701 1.0388 0.8913 0.8832 1.0168 1.0257 1.0186 1.0000 0.9220 1.0105 0.9091 1.0000 1.1356 1.1997 1.3169
1.0077 0.9181 1.0073 1.0000 0.9257 0.9791 1.0472 0.8825 1.0335 1.0941 1.0754 1.0201 1.0000 0.9967 1.0627 1.1887
1.2279 1.2506 0.9097 1.2180 0.9012 0.9823 1.1596 0.9301 0.8830 1.0000 1.0000 1.0138 1.0000 0.8778 1.0057 1.0263
1.3455 1.0120 1.3165 1.0259 0.8819 1.1911 1.0690 1.0503 1.1588 0.9341 0.9253 0.9838 0.8684 0.8119 0.7853 0.9727
1.0045 1.0402 1.1307 1.1658 1.0009 1.0352 0.9488 1.0189 1.0584 1.0763 0.9422 0.8616 0.8500 0.8058 0.5752 0.5342
1.3544 1.0323 1.0000 0.9916 1.1871 1.1537 0.9813 1.0138 0.9841 0.8028 0.9750 1.0938 0.9332 1.0969 0.9935 0.8831
0.5438 0.5970 0.9416 0.8855 0.8914 1.0137 1.0218 1.0655 1.0170 0.9724 1.0346 1.1453 1.1336 0.9407 0.9719 1.2834
1.0718 0.8840 0.9569 0.8363 0.9191 0.9682 0.9600 1.0216 1.0000 1.2639 1.0053 0.9660 1.0404 1.1183 1.0021 0.9149
0.9681 0.8828 0.8005 0.9486 0.8608 1.0099 0.8658 0.8895 1.1474 1.0372 1.0852 1.1006 1.0973 1.0420 0.5458 1.1877
1.4491 1.2291 1.0924 1.1440 1.0588 1.0773 1.1500 1.0046 0.9626 0.8459 0.9887 0.9076 0.9796 0.8760 0.8091 0.8656
