1.2680 1.1666 1.2746 1.2795 1.0944 1.0642 1.1364 0.9223 1.0585 1.0915 0.9293 0.8150 0.8762 0.7478 0.6706 0.6558
1.0000 0.8373 0.8750 0.9977 1.0514 0.9543 1.0045 1.0069 0.8930 1.0908 1.0517 1.0207 1.0438 1.1648 0.9568 1.0000
1.3491 1.2869 1.2381 1.9970 1.1164 1.1648 1.0000 0.8674 1.0987 1.0520 0.9088 0.8313 0.8659 1.0009 0.8211 0.8072
0.9642 0.7253 0.8653 1.0008 0.9014 0.9659 1.0373 0.9943 1.1203 1.1136 1.0198 1.0334 1.0504 0.9506 1.0485 1.2642
1.3925 1.0530 1.0546 1.0442 0.9323 0.9932 1.0836 1.1161 0.8759 1.0067 1.1088 1.0523 0.9514 0.9778 1.0543 1.1086
0.8209 0.8797 0.7455 0.8499 0.8699 1.0411 1.1577 1.0733 0.8443 1.1999 0.9814 1.1711 1.0273 1.0309 1.0272 1.2014
1.6097 1.2321 1.2306 1.1547 1.1453 0.9504 0.9542 0.8668 0.8829 0.9541 0.9063 0.8531 0.8764 1.0237 1.0000 0.8010
0.9762 1.0730 0.8477 0.9475 0.8408 1.0180 1.0914 1.1569 1.1467 0.9804 1.0033 1.0232 0.9039 0.8365 0.9919 1.1230
0.8402 0.8658 1.0784 0.9200 0.9064 1.0538 0.9106 1.1624 1.1067 0.9638 1.0894 0.9972 1.0355 0.8214 1.1146 1.0156
0.8648 0.7731 0.9270 0.8838 0.9454 1.0124 0.9022 0.9790 0.9542 1.1128 0.8999 1.0331 1.2029 1.1287 1.1996 1.6286
0.5964 0.9563 0.9719 0.8997 0.9116 1.0674 1.0669 1.2057 1.1082 1.0272 0.8389 0.9517 0.9595 1.0072 0.8490 1.1629
0.9259 0.8315 0.9029 0.9815 0.9020 1.0292 1.0872 0.9725 1.0568 1.0281 1.0301 1.1008 1.0786 1.1024 1.1527 0.8294
1.1263 1.2002 1.1673 1.2217 1.1846 1.0465 1.0386 1.3706 0.7838 1.1222 1.0416 0.7476 0.7170 0.7327 0.7304 0.8507
0.9911 0.8466 0.9994 0.7850 0.8441 0.8845 0.8381 1.0291 1.0148 1.0472 1.1046 1.0312 1.0733 1.1220 1.2720 1.1397
1.4365 1.2213 1.0564 1.1328 1.1291 1.1169 1.1500 1.1360 0.9479 0.7584 0.9047 0.8219 0.8005 0.6519 0.6617 0.7040
0.7333 0.8824 0.9338 0.8292 0.8767 0.9113 1.0593 0.9570 1.0000 0.9474 1.0708 1.0388 1.0000 1.2691 1.3592 1.4644
1.1486 0.9182 1.0916 1.0000 0.9309 1.0346 1.0927 0.9190 0.9906 1.0758 0.9966 0.9494 0.9179 0.9072 0.9856 0.9875
0.9216 0.8973 0.7628 1.0515 0.7971 0.9147 1.1159 0.9681 0.9344 1.0000 1.0000 1.1327 1.0000 1.0344 1.1783 1.2568
1.4519 1.1562 1.5963 1.2258 0.9723 1.2155 1.1085 1.0717 1.0658 0.8709 0.9819 0.8321 0.7527 0.7051 0.7116 0.7548
0.8666 0.8789 1.0416 1.0159 0.9565 0.9909 1.0149 1.0651 1.1439 1.4936 1.0635 0.9944 1.0448 0.9808 0.7345 0.6577
1.3974 1.0387 1.0000 1.0655 1.2122 1.1775 1.0435 1.0042 1.0038 0.8845 0.9795 1.1038 0.9239 0.9753 0.8967 0.8140
0.6454 0.5620 0.8539 0.7357 0.8241 0.9735 1.0634 1.0781 1.0597 0.9695 1.0809 1.2567 1.1934 0.9725 1.0074 1.3582
1.1273 1.0201 1.0825 0.8432 1.0125 1.0323 1.0923 1.1230 1.0000 1.4084 1.0335 0.8692 0.8703 0.7976 0.6716 0.7361
0.7866 0.7454 0.7803 0.8446 0.8160 0.9377 0.8404 0.9356 1.1465 1.1001 1.1008 1.1496 1.2593 1.1742 0.5458 1.3874
1.4455 1.2595 1.1175 1.2446 1.1575 1.1993 1.2697 1.0920 0.8853 0.8868 0.9559 1.0174 0.9213 0.9145 0.9303 0.9582
