0.7072 0.7679 0.8580 0.8783 1.0455 1.0889 1.0553 1.1775 1.1852 1.1710 1.0254 1.0286 1.0470 1.0132 0.8593 0.8507
0.8357 0.8453 0.9393 1.0264 1.0939 1.2203 1.2209 0.9863 1.0565 0.9730 1.1275 1.0209 0.9181 0.8512 0.9815 0.7738
0.6493 0.7042 0.9040 0.9162 0.9514 1.0814 1.1571 1.0896 1.0691 1.2363 1.0137 0.9616 0.8926 0.9184 0.8973 0.7283
0.6756 0.7388 0.8396 0.9754 0.9658 1.0674 1.1156 1.0452 1.0055 1.1757 1.1391 0.9761 1.0337 0.8716 0.9049 0.7656
0.7044 0.7613 0.7977 0.9141 1.0000 1.0162 1.0857 1.0614 1.1711 1.2140 1.0655 1.0295 0.9886 1.0564 0.9630 0.8347
0.8156 0.8354 0.8655 0.9387 1.1148 1.0768 1.1755 1.1542 1.1691 1.1355 1.0522 1.0573 0.9743 0.9398 0.8545 0.8395
0.7632 0.8006 0.8649 0.9382 1.0220 1.0318 1.1690 1.1599 1.1122 1.0912 1.1058 1.0480 0.9782 0.9134 0.8218 0.9361
0.8850 0.8025 0.8540 0.9380 1.0000 1.1182 1.2139 1.1299 1.1002 1.0827 1.1290 1.0855 1.0078 0.9246 0.8328 0.8871
0.8240 0.8561 0.8444 0.8667 1.0225 1.0079 1.1439 1.0234 1.0969 1.1368 1.0506 1.1092 0.9884 1.0312 0.8922 0.8522
0.6919 0.7403 0.8531 0.9696 0.9781 1.0280 1.0417 1.1089 1.0200 1.0359 1.1863 1.0012 0.9275 0.9818 0.9727 0.9906
0.7222 0.6473 0.7333 0.7820 0.9535 1.0456 1.1489 1.0449 1.0227 1.0630 1.0278 0.9581 1.0120 0.9816 0.8503 0.9790
0.7435 0.8263 0.9093 0.9855 1.1413 1.1228 1.1213 0.8806 1.0339 1.2096 1.0964 0.9719 0.9501 1.0000 1.0000 0.7245
0.9377 0.8783 0.9081 1.0093 1.1305 1.1193 1.1742 1.0502 1.1339 1.0588 1.0614 1.0255 0.9731 0.8622 0.8232 0.9369
0.8952 0.8771 0.9672 0.9985 0.9889 1.1146 1.1802 1.1404 1.1194 1.0696 1.1752 0.9421 0.9329 1.0000 0.8081 0.7918
0.7041 0.7425 0.8724 0.9059 1.0029 1.1447 1.0866 1.0621 1.0939 1.1005 1.1480 1.1480 0.9696 0.8557 0.8568 0.7593
0.6725 0.7964 0.9175 0.9618 0.9844 1.0369 1.0864 1.0567 1.0752 1.0248 1.0273 1.0668 0.9966 0.9858 0.9185 0.8506
0.8584 0.8000 0.8701 0.8982 1.0261 1.1677 1.0291 1.1774 1.1500 1.1675 1.0624 1.0313 1.0600 0.9241 0.8841 0.8912
0.7078 0.7509 0.8012 0.8104 0.9985 1.0027 1.1163 1.0014 1.0090 1.0988 1.0825 1.0378 1.0037 1.0221 0.8760 0.8765
0.6994 1.0000 0.8882 0.9061 0.9942 1.1381 1.1373 1.0922 1.0843 1.1644 1.0770 0.9233 0.9704 0.8895 0.8624 0.8651
0.8272 0.8279 0.8903 0.8347 1.0262 1.1520 1.0071 1.0694 1.0979 1.1889 1.0735 1.1250 1.0000 1.0011 0.9598 0.9257
0.8599 0.8868 0.8767 0.9704 0.9744 1.1113 1.0812 1.0444 1.0451 0.9855 1.0606 1.1278 1.0034 0.9974 0.9835 0.9285
0.6197 0.7615 0.8907 0.9551 1.0000 1.0671 1.0662 1.0893 1.0499 1.0977 1.0456 1.0497 0.9887 0.9047 1.0000 0.8012
0.8634 0.7985 0.9382 0.9220 1.0788 1.1659 1.1909 0.9794 1.0758 1.1457 1.1615 1.0214 1.0294 0.9397 0.8855 0.8136
0.7517 0.7927 0.8663 0.9361 1.2049 1.0000 1.0942 1.2007 1.1089 1.0743 1.2530 0.9516 0.9420 0.9190 0.9405 0.9343
0.8588 0.9244 0.8964 0.9677 1.1075 1.1426 1.1670 1.1880 1.1963 1.1743 1.0855 0.9648 0.9617 0.8888 0.7624 0.7217
