1.4330 1.2981 1.3599 1.3420 1.1709 1.0727 1.0990 0.9600 1.0451 1.0118 0.8486 0.7635 0.7958 0.6867 0.6137 0.6075
1.0000 0.7588 0.8885 0.9312 0.9937 0.9398 1.0393 1.0043 0.9684 1.1204 1.0864 0.9828 1.0589 1.1948 1.0492 1.0000
1.3102 1.2592 1.4067 2.1056 1.0927 1.2131 1.0000 0.8492 1.0990 1.0159 0.8189 0.8134 0.8326 0.9452 0.7256 0.8339
0.9917 0.7635 0.8260 1.0050 0.8712 0.9741 0.9728 1.0034 1.1116 1.0822 1.0419 1.0328 1.0497 0.9667 1.0309 1.3790
1.3657 1.1218 1.0444 1.1596 0.9372 1.0502 1.2156 1.1574 0.8791 1.0669 1.2088 1.0210 0.9371 0.9109 1.0129 1.0427
0.7749 0.8135 0.7453 0.8728 0.8674 0.9112 1.1996 1.0434 0.8983 1.1825 1.0015 1.2423 1.0898 1.0769 1.1637 1.3205
1.6599 1.2935 1.2554 1.2098 1.1910 0.9831 0.9762 0.8571 0.8759 0.8917 0.8687 0.7881 0.8297 0.9852 1.0000 0.7781
0.9011 0.9273 0.9048 0.9696 0.8294 1.0214 1.0472 1.1730 1.1892 1.0019 1.0239 1.0756 0.8886 0.8561 1.0046 1.1590
1.0219 0.9618 1.2367 1.0546 1.0123 1.1853 1.0022 1.1495 1.1325 0.9515 0.9909 0.9748 0.9940 0.8353 1.0332 1.2044
0.8957 0.7028 0.9167 0.8739 0.9578 0.9533 0.9269 1.0824 0.9789 1.1173 0.9206 1.0483 1.2463 1.1347 1.2005 1.7616
0.6477 1.0411 1.0730 0.9110 1.0163 1.1253 1.1009 1.0916 1.1098 1.0182 0.8542 0.9503 0.9516 0.9000 0.7985 1.2183
0.8757 0.8284 0.8750 0.9482 0.8767 0.9874 1.0224 0.9347 0.9801 1.0864 1.0622 1.1230 1.1065 1.1511 1.2039 0.8682
1.2090 1.1821 1.1100 1.1984 1.1130 1.1613 1.1083 1.4895 0.7699 1.1357 1.0500 0.7289 0.7176 0.7567 0.7377 0.7619
0.9521 0.8483 1.0050 0.7815 0.7709 0.8880 0.8461 1.0381 1.0768 1.0656 1.1276 1.0561 1.0827 1.0644 1.2329 1.0904
1.4980 1.3989 1.1085 1.1503 1.1512 1.1060 1.1446 1.0587 0.8974 0.7416 0.8305 0.7870 0.7296 0.6234 0.5934 0.6400
0.6804 0.9854 0.8862 0.8143 0.8990 0.8968 0.9977 0.9501 1.0000 0.9786 1.1060 1.1097 1.0000 1.3273 1.4037 1.4913
1.1390 0.9429 1.1425 1.0000 0.9841 1.0439 1.0783 0.9477 0.9645 1.0196 0.9538 0.9400 0.8839 0.9075 1.0141 0.9771
0.9604 0.9267 0.8455 1.0221 0.8831 0.9228 1.0622 0.9584 0.9205 1.0000 1.0000 1.1779 1.0000 1.0510 1.1860 1.2255
1.4809 1.1730 1.7070 1.2657 1.0108 1.2367 1.1163 1.1157 1.0100 0.8888 0.8914 0.7623 0.6990 0.7075 0.7869 0.7582
0.8919 0.9236 1.1308 0.9654 0.9569 0.9734 1.0040 1.0663 1.2036 1.5089 1.1332 0.9875 1.0930 1.0851 0.7610 0.6447
1.4748 1.1574 1.0000 1.1465 1.2243 1.1559 1.0614 1.0019 0.9923 0.8346 0.9360 1.0191 0.8560 0.9457 0.8726 0.8427
0.6725 0.6122 0.8218 0.6371 0.8387 0.9782 1.0144 0.9800 1.0410 0.9769 1.0763 1.3130 1.1995 1.0063 1.1110 1.4974
1.0582 0.9950 1.1084 0.8734 1.0155 1.0331 1.1568 1.1468 1.0000 1.4932 0.9935 0.8633 0.8286 0.7448 0.5949 0.7313
0.7547 0.7172 0.7248 0.8391 0.7604 0.8714 0.8342 0.9971 1.1776 1.0698 1.1115 1.1952 1.2001 1.2343 0.5753 1.4884
1.4597 1.3268 1.2721 1.2506 1.2141 1.1793 1.2395 1.0812 0.9823 0.9110 0.9616 0.9350 0.8730 0.8558 0.8885 0.9423
