1.2723 1.1703 1.1218 1.1808 1.0699 1.0301 1.0729 0.9067 1.1357 1.1038 0.9182 0.8253 0.9185 0.7442 0.7756 0.7523
1.0000 1.0121 1.0112 1.2128 1.1476 0.9770 0.9887 0.9928 0.8995 1.0218 0.9658 0.9529 0.9614 1.0400 0.8437 1.0000
1.1747 1.0840 0.9671 1.5138 1.0154 1.0536 1.0000 0.9107 1.0212 1.0715 1.0341 0.8757 0.9991 0.9298 0.8829 0.8861
1.1631 1.0128 1.0513 1.1521 1.0225 1.0645 1.1270 0.9580 1.0523 0.9756 0.9538 0.9268 0.8782 0.8675 0.8622 0.9684
1.4519 1.0957 1.0363 1.0328 0.9183 0.9311 0.9704 0.9614 0.8035 0.8836 1.0982 1.1481 0.9235 1.0058 1.0302 1.2488
1.0182 1.0842 0.9172 0.9714 0.9344 1.0161 1.1294 0.9858 0.8038 1.1310 0.8982 1.0348 0.9813 0.9640 0.9531 1.1523
1.3074 1.1394 1.1330 1.0485 1.0188 0.9115 0.9492 0.8547 0.8820 1.0306 0.9868 0.8710 0.9603 1.0616 1.0000 1.0430
1.0826 1.1974 0.9534 1.0428 1.0403 1.0951 1.0688 1.0645 1.1495 0.9373 0.9586 0.9410 0.8751 0.7805 0.8520 0.9556
0.7280 0.7415 0.9470 0.8111 0.8714 0.9605 0.8408 1.0831 1.0656 0.9395 1.1206 1.0789 1.2317 0.8414 1.2965 1.0988
0.9159 0.8550 0.8342 1.0423 0.9977 0.9941 0.9876 0.9452 0.8937 1.0201 0.9367 1.0174 1.1265 1.0446 1.1685 1.3572
0.6126 0.7683 0.8879 0.8516 0.8951 0.9943 0.9872 1.1380 1.0872 1.0320 0.9106 1.0180 1.0421 1.1391 0.9766 1.0731
1.1515 0.9948 1.0736 1.1318 1.0278 1.0655 1.1587 0.9982 1.0648 0.9549 0.8944 0.9451 0.9109 0.9046 0.9413 0.7907
0.9854 1.0546 1.0497 1.1274 1.0314 0.8926 0.8347 1.2167 0.8769 1.0177 1.0704 0.8364 0.9135 1.0713 0.9637 1.1763
0.9773 0.9039 0.9744 0.7751 0.8972 0.9249 0.9030 1.0925 0.9911 1.0138 1.0422 1.0154 1.1151 1.0323 1.1655 1.1454
1.3540 1.1699 1.0449 1.0130 1.0911 1.1087 1.0600 1.0831 0.9939 0.7632 0.9407 0.9289 0.9219 0.6819 0.6683 0.6926
0.8818 0.9577 1.0809 0.8934 0.8917 1.0455 1.0451 1.0075 1.0000 0.9355 1.0322 0.9186 1.0000 1.0835 1.1368 1.2919
1.0460 0.9405 1.0143 1.0000 0.9445 0.9969 1.0893 0.8771 1.0120 1.0676 1.0536 1.0066 0.9979 0.9575 1.0756 1.1463
1.2792 1.2507 0.9191 1.2228 0.9311 1.0063 1.1466 0.9152 0.8722 1.0000 1.0000 1.0142 1.0000 0.8890 0.9774 1.0014
1.4137 1.0258 1.3516 1.0231 0.8536 1.1424 1.0546 1.0233 1.1174 0.9385 0.8660 0.9791 0.8778 0.8463 0.8416 1.0074
1.0558 1.0649 1.1431 1.1608 1.0065 1.0360 0.9675 0.9720 1.0402 1.1889 0.9532 0.8514 0.8075 0.7574 0.5735 0.5258
1.4155 1.0181 1.0000 1.0130 1.1560 1.1003 0.9949 1.0243 1.0114 0.7875 0.9613 1.1098 0.8863 1.0559 0.9665 0.8627
0.5640 0.6363 0.9517 0.8998 0.9234 1.0050 1.0215 1.0313 0.9862 1.0286 1.0066 1.1485 1.1262 0.9250 0.9502 1.3144
1.0956 0.9164 0.9614 0.8634 0.9096 0.9355 0.9569 1.0295 1.0000 1.2016 0.9794 0.9471 1.0460 1.1707 1.0671 0.9785
0.9533 0.9034 0.7474 0.9512 0.8246 0.9565 0.8871 0.8897 1.1348 1.0167 1.1149 1.1381 1.1069 1.0934 0.5458 1.2035
1.6311 1.3103 1.1597 1.2457 1.1783 1.1121 1.1564 0.9704 0.9393 0.7969 0.9300 0.8244 0.9095 0.7825 0.7366 0.8881
