0.7046 0.7600 0.8630 0.8931 1.0417 1.0942 1.0671 1.1873 1.1759 1.1663 1.0186 1.0207 1.0311 1.0045 0.8614 0.8561
0.8346 0.8494 0.9418 1.0307 1.0875 1.2415 1.2032 0.9889 1.0288 0.9755 1.1118 0.9965 0.9300 0.8569 0.9866 0.7715
0.6459 0.7083 0.9128 0.9080 0.9605 1.0821 1.1623 1.0971 1.0705 1.2183 1.0097 0.9625 0.9090 0.8944 0.8651 0.7498
0.6638 0.7291 0.8440 0.9643 0.9817 1.0812 1.1131 1.0528 1.0125 1.1705 1.1161 0.9616 1.0359 0.8855 0.8987 0.7412
0.7131 0.7781 0.8247 0.9077 1.0000 1.0039 1.0425 1.0277 1.1849 1.2190 1.0624 1.0240 0.9727 1.0295 0.9272 0.8544
0.8240 0.8447 0.8764 0.9515 1.1303 1.0837 1.1800 1.1431 1.1994 1.1233 1.0471 1.0195 0.9723 0.9181 0.8636 0.8326
0.7533 0.7983 0.8514 0.9319 1.0358 1.0489 1.1743 1.1822 1.1147 1.0880 1.1182 1.0407 0.9697 0.9162 0.8182 0.9168
0.8878 0.8012 0.8635 0.9452 1.0000 1.1087 1.2223 1.1222 1.0917 1.0813 1.1558 1.0932 0.9979 0.9133 0.8262 0.8914
0.8208 0.8634 0.8457 0.8758 1.0162 1.0480 1.1191 1.0300 1.0917 1.1298 1.0472 1.1221 0.9725 1.0249 0.8828 0.8465
0.6847 0.7375 0.8478 0.9540 0.9690 1.0284 1.0649 1.1054 1.0335 1.0765 1.1943 0.9832 0.9202 0.9846 0.9650 0.9890
0.7178 0.6639 0.7271 0.8139 0.9478 1.0449 1.1301 1.0575 1.0480 1.0691 1.0232 0.9585 0.9891 0.9704 0.8593 0.9564
0.7423 0.8250 0.9190 0.9643 1.1520 1.1247 1.1313 0.8927 1.0481 1.2091 1.0837 0.9700 0.9444 1.0000 1.0000 0.7055
0.9377 0.8898 0.9144 1.0054 1.1194 1.1162 1.1931 1.0372 1.1297 1.0648 1.0517 1.0142 0.9775 0.8558 0.8304 0.9463
0.9042 0.8845 0.9623 0.9989 1.0061 1.1010 1.1820 1.1476 1.1065 1.0464 1.1617 0.9363 0.9335 1.0000 0.8150 0.8004
0.6967 0.7456 0.8607 0.9338 0.9933 1.1640 1.0768 1.0508 1.0819 1.0549 1.1449 1.1244 0.9869 0.8746 0.8559 0.7817
0.6806 0.7906 0.9194 0.9874 1.0200 1.0569 1.0946 1.0653 1.0817 0.9969 1.0161 1.0814 0.9829 0.9656 0.9018 0.8386
0.8682 0.7840 0.8748 0.8894 1.0333 1.1589 1.0136 1.1816 1.1592 1.1837 1.0541 1.0305 1.0895 0.9234 0.8686 0.8768
0.7143 0.7574 0.7935 0.8154 1.0036 1.0059 1.1002 1.0184 1.0089 1.0999 1.0750 1.0427 1.0006 1.0323 0.8662 0.8479
0.7056 1.0000 0.8857 0.9187 0.9808 1.1548 1.1324 1.0921 1.0724 1.1649 1.0991 0.9180 0.9698 0.8882 0.8597 0.8646
0.8404 0.8280 0.9173 0.8490 1.0304 1.1498 1.0145 1.0683 1.0584 1.1796 1.0521 1.1288 1.0000 0.9871 0.9640 0.9214
0.8615 0.8878 0.8911 0.9822 0.9601 1.0926 1.0856 1.0574 1.0467 1.0024 1.0494 1.1293 0.9969 0.9864 0.9766 0.9218
0.6436 0.7624 0.9068 0.9541 1.0000 1.0873 1.0597 1.0929 1.0537 1.0783 1.0482 1.0355 0.9812 0.9003 1.0000 0.8096
0.8672 0.8066 0.9266 0.9377 1.0741 1.1451 1.1982 0.9907 1.0958 1.1350 1.1452 1.0281 1.0246 0.9515 0.8796 0.8274
0.7404 0.7824 0.8506 0.9482 1.2227 1.0000 1.1012 1.1895 1.1075 1.0711 1.2471 0.9632 0.9405 0.9271 0.9482 0.9369
0.8269 0.9067 0.8933 0.9413 1.0909 1.1226 1.1712 1.1654 1.1937 1.2033 1.1089 0.9858 0.9660 0.8915 0.7718 0.7483
