0.7347 0.7878 0.8496 0.8864 1.0315 1.0891 1.0585 1.1771 1.1442 1.1847 1.0237 0.9960 1.0326 1.0262 0.8554 0.8662
0.8285 0.8440 0.9603 1.0442 1.0888 1.2271 1.2036 0.9682 1.0082 0.9599 1.1057 0.9959 0.9487 0.8582 0.9872 0.7638
0.6557 0.6961 0.9068 0.9172 0.9414 1.0801 1.1190 1.0762 1.0773 1.2451 0.9988 0.9771 0.9037 0.9182 0.9136 0.7263
0.6488 0.7360 0.8535 0.9589 0.9877 1.0727 1.1106 1.0462 0.9791 1.1547 1.1271 0.9659 1.0377 0.8919 0.9323 0.7562
0.7132 0.7620 0.8018 0.9017 1.0000 1.0066 1.0738 1.0563 1.1860 1.2412 1.0470 1.0395 0.9651 1.0421 0.9586 0.8666
0.8281 0.8514 0.8582 0.9446 1.1438 1.0780 1.1673 1.1096 1.1802 1.1265 1.0645 1.0164 0.9811 0.9353 0.8617 0.8596
0.7423 0.8120 0.8537 0.9265 1.0348 1.0370 1.1601 1.1443 1.1099 1.0787 1.0965 1.0528 0.9868 0.9214 0.8354 0.9495
0.8838 0.8017 0.8699 0.9388 1.0000 1.0854 1.1925 1.1028 1.0962 1.0642 1.1409 1.0948 1.0286 0.9284 0.8537 0.9154
0.8106 0.8706 0.8619 0.8536 1.0219 1.0112 1.1301 1.0503 1.0934 1.1145 1.0497 1.0927 0.9780 1.0379 0.9150 0.8392
0.6816 0.7557 0.8463 0.9609 0.9994 1.0085 1.0657 1.1085 0.9709 1.0331 1.1675 0.9716 0.9134 0.9753 1.0073 1.0163
0.7189 0.6502 0.7364 0.8066 0.9435 1.0346 1.1303 1.0244 1.0306 1.0722 1.0179 0.9647 1.0206 0.9864 0.8640 0.9618
0.7450 0.8429 0.9171 0.9894 1.1627 1.1334 1.1316 0.8828 1.0317 1.2362 1.0717 0.9702 0.9441 1.0000 1.0000 0.7087
0.9255 0.8849 0.8984 1.0058 1.1468 1.0951 1.1644 1.0186 1.1315 1.0550 1.0639 1.0323 1.0086 0.8472 0.8435 0.9586
0.8985 0.9077 0.9518 1.0073 0.9945 1.1000 1.1671 1.1251 1.0879 1.0582 1.1661 0.9346 0.9541 1.0000 0.8407 0.8130
0.6639 0.7319 0.8463 0.8956 0.9888 1.1710 1.0843 1.0628 1.0534 1.0801 1.0961 1.1299 0.9994 0.8643 0.8979 0.8243
0.6730 0.7939 0.9216 0.9930 0.9805 1.0413 1.0959 1.0395 1.0838 1.0159 1.0016 1.0575 0.9994 0.9825 0.9172 0.8685
0.8720 0.7710 0.8690 0.8838 1.0307 1.1568 0.9829 1.1828 1.1382 1.1785 1.0511 1.0379 1.1120 0.9362 0.8859 0.9070
0.6937 0.7734 0.7896 0.8162 1.0083 1.0012 1.1226 0.9981 1.0043 1.1067 1.0794 1.0590 1.0200 1.0272 0.8892 0.9096
0.6891 1.0000 0.8882 0.9214 0.9711 1.1205 1.1276 1.0449 1.0847 1.1494 1.0852 0.9061 1.0031 0.9088 0.8888 0.8966
0.8298 0.8081 0.9103 0.8459 1.0346 1.1487 1.0015 1.0746 1.0750 1.1825 1.0482 1.1290 1.0000 0.9682 0.9637 0.9264
0.8778 0.8861 0.8848 0.9474 0.9438 1.0910 1.0705 1.0514 1.0408 0.9667 1.0521 1.1178 1.0157 0.9926 1.0053 0.9583
0.6124 0.7732 0.9140 0.9732 1.0000 1.0544 1.0650 1.0652 1.0372 1.0940 1.0161 1.0667 0.9935 0.9078 1.0000 0.8164
0.8512 0.7901 0.9488 0.9410 1.0620 1.1553 1.1754 0.9470 1.0792 1.1376 1.1604 1.0269 1.0322 0.9323 0.8856 0.8374
0.7598 0.7899 0.8765 0.9483 1.2213 1.0000 1.0758 1.1824 1.1037 1.0599 1.2356 0.9451 0.9278 0.9388 0.9709 0.9664
0.8367 0.9175 0.8799 0.9431 1.0855 1.0961 1.1835 1.1887 1.1839 1.1663 1.1054 0.9798 0.9706 0.8983 0.7857 0.7771
