1.2764 1.1778 1.1443 1.1866 1.0671 1.0234 1.0736 0.9042 1.1427 1.1055 0.9035 0.8223 0.9098 0.7470 0.7730 0.7594
1.0000 0.9795 0.9939 1.2134 1.1451 0.9870 0.9977 0.9949 0.8908 1.0207 0.9675 0.9651 0.9700 1.0384 0.8460 1.0000
1.1946 1.0978 1.0205 1.5255 1.0195 1.0571 1.0000 0.9189 1.0195 1.0665 1.0151 0.8643 0.9877 0.9143 0.8914 0.8915
1.1571 1.0206 1.0551 1.1428 1.0107 1.0747 1.1157 0.9611 1.0387 0.9632 0.9532 0.9357 0.8778 0.8934 0.8722 0.9740
1.4366 1.1013 1.0249 1.0414 0.9275 0.9420 0.9962 0.9774 0.7973 0.8686 1.0580 1.1217 0.9187 1.0051 1.0288 1.2146
1.0020 1.0874 0.9089 0.9900 0.9292 1.0339 1.1195 0.9909 0.8184 1.1470 0.9133 1.0342 0.9779 0.9643 0.9526 1.1383
1.3119 1.1368 1.1230 1.0483 1.0101 0.9098 0.9455 0.8542 0.8897 1.0374 0.9791 0.8698 0.9635 1.0666 1.0000 1.0475
1.0931 1.1989 0.9676 1.0553 1.0494 1.0987 1.0633 1.0551 1.1235 0.9339 0.9333 0.9439 0.8705 0.7789 0.8511 0.9665
0.7150 0.7433 0.9467 0.8175 0.8804 0.9598 0.8592 1.0959 1.0812 0.9435 1.1272 1.0636 1.2009 0.8316 1.2724 1.1020
0.9175 0.8403 0.8348 1.0433 0.9844 1.0018 0.9745 0.9499 0.9005 1.0116 0.9448 1.0028 1.1311 1.0583 1.1717 1.3597
0.6295 0.7785 0.9035 0.8726 0.9029 1.0071 0.9853 1.1432 1.0884 1.0279 0.9139 1.0081 1.0493 1.1212 0.9582 1.0727
1.1523 1.0198 1.0748 1.1492 1.0184 1.0844 1.1564 0.9943 1.0560 0.9475 0.8879 0.9339 0.9047 0.8948 0.9360 0.7860
1.0082 1.0615 1.0707 1.1160 1.0434 0.8847 0.8341 1.2053 0.8539 1.0040 1.0728 0.8330 0.9329 1.0781 0.9643 1.1966
0.9802 0.9008 0.9742 0.7838 0.9052 0.9398 0.8954 1.1032 0.9937 1.0285 1.0419 1.0146 1.1143 1.0216 1.1559 1.1229
1.3488 1.1580 1.0424 1.0049 1.0880 1.0818 1.0682 1.0736 0.9924 0.7680 0.9681 0.9414 0.9308 0.6915 0.6758 0.7341
0.8863 0.9607 1.0879 0.8945 0.8964 1.0579 1.0354 0.9975 1.0000 0.9332 1.0229 0.9183 1.0000 1.0883 1.1370 1.2940
1.0679 0.9415 1.0115 1.0000 0.9487 0.9941 1.0959 0.8784 1.0055 1.0622 1.0494 1.0000 0.9962 0.9595 1.0720 1.1582
1.2849 1.2507 0.9138 1.2276 0.9434 1.0024 1.1329 0.9286 0.8739 1.0000 1.0000 1.0162 1.0000 0.8972 0.9907 1.0032
1.4014 1.0061 1.3634 1.0231 0.8572 1.1530 1.0621 1.0145 1.1102 0.9536 0.8801 0.9730 0.8786 0.8532 0.8516 1.0149
1.0557 1.0621 1.1405 1.1575 1.0022 1.0329 0.9524 0.9724 1.0469 1.2577 0.9536 0.8529 0.8480 0.7688 0.5712 0.5260
1.4395 1.0357 1.0000 1.0216 1.1861 1.0961 0.9779 1.0182 0.9788 0.7948 0.9493 1.1216 0.8852 1.0686 0.9829 0.8824
0.5453 0.6348 0.9583 0.9038 0.9241 1.0145 1.0084 1.0261 0.9823 1.0278 1.0078 1.1615 1.1352 0.9266 0.9645 1.3159
1.1005 0.8977 0.9473 0.8548 0.9066 0.9315 0.9573 1.0121 1.0000 1.2152 0.9811 0.9490 1.0597 1.1959 1.0944 0.9969
0.9615 0.8999 0.7602 0.9579 0.8314 0.9620 0.8809 0.8992 1.1346 1.0152 1.1056 1.1362 1.0882 1.0856 0.5458 1.1888
1.4922 1.2470 1.0823 1.1706 1.1025 1.0544 1.1386 0.9742 0.9735 0.8378 1.0026 0.9069 0.9336 0.8424 0.7665 0.8615
