0.7462 0.8095 0.8899 0.9117 1.0377 1.0757 1.0397 1.1738 1.1299 1.1543 1.0125 0.9805 1.0484 1.0227 0.8623 0.8684
0.8641 0.8702 0.9668 1.0394 1.1020 1.2329 1.2022 0.9548 1.0054 0.9308 1.1051 0.9991 0.9231 0.8413 0.9971 0.7730
0.6616 0.7183 0.9242 0.9307 0.9494 1.0663 1.1241 1.0726 1.0727 1.2011 1.0086 0.9747 0.9067 0.9282 0.9184 0.7319
0.6661 0.7497 0.8651 0.9796 0.9586 1.0835 1.0866 1.0107 0.9715 1.1604 1.1369 0.9724 1.0375 0.9014 0.9536 0.7686
0.7573 0.7921 0.8250 0.9052 1.0000 1.0326 1.0898 1.0396 1.1618 1.2103 1.0275 1.0399 0.9584 1.0500 0.9574 0.8429
0.8488 0.8695 0.8665 0.9537 1.1551 1.0861 1.1853 1.0898 1.1597 1.0882 1.0416 1.0250 0.9904 0.9201 0.8583 0.8627
0.7501 0.8290 0.8671 0.9334 1.0348 1.0455 1.1620 1.1432 1.0887 1.0659 1.0836 1.0353 0.9693 0.9138 0.8459 0.9874
0.9071 0.8107 0.8748 0.9512 1.0000 1.0848 1.1941 1.1157 1.0884 1.0335 1.1378 1.0772 1.0335 0.9262 0.8523 0.9200
0.8243 0.8840 0.8768 0.8921 1.0430 1.0210 1.1370 1.0476 1.0607 1.0965 1.0232 1.0881 0.9763 1.0275 0.9003 0.8444
0.7040 0.7761 0.8709 1.0055 1.0084 1.0354 1.0604 1.1216 0.9748 1.0098 1.1755 0.9359 0.9226 0.9598 1.0050 1.0074
0.7237 0.6671 0.7534 0.8088 0.9535 1.0504 1.1429 1.0302 1.0054 1.0449 1.0134 0.9513 1.0318 0.9831 0.8678 0.9761
0.7427 0.8579 0.9280 0.9816 1.1490 1.1414 1.1223 0.8698 1.0279 1.2284 1.0873 0.9759 0.9542 1.0000 1.0000 0.7066
0.9588 0.9088 0.9209 1.0102 1.1363 1.1034 1.1619 1.0179 1.1065 1.0165 1.0742 1.0200 1.0099 0.8377 0.8302 0.9710
0.9281 0.9172 0.9760 1.0094 0.9975 1.1047 1.1530 1.1147 1.0840 1.0244 1.1548 0.9278 0.9606 1.0000 0.8293 0.8180
0.6683 0.7564 0.8873 0.9039 1.0172 1.1930 1.0873 1.0432 1.0411 1.0421 1.1088 1.1280 1.0045 0.8441 0.8885 0.8131
0.7165 0.8196 0.9373 1.0005 0.9780 1.0346 1.0875 1.0529 1.0677 1.0034 1.0003 1.0627 0.9924 0.9671 0.9370 0.8813
0.8933 0.7746 0.8609 0.8804 1.0397 1.1794 0.9705 1.1653 1.1275 1.1773 1.0316 1.0318 1.1114 0.9334 0.9048 0.9166
0.7088 0.7941 0.7997 0.8266 1.0150 0.9933 1.1119 0.9844 0.9931 1.0988 1.0649 1.0614 1.0197 1.0525 0.9085 0.9266
0.6976 1.0000 0.9189 0.9238 0.9781 1.1355 1.1456 1.0511 1.0625 1.1541 1.0624 0.9010 0.9886 0.8967 0.8884 0.8923
0.8464 0.8283 0.9337 0.8540 1.0618 1.1745 1.0080 1.0608 1.0472 1.1509 1.0278 1.1284 1.0000 0.9657 0.9583 0.9165
0.8896 0.9062 0.8912 0.9618 0.9367 1.1091 1.0605 1.0223 1.0265 0.9589 1.0495 1.1148 0.9971 1.0064 1.0314 0.9482
0.6157 0.7714 0.9155 0.9854 1.0000 1.0654 1.0415 1.0512 1.0299 1.1003 1.0157 1.0600 0.9813 0.9227 1.0000 0.8288
0.8349 0.7848 0.9800 0.9474 1.0559 1.1610 1.1583 0.9320 1.0651 1.1216 1.1583 1.0463 1.0436 0.9336 0.8904 0.8435
0.7876 0.7935 0.8776 0.9438 1.2269 1.0000 1.0593 1.1797 1.0760 1.0373 1.2146 0.9523 0.9390 0.9402 0.9784 0.9883
0.8429 0.9313 0.8958 0.9819 1.1039 1.1279 1.1960 1.1751 1.1623 1.1415 1.0800 0.9689 0.9617 0.8918 0.7811 0.7650
