0.8058 0.8199 0.9059 0.9224 1.0125 1.0513 1.0205 1.1329 1.1487 1.1606 1.0262 0.9443 1.1170 1.0760 0.9188 0.9313
0.8898 0.8949 1.0050 1.0651 1.1034 1.2184 1.1903 0.9352 0.9812 0.9225 1.0753 1.0318 0.9611 0.8594 0.9880 0.7866
0.6706 0.7396 0.9201 0.9476 0.9557 1.0735 1.1337 1.0695 1.0805 1.2311 1.0163 1.0048 0.9358 0.9499 0.9160 0.7334
0.6963 0.7462 0.8634 0.9495 0.9323 1.0650 1.0943 1.0204 0.9653 1.1866 1.1272 1.0086 1.0782 0.9290 0.9805 0.7649
0.7732 0.8754 0.8285 0.8939 1.0000 1.0430 1.0904 1.0716 1.1625 1.2105 1.0360 1.0500 1.0249 1.0595 0.9679 0.8300
0.8745 0.8891 0.8932 0.9619 1.1207 1.0703 1.1471 1.0672 1.1643 1.1068 1.0673 1.0045 0.9908 0.9387 0.8699 0.8312
0.7508 0.8346 0.8841 0.9450 1.0020 1.0344 1.1297 1.1295 1.0899 1.1050 1.1024 1.0615 0.9788 0.8978 0.8327 0.9759
0.8965 0.8156 0.8770 0.9260 1.0000 1.0824 1.1951 1.0848 1.1049 1.0593 1.1519 1.0825 1.0461 0.9334 0.8484 0.9058
0.8244 0.8922 0.8650 0.8852 1.0000 1.0200 1.1600 1.0395 1.0704 1.1416 1.0454 1.1012 1.0051 1.0455 0.9003 0.8487
0.7190 0.8144 0.9236 1.0402 1.0039 1.0620 1.0655 1.1582 0.9892 1.0355 1.1523 0.9180 0.9059 0.9542 0.9831 0.9400
0.7677 0.7315 0.8099 0.8570 0.9826 1.0863 1.1635 1.0682 1.0590 1.1048 1.0582 1.0239 1.0820 1.0189 0.8989 0.9537
0.7564 0.8657 0.8953 0.9893 1.1651 1.0996 1.1295 0.8493 1.0072 1.2183 1.0693 0.9878 0.9646 1.0000 1.0000 0.6627
0.9353 0.8696 0.9287 0.9954 1.1150 1.0922 1.1037 0.9725 1.0971 0.9701 1.0720 0.9926 0.9914 0.8083 0.7985 0.9387
0.9036 0.9207 0.9373 1.0188 0.9749 1.0793 1.1281 1.1030 1.0750 1.0410 1.1264 0.9282 0.9456 1.0000 0.8209 0.7868
0.6922 0.7830 0.8851 0.9140 1.0027 1.1740 1.1081 1.0775 1.0745 1.0565 1.0965 1.1613 1.0347 0.8408 0.8870 0.7366
0.7591 0.8594 0.9495 0.9985 0.9712 1.0299 1.0855 1.0283 1.0529 0.9991 1.0248 1.0951 1.0093 0.9684 0.9273 0.8780
0.8906 0.7846 0.9071 0.8875 1.0504 1.1466 0.9642 1.1216 1.1032 1.1873 1.0237 1.0446 1.1165 0.9336 0.8990 0.9091
0.7215 0.8200 0.8327 0.8408 1.0114 1.0143 1.1344 1.0252 1.0205 1.1201 1.1101 1.0504 1.0353 1.0446 0.9533 0.9442
0.7081 1.0000 0.9069 0.8961 0.9514 1.1417 1.1341 1.0643 1.0387 1.1589 1.0846 0.9124 0.9778 0.9108 0.9039 0.9060
0.8954 0.8744 0.9902 0.8873 1.0502 1.1732 1.0144 1.1047 1.0870 1.2021 1.0057 1.1101 1.0000 0.9301 0.8756 0.7844
0.8881 0.8827 0.9068 0.9721 0.9319 1.0784 1.0537 1.0507 1.0443 0.9603 1.0610 1.1226 1.0576 1.0183 1.0245 0.9035
0.6086 0.7549 0.8965 0.9636 1.0000 1.0095 1.0181 1.0090 0.9915 1.0885 1.0217 1.0752 1.0041 0.9208 1.0000 0.7868
0.8516 0.7912 1.0015 0.9543 1.0838 1.1290 1.1503 0.9400 1.0665 1.1354 1.1459 1.0324 1.0767 0.9261 0.8860 0.8378
0.7694 0.7906 0.8762 0.9096 1.1711 1.0000 1.0504 1.2052 1.1143 1.0197 1.2275 0.9569 0.9595 0.9473 1.0212 0.9760
0.8572 0.9335 0.8852 0.9964 1.0875 1.1172 1.1743 1.1952 1.1442 1.1499 1.0590 0.9443 0.9453 0.8456 0.6903 0.6351
