0.7394 0.7958 0.8681 0.8888 1.0330 1.0798 1.0487 1.1718 1.1443 1.1727 1.0189 0.9970 1.0437 1.0231 0.8655 0.8672
0.8522 0.8577 0.9764 1.0399 1.0961 1.2401 1.2208 0.9646 1.0078 0.9316 1.0976 0.9928 0.9252 0.8447 0.9817 0.7626
0.6555 0.7142 0.9186 0.9345 0.9610 1.0842 1.1249 1.0735 1.0680 1.2233 0.9974 0.9692 0.9052 0.9113 0.9051 0.7191
0.6679 0.7476 0.8547 0.9750 0.9780 1.0916 1.0994 1.0197 0.9773 1.1609 1.1274 0.9705 1.0354 0.8948 0.9412 0.7568
0.7318 0.7756 0.8180 0.9088 1.0000 1.0364 1.1134 1.0590 1.1764 1.2108 1.0228 1.0399 0.9624 1.0347 0.9558 0.8383
0.8426 0.8698 0.8636 0.9477 1.1398 1.0921 1.1893 1.0959 1.1655 1.0981 1.0430 1.0290 0.9805 0.9326 0.8572 0.8599
0.7577 0.8058 0.8657 0.9352 1.0375 1.0259 1.1518 1.1616 1.0973 1.0744 1.0862 1.0517 0.9930 0.9167 0.8450 0.9548
0.8968 0.8058 0.8727 0.9488 1.0000 1.0977 1.1941 1.0955 1.0819 1.0567 1.1491 1.0891 1.0314 0.9174 0.8501 0.9169
0.8139 0.8629 0.8602 0.8750 1.0192 1.0227 1.1448 1.0551 1.0736 1.1083 1.0424 1.0975 0.9815 1.0201 0.9116 0.8425
0.6915 0.7595 0.8624 0.9677 1.0177 1.0276 1.0582 1.1135 0.9892 1.0331 1.1716 0.9434 0.9148 0.9591 1.0074 1.0078
0.7220 0.6590 0.7466 0.8018 0.9462 1.0510 1.1525 1.0296 1.0053 1.0544 1.0220 0.9616 1.0230 0.9789 0.8536 0.9733
0.7495 0.8477 0.9172 0.9918 1.1671 1.1543 1.1444 0.8816 1.0189 1.2314 1.0657 0.9534 0.9400 1.0000 1.0000 0.6909
0.9330 0.9057 0.9096 1.0116 1.1358 1.1090 1.1631 1.0181 1.1170 1.0276 1.0683 1.0230 0.9932 0.8528 0.8352 0.9770
0.9109 0.9066 0.9707 1.0199 0.9871 1.0934 1.1639 1.1383 1.0872 1.0367 1.1453 0.9444 0.9537 1.0000 0.8471 0.7916
0.6864 0.7495 0.8713 0.9074 1.0020 1.1988 1.0949 1.0528 1.0421 1.0560 1.0969 1.1171 0.9883 0.8527 0.8999 0.8192
0.7027 0.8095 0.9165 1.0010 0.9816 1.0405 1.0853 1.0539 1.0864 0.9996 1.0009 1.0700 1.0037 0.9718 0.9218 0.8669
0.8810 0.7612 0.8726 0.8828 1.0323 1.1731 0.9942 1.1718 1.1372 1.1730 1.0592 1.0313 1.1052 0.9253 0.8845 0.9173
0.6948 0.7820 0.7979 0.8271 1.0032 0.9883 1.1265 1.0028 0.9896 1.1077 1.0892 1.0663 1.0230 1.0234 0.8918 0.9137
0.6823 1.0000 0.8996 0.9195 0.9882 1.1370 1.1220 1.0450 1.0607 1.1720 1.0847 0.9111 0.9907 0.8842 0.8794 0.9052
0.8292 0.8197 0.9201 0.8354 1.0425 1.1506 1.0245 1.0753 1.0551 1.1677 1.0475 1.1255 1.0000 0.9702 0.9731 0.9293
0.8839 0.8903 0.8907 0.9464 0.9359 1.1022 1.0680 1.0511 1.0500 0.9602 1.0544 1.1144 1.0024 0.9899 1.0161 0.9502
0.6321 0.7718 0.9177 0.9884 1.0000 1.0633 1.0541 1.0600 1.0232 1.1029 1.0075 1.0542 0.9873 0.9181 1.0000 0.8201
0.8453 0.7859 0.9692 0.9379 1.0547 1.1644 1.1612 0.9380 1.0739 1.1404 1.1556 1.0318 1.0447 0.9380 0.8795 0.8455
0.7713 0.7845 0.8640 0.9469 1.2277 1.0000 1.0793 1.1765 1.1044 1.0528 1.2249 0.9423 0.9468 0.9429 0.9693 0.9653
0.8429 0.9284 0.8813 0.9666 1.0904 1.1052 1.1814 1.1855 1.1801 1.1642 1.0886 0.9692 0.9634 0.8957 0.7762 0.7755
