0.7245 0.7732 0.8584 0.8912 1.0025 1.0828 1.0455 1.1779 1.1710 1.1746 1.0251 1.0155 1.0341 1.0271 0.8723 0.8701
0.8273 0.8279 0.9442 1.0387 1.0828 1.2241 1.2078 0.9708 1.0286 0.9631 1.1024 1.0048 0.9318 0.8686 1.0091 0.7704
0.6384 0.6938 0.9028 0.9017 0.9463 1.0825 1.1313 1.0780 1.0778 1.2444 1.0070 0.9579 0.9060 0.9266 0.9060 0.7323
0.6543 0.7300 0.8459 0.9441 0.9675 1.0686 1.1136 1.0484 1.0039 1.1711 1.1261 0.9672 1.0382 0.8920 0.9335 0.7599
0.6971 0.7447 0.7818 0.8961 1.0000 1.0038 1.0557 1.0698 1.1897 1.2338 1.0430 1.0339 0.9745 1.0528 0.9569 0.8658
0.8162 0.8388 0.8503 0.9392 1.1353 1.0833 1.1910 1.0961 1.1798 1.1347 1.0613 1.0193 0.9820 0.9251 0.8712 0.8677
0.7515 0.8228 0.8650 0.9290 1.0278 1.0326 1.1528 1.1660 1.1023 1.0813 1.0907 1.0396 0.9781 0.9274 0.8322 0.9510
0.8647 0.8041 0.8551 0.9268 1.0000 1.0876 1.1852 1.1135 1.1052 1.0807 1.1521 1.0949 1.0279 0.9377 0.8486 0.9219
0.8075 0.8671 0.8646 0.8647 1.0055 1.0176 1.1223 1.0355 1.1044 1.1213 1.0552 1.0983 0.9864 1.0414 0.8978 0.8551
0.6870 0.7413 0.8561 0.9383 0.9903 1.0053 1.0559 1.1170 0.9936 1.0485 1.1888 0.9772 0.9205 0.9810 0.9959 1.0097
0.7067 0.6339 0.7263 0.7939 0.9412 1.0326 1.1267 1.0387 1.0308 1.0786 1.0265 0.9632 1.0157 0.9790 0.8771 0.9501
0.7328 0.8265 0.9055 0.9734 1.1613 1.1414 1.1333 0.8907 1.0438 1.2411 1.0877 0.9787 0.9470 1.0000 1.0000 0.6902
0.9226 0.8777 0.8961 1.0098 1.1497 1.1033 1.1715 1.0286 1.1171 1.0567 1.0795 1.0213 1.0055 0.8469 0.8301 0.9556
0.8834 0.9004 0.9609 1.0111 0.9902 1.1122 1.1740 1.1357 1.1088 1.0624 1.1603 0.9257 0.9352 1.0000 0.8356 0.8047
0.6739 0.7397 0.8403 0.8815 0.9786 1.1768 1.0743 1.0426 1.0720 1.0814 1.0994 1.1223 1.0015 0.8862 0.9141 0.8404
0.6648 0.7917 0.9122 0.9985 0.9717 1.0338 1.1038 1.0372 1.0903 0.9962 1.0141 1.0606 1.0052 0.9638 0.9299 0.8788
0.8751 0.7794 0.8684 0.8803 1.0279 1.1544 0.9923 1.1729 1.1520 1.1921 1.0587 1.0273 1.0914 0.9335 0.8909 0.9072
0.6995 0.7609 0.7850 0.8093 1.0076 1.0031 1.1259 0.9883 0.9914 1.0955 1.0986 1.0620 1.0330 1.0424 0.8797 0.9153
0.6824 1.0000 0.8927 0.9082 0.9757 1.1218 1.1171 1.0719 1.0843 1.1793 1.0761 0.9057 0.9893 0.9124 0.8702 0.8987
0.8363 0.7968 0.9122 0.8430 1.0420 1.1379 1.0097 1.0824 1.0636 1.1815 1.0478 1.1229 1.0000 0.9814 0.9652 0.9270
0.8515 0.8686 0.8800 0.9715 0.9363 1.0958 1.0755 1.0496 1.0532 0.9795 1.0608 1.1214 1.0002 0.9805 1.0033 0.9514
0.6284 0.7752 0.9088 0.9859 1.0000 1.0697 1.0515 1.0592 1.0461 1.1043 1.0255 1.0552 0.9869 0.9105 1.0000 0.7971
0.8497 0.7812 0.9475 0.9517 1.0640 1.1640 1.1655 0.9706 1.0834 1.1369 1.1533 1.0148 1.0228 0.9242 0.8982 0.8320
0.7578 0.7748 0.8532 0.9359 1.2115 1.0000 1.0936 1.1801 1.1100 1.0657 1.2542 0.9473 0.9486 0.9345 0.9630 0.9630
0.8175 0.9183 0.8782 0.9663 1.0848 1.1084 1.1761 1.1872 1.2036 1.1961 1.1023 0.9862 0.9548 0.9013 0.7737 0.7443
