0.7543 0.8060 0.8843 0.9092 1.0377 1.0849 1.0593 1.1718 1.1357 1.1446 1.0248 0.9733 1.0430 1.0082 0.8644 0.8703
0.8704 0.8807 0.9775 1.0439 1.1121 1.2545 1.2075 0.9331 1.0031 0.9112 1.0772 0.9902 0.9249 0.8444 1.0006 0.7780
0.6696 0.7233 0.9371 0.9252 0.9584 1.0846 1.1279 1.0679 1.0647 1.2141 1.0082 0.9681 0.8943 0.9193 0.9078 0.7381
0.6884 0.7486 0.8772 0.9726 0.9628 1.0925 1.0948 1.0209 0.9829 1.1434 1.1296 0.9794 1.0298 0.9007 0.9324 0.7650
0.7601 0.8069 0.8274 0.9199 1.0000 1.0357 1.0806 1.0397 1.1467 1.2056 1.0299 1.0286 0.9624 1.0363 0.9651 0.8553
0.8548 0.8790 0.8739 0.9641 1.1483 1.0931 1.1789 1.0985 1.1748 1.0840 1.0454 1.0135 0.9801 0.9079 0.8610 0.8427
0.7448 0.8380 0.8778 0.9475 1.0501 1.0586 1.1387 1.1541 1.0876 1.0562 1.0753 1.0375 0.9731 0.9142 0.8286 0.9615
0.8992 0.8088 0.8741 0.9423 1.0000 1.0879 1.1964 1.1115 1.0893 1.0336 1.1385 1.0788 1.0258 0.9299 0.8552 0.9250
0.8172 0.8843 0.8878 0.8933 1.0342 1.0289 1.1323 1.0395 1.0687 1.1056 1.0244 1.0709 0.9779 1.0261 0.8987 0.8481
0.6958 0.7693 0.8782 1.0014 1.0141 1.0241 1.0609 1.1047 0.9785 1.0005 1.1708 0.9568 0.9141 0.9675 0.9943 1.0183
0.7279 0.6660 0.7605 0.8188 0.9627 1.0496 1.1476 1.0376 0.9962 1.0449 1.0026 0.9566 1.0236 0.9871 0.8698 0.9794
0.7546 0.8562 0.9152 0.9783 1.1666 1.1447 1.1166 0.8640 1.0403 1.2236 1.0804 0.9728 0.9495 1.0000 1.0000 0.7168
0.9679 0.9031 0.9153 1.0325 1.1432 1.1030 1.1507 1.0009 1.1132 1.0327 1.0566 1.0217 0.9950 0.8313 0.8353 0.9796
0.9319 0.9280 0.9692 1.0223 1.0053 1.1031 1.1532 1.1196 1.0666 1.0332 1.1433 0.9289 0.9571 1.0000 0.8201 0.8147
0.6828 0.7577 0.8839 0.9026 1.0250 1.1963 1.1070 1.0554 1.0348 1.0407 1.1002 1.1201 1.0039 0.8447 0.8831 0.8057
0.7376 0.8416 0.9388 1.0012 0.9929 1.0267 1.0755 1.0466 1.0582 0.9965 1.0084 1.0724 0.9969 0.9808 0.9282 0.8731
0.9024 0.7679 0.8777 0.8923 1.0404 1.1866 0.9729 1.1574 1.1308 1.1630 1.0274 1.0339 1.1080 0.9268 0.8913 0.9204
0.7080 0.8053 0.8055 0.8310 1.0180 0.9968 1.1205 0.9929 0.9986 1.1068 1.0689 1.0512 1.0129 1.0301 0.8952 0.9223
0.7034 1.0000 0.9198 0.9310 0.9808 1.1518 1.1401 1.0456 1.0537 1.1439 1.0711 0.9025 0.9794 0.8952 0.8846 0.8983
0.8481 0.8345 0.9484 0.8522 1.0569 1.1528 0.9954 1.0688 1.0346 1.1541 1.0242 1.1223 1.0000 0.9642 0.9678 0.9322
0.8818 0.8980 0.8915 0.9694 0.9396 1.0976 1.0526 1.0194 1.0197 0.9680 1.0477 1.1171 1.0118 1.0014 1.0216 0.9724
0.6284 0.7634 0.9108 0.9862 1.0000 1.0571 1.0572 1.0495 1.0217 1.0870 1.0238 1.0719 0.9873 0.9197 1.0000 0.8274
0.8381 0.7824 0.9803 0.9498 1.0578 1.1604 1.1576 0.9247 1.0603 1.1308 1.1396 1.0505 1.0391 0.9427 0.8942 0.8468
0.7780 0.8031 0.8790 0.9504 1.2276 1.0000 1.0721 1.1832 1.0855 1.0401 1.2085 0.9422 0.9356 0.9354 0.9838 0.9779
0.8427 0.9356 0.9009 0.9882 1.0998 1.1187 1.1831 1.1776 1.1613 1.1481 1.0587 0.9726 0.9580 0.8974 0.7775 0.7804
