0.8158 0.8350 0.9116 0.9322 1.0217 1.0757 1.0418 1.1480 1.1533 1.1607 1.0304 0.9197 1.1052 1.0526 0.9030 0.9050
0.9170 0.9150 1.0211 1.0784 1.1282 1.2211 1.1913 0.9124 0.9687 0.9015 1.0776 1.0186 0.9524 0.8476 0.9731 0.7690
0.6824 0.7721 0.9379 0.9663 0.9898 1.0906 1.1254 1.0776 1.0801 1.2269 1.0109 0.9740 0.9199 0.9316 0.9027 0.7188
0.7123 0.7720 0.8872 0.9597 0.9558 1.0925 1.0984 1.0186 0.9638 1.1634 1.1281 0.9942 1.0499 0.9173 0.9469 0.7461
0.8238 0.9128 0.8986 0.9120 1.0000 1.0897 1.1142 1.0622 1.1319 1.2104 1.0014 1.0393 0.9713 1.0304 0.9339 0.7881
0.8749 0.9096 0.9239 0.9677 1.1255 1.0992 1.1460 1.0612 1.1471 1.1075 1.0584 0.9966 0.9611 0.9357 0.8491 0.8398
0.7736 0.8477 0.9052 0.9745 1.0248 1.0457 1.1247 1.1150 1.1029 1.1006 1.0895 1.0734 0.9799 0.8741 0.8222 0.9309
0.9243 0.8298 0.8911 0.9539 1.0000 1.1078 1.1764 1.0606 1.1140 1.0750 1.1488 1.0513 1.0254 0.9147 0.8197 0.8999
0.8453 0.9143 0.8643 0.8969 1.0188 1.0296 1.1713 1.0358 1.0860 1.1266 1.0531 1.0761 0.9940 1.0167 0.8815 0.8308
0.7307 0.8323 0.9337 1.0474 1.0220 1.0716 1.0722 1.1346 0.9981 1.0334 1.1363 0.9170 0.9039 0.9547 0.9763 0.9469
0.7827 0.7370 0.8220 0.8704 0.9877 1.1003 1.1741 1.0727 1.0632 1.1202 1.0484 1.0112 1.0681 1.0057 0.8830 0.9057
0.7940 0.8653 0.9046 0.9963 1.1713 1.1050 1.1254 0.8537 0.9971 1.2159 1.0704 0.9761 0.9341 1.0000 1.0000 0.6427
0.9315 0.8596 0.9308 0.9969 1.1196 1.0867 1.1080 0.9633 1.1038 1.0004 1.0653 0.9881 0.9926 0.8232 0.7806 0.9255
0.9311 0.9306 0.9408 1.0240 0.9865 1.0885 1.1253 1.0892 1.0718 1.0401 1.1061 0.9234 0.9294 1.0000 0.8192 0.7807
0.6973 0.7959 0.8824 0.9315 1.0233 1.1808 1.1052 1.0830 1.0672 1.0469 1.1026 1.1454 1.0212 0.8232 0.8907 0.7589
0.7816 0.8701 0.9418 1.0032 0.9741 1.0402 1.0970 1.0294 1.0471 1.0273 1.0241 1.0748 0.9933 0.9660 0.9135 0.8534
0.8972 0.7838 0.9050 0.8865 1.0631 1.1813 0.9687 1.1369 1.0947 1.1923 1.0150 1.0585 1.1092 0.9191 0.8799 0.8955
0.7112 0.8365 0.8403 0.8558 1.0312 1.0196 1.1275 1.0291 1.0370 1.1270 1.0970 1.0571 1.0154 1.0143 0.9487 0.9380
0.7326 1.0000 0.9253 0.9076 0.9854 1.1449 1.1270 1.0582 1.0568 1.1439 1.0862 0.9137 0.9788 0.8911 0.8998 0.8927
0.8905 0.9023 1.0018 0.8950 1.0864 1.2022 1.0056 1.0866 1.0882 1.1773 0.9893 1.1049 1.0000 0.9078 0.8903 0.7903
0.9058 0.9003 0.9155 0.9783 0.9509 1.0915 1.0573 1.0552 1.0266 0.9530 1.0524 1.1054 1.0406 1.0186 1.0149 0.8887
0.6225 0.7658 0.9042 0.9751 1.0000 1.0181 1.0104 1.0184 1.0095 1.0729 1.0110 1.0709 0.9952 0.9191 1.0000 0.7821
0.8450 0.7952 1.0018 0.9867 1.0945 1.1430 1.1524 0.9304 1.0770 1.1637 1.1358 1.0328 1.0738 0.9114 0.8742 0.8072
0.7952 0.8048 0.9001 0.9522 1.1905 1.0000 1.0561 1.1906 1.1154 1.0093 1.2120 0.9399 0.9532 0.9244 1.0022 0.9614
0.8581 0.9182 0.8815 0.9800 1.1116 1.1178 1.1723 1.1764 1.1384 1.1383 1.0729 0.9641 0.9460 0.8520 0.7048 0.6596
