1.2707 1.1529 1.1382 1.1791 1.0247 0.9650 1.0846 0.8613 1.1428 1.1245 0.9082 0.8432 0.9427 0.7706 0.7715 0.8010
1.0000 1.0349 0.9942 1.2235 1.1330 1.0139 1.0189 0.9914 0.9184 0.9974 0.9715 0.9273 0.9370 1.0032 0.8395 1.0000
1.1868 1.0415 1.0128 1.5150 1.0193 1.0569 1.0000 0.9521 1.0242 1.0577 1.0444 0.8851 0.9537 0.9330 0.9040 0.9200
1.1648 1.0086 1.0752 1.1544 1.0031 1.0588 1.1345 0.9622 1.0161 0.9453 0.9501 0.9705 0.8937 0.8998 0.8555 0.9514
1.4300 1.1114 0.9912 1.0423 0.9198 0.9458 1.0179 0.9791 0.8040 0.8814 0.9847 1.1172 0.9148 1.0512 1.0876 1.2635
1.0003 1.0785 0.9027 1.0169 0.9440 1.0943 1.1184 1.0084 0.8418 1.1479 0.8964 1.0055 0.9557 0.9426 0.9750 1.0982
1.2840 1.1154 1.1091 1.0456 1.0048 0.8946 0.9962 0.8932 0.8649 1.0277 0.9949 0.8554 0.9899 1.0830 1.0000 1.0255
1.1134 1.2439 0.9703 1.0944 1.0634 1.1017 1.1141 1.0562 1.1198 0.9120 0.9647 0.8620 0.8449 0.7624 0.8449 0.9212
0.7334 0.7642 0.9529 0.8142 0.8726 0.9665 0.8691 1.0849 1.0996 0.9636 1.1101 1.0425 1.1941 0.8263 1.2482 1.0816
0.8956 0.8601 0.8130 1.0597 0.9630 1.0011 1.0046 0.9647 0.9179 1.0068 0.9532 1.0110 1.1400 1.0516 1.1770 1.3521
0.6300 0.7709 0.8839 0.8733 0.9077 1.0244 0.9853 1.1224 1.0711 1.0097 0.9435 0.9754 1.0874 1.1150 0.9650 1.0484
1.1603 1.0429 1.1085 1.1600 1.0195 1.1018 1.1617 0.9810 0.9979 0.9161 0.8910 0.9114 0.9304 0.8774 0.9438 0.7829
0.9753 1.0279 1.0254 1.1107 1.0353 0.8864 0.8231 1.1895 0.9149 1.0092 1.1072 0.8405 0.9582 1.0844 0.9857 1.2208
1.0199 0.9379 0.9798 0.7948 0.8892 0.9309 0.9103 1.0925 1.0013 1.0053 1.0491 0.9852 1.0963 1.0176 1.1365 1.0881
1.3328 1.1342 0.9927 1.0101 1.0778 1.1311 1.0964 1.0864 0.9640 0.7956 0.9215 0.9555 0.9446 0.7083 0.6723 0.7086
0.8849 0.9206 1.0760 0.8835 0.8800 1.0403 1.0218 1.0242 1.0000 0.9076 1.0211 0.9287 1.0000 1.1220 1.1720 1.3286
0.9844 0.9341 0.9843 1.0000 0.9199 0.9711 1.0791 0.9114 1.0323 1.0907 1.0728 1.0259 1.0028 0.9818 1.0893 1.1996
1.3170 1.2896 0.9019 1.2645 0.9161 0.9930 1.1515 0.8911 0.8680 1.0000 1.0000 0.9738 1.0000 0.8975 0.9933 1.0348
1.3621 1.0041 1.3523 1.0338 0.8701 1.1524 1.0763 1.0227 1.1019 0.9616 0.9019 0.9586 0.8750 0.8362 0.8202 1.0373
1.0656 1.0472 1.1247 1.1774 0.9731 1.0111 0.9728 0.9831 1.0563 1.1270 0.9614 0.8658 0.8544 0.8029 0.5770 0.5405
1.4493 1.0433 1.0000 1.0456 1.1849 1.1149 0.9362 0.9768 0.9664 0.8194 0.9251 1.1485 0.9086 1.0860 1.0145 0.8833
0.5303 0.6451 0.9549 0.9218 0.8917 0.9989 1.0139 1.0501 1.0258 0.9831 1.0330 1.1363 1.1373 0.9401 0.9464 1.2445
1.0803 0.8867 0.9605 0.8492 0.9005 0.9429 0.9314 1.0083 1.0000 1.2020 0.9845 0.9651 1.0761 1.2177 1.1044 1.0180
0.9586 0.8939 0.8214 0.9764 0.8562 0.9914 0.8660 0.9037 1.1500 0.9997 1.0797 1.1234 1.0591 1.0381 0.5458 1.2009
1.4945 1.1530 1.0876 1.1857 1.1011 1.1187 1.1709 0.9872 1.0243 0.8125 1.0050 0.8863 0.9683 0.7749 0.8109 0.8560
