1.3115 1.1942 1.0722 1.0868 0.9969 0.9857 1.0801 0.8971 1.1290 1.1313 0.8519 0.8255 0.9436 0.8180 0.8044 0.8874
1.0000 1.0780 1.2271 1.2607 1.1421 1.0088 1.0754 0.9847 0.8819 0.9428 0.8918 0.8940 0.8740 0.9258 0.8220 1.0000
1.0776 0.9439 0.9242 1.2836 0.8817 1.0023 1.0000 0.9509 0.9680 1.0415 0.9976 0.9259 1.0324 1.0527 1.0500 1.1298
1.2717 1.1665 1.1073 1.1405 1.0048 1.0581 1.0936 0.9132 0.9895 0.9149 0.9222 0.9523 0.8469 0.9340 0.8021 0.9685
1.3309 1.0151 0.9429 1.0558 0.9451 0.9426 0.9699 0.9136 0.9113 1.0178 0.9469 1.0955 0.9224 1.1086 1.0690 1.3010
1.1759 1.0922 0.9880 1.1055 0.9777 1.0574 1.0608 0.9768 0.8885 1.0431 0.9461 0.9025 0.8920 0.8777 0.9998 1.0116
1.2387 1.1082 1.0630 0.9931 0.9498 0.9295 0.9934 0.9458 0.9009 1.0492 0.9772 0.8531 0.9786 1.0811 1.0000 1.0543
1.3377 1.2054 1.1104 1.0821 1.1062 1.0848 1.0588 1.0055 1.1110 0.9023 0.9024 0.8516 0.8294 0.7651 0.8014 0.8546
0.6783 0.7308 0.9028 0.7610 0.9109 0.9590 0.8192 1.0690 1.0573 0.9205 1.0573 1.0209 1.2343 0.9882 1.2317 1.1582
1.0823 0.9503 0.9483 1.1070 0.9841 0.9784 0.9695 1.1119 0.9069 0.9146 0.9239 0.8972 1.0345 1.0028 1.1037 1.1811
0.6580 0.7438 0.8886 0.8417 0.9432 0.9931 0.9451 1.0075 0.9690 0.9787 1.0663 0.9496 1.1353 1.1149 1.0055 1.2134
1.2507 1.1198 1.1661 1.1815 1.0647 1.1034 1.1149 0.9563 1.0028 0.8671 0.8594 0.8902 0.8613 0.8495 0.8849 0.8398
0.9839 0.8675 0.8542 0.9596 0.9042 0.8833 0.8104 1.1473 0.9213 1.0438 1.1724 0.9492 1.0721 1.2020 1.1238 1.4835
1.1035 1.0366 1.0945 0.9215 0.8661 0.9762 1.0069 1.0637 0.9773 0.9248 0.9777 0.9030 1.0190 0.9128 1.0744 1.1001
1.2747 1.1759 0.9759 0.9649 1.0634 1.0559 1.0063 1.0562 1.0138 0.8573 0.9473 0.9312 0.9256 0.7697 0.7629 0.8753
0.9774 0.9672 1.0412 0.8866 0.9628 1.0465 0.9950 1.0021 1.0000 0.9088 0.9691 1.0301 1.0000 1.0453 1.0652 1.2135
0.9502 0.9223 0.9376 1.0000 0.9812 0.9470 1.0658 1.0209 0.9931 1.0360 1.0670 0.9905 1.0381 1.0403 1.2314 1.2988
1.4168 1.3445 1.0033 1.2338 0.9698 0.9782 1.1388 0.9700 0.8876 1.0000 1.0000 0.9139 1.0000 0.8660 0.9279 0.9430
1.4495 1.0058 1.2142 0.9208 0.8113 1.1300 1.0242 0.9690 1.0888 1.0085 0.9179 0.9875 0.9020 0.8937 0.9624 1.1237
1.1277 1.1067 1.1702 1.1851 0.9818 1.0334 0.9523 0.9382 1.0237 1.0678 0.9206 0.8193 0.8081 0.7700 0.5534 0.5133
1.3571 0.9707 1.0000 0.9245 1.1298 1.0637 0.8935 1.0228 0.9778 0.9611 0.9475 1.1042 0.9204 1.0816 1.0260 1.0466
0.6492 0.7213 0.9879 1.0033 1.0295 1.0170 0.9994 0.9653 0.9525 1.0956 0.9615 1.0148 1.0551 0.9373 0.9826 1.2563
1.0182 0.8569 0.9055 0.9445 0.8665 0.9175 0.8879 0.9461 1.0000 1.1362 0.9476 0.9424 1.1458 1.2408 1.2811 1.4770
1.0378 1.0504 0.8700 1.0152 0.8815 0.9822 0.9006 0.9641 1.0954 0.9387 1.0158 1.0516 0.9788 1.0635 0.5458 1.0895
1.2640 1.0829 0.9836 1.0611 1.0771 1.0540 1.0997 1.0066 1.0193 0.8774 1.0324 0.9141 0.9842 0.8883 0.8692 0.9523
