1.3488 1.1861 1.0551 1.0830 0.9861 0.9472 1.0671 0.9077 1.1031 1.1447 0.8593 0.8399 0.9214 0.8274 0.7920 0.9323
1.0000 1.0909 1.3215 1.2776 1.1368 1.0084 1.1021 0.9706 0.8873 0.9257 0.8679 0.8637 0.8659 0.8786 0.8167 1.0000
1.0693 0.9123 0.9229 1.2054 0.8465 0.9678 1.0000 0.9519 0.9569 1.0527 0.9583 0.9346 1.0387 1.1680 1.0616 1.2984
1.3373 1.2024 1.1711 1.1456 1.0040 1.0610 1.0859 0.8999 0.9459 0.8667 0.9030 0.9461 0.8028 0.9464 0.8033 0.9916
1.2515 0.9674 0.9093 1.0261 0.9938 0.9996 0.9879 0.8948 0.9905 1.0641 0.9767 1.0880 0.8839 1.0771 1.0359 1.2959
1.1988 1.0865 0.9988 1.1198 0.9974 1.0805 1.0699 0.9748 0.9169 1.0208 0.9854 0.8675 0.8896 0.8497 0.9934 0.9505
1.1815 1.0806 1.0440 0.9923 0.9369 0.9570 1.0387 0.9831 0.9092 1.0475 0.9828 0.8382 0.9753 1.0347 1.0000 1.0503
1.3471 1.2397 1.1574 1.0782 1.1078 1.0781 1.0693 1.0071 1.1019 0.9182 0.9133 0.8276 0.8142 0.7783 0.7594 0.8203
0.6503 0.7046 0.8681 0.7437 0.9390 0.9639 0.8362 1.0321 1.0242 0.9131 1.0533 1.0036 1.2185 1.0161 1.2172 1.2580
1.1631 1.0149 0.9996 1.1162 1.0157 0.9687 0.9524 1.1577 0.8774 0.8892 0.9136 0.8844 0.9977 0.9453 1.0709 1.0653
0.6657 0.7318 0.8814 0.8079 0.9538 0.9689 0.8973 1.0696 1.0152 0.9412 1.0647 0.9140 1.2212 1.0994 0.9524 1.3208
1.2578 1.1151 1.1729 1.1971 1.0864 1.1047 1.1468 0.9656 1.0005 0.9143 0.8547 0.8960 0.8657 0.7968 0.8388 0.7863
0.9887 0.8276 0.8103 0.9100 0.8715 0.9181 0.8238 1.0374 0.9399 1.1381 1.2031 1.0224 1.1011 1.1735 1.1374 1.5211
1.1988 1.0912 1.1259 1.0459 0.8617 1.0012 1.0253 1.0443 0.9618 0.8972 0.9388 0.8895 0.9777 0.8675 0.9939 1.0566
1.1947 1.1751 0.9332 0.9143 1.0366 1.0464 0.9741 1.0636 1.0061 0.9211 0.9610 0.9747 0.9579 0.8110 0.7790 0.9315
1.0371 0.9452 1.0593 0.8907 0.9834 1.0568 0.9606 0.9852 1.0000 0.9042 0.9410 1.1140 1.0000 1.0084 0.9982 1.1712
0.9712 0.9391 0.9345 1.0000 0.9810 0.9414 1.0362 1.0956 1.0095 1.0131 1.0374 1.0097 1.0043 1.0496 1.2253 1.2534
1.4795 1.3444 1.0256 1.2554 0.9679 0.9894 1.1311 0.9664 0.9092 1.0000 1.0000 0.8965 1.0000 0.8264 0.8949 0.9167
1.4963 1.0086 1.1834 0.9044 0.7964 1.1134 1.0210 0.9756 1.0939 1.0214 0.9342 1.0008 0.9015 0.8822 0.9741 1.1436
1.1790 1.1143 1.1554 1.2136 0.9878 1.0277 0.9527 0.9319 0.9999 1.0309 0.9125 0.8049 0.8226 0.7630 0.5298 0.5206
1.2597 0.9416 1.0000 0.9981 1.1445 1.0827 0.9405 1.0451 0.9750 1.0362 0.9143 1.0293 0.9024 1.0407 0.9680 1.0685
0.7788 0.7777 0.9992 1.0165 1.1154 1.0265 0.9705 0.9496 0.9257 1.0604 0.9477 0.9659 1.0296 0.9921 0.9924 1.1878
1.0647 0.8991 0.9331 0.9825 0.8597 0.9376 0.8588 0.9162 1.0000 1.1170 0.9306 0.9256 1.1596 1.2374 1.3359 1.6465
1.0250 1.0805 0.9040 1.0464 0.8991 0.9953 0.9485 0.9939 1.0976 0.9001 1.0159 1.0349 0.9405 1.0269 0.5458 1.0556
1.1457 0.9235 0.9106 0.9414 0.9525 0.9782 1.0737 0.9948 0.9881 0.8813 1.0341 0.9654 1.0907 0.9713 1.0360 1.1785
