1.3595 1.1891 1.0349 1.0851 0.9789 0.9318 1.0729 0.8976 1.1021 1.1244 0.8407 0.8548 0.9373 0.8342 0.8076 0.9257
1.0000 1.0767 1.3096 1.2584 1.1306 0.9877 1.1009 0.9616 0.8840 0.9151 0.8792 0.8564 0.8711 0.9036 0.8400 1.0000
1.0257 0.9033 0.8952 1.1758 0.8472 0.9450 1.0000 0.9477 0.9785 1.0557 0.9473 0.9578 1.0459 1.1710 1.0569 1.2480
1.3304 1.2120 1.1667 1.1259 1.0149 1.0553 1.0691 0.9004 0.9577 0.8656 0.8949 0.9502 0.8143 0.9399 0.7865 0.9877
1.2158 0.9759 0.8915 1.0270 0.9656 1.0104 0.9752 0.9009 1.0139 1.0904 0.9290 1.0886 0.8920 1.0993 1.0357 1.3016
1.2507 1.0806 1.0185 1.1374 0.9776 1.0795 1.0502 0.9537 0.9306 0.9998 0.9870 0.8593 0.8692 0.8384 1.0173 0.9565
1.2016 1.0870 1.0407 0.9930 0.9532 0.9574 1.0273 0.9772 0.8958 1.0471 0.9601 0.8470 0.9847 1.0602 1.0000 1.0475
1.3427 1.2269 1.1498 1.0876 1.1281 1.0879 1.0520 0.9952 1.0838 0.9075 0.9123 0.8410 0.7986 0.7812 0.7562 0.8051
0.6652 0.7110 0.8780 0.7510 0.9416 0.9469 0.8272 1.0412 1.0139 0.9081 1.0459 0.9796 1.1994 1.0128 1.1845 1.2136
1.1794 1.0124 1.0144 1.1042 0.9947 0.9736 0.9348 1.1870 0.8761 0.8728 0.9390 0.8900 0.9895 0.9657 1.0588 1.0267
0.7131 0.7565 0.9110 0.8292 0.9857 0.9847 0.9160 1.0361 0.9612 0.9487 1.1177 0.9220 1.2031 1.1132 0.9545 1.3083
1.2629 1.1478 1.1900 1.2180 1.0864 1.0942 1.1349 0.9721 0.9960 0.8775 0.8445 0.8871 0.8437 0.8038 0.8311 0.7888
1.0095 0.8413 0.8200 0.9074 0.8653 0.9212 0.8523 1.0744 0.9428 1.1049 1.1895 1.0043 1.1100 1.1875 1.1536 1.5163
1.2644 1.0996 1.1471 1.0625 0.8670 0.9993 1.0365 1.0247 0.9514 0.8824 0.9256 0.8678 0.9766 0.8553 0.9942 1.0458
1.1388 1.1513 0.9329 0.8986 1.0277 1.0459 0.9976 1.0675 1.0213 0.9527 0.9588 0.9846 0.9626 0.8101 0.7922 0.9767
1.0554 0.8647 1.0692 0.9155 1.0123 1.0629 0.9849 1.0085 1.0000 0.9070 0.9247 1.1108 1.0000 0.9815 0.9806 1.1026
0.9389 0.9232 0.9127 1.0000 0.9983 0.9335 1.0204 1.0978 1.0149 1.0120 1.0482 1.0031 1.0360 1.0671 1.2171 1.2329
1.4515 1.3245 1.0451 1.2706 0.9848 0.9907 1.1230 0.9492 0.9224 1.0000 1.0000 0.9182 1.0000 0.8529 0.8975 0.8960
1.4909 0.9933 1.1454 0.8979 0.7898 1.1034 1.0241 0.9832 1.0764 1.0472 0.8938 1.0265 0.9128 0.8952 1.0163 1.1677
1.1771 1.1093 1.1478 1.2017 0.9724 1.0432 0.9522 0.9179 1.0019 1.0287 0.9047 0.8180 0.8504 0.7823 0.5320 0.5377
1.1080 0.9326 1.0000 0.8807 1.0744 1.0559 0.8894 1.0047 0.9716 1.0658 0.9457 1.0600 0.9297 1.0650 0.9928 1.1226
0.7515 0.7760 1.0252 0.9981 1.0956 1.0481 0.9690 0.9766 0.9582 1.0705 0.9663 0.9699 0.9867 0.9702 0.9633 1.1834
1.0385 0.8896 0.9166 0.9741 0.8625 0.9340 0.8691 0.9135 1.0000 1.1531 0.9604 0.9550 1.1646 1.2854 1.3554 1.7355
1.0410 1.0856 0.8938 1.0580 0.9061 0.9980 0.9618 1.0204 1.0879 0.8995 0.9830 1.0359 0.9248 1.0212 0.5458 1.0269
1.0922 0.9447 0.8641 0.8998 0.9239 0.9611 1.0034 0.9888 0.9816 0.8941 1.0405 1.0010 1.1293 0.9936 1.0787 1.2310
