0.7627 0.8095 0.8886 0.9097 1.0369 1.0968 1.0398 1.1577 1.1369 1.1427 1.0176 0.9632 1.0636 1.0228 0.8635 0.8726
0.8700 0.8697 0.9916 1.0691 1.1157 1.2523 1.2085 0.9294 0.9650 0.9132 1.0890 0.9813 0.9429 0.8482 0.9903 0.7736
0.6613 0.7412 0.9148 0.9359 0.9643 1.0932 1.1039 1.0616 1.0533 1.2134 1.0068 0.9762 0.9150 0.9271 0.9182 0.7224
0.6677 0.7445 0.8684 0.9747 0.9724 1.0831 1.0919 1.0226 0.9631 1.1428 1.1150 0.9906 1.0494 0.8958 0.9517 0.7723
0.7490 0.8006 0.8388 0.9308 1.0000 1.0369 1.0959 1.0455 1.1299 1.2046 1.0148 1.0302 0.9510 1.0458 0.9659 0.8710
0.8450 0.8839 0.8954 0.9573 1.1512 1.0945 1.1774 1.0638 1.1482 1.0862 1.0422 1.0086 0.9865 0.9205 0.8639 0.8798
0.7336 0.8312 0.8887 0.9535 1.0450 1.0391 1.1239 1.1268 1.0972 1.0612 1.0889 1.0436 0.9721 0.9089 0.8441 0.9722
0.8938 0.8117 0.8728 0.9650 1.0000 1.0870 1.1829 1.0972 1.0799 1.0414 1.1285 1.0848 1.0331 0.9339 0.8683 0.9210
0.8155 0.8821 0.8739 0.8986 1.0318 1.0313 1.1480 1.0326 1.0749 1.0962 1.0285 1.0733 0.9812 1.0297 0.8892 0.8553
0.6750 0.7660 0.8714 0.9952 1.0240 1.0265 1.0505 1.1206 0.9609 0.9982 1.1325 0.9366 0.9042 0.9778 1.0159 1.0327
0.7210 0.6630 0.7639 0.8258 0.9615 1.0414 1.1410 1.0306 0.9845 1.0482 0.9906 0.9604 1.0329 0.9886 0.8832 1.0001
0.7455 0.8577 0.8954 0.9831 1.1786 1.1541 1.1239 0.8685 1.0092 1.2288 1.0748 0.9872 0.9551 1.0000 1.0000 0.6964
0.9602 0.8944 0.9334 1.0102 1.1484 1.1017 1.1532 1.0029 1.1175 1.0266 1.0819 1.0141 0.9997 0.8481 0.8173 0.9564
0.9402 0.9317 0.9965 1.0330 0.9987 1.1079 1.1547 1.1183 1.0708 1.0327 1.1342 0.9238 0.9399 1.0000 0.8226 0.7922
0.6780 0.7517 0.8636 0.9043 1.0206 1.2035 1.1004 1.0774 1.0552 1.0467 1.0560 1.0848 0.9719 0.8608 0.9121 0.8470
0.6991 0.8029 0.9074 0.9825 0.9645 1.0230 1.0903 1.0348 1.0749 0.9893 1.0018 1.0690 1.0169 0.9879 0.9606 0.8992
0.8925 0.7685 0.8668 0.8849 1.0480 1.1719 0.9732 1.1662 1.1227 1.1599 1.0388 1.0370 1.1075 0.9407 0.8836 0.9378
0.6992 0.7980 0.7898 0.8290 1.0002 0.9858 1.1248 0.9896 0.9987 1.1060 1.0867 1.0459 1.0056 1.0190 0.9316 0.9441
0.6907 1.0000 0.9005 0.9162 0.9780 1.1299 1.1353 1.0254 1.0663 1.1474 1.0836 0.9020 0.9976 0.9027 0.8946 0.9178
0.8196 0.8040 0.9439 0.8606 1.0574 1.1462 1.0006 1.0680 1.0543 1.1494 1.0184 1.1272 1.0000 0.9640 0.9909 0.9520
0.8787 0.8939 0.9099 0.9627 0.9283 1.0865 1.0519 1.0300 1.0284 0.9303 1.0321 1.1389 1.0104 1.0082 1.0416 0.9796
0.6140 0.7735 0.9213 0.9975 1.0000 1.0513 1.0388 1.0356 1.0061 1.0846 1.0138 1.0753 1.0047 0.9237 1.0000 0.8384
0.8478 0.7882 0.9796 0.9485 1.0466 1.1424 1.1391 0.9413 1.0622 1.1291 1.1564 1.0420 1.0496 0.9285 0.8987 0.8524
0.7756 0.7962 0.8910 0.9567 1.2280 1.0000 1.0695 1.1791 1.0756 1.0300 1.2119 0.9286 0.9330 0.9374 0.9999 0.9919
0.8148 0.9219 0.8941 0.9778 1.1070 1.1125 1.2073 1.1665 1.1702 1.1434 1.0818 0.9594 0.9646 0.8953 0.7872 0.7880
