0.7366 0.8021 0.8647 0.8784 1.0258 1.1057 1.0720 1.1659 1.1663 1.1911 1.0542 1.0080 1.0143 1.0153 0.8517 0.8576
0.8570 0.8599 0.9762 1.0485 1.0969 1.2220 1.2156 0.9658 1.0391 0.9727 1.1142 0.9887 0.9208 0.8522 0.9487 0.7329
0.6675 0.6943 0.9180 0.9116 0.9569 1.0654 1.1579 1.0692 1.0877 1.2406 1.0362 0.9772 0.8840 0.9115 0.8655 0.7234
0.6763 0.7601 0.8535 0.9618 0.9755 1.0771 1.1212 1.0516 1.0104 1.1876 1.1503 0.9548 1.0195 0.8876 0.8793 0.7446
0.7291 0.7751 0.8312 0.8985 1.0000 1.0001 1.0950 1.0792 1.1660 1.2493 1.0647 1.0505 0.9765 1.0213 0.9345 0.7780
0.8215 0.8487 0.8695 0.9502 1.1249 1.0674 1.1931 1.1631 1.1798 1.1362 1.0770 1.0179 0.9499 0.9206 0.8372 0.8405
0.7715 0.8034 0.8552 0.9275 1.0208 1.0789 1.1836 1.1921 1.1029 1.1017 1.1035 1.0516 0.9586 0.9073 0.8089 0.9145
0.8672 0.8038 0.8520 0.9363 1.0000 1.1297 1.2231 1.1599 1.0257 1.0595 1.1770 1.1045 1.0077 0.9188 0.8168 0.8929
0.8123 0.8573 0.8572 0.8962 1.0133 1.0192 1.1252 1.0580 1.0999 1.1212 1.0737 1.1111 0.9587 1.0127 0.8580 0.8394
0.6887 0.7694 0.8806 0.9791 1.0016 1.0634 1.1062 1.0936 1.0193 1.0726 1.1970 0.9984 0.9040 0.9715 0.9247 0.8957
0.7236 0.6513 0.7407 0.7707 0.9423 1.0243 1.1324 1.0425 1.0524 1.0738 1.0537 0.9674 0.9877 0.9567 0.8207 1.0190
0.7355 0.8203 0.9121 0.9807 1.1597 1.1180 1.1305 0.9012 1.0700 1.1987 1.0876 0.9632 0.9278 1.0000 1.0000 0.6982
0.9387 0.8962 0.9275 1.0201 1.1530 1.1521 1.1868 1.0405 1.1435 1.0425 1.0782 1.0207 0.9499 0.8245 0.8045 0.8847
0.9046 0.9222 0.9732 1.0021 1.0029 1.1040 1.1793 1.1416 1.1108 1.0629 1.1383 0.9364 0.9100 1.0000 0.7986 0.7696
0.7062 0.7529 0.8650 0.9170 1.0223 1.1677 1.0734 1.0437 1.0557 1.0793 1.1783 1.1622 1.0247 0.8531 0.8316 0.7408
0.6992 0.8220 0.9434 1.0237 0.9921 1.0639 1.0824 1.0622 1.0869 1.0045 1.0297 1.0606 0.9832 0.9571 0.8869 0.8275
0.8540 0.7975 0.8637 0.8935 1.0339 1.1599 1.0235 1.1646 1.1424 1.2021 1.0885 1.0447 1.0720 0.9174 0.8607 0.8734
0.7164 0.7602 0.7989 0.8133 1.0031 0.9945 1.1167 1.0171 1.0093 1.1137 1.0859 1.0324 0.9988 1.0109 0.8562 0.8577
0.6965 1.0000 0.8779 0.9290 0.9860 1.1622 1.1527 1.1146 1.0646 1.1688 1.1110 0.9118 0.9494 0.9013 0.8383 0.8444
0.8512 0.8366 0.9043 0.8709 1.0450 1.1312 1.0098 1.0920 1.0778 1.1916 1.0734 1.1228 1.0000 0.9960 0.8993 0.9052
0.8710 0.8728 0.8873 0.9790 0.9688 1.1085 1.0729 1.0562 1.0680 1.0255 1.0777 1.1252 1.0091 0.9901 0.9592 0.8810
0.6092 0.7688 0.9005 0.9716 1.0000 1.0643 1.0554 1.0748 1.0736 1.1163 1.0147 1.0532 0.9996 0.9057 1.0000 0.7906
0.8983 0.8153 0.9305 0.9552 1.0667 1.2006 1.1925 0.9910 1.0918 1.1503 1.1744 1.0100 1.0133 0.9202 0.8338 0.8025
0.7659 0.7911 0.8614 0.9379 1.2072 1.0000 1.0967 1.2030 1.1246 1.0895 1.2368 0.9766 0.9450 0.9245 0.9330 0.9097
0.8643 0.9118 0.9012 0.9489 1.0945 1.0915 1.1660 1.1659 1.1876 1.1697 1.0931 0.9844 0.9794 0.9117 0.7591 0.7454
