0.7241 0.7739 0.8507 0.8700 1.0191 1.0877 1.0469 1.1807 1.1794 1.1895 1.0393 1.0188 1.0304 1.0199 0.8560 0.8578
0.8248 0.8393 0.9409 1.0234 1.0817 1.2310 1.2132 0.9782 1.0396 0.9711 1.1127 0.9966 0.9354 0.8586 0.9931 0.7735
0.6461 0.6997 0.8913 0.9074 0.9510 1.0692 1.1352 1.0895 1.0779 1.2380 1.0044 0.9682 0.9117 0.9171 0.9100 0.7419
0.6458 0.7287 0.8378 0.9343 0.9770 1.0775 1.1078 1.0454 1.0020 1.1779 1.1235 0.9718 1.0412 0.9030 0.9184 0.7820
0.6835 0.7517 0.7752 0.8739 1.0000 0.9474 1.0699 1.0603 1.1690 1.2473 1.0799 1.0523 0.9754 1.0668 0.9517 0.8733
0.8140 0.8421 0.8583 0.9318 1.1317 1.0769 1.1730 1.1309 1.1894 1.1299 1.0761 1.0282 0.9748 0.9387 0.8483 0.8636
0.7471 0.8071 0.8556 0.9169 1.0193 1.0291 1.1672 1.1617 1.1079 1.0878 1.1057 1.0448 0.9897 0.9277 0.8309 0.9565
0.8683 0.7930 0.8524 0.9213 1.0000 1.0956 1.2047 1.1300 1.1183 1.0748 1.1595 1.0833 1.0230 0.9290 0.8315 0.9147
0.8077 0.8623 0.8566 0.8510 1.0036 1.0167 1.1151 1.0379 1.1149 1.1344 1.0441 1.1102 0.9768 1.0347 0.9000 0.8653
0.6897 0.7621 0.8636 0.9520 0.9666 1.0059 1.0505 1.1093 1.0187 1.0686 1.1904 0.9784 0.9005 0.9839 0.9811 1.0119
0.7094 0.6638 0.7169 0.7967 0.9433 1.0417 1.1404 1.0242 1.0429 1.0820 1.0276 0.9661 1.0168 0.9706 0.8693 0.9335
0.7262 0.8278 0.9107 0.9688 1.1496 1.1371 1.1315 0.8868 1.0476 1.2384 1.1003 0.9758 0.9470 1.0000 1.0000 0.7203
0.9043 0.8672 0.8997 1.0065 1.1359 1.1074 1.1664 1.0231 1.1275 1.0773 1.0681 1.0388 0.9979 0.8632 0.8404 0.9713
0.8993 0.8769 0.9436 0.9976 0.9893 1.0925 1.1456 1.1482 1.1041 1.0662 1.1869 0.9562 0.9474 1.0000 0.8305 0.8115
0.6780 0.7193 0.8252 0.8959 0.9538 1.1340 1.0664 1.0682 1.0744 1.0937 1.1735 1.1507 1.0427 0.8559 0.8618 0.8065
0.6876 0.8120 0.9205 1.0089 0.9916 1.0183 1.0690 1.0368 1.0865 1.0029 1.0299 1.0684 0.9923 0.9761 0.9242 0.8762
0.8619 0.7732 0.8739 0.8839 1.0092 1.1444 0.9796 1.1784 1.1586 1.1987 1.0700 1.0368 1.1052 0.9364 0.8840 0.9056
0.6951 0.7496 0.7970 0.8164 1.0048 1.0025 1.1144 0.9987 0.9948 1.1095 1.0847 1.0603 1.0164 1.0450 0.9032 0.9084
0.6875 1.0000 0.8679 0.9155 0.9686 1.1372 1.0971 1.0765 1.0814 1.1912 1.0915 0.9193 0.9795 0.8981 0.8754 0.8912
0.8123 0.8071 0.8923 0.8581 1.0361 1.1276 1.0080 1.0601 1.0956 1.2290 1.0711 1.1213 1.0000 0.9712 0.9496 0.9058
0.8537 0.8747 0.8761 0.9675 0.9505 1.0870 1.0827 1.0519 1.0696 0.9758 1.0612 1.1226 1.0035 0.9721 0.9882 0.9490
0.6190 0.7598 0.8925 0.9614 1.0000 1.0704 1.0651 1.0927 1.0449 1.1037 1.0341 1.0680 0.9804 0.8965 1.0000 0.7927
0.8541 0.7862 0.9395 0.9367 1.0641 1.1541 1.1706 0.9873 1.0876 1.1457 1.1541 1.0334 1.0197 0.9243 0.8905 0.8090
0.7479 0.7811 0.8496 0.9527 1.2035 1.0000 1.1074 1.1907 1.1136 1.0758 1.2328 0.9502 0.9566 0.9249 0.9568 0.9523
0.8167 0.9183 0.8782 0.9585 1.0772 1.0932 1.1552 1.1924 1.1975 1.1972 1.1072 0.9635 0.9608 0.9164 0.7820 0.7814
