1.3280 1.1578 1.0729 1.0815 1.0179 0.9483 1.0920 0.8852 1.1199 1.1263 0.8742 0.8387 0.9317 0.8307 0.8093 0.8846
1.0000 1.0615 1.2218 1.2701 1.1451 0.9971 1.0877 0.9893 0.8793 0.9498 0.9014 0.8737 0.8791 0.9115 0.8299 1.0000
1.0821 0.9173 0.9036 1.2941 0.8805 0.9911 1.0000 0.9445 0.9824 1.0436 1.0017 0.9510 1.0384 1.0466 1.0532 1.1521
1.2494 1.1365 1.1396 1.1096 1.0111 1.0337 1.0890 0.9042 0.9970 0.9384 0.9195 0.9847 0.8492 0.9384 0.8214 0.9700
1.3386 1.0343 0.9380 1.0345 0.9499 0.9681 1.0038 0.9294 0.9052 0.9920 0.9844 1.0782 0.8955 1.0955 1.0638 1.3210
1.1500 1.0851 0.9724 1.1048 0.9732 1.0629 1.0601 0.9770 0.8909 1.0527 0.9490 0.9205 0.9099 0.8818 1.0089 1.0119
1.2177 1.1048 1.0406 1.0000 0.9647 0.9599 1.0199 0.9545 0.8982 1.0424 0.9635 0.8408 0.9690 1.0735 1.0000 1.0342
1.3074 1.2146 1.1064 1.0871 1.0994 1.0837 1.0834 1.0045 1.0891 0.9148 0.9138 0.8503 0.8278 0.7798 0.7847 0.8517
0.6589 0.7108 0.8897 0.7686 0.9173 0.9580 0.8598 1.0468 1.0591 0.9358 1.0668 1.0137 1.2160 0.9671 1.2475 1.1411
1.0814 0.9341 0.9108 1.0893 1.0020 0.9586 0.9776 1.1055 0.8829 0.9316 0.9382 0.9264 1.0222 1.0083 1.1312 1.1801
0.6687 0.7452 0.9024 0.8389 0.9413 0.9902 0.9317 1.0437 0.9824 0.9729 1.0624 0.9259 1.1630 1.1133 0.9835 1.2077
1.2393 1.0892 1.1866 1.1750 1.0727 1.0962 1.1257 0.9816 1.0199 0.8680 0.8322 0.8792 0.8705 0.8301 0.8909 0.8431
0.9914 0.8893 0.8450 0.9445 0.9006 0.8739 0.7902 1.1549 0.9108 1.0337 1.1661 0.9457 1.0964 1.1847 1.1476 1.4844
1.1381 1.0358 1.0988 0.9514 0.8588 0.9720 1.0262 1.0455 0.9534 0.9103 0.9644 0.9059 1.0264 0.9122 1.0739 1.1045
1.2542 1.1710 0.9408 0.9444 1.0566 1.0790 1.0330 1.0723 0.9654 0.8920 0.9447 0.9601 0.9351 0.7710 0.7580 0.8734
0.9858 0.9323 1.0244 0.8918 0.9647 1.0433 0.9777 1.0089 1.0000 0.9252 0.9822 1.0420 1.0000 1.0457 1.0645 1.2406
0.9398 0.9352 0.9190 1.0000 0.9480 0.9412 1.0279 1.0084 0.9764 1.0435 1.0666 1.0466 1.0581 1.0794 1.2557 1.2873
1.4059 1.3109 1.0294 1.2772 0.9569 1.0021 1.1326 0.9570 0.8938 1.0000 1.0000 0.9129 1.0000 0.8540 0.9171 0.9155
1.4493 1.0284 1.1776 0.9388 0.8176 1.1224 1.0128 0.9973 1.1124 1.0126 0.9124 1.0252 0.8836 0.8794 0.9543 1.0896
1.1207 1.1011 1.1623 1.1804 0.9888 1.0207 0.9662 0.9462 1.0221 1.1553 0.9258 0.8222 0.8170 0.7749 0.5365 0.5205
1.3377 0.9477 1.0000 0.9386 1.1177 1.0821 0.9204 1.0039 0.9962 0.9599 0.9424 1.0914 0.9076 1.0699 1.0071 1.0394
0.6471 0.7200 0.9933 0.9870 1.0593 1.0288 0.9907 0.9944 0.9386 1.0727 0.9496 1.0137 1.0513 0.9629 0.9696 1.2409
1.0579 0.8777 0.9164 0.9306 0.8646 0.9239 0.8806 0.9300 1.0000 1.1155 0.9451 0.9562 1.1088 1.2526 1.2956 1.4573
1.0144 1.0211 0.8453 1.0199 0.8887 0.9870 0.9096 0.9956 1.1220 0.9251 1.0147 1.0582 0.9885 1.0350 0.5458 1.1080
1.3169 1.1104 1.0145 1.0489 1.0371 1.0373 1.1080 0.9841 1.0179 0.8662 1.0282 0.9097 1.0013 0.8966 0.9068 0.9799
