0.7438 0.8025 0.8545 0.8667 1.0070 1.0748 1.0379 1.1780 1.1700 1.1763 1.0523 1.0259 1.0424 1.0279 0.8613 0.8559
0.8428 0.8420 0.9339 1.0280 1.0874 1.2109 1.2013 1.0078 1.0580 0.9798 1.1131 1.0006 0.9254 0.8617 0.9607 0.7508
0.6612 0.6954 0.9057 0.9070 0.9563 1.0740 1.1478 1.0778 1.0919 1.2287 1.0179 0.9945 0.8992 0.9160 0.8687 0.6900
0.6681 0.7430 0.8597 0.9766 0.9848 1.0825 1.1165 1.0338 1.0099 1.1567 1.1454 0.9527 1.0192 0.8794 0.8849 0.7351
0.7298 0.8168 0.8159 0.8912 1.0000 1.0143 1.0770 1.0666 1.1733 1.2651 1.0707 1.0257 1.0000 1.0180 0.9150 0.7353
0.8373 0.8522 0.8765 0.9665 1.1182 1.0832 1.1612 1.1558 1.1822 1.1336 1.0663 1.0188 0.9489 0.9157 0.8526 0.8344
0.7693 0.7972 0.8623 0.9293 1.0183 1.0653 1.1826 1.1831 1.1092 1.1160 1.1081 1.0626 0.9526 0.9119 0.8170 0.8917
0.8691 0.8134 0.8667 0.9498 1.0000 1.1197 1.2145 1.1428 1.0566 1.0653 1.1611 1.1087 1.0081 0.9187 0.8289 0.8951
0.8149 0.8629 0.8561 0.8808 1.0118 1.0180 1.1260 1.0582 1.0763 1.1252 1.0742 1.1098 0.9715 1.0246 0.8879 0.8171
0.6762 0.7323 0.8652 0.9526 1.0060 1.0224 1.0454 1.0967 1.0203 1.0907 1.1922 0.9888 0.9194 0.9689 0.9788 0.9657
0.7382 0.6519 0.7547 0.7932 0.9445 1.0378 1.1232 1.0518 1.0607 1.0637 1.0292 0.9644 0.9963 0.9729 0.8448 0.9860
0.7485 0.8109 0.9216 0.9711 1.1532 1.1129 1.1281 0.8887 1.0732 1.2047 1.0867 0.9612 0.9251 1.0000 1.0000 0.6821
0.9424 0.8736 0.9231 1.0138 1.1325 1.1276 1.1723 1.0525 1.1406 1.0499 1.0671 1.0457 0.9644 0.8376 0.8170 0.9132
0.9184 0.8943 0.9667 0.9932 1.0030 1.1094 1.1602 1.1479 1.1121 1.0815 1.1719 0.9143 0.9336 1.0000 0.8081 0.7672
0.7007 0.7660 0.8809 0.9413 1.0213 1.1575 1.0397 1.0598 1.0497 1.0521 1.1662 1.1367 1.0113 0.8633 0.8652 0.7636
0.6893 0.8156 0.9339 0.9918 0.9878 1.0669 1.0949 1.0630 1.0915 1.0284 1.0260 1.0445 0.9849 0.9628 0.8867 0.8283
0.8543 0.8166 0.8805 0.9096 1.0461 1.1735 1.0080 1.1756 1.1357 1.1922 1.0733 1.0239 1.0745 0.9171 0.8587 0.8661
0.7322 0.7554 0.8066 0.8192 1.0001 1.0004 1.1173 1.0275 1.0136 1.1028 1.0840 1.0297 1.0213 1.0293 0.8492 0.8580
0.7229 1.0000 0.8835 0.9252 0.9983 1.1513 1.1319 1.0948 1.0933 1.1589 1.0819 0.9126 0.9630 0.9002 0.8433 0.8731
0.8531 0.8217 0.9143 0.8802 1.0379 1.1227 1.0227 1.1319 1.0807 1.1926 1.0646 1.1124 1.0000 0.9712 0.9118 0.8935
0.8595 0.8524 0.8905 0.9919 0.9497 1.1141 1.0873 1.0494 1.0519 1.0304 1.0713 1.1314 1.0039 0.9869 0.9777 0.8712
0.6175 0.7656 0.8808 0.9668 1.0000 1.0742 1.0580 1.0940 1.0560 1.0941 1.0428 1.0337 0.9917 0.9076 1.0000 0.8038
0.8588 0.7978 0.9285 0.9315 1.0942 1.1782 1.1875 0.9899 1.1001 1.1521 1.1591 1.0159 1.0338 0.9340 0.8479 0.8214
0.7690 0.8012 0.8738 0.9278 1.2034 1.0000 1.0899 1.2002 1.1129 1.0802 1.2322 0.9660 0.9487 0.9268 0.9463 0.9266
0.8752 0.9227 0.8962 0.9946 1.0695 1.1106 1.1361 1.1672 1.1730 1.1791 1.1214 0.9801 0.9459 0.9008 0.7789 0.7503
