1.2394 1.1578 1.1529 1.1699 1.0534 0.9991 1.1037 0.8908 1.1664 1.1293 0.9018 0.8144 0.9354 0.7577 0.7713 0.7576
1.0000 1.0092 1.0067 1.2213 1.1428 0.9939 1.0083 0.9923 0.8926 0.9953 0.9702 0.9414 0.9735 1.0170 0.8354 1.0000
1.1909 1.0832 0.9291 1.5116 0.9940 1.0461 1.0000 0.9041 1.0201 1.0657 1.0564 0.8995 1.0016 0.9555 0.9196 0.9239
1.1783 0.9911 1.0650 1.1536 1.0034 1.1063 1.1237 0.9723 1.0393 0.9500 0.9586 0.9498 0.8790 0.8821 0.8644 0.9509
1.5064 1.1305 1.0606 1.0782 0.9631 0.9482 1.0086 0.9755 0.7954 0.8704 0.9817 1.1002 0.9160 1.0082 1.0527 1.2518
1.0077 1.0945 0.9170 1.0111 0.9312 1.0609 1.1125 0.9968 0.7942 1.1349 0.8955 1.0191 0.9752 0.9507 0.9734 1.1410
1.2957 1.1465 1.1045 1.0495 0.9883 0.9001 0.9463 0.8891 0.9014 1.0454 0.9706 0.8622 0.9767 1.0703 1.0000 1.0329
1.1093 1.1989 0.9546 1.0597 1.0507 1.0773 1.0895 1.0345 1.1100 0.9294 0.9329 0.9495 0.8776 0.8010 0.8630 0.9653
0.7398 0.7863 0.9878 0.8230 0.8954 0.9714 0.8509 1.0963 1.0824 0.9421 1.1008 1.0339 1.1829 0.8158 1.2545 1.0662
0.9247 0.8382 0.8533 1.0544 0.9978 1.0105 0.9929 0.9493 0.9069 1.0070 0.9333 0.9970 1.1219 1.0445 1.1676 1.3184
0.6401 0.7777 0.9164 0.9020 0.9055 1.0105 0.9629 1.1159 1.0861 0.9964 0.9312 0.9950 1.0900 1.0933 0.9531 1.0527
1.1688 1.0292 1.0903 1.1634 1.0126 1.1001 1.1691 0.9794 1.0376 0.9249 0.8749 0.9308 0.9029 0.8674 0.9583 0.7857
0.9891 1.0396 1.0449 1.0962 1.0387 0.8778 0.8160 1.1962 0.9034 0.9907 1.0956 0.8425 0.9401 1.0805 0.9841 1.2325
1.0055 0.9283 0.9792 0.8003 0.9268 0.9429 0.8785 1.0972 0.9995 1.0120 1.0404 1.0145 1.0861 1.0202 1.1454 1.1069
1.2967 1.1113 1.0098 0.9914 1.0717 1.0997 1.0837 1.0790 0.9909 0.7910 0.9617 0.9708 0.9283 0.7245 0.6892 0.7402
0.8852 0.9500 1.0726 0.8915 0.8987 1.0536 1.0209 1.0095 1.0000 0.9218 0.9997 0.9183 1.0000 1.1080 1.1482 1.3091
1.0286 0.9290 1.0109 1.0000 0.9216 0.9768 1.0875 0.8839 1.0034 1.0660 1.0625 1.0103 1.0000 0.9808 1.0750 1.1972
1.2907 1.2707 0.9260 1.2545 0.9546 1.0212 1.1373 0.9271 0.8774 1.0000 1.0000 0.9779 1.0000 0.8668 0.9606 0.9672
1.3779 1.0165 1.3279 1.0145 0.8663 1.1561 1.0614 1.0015 1.0894 0.9663 0.9168 0.9564 0.8768 0.8597 0.8436 1.0272
1.0834 1.0611 1.1589 1.1645 1.0193 1.0581 0.9502 0.9707 1.0560 1.1740 0.9329 0.8322 0.8064 0.7475 0.5659 0.5345
1.3783 0.9745 1.0000 0.9533 1.2049 1.1146 0.9627 1.0095 1.0008 0.8441 0.9666 1.1559 0.9339 1.0763 0.9779 0.8961
0.5259 0.6254 0.9402 0.9169 0.8961 1.0020 1.0018 1.0166 0.9966 1.0134 1.0266 1.1752 1.1543 0.9319 0.9702 1.3006
1.0954 0.8870 0.9668 0.8465 0.9013 0.9431 0.9611 1.0225 1.0000 1.2115 0.9841 0.9450 1.0599 1.1761 1.0544 0.9587
0.9655 0.9208 0.8059 0.9826 0.8550 0.9759 0.8751 0.8876 1.1289 0.9865 1.0696 1.1449 1.0667 1.0519 0.5458 1.2062
1.4886 1.2751 1.1379 1.2668 1.1883 1.1421 1.2064 1.0397 0.9856 0.8388 0.9695 0.8116 0.8675 0.7818 0.7002 0.8119
