1.3613 1.1857 1.0413 1.0803 0.9762 0.9435 1.0549 0.8997 1.0943 1.1368 0.8366 0.8437 0.9441 0.8660 0.8197 0.9443
1.0000 1.0930 1.3469 1.2768 1.1276 0.9942 1.0947 0.9532 0.8691 0.9107 0.8519 0.8471 0.8671 0.9133 0.8598 1.0000
1.0395 0.9026 0.8828 1.1981 0.8427 0.9555 1.0000 0.9383 0.9749 1.0383 0.9406 0.9458 1.0407 1.2126 1.1083 1.2643
1.3616 1.2121 1.1691 1.1386 1.0091 1.0647 1.0933 0.9194 0.9573 0.8679 0.8958 0.9431 0.8143 0.9324 0.7834 1.0081
1.2306 0.9786 0.8982 1.0168 0.9474 1.0309 1.0020 0.9106 1.0593 1.1148 0.8850 1.0750 0.9016 1.0854 1.0375 1.2537
1.2429 1.0601 1.0036 1.1467 0.9800 1.0597 1.0589 0.9593 0.9500 0.9926 1.0047 0.8567 0.8559 0.8340 1.0212 0.9629
1.2099 1.1052 1.0577 0.9938 0.9651 0.9583 1.0223 0.9637 0.8844 1.0399 0.9601 0.8309 0.9783 1.0702 1.0000 1.0687
1.3605 1.2219 1.1889 1.1207 1.1237 1.1245 1.0506 1.0171 1.0569 0.9055 0.8850 0.8134 0.7925 0.7904 0.7685 0.8144
0.6442 0.6950 0.8747 0.7295 0.9255 0.9436 0.8205 1.0019 0.9910 0.8760 1.0115 0.9491 1.1782 1.0204 1.1777 1.2720
1.1856 1.0183 1.0266 1.0967 1.0083 0.9774 0.9382 1.2168 0.8737 0.8670 0.9400 0.8792 0.9887 0.9758 1.0544 1.0230
0.7178 0.7408 0.9126 0.8088 0.9790 0.9924 0.8972 1.0258 0.9677 0.9510 1.0991 0.9030 1.2623 1.0858 0.9524 1.3312
1.2830 1.1426 1.1929 1.2050 1.0912 1.1132 1.1379 0.9736 1.0199 0.8798 0.8375 0.8676 0.8519 0.8028 0.8381 0.7965
1.0005 0.7906 0.7811 0.8790 0.8346 0.9150 0.8455 1.0506 0.9643 1.1036 1.1977 1.0071 1.1239 1.2219 1.2136 1.5482
1.2860 1.0907 1.1117 1.0451 0.8495 1.0081 1.0581 1.0117 0.9510 0.8547 0.9124 0.8533 0.9765 0.8608 1.0231 1.0852
1.1321 1.1750 0.9267 0.9100 1.0599 1.0257 0.9886 1.0680 1.0072 0.9656 0.9462 0.9841 0.9766 0.8153 0.8881 0.9902
1.0667 0.8934 1.0657 0.9052 1.0111 1.0547 0.9677 0.9888 1.0000 0.9057 0.9212 1.1006 1.0000 0.9876 0.9820 1.1186
0.9344 0.9192 0.9201 1.0000 1.0079 0.9204 1.0538 1.1410 0.9997 0.9812 1.0343 0.9758 1.0404 1.0672 1.2599 1.2327
1.4780 1.3446 1.0544 1.2828 0.9859 0.9936 1.1299 0.9854 0.9137 1.0000 1.0000 0.8962 1.0000 0.8550 0.9370 0.9107
1.5142 0.9957 1.1736 0.9182 0.8003 1.1159 1.0078 0.9876 1.0856 1.0448 0.9357 0.9979 0.9052 0.8994 1.0128 1.1638
1.1328 1.1258 1.1499 1.2158 0.9834 1.0522 0.9495 0.9058 1.0077 1.0287 0.9007 0.8174 0.8613 0.8029 0.5490 0.5535
1.1764 1.0237 1.0000 0.9666 1.1151 1.0518 0.9561 1.0203 0.9822 1.0311 0.9009 0.9910 0.9339 1.0400 0.9730 1.0939
0.7803 0.7741 0.9907 1.0154 1.1179 1.0138 0.9794 0.9522 0.9469 1.0546 0.9508 0.9859 0.9885 0.9834 0.9754 1.1934
1.0421 0.8929 0.9174 0.9820 0.8579 0.9209 0.8764 0.9316 1.0000 1.1130 0.9491 0.9838 1.1868 1.3813 1.4443 1.8955
1.0527 1.1149 0.9134 1.0579 0.8962 0.9990 0.9656 1.0275 1.1015 0.8894 0.9727 1.0135 0.9064 1.0354 0.5458 1.0553
1.0411 0.8930 0.8539 0.8856 0.8996 0.9347 1.0244 0.9909 0.9646 0.8797 1.0166 1.0241 1.1357 1.0112 1.1069 1.2599
