1.2734 1.1763 1.1611 1.1969 1.0484 0.9864 1.0754 0.8961 1.1136 1.0909 0.8828 0.8345 0.9077 0.7645 0.7865 0.7988
1.0000 1.0287 1.0143 1.2319 1.1403 1.0263 1.0115 0.9911 0.9378 0.9995 0.9542 0.9096 0.9423 0.9877 0.8430 1.0000
1.1735 1.0653 1.0481 1.4572 0.9557 0.9949 1.0000 0.9166 1.0245 1.0592 1.0148 0.9082 1.0005 0.9409 0.9352 0.9436
1.1699 1.0063 1.0570 1.1508 1.0109 1.0634 1.0784 0.9883 1.0367 0.9840 0.9566 0.9655 0.8802 0.9025 0.8629 0.9454
1.4708 1.1252 1.0506 1.0914 0.9414 0.9503 1.0097 0.9819 0.7772 0.8597 0.9986 1.1130 0.9147 1.0022 1.0454 1.2221
1.0323 1.1157 0.9272 0.9972 0.9462 1.0543 1.1153 1.0066 0.8205 1.1326 0.8746 0.9937 0.9275 0.9345 0.9903 1.1205
1.2802 1.1182 1.1274 1.0402 1.0143 0.9187 1.0023 0.8926 0.8982 1.0064 0.9791 0.8682 0.9592 1.0451 1.0000 1.0040
1.1124 1.1922 0.9326 1.0720 1.0390 1.0736 1.1043 1.1004 1.1604 0.9335 0.9777 0.8933 0.8628 0.7536 0.8568 0.9349
0.7222 0.7878 0.9730 0.7991 0.9068 0.9705 0.8882 1.0603 1.0759 0.9554 1.0926 1.0356 1.1878 0.8451 1.2436 1.0747
0.9341 0.8969 0.8277 1.0571 0.9751 1.0062 0.9924 0.9470 0.8970 0.9936 0.9539 1.0039 1.1261 1.0529 1.1464 1.3228
0.6221 0.7498 0.8941 0.8849 0.8967 1.0274 0.9835 1.1149 1.0813 1.0278 0.9369 0.9738 1.0802 1.1150 0.9722 1.0477
1.1539 1.0238 1.0830 1.1564 1.0261 1.0753 1.1239 0.9874 1.0189 0.9200 0.9192 0.9270 0.9315 0.8910 0.9533 0.7981
0.9839 1.0105 0.9992 1.0807 1.0419 0.8726 0.8221 1.1867 0.9127 1.0118 1.1090 0.8635 0.9661 1.0689 0.9922 1.2346
1.0044 0.8996 0.9792 0.7879 0.9119 0.9250 0.8970 1.0751 1.0017 1.0037 1.0472 1.0185 1.0931 1.0297 1.1530 1.1198
1.3390 1.1426 1.0299 1.0132 1.1262 1.1058 1.0568 1.0964 0.9647 0.7725 0.9511 0.9087 0.8888 0.6833 0.6532 0.7325
0.9182 0.9390 1.0464 0.9099 0.9051 1.0545 1.0052 1.0028 1.0000 0.9254 0.9767 0.9077 1.0000 1.1052 1.1658 1.3213
1.0297 0.9211 0.9918 1.0000 0.9296 0.9568 1.0379 0.8951 1.0095 1.0900 1.0811 1.0445 0.9988 1.0109 1.0721 1.2237
1.2486 1.2560 0.8992 1.2346 0.9588 0.9978 1.1575 0.9254 0.8922 1.0000 1.0000 0.9869 1.0000 0.8983 0.9533 0.9851
1.3826 1.0148 1.3390 1.0254 0.8702 1.1804 1.0466 1.0243 1.1029 0.9585 0.9116 0.9441 0.8629 0.8396 0.8512 1.0086
1.0693 1.0668 1.1668 1.1897 0.9583 1.0709 0.9457 0.9806 1.0297 1.1459 0.9358 0.8491 0.8194 0.7701 0.5401 0.5258
1.3313 1.0023 1.0000 1.0237 1.1540 1.1353 0.9562 0.9910 0.9728 0.8255 0.9499 1.1060 0.9212 1.0918 1.0277 0.9166
0.5358 0.6388 0.9370 0.9113 0.9197 1.0373 1.0263 1.0116 1.0007 0.9991 1.0263 1.1252 1.0958 0.9339 0.9747 1.2981
1.0553 0.8725 0.9447 0.8569 0.9036 0.9520 0.9394 1.0029 1.0000 1.2381 0.9859 0.9638 1.0880 1.1683 1.1004 1.0135
0.9888 0.9249 0.7897 0.9552 0.8512 0.9812 0.8419 0.9003 1.1511 0.9962 1.0755 1.0993 1.0841 1.0628 0.5458 1.2263
1.4959 1.2954 1.1213 1.2024 1.1416 1.0989 1.1286 0.9846 0.9702 0.8530 0.9959 0.8769 0.9253 0.8299 0.7804 0.8695
