1.2674 1.1919 1.1045 1.1390 1.0533 1.0116 1.0651 0.8904 1.1150 1.1110 0.8852 0.8315 0.9427 0.7824 0.7794 0.8302
1.0000 1.0488 1.0918 1.2430 1.1339 1.0032 1.0115 0.9834 0.8902 0.9887 0.9424 0.9092 0.9444 0.9859 0.8493 1.0000
1.1473 0.9906 1.0545 1.4329 0.9173 1.0021 1.0000 0.9445 1.0165 1.0815 1.0195 0.9299 1.0062 0.9798 1.0178 0.9979
1.2057 1.0781 1.0845 1.1407 1.0126 1.0708 1.1027 0.9575 1.0175 0.9385 0.9535 0.9343 0.8736 0.9082 0.8418 0.9540
1.4144 1.0783 0.9904 1.0703 0.9494 0.9722 1.0225 0.9662 0.8185 0.9086 1.0234 1.0786 0.8805 1.0422 1.0457 1.2374
1.0884 1.1113 0.9543 1.0549 0.9520 1.0506 1.1126 0.9973 0.8212 1.0774 0.8862 0.9664 0.9321 0.9439 0.9726 1.0875
1.2565 1.1302 1.0900 1.0160 0.9901 0.9162 0.9858 0.9101 0.9048 1.0423 0.9689 0.8760 0.9620 1.0531 1.0000 1.0338
1.1850 1.2473 1.0005 1.0872 1.0373 1.0839 1.0996 1.0659 1.1505 0.9085 0.9343 0.8561 0.8512 0.7649 0.8240 0.9057
0.7177 0.7629 0.9627 0.7955 0.8974 0.9721 0.8647 1.0483 1.0656 0.9390 1.1037 1.0181 1.1859 0.8880 1.2584 1.0479
0.9445 0.8800 0.8153 1.0756 0.9736 0.9829 0.9925 0.9656 0.9099 0.9461 0.9476 0.9964 1.1213 1.0717 1.1978 1.3027
0.6175 0.7467 0.8727 0.8546 0.8853 0.9913 0.9601 1.1253 1.0541 1.0202 0.9623 0.9900 1.1254 1.1257 0.9680 1.0972
1.2234 1.1025 1.1261 1.1822 1.0716 1.0658 1.1357 0.9627 1.0057 0.8944 0.8817 0.9226 0.8660 0.8510 0.9192 0.7835
1.0110 0.9906 0.9858 1.0716 0.9818 0.8643 0.7933 1.1577 0.9037 0.9690 1.1359 0.8647 1.0161 1.1230 1.0477 1.3270
1.0420 0.9656 0.9985 0.7999 0.8972 0.9481 0.9216 1.0980 0.9970 0.9916 1.0326 0.9694 1.0956 0.9648 1.1100 1.1037
1.3218 1.1704 1.0286 0.9881 1.0682 1.1112 1.0647 1.0952 0.9718 0.8037 0.9606 0.9104 0.9088 0.7322 0.6753 0.7578
0.9249 0.9514 1.0754 0.8878 0.9068 1.0477 0.9955 0.9982 1.0000 0.9356 1.0136 0.9397 1.0000 1.0798 1.1361 1.2899
0.9793 0.9067 0.9603 1.0000 0.9437 0.9636 1.0339 0.9447 1.0038 1.0481 1.0857 1.0289 1.0493 1.0435 1.1387 1.2558
1.3431 1.2884 0.9483 1.2781 0.9627 1.0311 1.1620 0.9478 0.8900 1.0000 1.0000 0.9490 1.0000 0.8173 0.9362 0.9746
1.3883 0.9757 1.3290 0.9797 0.8501 1.1683 1.0150 0.9927 1.0967 0.9962 0.9136 0.9947 0.8842 0.8493 0.9016 1.0350
1.1076 1.0806 1.1394 1.1634 0.9910 1.0508 0.9638 0.9625 1.0279 1.1412 0.9219 0.8479 0.8206 0.7839 0.5579 0.5287
1.3799 1.0435 1.0000 0.9815 1.1620 1.1197 0.9694 1.0296 1.0047 0.8227 0.9257 1.0887 0.9234 1.0811 1.0048 0.9093
0.5560 0.6892 0.9928 0.9281 0.9544 1.0219 1.0584 1.0106 1.0003 0.9764 0.9711 1.1123 1.1060 0.9433 0.9461 1.2728
1.0709 0.8635 0.9257 0.8984 0.8786 0.9448 0.9089 0.9844 1.0000 1.1581 0.9645 0.9590 1.0841 1.1851 1.1373 1.1105
1.0100 0.9668 0.8190 0.9560 0.8523 0.9741 0.9011 0.9140 1.1286 0.9759 1.0490 1.1046 1.0406 1.0534 0.5458 1.1676
1.4335 1.1492 1.0731 1.1876 1.1275 1.1131 1.2014 1.0053 0.9758 0.8532 0.9773 0.8684 0.9132 0.8251 0.7829 0.8689
