1.3702 1.1950 1.0342 1.0931 0.9742 0.9361 1.0584 0.8809 1.1026 1.1205 0.8446 0.8346 0.9279 0.8371 0.8062 0.9285
1.0000 1.0871 1.3189 1.2643 1.1231 0.9963 1.1021 0.9603 0.8711 0.9144 0.8578 0.8470 0.8565 0.8842 0.8306 1.0000
1.0597 0.9330 0.9554 1.1986 0.8491 0.9389 1.0000 0.9421 0.9656 1.0352 0.9413 0.9428 1.0437 1.1590 1.0770 1.2405
1.3594 1.2050 1.1875 1.1276 1.0146 1.0590 1.0735 0.9090 0.9468 0.8597 0.8850 0.9472 0.7980 0.9208 0.7626 0.9753
1.2251 0.9765 0.8939 1.0165 0.9636 1.0200 0.9862 0.9185 1.0284 1.1052 0.9713 1.1049 0.8888 1.0861 1.0410 1.2565
1.2290 1.0894 1.0092 1.1472 0.9846 1.0633 1.0505 0.9506 0.9272 0.9852 1.0035 0.8578 0.8718 0.8196 0.9947 0.9383
1.2155 1.1129 1.0569 0.9987 0.9479 0.9587 1.0138 0.9772 0.8859 1.0427 0.9560 0.8373 0.9805 1.0719 1.0000 1.0512
1.3401 1.2078 1.1287 1.0924 1.1200 1.0822 1.0274 1.0008 1.0728 0.8962 0.8798 0.8224 0.8157 0.7963 0.7690 0.7981
0.6660 0.7074 0.8864 0.7517 0.9586 0.9578 0.8377 1.0304 1.0126 0.8935 1.0369 0.9759 1.2022 1.0160 1.1790 1.2634
1.1400 0.9855 1.0011 1.0911 1.0063 0.9572 0.9447 1.1884 0.8800 0.8811 0.9466 0.8927 0.9967 0.9829 1.0810 1.0344
0.7129 0.7493 0.9051 0.8240 0.9871 0.9824 0.9230 1.0239 0.9625 0.9495 1.1119 0.9263 1.2389 1.1124 0.9548 1.3193
1.2413 1.1293 1.1741 1.2186 1.0777 1.1026 1.1253 0.9533 0.9911 0.8807 0.8396 0.8847 0.8547 0.7878 0.8228 0.7868
1.0037 0.8434 0.8143 0.9206 0.8501 0.9287 0.8449 1.0815 0.9647 1.1168 1.1877 1.0141 1.0963 1.1873 1.1475 1.4829
1.2612 1.0776 1.1587 1.0471 0.8522 0.9989 1.0412 1.0134 0.9416 0.8690 0.9256 0.8709 0.9922 0.8603 1.0007 1.0605
1.1350 1.1737 0.9359 0.9065 1.0449 1.0273 0.9891 1.0599 1.0028 0.9550 0.9580 0.9825 0.9684 0.8139 0.7842 0.9770
1.0727 0.8924 1.0630 0.9061 1.0167 1.0615 0.9756 0.9982 1.0000 0.9052 0.9344 1.1030 1.0000 0.9810 0.9730 1.1028
0.9336 0.9421 0.9277 1.0000 1.0071 0.9489 1.0239 1.1119 1.0055 1.0086 1.0445 0.9775 1.0370 1.0574 1.2357 1.2469
1.4662 1.3373 1.0417 1.2615 0.9691 0.9848 1.1260 0.9614 0.9080 1.0000 1.0000 0.8977 1.0000 0.8370 0.8972 0.8967
1.5151 1.0067 1.1481 0.9195 0.7932 1.1010 1.0256 0.9920 1.0731 1.0380 0.9247 1.0212 0.9079 0.8849 0.9892 1.1490
1.1621 1.1102 1.1409 1.2241 0.9767 1.0325 0.9441 0.9144 0.9954 1.0287 0.9087 0.7973 0.8257 0.7845 0.5375 0.5318
1.2117 0.9428 1.0000 0.8966 1.0959 1.0473 0.9040 0.9950 0.9687 1.0357 0.9183 1.0519 0.9363 1.0942 1.0175 1.1452
0.7344 0.7685 0.9969 0.9945 1.1174 1.0190 0.9779 0.9621 0.9336 1.0825 0.9784 0.9783 0.9987 0.9917 1.0073 1.2000
1.0191 0.8708 0.8995 0.9731 0.8508 0.9315 0.8846 0.9496 1.0000 1.1932 0.9524 0.9514 1.1852 1.3035 1.3811 1.7535
1.0390 1.0811 0.8965 1.0622 0.8972 0.9875 0.9651 1.0359 1.0964 0.8967 0.9798 1.0402 0.9285 1.0271 0.5458 1.0303
1.0559 0.9319 0.8800 0.8998 0.9512 0.9585 1.0484 1.0006 0.9806 0.8992 1.0326 1.0221 1.1249 0.9993 1.0735 1.2289
