1.3610 1.1861 1.0482 1.0868 0.9799 0.9425 1.0621 0.8995 1.0918 1.1307 0.8387 0.8431 0.9434 0.8602 0.8066 0.9418
1.0000 1.0875 1.3517 1.2668 1.1237 0.9910 1.0898 0.9535 0.8724 0.9128 0.8576 0.8540 0.8711 0.9252 0.8659 1.0000
1.0103 0.8797 0.9349 1.1892 0.8245 0.9407 1.0000 0.9330 0.9641 1.0340 0.9386 0.9529 1.0423 1.2077 1.1129 1.2659
1.3622 1.2073 1.1659 1.1314 1.0068 1.0634 1.0946 0.9200 0.9573 0.8709 0.8972 0.9434 0.8179 0.9372 0.7842 1.0059
1.2416 0.9809 0.9062 1.0168 0.9471 1.0345 1.0139 0.9159 1.0487 1.1033 0.8769 1.0688 0.8875 1.0873 1.0142 1.2429
1.2345 1.0641 1.0057 1.1435 0.9793 1.0599 1.0578 0.9570 0.9539 0.9936 1.0104 0.8564 0.8654 0.8430 1.0260 0.9568
1.2080 1.1084 1.0540 0.9922 0.9611 0.9573 1.0201 0.9642 0.8813 1.0532 0.9558 0.8291 0.9749 1.0750 1.0000 1.0488
1.3457 1.2110 1.1868 1.1171 1.1146 1.1191 1.0517 1.0122 1.0670 0.8997 0.8789 0.8233 0.8000 0.7961 0.7808 0.8216
0.6470 0.7041 0.8813 0.7286 0.9179 0.9427 0.8222 0.9996 0.9876 0.8781 1.0031 0.9624 1.1788 1.0197 1.1712 1.2580
1.1872 1.0141 1.0323 1.0920 1.0026 0.9799 0.9337 1.2130 0.8728 0.8602 0.9320 0.8727 0.9820 0.9795 1.0444 1.0203
0.7103 0.7318 0.9109 0.8120 0.9803 0.9909 0.9008 1.0277 0.9680 0.9471 1.1023 0.9031 1.2643 1.0834 0.9637 1.3232
1.2833 1.1474 1.1976 1.1943 1.0938 1.1159 1.1375 0.9771 1.0171 0.8770 0.8341 0.8594 0.8602 0.7967 0.8368 0.7875
1.0025 0.8013 0.7880 0.8905 0.8451 0.9178 0.8512 1.0533 0.9630 1.1101 1.2008 1.0046 1.1196 1.2089 1.2037 1.5489
1.2919 1.0976 1.1075 1.0434 0.8545 1.0114 1.0592 1.0148 0.9462 0.8532 0.9158 0.8472 0.9713 0.8590 1.0199 1.0862
1.1331 1.1781 0.9260 0.9083 1.0591 1.0263 0.9892 1.0719 1.0093 0.9610 0.9512 0.9768 0.9697 0.8115 0.8472 0.9796
1.0652 0.8986 1.0470 0.9058 1.0121 1.0581 0.9681 0.9917 1.0000 0.9081 0.9212 1.1001 1.0000 0.9873 0.9843 1.1166
0.9426 0.9208 0.9199 1.0000 1.0102 0.9243 1.0523 1.1332 0.9878 0.9837 1.0314 0.9827 1.0531 1.0683 1.2684 1.2131
1.4667 1.3129 1.0548 1.2738 1.0001 0.9971 1.1279 0.9848 0.9196 1.0000 1.0000 0.9012 1.0000 0.8459 0.9209 0.8969
1.5189 0.9995 1.1951 0.9314 0.8084 1.1170 1.0152 0.9906 1.0821 1.0405 0.9231 0.9974 0.8885 0.8975 1.0069 1.1431
1.1241 1.1250 1.1434 1.2154 0.9822 1.0524 0.9539 0.9048 1.0116 1.0287 0.8992 0.8257 0.8518 0.7988 0.5498 0.5710
1.1875 1.0502 1.0000 0.9808 1.1083 1.0531 0.9535 1.0151 0.9843 1.0287 0.8911 0.9817 0.9434 1.0309 1.0036 1.1117
0.7691 0.7604 0.9807 1.0158 1.1277 1.0256 0.9800 0.9563 0.9500 1.0551 0.9586 0.9824 1.0012 0.9882 1.0028 1.2303
1.0164 0.8936 0.9271 0.9821 0.8631 0.9352 0.8828 0.9370 1.0000 1.1220 0.9431 0.9642 1.1739 1.3593 1.4035 1.8446
1.0511 1.1119 0.9159 1.0558 0.8850 1.0025 0.9633 1.0272 1.1017 0.9055 0.9765 1.0156 0.9167 1.0378 0.5458 1.0514
1.0356 0.8872 0.8534 0.8856 0.8959 0.9418 1.0443 0.9912 0.9692 0.8793 1.0167 1.0184 1.1256 1.0052 1.1092 1.2716
