1.3221 1.1580 1.0830 1.1011 1.0279 0.9765 1.0898 0.9026 1.1475 1.1451 0.8605 0.8084 0.9287 0.7829 0.7990 0.8641
1.0000 1.0848 1.1926 1.2700 1.1530 0.9974 1.0662 0.9650 0.8760 0.9454 0.9029 0.8843 0.8981 0.9390 0.8250 1.0000
1.1254 0.9885 0.9468 1.3238 0.8891 0.9916 1.0000 0.9253 0.9931 1.0266 1.0055 0.9480 1.0193 0.9998 1.0247 1.0756
1.2582 1.1753 1.0964 1.1210 1.0182 1.0511 1.1120 0.9355 0.9857 0.9138 0.8903 0.9345 0.8558 0.9469 0.8226 0.9701
1.3628 1.0373 0.9613 1.0338 0.9690 0.9789 1.0021 0.9240 0.8657 0.9653 0.9616 1.1245 0.9112 1.0749 1.0450 1.3187
1.1222 1.0823 0.9699 1.0781 0.9482 1.0528 1.0909 0.9924 0.8593 1.0873 0.9498 0.9286 0.9188 0.8953 0.9867 1.0435
1.2551 1.1006 1.0781 1.0499 0.9650 0.9484 0.9924 0.9553 0.9133 1.0402 0.9589 0.8375 0.9577 1.0012 1.0000 1.0425
1.2817 1.2778 1.0637 1.0690 1.0999 1.0847 1.0634 0.9938 1.0930 0.9032 0.9093 0.8585 0.8315 0.7968 0.7941 0.8778
0.6776 0.7153 0.9157 0.7802 0.9090 0.9545 0.8447 1.0801 1.0483 0.9204 1.1078 0.9995 1.2099 0.9489 1.2115 1.1465
1.0237 0.9596 0.9386 1.0554 1.0021 0.9812 0.9577 1.0719 0.8942 0.9253 0.9279 0.9074 1.0810 1.0202 1.1416 1.1947
0.6565 0.7478 0.8713 0.8267 0.9288 0.9788 0.9543 1.0947 1.0414 0.9840 1.0145 0.9436 1.1627 1.1080 0.9797 1.1514
1.2396 1.1192 1.1125 1.1627 1.0652 1.1187 1.0980 0.9771 0.9927 0.9125 0.8690 0.9109 0.8788 0.8321 0.9020 0.8066
0.9764 0.9290 0.8801 0.9948 0.9567 0.8703 0.7696 1.1292 0.9405 1.0396 1.1433 0.9394 1.0705 1.1713 1.1002 1.4225
1.0833 1.0109 1.0583 0.9012 0.8979 0.9613 0.9672 1.0550 0.9953 0.9655 0.9867 0.9376 1.0361 0.9507 1.0736 1.0771
1.3174 1.1943 0.9778 0.9703 1.0461 1.0663 1.0149 1.0336 0.9755 0.8574 0.9663 0.9550 0.9360 0.7785 0.7514 0.8367
1.0020 0.9576 1.0397 0.9006 0.9389 1.0369 0.9843 1.0041 1.0000 0.9068 0.9474 1.0004 1.0000 1.0565 1.0991 1.2662
0.9773 0.9494 0.9861 1.0000 0.9715 0.9586 1.0491 0.9666 0.9851 1.0217 1.0482 1.0156 1.0435 1.0275 1.2116 1.3224
1.3569 1.3300 1.0105 1.2653 0.9705 0.9917 1.1155 0.9499 0.8824 1.0000 1.0000 0.9735 1.0000 0.8622 0.9399 0.9239
1.4518 1.0389 1.2070 0.9603 0.8274 1.1338 1.0263 0.9901 1.1075 0.9910 0.9116 0.9950 0.8977 0.8437 0.9260 1.0803
1.1144 1.0841 1.1421 1.1608 0.9873 1.0135 0.9409 0.9693 1.0529 1.1323 0.9296 0.8609 0.8265 0.7797 0.5455 0.5230
1.3618 1.0035 1.0000 0.9702 1.1733 1.1061 0.9287 1.0036 0.9937 0.9458 0.9345 1.0633 0.9115 1.0548 0.9795 0.9870
0.6104 0.7074 0.9925 0.9906 1.0182 1.0272 0.9855 0.9844 0.9626 1.0456 0.9721 1.0221 1.0624 0.9637 0.9739 1.2758
1.0412 0.8583 0.9221 0.9283 0.8757 0.9134 0.8702 0.9454 1.0000 1.1454 0.9525 0.9523 1.1351 1.2620 1.2583 1.2975
0.9814 1.0257 0.8714 1.0292 0.8872 1.0036 0.8940 0.9463 1.1435 0.9241 1.0266 1.0563 0.9936 1.0564 0.5458 1.1150
1.3677 1.1213 1.0371 1.1221 1.0653 1.0578 1.1437 0.9893 1.0205 0.8599 0.9955 0.8889 0.9833 0.8464 0.8566 0.9271
