0.7540 0.8104 0.8863 0.9065 1.0332 1.0919 1.0579 1.1650 1.1289 1.1529 1.0118 0.9658 1.0481 1.0214 0.8639 0.8742
0.8746 0.8778 0.9913 1.0742 1.1198 1.2652 1.2048 0.9326 0.9736 0.9070 1.0674 0.9810 0.9278 0.8395 0.9933 0.7700
0.6590 0.7457 0.9121 0.9239 0.9555 1.1059 1.0983 1.0651 1.0457 1.2203 1.0093 0.9766 0.9110 0.9300 0.9293 0.7159
0.6607 0.7413 0.8758 0.9816 0.9869 1.0822 1.0982 1.0207 0.9805 1.1208 1.1139 0.9833 1.0358 0.8981 0.9456 0.7599
0.7479 0.8034 0.8340 0.9137 1.0000 1.0356 1.0944 1.0563 1.1394 1.2251 1.0153 1.0158 0.9528 1.0377 0.9685 0.8617
0.8342 0.8797 0.8905 0.9570 1.1512 1.1110 1.1762 1.0614 1.1411 1.0911 1.0482 1.0099 0.9769 0.9314 0.8669 0.8759
0.7327 0.8291 0.8897 0.9592 1.0447 1.0339 1.1444 1.1314 1.0810 1.0602 1.0754 1.0418 0.9756 0.9086 0.8419 0.9839
0.8860 0.8157 0.8856 0.9575 1.0000 1.0959 1.1964 1.0992 1.0725 1.0437 1.1122 1.0724 1.0264 0.9369 0.8614 0.9395
0.8044 0.8819 0.8737 0.8951 1.0331 1.0282 1.1452 1.0310 1.0736 1.1009 1.0410 1.0641 0.9886 1.0249 0.9023 0.8417
0.6805 0.7597 0.8777 0.9878 1.0181 1.0205 1.0579 1.1268 0.9593 1.0036 1.1456 0.9240 0.9051 0.9777 1.0134 1.0383
0.7330 0.6703 0.7614 0.8184 0.9710 1.0477 1.1422 1.0208 0.9970 1.0396 0.9882 0.9615 1.0351 0.9943 0.8714 0.9809
0.7491 0.8494 0.9003 0.9903 1.1784 1.1557 1.1373 0.8705 1.0167 1.2201 1.0770 0.9701 0.9507 1.0000 1.0000 0.7021
0.9529 0.8904 0.9254 1.0166 1.1429 1.1032 1.1683 1.0047 1.1181 1.0263 1.0770 1.0070 1.0113 0.8384 0.8305 0.9738
0.9287 0.9259 0.9799 1.0257 0.9929 1.1096 1.1724 1.1336 1.0858 1.0350 1.1275 0.9185 0.9420 1.0000 0.8333 0.7944
0.6738 0.7550 0.8679 0.9125 1.0153 1.2056 1.1165 1.0714 1.0439 1.0510 1.0390 1.0854 0.9667 0.8637 0.9107 0.8530
0.6912 0.7989 0.9037 0.9700 0.9727 1.0324 1.0961 1.0378 1.0697 0.9976 1.0076 1.0854 0.9995 0.9911 0.9412 0.8950
0.8946 0.7544 0.8675 0.8728 1.0360 1.2002 0.9641 1.1803 1.1385 1.1497 1.0383 1.0352 1.1019 0.9448 0.8878 0.9324
0.6925 0.8004 0.7924 0.8260 1.0006 0.9891 1.1193 1.0077 0.9926 1.1054 1.0911 1.0512 0.9990 1.0225 0.9099 0.9418
0.6942 1.0000 0.9059 0.9232 0.9801 1.1275 1.1445 1.0236 1.0658 1.1563 1.0747 0.9060 0.9962 0.9007 0.8794 0.9170
0.8199 0.8098 0.9517 0.8650 1.0606 1.1477 1.0057 1.0694 1.0414 1.1648 1.0184 1.1335 1.0000 0.9642 0.9703 0.9343
0.8622 0.9067 0.9131 0.9622 0.9289 1.0881 1.0450 1.0186 1.0210 0.9485 1.0388 1.1354 1.0112 1.0181 1.0311 0.9701
0.6221 0.7749 0.9185 0.9932 1.0000 1.0545 1.0522 1.0401 1.0061 1.0863 1.0162 1.0760 1.0066 0.9171 1.0000 0.8359
0.8438 0.7984 0.9842 0.9616 1.0538 1.1437 1.1446 0.9411 1.0664 1.1239 1.1502 1.0451 1.0542 0.9257 0.8882 0.8364
0.7771 0.7979 0.8940 0.9650 1.2205 1.0000 1.0677 1.1713 1.0706 1.0358 1.2182 0.9387 0.9447 0.9262 0.9951 0.9772
0.8328 0.9367 0.8805 0.9890 1.1030 1.1070 1.1977 1.1678 1.1419 1.1484 1.0773 0.9650 0.9760 0.9139 0.7769 0.7857
