1.3519 1.1823 1.0415 1.0839 0.9949 0.9439 1.0711 0.8967 1.0959 1.1239 0.8482 0.8394 0.9383 0.8324 0.8029 0.9383
1.0000 1.0766 1.3164 1.2711 1.1323 1.0035 1.0882 0.9554 0.8866 0.9109 0.8796 0.8682 0.8753 0.9135 0.8285 1.0000
1.0418 0.9006 0.9369 1.1652 0.8441 0.9342 1.0000 0.9243 0.9536 1.0148 0.9131 0.9551 1.0517 1.1787 1.0717 1.2858
1.3436 1.2077 1.1501 1.1423 1.0194 1.0509 1.0817 0.9132 0.9642 0.8685 0.8868 0.9396 0.8149 0.9365 0.7965 0.9928
1.2440 0.9649 0.8874 1.0257 0.9518 0.9812 0.9792 0.9057 0.9893 1.0683 1.0182 1.0949 0.8875 1.0951 1.0610 1.3251
1.2132 1.0670 0.9936 1.1056 0.9653 1.0688 1.0533 0.9617 0.9106 1.0264 1.0020 0.8674 0.8911 0.8516 1.0245 0.9954
1.1882 1.0769 1.0429 1.0141 0.9453 0.9725 1.0272 0.9714 0.9080 1.0534 0.9574 0.8443 0.9642 1.0554 1.0000 1.0325
1.3633 1.2334 1.1377 1.0873 1.0845 1.0801 1.0542 1.0135 1.0943 0.9034 0.9012 0.8438 0.8178 0.7864 0.7672 0.8354
0.6613 0.7119 0.8603 0.7459 0.9300 0.9603 0.8245 1.0477 1.0395 0.9183 1.0734 0.9889 1.2064 1.0297 1.2152 1.2402
1.1626 0.9991 1.0048 1.0856 1.0000 0.9762 0.9505 1.1663 0.8757 0.8871 0.9237 0.8828 0.9912 0.9620 1.0746 1.0765
0.6694 0.7340 0.8745 0.7961 0.9493 0.9550 0.8869 1.0653 1.0166 0.9409 1.0710 0.9186 1.2345 1.0960 0.9620 1.3188
1.2742 1.1484 1.1908 1.1989 1.1002 1.0982 1.1114 0.9774 0.9853 0.8885 0.8594 0.8892 0.8620 0.7945 0.8366 0.7917
1.0254 0.8448 0.8148 0.9101 0.8815 0.9105 0.8146 0.9997 0.9286 1.1368 1.1593 1.0238 1.0961 1.1887 1.1548 1.5207
1.1856 1.0636 1.0978 1.0238 0.8573 1.0013 1.0277 1.0372 0.9507 0.8930 0.9468 0.8941 0.9886 0.8853 1.0093 1.1017
1.2061 1.1621 0.9290 0.9108 1.0273 1.0260 0.9868 1.0315 1.0141 0.9424 0.9783 0.9742 0.9639 0.8265 0.8013 0.9509
1.0566 0.9446 1.0467 0.9039 1.0018 1.0338 0.9608 0.9867 1.0000 0.8987 0.9249 1.1016 1.0000 1.0074 1.0191 1.1661
0.9539 0.9447 0.9283 1.0000 0.9870 0.9297 1.0237 1.0720 0.9937 1.0085 1.0486 1.0083 1.0401 1.0621 1.2489 1.2548
1.4711 1.3512 1.0438 1.2513 0.9770 0.9863 1.1105 0.9504 0.9122 1.0000 1.0000 0.9073 1.0000 0.8378 0.9067 0.9215
1.5010 1.0203 1.1802 0.9137 0.7805 1.0924 1.0045 0.9794 1.0667 1.0198 0.9306 1.0255 0.9159 0.8895 0.9975 1.1447
1.1628 1.1227 1.1621 1.2157 0.9818 1.0521 0.9545 0.9297 0.9812 1.0581 0.8981 0.8035 0.8022 0.7667 0.5223 0.5183
1.2843 0.9700 1.0000 0.9496 1.0914 1.0576 0.9235 1.0171 0.9651 1.0250 0.9165 1.0504 0.8693 1.0727 1.0104 1.0984
0.7471 0.7706 1.0146 0.9969 1.0872 1.0298 0.9751 0.9656 0.9283 1.0716 0.9431 0.9777 1.0287 0.9868 0.9854 1.2256
1.0446 0.8945 0.9066 0.9724 0.8596 0.9281 0.8614 0.9116 1.0000 1.1094 0.9304 0.9309 1.1458 1.2369 1.3513 1.6722
1.0401 1.0889 0.9097 1.0560 0.8881 0.9804 0.9415 0.9799 1.0993 0.8953 0.9895 1.0432 0.9561 1.0439 0.5458 1.0617
1.1835 0.9948 0.9309 0.9813 0.9858 1.0049 1.0666 0.9950 0.9899 0.8683 1.0256 0.9514 1.0348 0.9489 1.0182 1.1217
