0.7342 0.8121 0.8649 0.8637 1.0242 1.0990 1.0474 1.1688 1.1657 1.1856 1.0458 1.0139 1.0360 1.0114 0.8450 0.8759
0.8512 0.8480 0.9584 1.0328 1.0782 1.2105 1.2178 0.9772 1.0229 0.9836 1.1044 1.0041 0.9278 0.8646 0.9602 0.7436
0.6540 0.7027 0.9011 0.9187 0.9589 1.0468 1.1552 1.0889 1.0914 1.2421 1.0302 0.9805 0.8875 0.9087 0.8681 0.7071
0.6787 0.7442 0.8655 0.9569 0.9876 1.0829 1.1124 1.0539 1.0186 1.1782 1.1525 0.9515 1.0209 0.8817 0.8722 0.7218
0.7651 0.8212 0.8263 0.9062 1.0000 1.0221 1.1221 1.0940 1.2031 1.2082 1.0419 1.0232 0.9579 1.0289 0.9121 0.7746
0.8386 0.8396 0.8762 0.9666 1.1069 1.0639 1.1786 1.1604 1.1872 1.1328 1.0744 1.0231 0.9548 0.9162 0.8518 0.8373
0.7668 0.7946 0.8627 0.9246 1.0267 1.0739 1.1985 1.1845 1.1093 1.1008 1.1066 1.0530 0.9558 0.8952 0.8081 0.9064
0.8753 0.8117 0.8526 0.9340 1.0000 1.1240 1.2281 1.1553 1.0251 1.0723 1.1726 1.1083 1.0072 0.9300 0.8174 0.8848
0.8173 0.8603 0.8595 0.8945 1.0069 1.0251 1.1320 1.0526 1.1085 1.1132 1.0770 1.0977 0.9714 1.0156 0.8667 0.8299
0.6802 0.7509 0.9021 0.9841 0.9973 1.0482 1.0935 1.1197 1.0392 1.1014 1.2008 0.9874 0.8943 0.9549 0.9533 0.9147
0.7189 0.6498 0.7411 0.7784 0.9471 1.0437 1.1281 1.0373 1.0607 1.0769 1.0548 0.9654 0.9831 0.9549 0.8306 0.9863
0.7480 0.8192 0.9258 0.9752 1.1565 1.1160 1.1225 0.8989 1.0567 1.2080 1.0999 0.9546 0.9196 1.0000 1.0000 0.6976
0.9271 0.8901 0.9295 1.0099 1.1634 1.1268 1.1753 1.0459 1.1547 1.0590 1.0906 1.0156 0.9642 0.8230 0.8153 0.8807
0.9136 0.9172 0.9606 0.9989 0.9926 1.1127 1.1747 1.1489 1.1185 1.0692 1.1541 0.9396 0.9226 1.0000 0.7868 0.7767
0.6733 0.7655 0.8544 0.8898 1.0240 1.1798 1.0769 1.0527 1.0743 1.0768 1.1595 1.1537 0.9949 0.8522 0.8278 0.7487
0.6988 0.8157 0.9357 1.0135 0.9934 1.0544 1.0904 1.0728 1.0958 1.0178 1.0303 1.0584 0.9803 0.9523 0.8757 0.8176
0.8577 0.8007 0.8647 0.8990 1.0368 1.1643 1.0119 1.1787 1.1520 1.1938 1.0907 1.0351 1.0718 0.9240 0.8490 0.8662
0.7068 0.7510 0.8036 0.8106 0.9899 1.0016 1.1190 1.0306 1.0176 1.1088 1.0963 1.0305 1.0051 1.0132 0.8550 0.8482
0.7105 1.0000 0.8783 0.9250 0.9771 1.1760 1.1464 1.1110 1.0675 1.1574 1.1090 0.9139 0.9605 0.8944 0.8476 0.8494
0.8760 0.8333 0.9187 0.9035 1.0487 1.1344 1.0212 1.0865 1.0723 1.1875 1.0690 1.1121 1.0000 0.9534 0.9053 0.8808
0.8643 0.8635 0.8782 0.9739 0.9602 1.0966 1.0601 1.0724 1.0623 1.0401 1.0834 1.1370 0.9956 0.9844 0.9766 0.8812
0.6037 0.7667 0.8989 0.9541 1.0000 1.0669 1.0555 1.0844 1.0624 1.1046 1.0447 1.0422 0.9944 0.9002 1.0000 0.7764
0.8805 0.8084 0.9329 0.9550 1.0523 1.1773 1.1890 1.0056 1.0944 1.1571 1.1769 1.0162 1.0133 0.9275 0.8396 0.8088
0.7596 0.7905 0.8606 0.9261 1.2002 1.0000 1.1053 1.2045 1.1295 1.0874 1.2476 0.9719 0.9365 0.9196 0.9312 0.9111
0.8813 0.9260 0.8978 0.9964 1.0993 1.0983 1.1582 1.1677 1.1904 1.1859 1.1110 0.9811 0.9400 0.8783 0.7463 0.7320
