1.3377 1.1880 1.0461 1.0819 0.9945 0.9761 1.0717 0.8987 1.1091 1.1198 0.8579 0.8333 0.9384 0.8299 0.7951 0.9218
1.0000 1.0367 1.2975 1.2841 1.1482 1.0079 1.0840 0.9776 0.8908 0.9107 0.8884 0.8727 0.8658 0.9127 0.8438 1.0000
1.0457 0.9108 0.9381 1.2106 0.8658 0.9629 1.0000 0.9411 0.9678 1.0268 0.9831 0.9344 1.0505 1.1389 1.0722 1.2578
1.2816 1.2056 1.1682 1.1377 1.0240 1.0698 1.1073 0.9000 0.9798 0.8901 0.8859 0.9398 0.8034 0.9348 0.7884 0.9639
1.2544 0.9920 0.9058 1.0372 0.9332 0.9881 0.9743 0.9110 0.9413 1.0422 0.9947 1.0921 0.8856 1.1156 1.0663 1.3543
1.1948 1.1041 1.0020 1.1259 0.9725 1.0718 1.0806 0.9590 0.9143 1.0182 0.9768 0.8807 0.8943 0.8520 0.9985 0.9541
1.1817 1.0764 1.0439 0.9977 0.9535 0.9568 1.0148 0.9793 0.8939 1.0352 0.9643 0.8410 0.9643 1.1118 1.0000 1.0411
1.3597 1.2435 1.1524 1.1018 1.1044 1.0876 1.0599 1.0288 1.0947 0.8993 0.8909 0.8223 0.8058 0.7580 0.7730 0.8184
0.6684 0.7243 0.8996 0.7546 0.9501 0.9534 0.8422 1.0428 1.0498 0.8986 1.0541 0.9857 1.2139 1.0147 1.2271 1.2378
1.1451 0.9875 0.9834 1.0952 0.9864 0.9628 0.9410 1.1644 0.8630 0.8844 0.9205 0.8886 1.0122 0.9971 1.1014 1.1102
0.6642 0.7283 0.8881 0.8073 0.9290 0.9793 0.8984 1.0396 1.0166 0.9722 1.0731 0.9142 1.2615 1.0994 0.9477 1.2477
1.2836 1.1447 1.1833 1.1856 1.0859 1.1100 1.1166 0.9645 0.9807 0.8881 0.8481 0.9099 0.8536 0.8099 0.8351 0.7997
1.0230 0.8703 0.8246 0.9157 0.8663 0.8893 0.7942 1.0582 0.9397 1.1117 1.1538 1.0117 1.1102 1.1767 1.1351 1.5095
1.2039 1.0596 1.1047 1.0097 0.8551 1.0051 1.0275 1.0380 0.9401 0.8955 0.9481 0.8775 0.9848 0.8972 1.0383 1.0663
1.1908 1.1668 0.9318 0.9178 1.0458 1.0506 0.9980 1.0684 0.9975 0.9176 0.9762 0.9624 0.9745 0.7987 0.7808 0.9226
1.0185 0.9648 1.0689 0.9027 0.9676 1.0706 0.9791 0.9821 1.0000 0.9130 0.9341 1.0701 1.0000 1.0095 1.0207 1.1471
0.9527 0.9311 0.9185 1.0000 0.9696 0.9184 1.0289 1.0834 0.9974 1.0134 1.0499 0.9821 1.0515 1.1050 1.2871 1.2980
1.4557 1.3438 1.0495 1.2399 0.9709 1.0134 1.1207 0.9641 0.8928 1.0000 1.0000 0.9069 1.0000 0.8461 0.9219 0.9230
1.4948 1.0034 1.2593 0.9187 0.7987 1.1069 0.9987 0.9736 1.0468 1.0334 0.8990 0.9964 0.8939 0.8923 0.9703 1.1509
1.1682 1.1155 1.1611 1.2223 0.9947 1.0465 0.9662 0.9265 1.0032 1.0815 0.9021 0.7956 0.8024 0.7443 0.5265 0.5092
1.2762 0.9497 1.0000 0.9243 1.1114 1.0808 0.9272 1.0201 0.9836 1.0365 0.9218 1.0551 0.9013 1.0742 0.9705 1.0644
0.6833 0.7419 0.9820 0.9743 1.0965 1.0044 1.0070 0.9463 0.9382 1.0886 0.9607 0.9848 1.0388 0.9801 0.9984 1.2273
1.0252 0.8628 0.9068 0.9579 0.8216 0.9207 0.8534 0.9071 1.0000 1.1459 0.9589 0.9335 1.1639 1.2618 1.3428 1.6279
1.0323 1.0583 0.8835 1.0508 0.8791 0.9783 0.9346 1.0048 1.1209 0.8998 0.9987 1.0396 0.9404 1.0486 0.5458 1.0871
1.2162 1.0397 0.9501 1.0090 1.0072 1.0223 1.0511 1.0023 1.0261 0.8905 1.0348 0.9468 1.0394 0.9347 0.9599 1.0602
