0.7593 0.8073 0.8869 0.8780 1.0194 1.1000 1.0648 1.1630 1.1748 1.1914 1.0420 1.0168 1.0135 0.9806 0.8553 0.8489
0.8614 0.8658 0.9814 1.0465 1.0843 1.2270 1.2228 0.9584 1.0536 0.9406 1.1019 0.9775 0.9290 0.8634 0.9500 0.7523
0.6648 0.6913 0.8986 0.9031 0.9494 1.0778 1.1300 1.0797 1.0816 1.2396 1.0398 0.9915 0.8970 0.9111 0.8919 0.7322
0.6916 0.7653 0.8663 0.9447 0.9708 1.0712 1.1129 1.0361 1.0206 1.1667 1.1441 0.9718 1.0135 0.8894 0.8997 0.7253
0.7469 0.7995 0.8471 0.8961 1.0000 1.0350 1.0954 1.0679 1.1774 1.1701 1.0469 1.0585 0.9480 1.0156 0.9262 0.7929
0.8161 0.8426 0.8718 0.9690 1.1197 1.0607 1.1828 1.1436 1.1865 1.1304 1.0794 1.0142 0.9623 0.9202 0.8482 0.8435
0.7713 0.8033 0.8575 0.9378 1.0284 1.0694 1.1638 1.1734 1.0951 1.1190 1.1074 1.0550 0.9656 0.9092 0.8203 0.9097
0.8678 0.8042 0.8568 0.9530 1.0000 1.0949 1.2109 1.1494 1.0041 1.0644 1.1878 1.1172 1.0174 0.9275 0.8281 0.9085
0.8480 0.8725 0.8670 0.9008 1.0221 1.0074 1.1288 1.0674 1.0978 1.1287 1.0744 1.0944 0.9617 1.0260 0.8718 0.8336
0.6632 0.7898 0.8680 0.9895 0.9837 1.0356 1.0924 1.1075 1.0487 1.0744 1.1862 0.9956 0.8954 0.9731 0.9634 0.9073
0.7407 0.6519 0.7442 0.7992 0.9183 1.0170 1.1334 1.0550 1.0651 1.0705 1.0411 0.9564 0.9999 0.9636 0.8405 1.0124
0.7392 0.8173 0.9153 0.9973 1.1374 1.1169 1.1474 0.8790 1.0613 1.2002 1.0954 0.9688 0.9299 1.0000 1.0000 0.6991
0.9243 0.8994 0.9354 1.0168 1.1394 1.1528 1.1537 1.0486 1.1264 1.0503 1.0822 0.9993 0.9689 0.8394 0.8097 0.9036
0.9046 0.9143 0.9542 1.0249 1.0078 1.1029 1.1747 1.1473 1.1131 1.0619 1.1544 0.9558 0.9113 1.0000 0.7929 0.7825
0.7124 0.7330 0.8874 0.9139 1.0072 1.1703 1.0565 1.0266 1.0307 1.0695 1.1667 1.1695 1.0399 0.8417 0.8115 0.7557
0.7122 0.8254 0.9494 1.0320 0.9692 1.0581 1.0796 1.0524 1.0842 0.9944 1.0229 1.0560 0.9927 0.9604 0.9054 0.8512
0.8452 0.7996 0.8712 0.8965 1.0291 1.1600 1.0161 1.1420 1.1411 1.1945 1.0902 1.0369 1.0906 0.9202 0.8784 0.8819
0.7114 0.7678 0.7899 0.7980 0.9985 0.9933 1.1255 1.0125 1.0107 1.1109 1.0903 1.0431 1.0026 1.0158 0.8579 0.8517
0.6950 1.0000 0.8796 0.9259 0.9693 1.1523 1.1482 1.0953 1.0784 1.1802 1.1255 0.9250 0.9762 0.8895 0.8339 0.8476
0.8686 0.8547 0.9161 0.8524 1.0447 1.1253 0.9678 1.0743 1.0949 1.1784 1.0931 1.1381 1.0000 0.9856 0.9253 0.9034
0.8776 0.8586 0.8825 0.9772 0.9572 1.0992 1.0873 1.0579 1.0511 1.0105 1.0828 1.1386 1.0216 0.9805 0.9638 0.8762
0.6177 0.7569 0.9083 0.9799 1.0000 1.0763 1.0484 1.0726 1.0579 1.1084 1.0336 1.0385 1.0051 0.8900 1.0000 0.7901
0.8758 0.8052 0.9427 0.9567 1.0698 1.1865 1.1899 0.9744 1.0883 1.1516 1.1838 1.0158 1.0155 0.9261 0.8507 0.7954
0.7542 0.7856 0.8693 0.9260 1.2240 1.0000 1.1083 1.1884 1.1136 1.0799 1.2409 0.9820 0.9465 0.9290 0.9232 0.9075
0.8923 0.9461 0.8925 0.9948 1.1070 1.0977 1.1736 1.1501 1.2127 1.1702 1.0828 0.9623 0.9491 0.8963 0.7424 0.7327
