1.3174 1.1972 1.0844 1.0899 1.0169 0.9734 1.0768 0.8789 1.1326 1.1565 0.8437 0.8381 0.9357 0.7949 0.8095 0.8683
1.0000 1.0619 1.2054 1.2868 1.1527 0.9866 1.0752 0.9690 0.8843 0.9458 0.9161 0.8838 0.8871 0.9239 0.8303 1.0000
1.1085 0.9399 0.9229 1.3250 0.8868 0.9962 1.0000 0.9314 0.9846 1.0432 1.0012 0.9489 1.0342 1.0388 1.0630 1.1484
1.2461 1.1612 1.1191 1.1208 0.9840 1.0417 1.0973 0.9112 1.0004 0.9212 0.9139 0.9558 0.8524 0.9229 0.8331 0.9871
1.3627 1.0285 0.9243 1.0304 0.9447 0.9500 1.0126 0.9315 0.9125 0.9744 1.0178 1.0866 0.8936 1.0975 1.0588 1.3044
1.1417 1.0892 0.9775 1.0945 0.9747 1.0627 1.0595 0.9838 0.8678 1.0594 0.9369 0.9267 0.9086 0.8938 0.9967 1.0225
1.2269 1.1222 1.0604 1.0125 0.9675 0.9566 1.0159 0.9597 0.8786 1.0494 0.9638 0.8480 0.9494 1.0479 1.0000 1.0511
1.2865 1.2319 1.0763 1.1033 1.0892 1.0848 1.0551 1.0181 1.1027 0.8976 0.9199 0.8589 0.8035 0.7891 0.7966 0.8837
0.6796 0.7247 0.9185 0.7725 0.9280 0.9483 0.8350 1.0854 1.0477 0.9091 1.0712 0.9899 1.2242 0.9508 1.2395 1.1814
1.0579 0.9515 0.9188 1.1092 1.0178 0.9868 0.9755 1.1026 0.9013 0.9284 0.9224 0.8981 1.0404 0.9947 1.1129 1.1776
0.6559 0.7249 0.8631 0.8043 0.9264 0.9666 0.9589 1.0506 0.9977 1.0017 1.0520 0.9449 1.1537 1.1476 0.9816 1.2006
1.2342 1.1146 1.1407 1.1621 1.0634 1.0815 1.1209 0.9825 1.0250 0.8978 0.8524 0.8882 0.8879 0.8405 0.8968 0.8033
1.0060 0.8712 0.8470 0.9664 0.9102 0.8550 0.7856 1.1505 0.9271 1.0496 1.1442 0.9709 1.0821 1.2034 1.1034 1.4707
1.1034 1.0300 1.0857 0.8918 0.8758 0.9662 1.0014 1.0685 0.9681 0.9238 0.9805 0.9364 1.0294 0.9308 1.0778 1.0960
1.2343 1.1520 0.9662 0.9674 1.0715 1.0658 1.0308 1.0810 0.9873 0.8514 0.9696 0.9751 0.9375 0.7771 0.7656 0.8369
0.9849 0.9478 1.0643 0.9157 0.9548 1.0304 0.9804 0.9833 1.0000 0.9161 0.9741 1.0106 1.0000 1.0597 1.0576 1.2577
0.9456 0.9509 0.9462 1.0000 0.9551 0.9326 1.0388 0.9749 0.9862 1.0491 1.0710 1.0355 1.0371 1.0798 1.2500 1.3203
1.3956 1.3191 1.0172 1.2351 0.9594 0.9666 1.1086 0.9492 0.8922 1.0000 1.0000 0.9304 1.0000 0.8536 0.9450 0.9746
1.4595 1.0366 1.1946 0.9562 0.8186 1.1187 1.0367 0.9698 1.0624 0.9873 0.8928 1.0013 0.8934 0.8674 0.9689 1.1269
1.1251 1.1457 1.1652 1.1977 0.9972 1.0328 0.9586 0.9293 1.0066 1.0697 0.9082 0.8201 0.7868 0.7557 0.5288 0.5229
1.3227 0.9566 1.0000 0.9540 1.1476 1.0767 0.9248 1.0024 0.9723 0.9379 0.9532 1.1307 0.8915 1.0784 0.9993 1.0201
0.6285 0.7258 0.9896 0.9902 1.0356 1.0201 0.9989 0.9666 0.9621 1.0672 0.9604 1.0236 1.0802 0.9403 0.9842 1.2404
1.0597 0.8589 0.8950 0.9425 0.8782 0.8860 0.8854 0.9487 1.0000 1.1268 0.9463 0.9473 1.1415 1.2343 1.2597 1.4114
1.0443 1.0492 0.8522 1.0142 0.8705 0.9758 0.9000 0.9638 1.1209 0.9244 1.0144 1.0676 0.9956 1.0532 0.5458 1.1018
1.3789 1.1344 1.0121 1.0888 1.1015 1.0793 1.1090 1.0132 1.0078 0.8834 1.0182 0.8787 0.9676 0.8500 0.8230 0.9205
