1.3466 1.1994 1.0437 1.1050 1.0004 0.9484 1.0486 0.8987 1.0961 1.1265 0.8727 0.8531 0.9243 0.8239 0.7898 0.9233
1.0000 1.0687 1.3133 1.2576 1.1540 1.0041 1.1007 0.9750 0.8939 0.9030 0.8760 0.8671 0.8570 0.9044 0.8316 1.0000
1.0367 0.9073 0.9501 1.1186 0.8206 0.9385 1.0000 0.9540 0.9476 1.0099 0.9493 0.9571 1.0456 1.1603 1.0560 1.2794
1.3220 1.1933 1.1778 1.1495 1.0099 1.0790 1.1025 0.8987 0.9616 0.8722 0.8893 0.9400 0.8094 0.9322 0.7982 0.9752
1.2631 0.9636 0.8814 1.0202 0.9075 0.9633 0.9509 0.9014 0.9875 1.0739 1.0170 1.1103 0.8984 1.1380 1.0561 1.3437
1.2133 1.0909 1.0053 1.1239 0.9789 1.0730 1.0646 0.9556 0.9120 1.0166 0.9826 0.8819 0.8662 0.8411 1.0101 0.9778
1.1880 1.1169 1.0588 1.0110 0.9627 0.9372 1.0335 0.9711 0.8876 1.0537 0.9676 0.8327 0.9488 1.0793 1.0000 1.0073
1.3670 1.2294 1.1315 1.0967 1.1077 1.0849 1.0537 1.0093 1.0895 0.8951 0.9035 0.8252 0.8025 0.7975 0.7878 0.8265
0.6630 0.7114 0.8866 0.7353 0.9306 0.9587 0.8298 1.0417 1.0470 0.9124 1.0724 0.9785 1.2260 1.0192 1.2237 1.2410
1.1601 0.9899 0.9823 1.0963 0.9845 0.9745 0.9427 1.1523 0.8683 0.8796 0.9291 0.9076 1.0266 0.9845 1.0945 1.0659
0.6750 0.7218 0.8761 0.8022 0.9490 0.9646 0.8798 1.0549 1.0174 0.9583 1.0631 0.8992 1.2632 1.0989 0.9655 1.3045
1.2536 1.1466 1.1911 1.2122 1.0862 1.0929 1.1283 0.9715 1.0005 0.8729 0.8382 0.8717 0.8538 0.7947 0.8571 0.8311
1.0405 0.8531 0.8300 0.9188 0.8888 0.9136 0.8175 1.0056 0.9331 1.0792 1.1563 0.9928 1.1009 1.1875 1.1583 1.5614
1.2064 1.0858 1.0961 1.0142 0.8452 0.9983 1.0383 1.0251 0.9415 0.8640 0.9500 0.8777 0.9819 0.8983 1.0270 1.0961
1.2237 1.1623 0.9451 0.9204 1.0609 1.0386 0.9981 1.0857 0.9808 0.9205 0.9642 0.9362 0.9604 0.8020 0.7710 0.9375
1.0235 0.9343 1.0416 0.9092 1.0018 1.0663 0.9792 0.9753 1.0000 0.9100 0.9563 1.0766 1.0000 1.0100 1.0107 1.1710
0.9505 0.9262 0.8878 1.0000 0.9868 0.9445 1.0221 1.0843 0.9955 1.0100 1.0429 0.9959 1.0492 1.0899 1.2693 1.2922
1.4692 1.3567 1.0246 1.2555 0.9854 1.0039 1.1223 0.9839 0.8944 1.0000 1.0000 0.8819 1.0000 0.8513 0.9204 0.9161
1.4817 1.0093 1.2373 0.9123 0.7854 1.0854 1.0108 0.9832 1.0691 1.0210 0.9098 1.0129 0.8955 0.8897 0.9855 1.1477
1.1627 1.1172 1.1515 1.1951 0.9738 1.0384 0.9637 0.9241 1.0002 1.0585 0.9159 0.8028 0.8010 0.7803 0.5369 0.5263
1.2932 0.9704 1.0000 0.9345 1.1485 1.0471 0.9299 0.9993 0.9541 1.0190 0.9149 1.0514 0.8925 1.0669 1.0154 1.0881
0.7000 0.7616 0.9792 1.0077 1.1153 1.0285 0.9883 0.9476 0.9239 1.0752 0.9612 0.9672 1.0160 1.0044 0.9869 1.2338
1.0440 0.8541 0.8873 0.9393 0.8318 0.9331 0.8792 0.9183 1.0000 1.0944 0.9228 0.9422 1.1596 1.3033 1.3281 1.6539
1.0183 1.0739 0.8785 1.0392 0.8903 0.9829 0.9486 1.0057 1.1162 0.8954 1.0094 1.0380 0.9410 1.0535 0.5458 1.0817
1.2089 1.0329 0.9316 1.0078 1.0308 1.0294 1.0684 1.0141 1.0001 0.8843 1.0265 0.9367 1.0411 0.9227 0.9655 1.0647
