1.4646 1.4184 1.3352 1.3407 1.0849 0.9574 1.1270 0.9874 0.9957 0.9841 0.7925 0.7841 0.8337 0.7998 0.6414 0.6538
1.0000 0.7858 0.9840 0.9845 0.9121 0.9127 1.0873 1.0188 1.0004 1.1148 1.0611 0.9354 0.9844 1.1912 1.0748 1.0000
1.4769 1.3797 1.5077 2.0002 1.0282 1.2358 1.0000 0.8878 1.0727 1.0800 0.8621 0.7935 0.8910 0.9596 0.8287 0.8385
0.9948 0.8153 0.8114 0.9437 0.8900 0.9307 0.9260 0.8988 1.1076 1.0186 1.0494 1.0953 1.0246 0.9919 1.0006 1.5846
1.1134 0.8120 1.0703 0.9420 0.9847 0.9533 1.2794 1.1755 0.9253 1.2199 1.2915 1.0371 1.0504 1.0167 1.0335 0.9565
0.7620 0.8657 0.6769 0.8329 0.8234 0.9504 1.1358 0.9984 0.8874 1.1681 1.0733 1.2551 1.3361 1.1529 1.2474 1.3851
1.6967 1.4009 1.3870 1.2392 1.1841 1.0559 1.0262 0.8590 0.8731 0.7874 0.8117 0.7683 0.7917 1.0083 1.0000 0.8548
0.9715 0.9051 0.9846 0.8644 0.8047 0.9771 0.9963 1.1206 1.2012 0.9862 1.0319 1.0503 0.9135 0.9384 1.0811 1.1509
1.0679 0.9487 1.2212 1.0587 1.0512 1.2905 0.9894 1.1431 1.1467 0.9794 1.0466 0.9732 0.9226 0.9294 0.9945 1.1317
0.9668 0.7602 1.1651 0.8133 0.9536 0.9915 0.8837 1.1750 0.9172 1.0649 0.9636 0.9928 1.1243 1.1686 1.1125 1.6095
0.6970 1.0812 1.1944 0.8071 1.1454 1.1467 1.0254 1.0781 1.0925 0.9006 0.9133 0.8824 1.0256 0.8643 0.7838 1.3509
0.8160 0.7926 0.8748 0.9168 0.8099 0.9624 1.0453 0.9376 0.9979 1.1642 1.0950 1.1479 1.1200 1.1779 1.2058 1.0093
1.1760 1.1545 1.0941 1.2022 1.0733 1.2794 1.1300 1.4768 0.7598 1.1978 1.0321 0.7538 0.8186 0.9187 0.6945 0.7737
1.0961 0.9446 1.0905 0.8897 0.7348 0.8904 0.8625 1.0333 1.0730 1.0659 1.1304 1.0572 1.0680 1.0380 1.1906 1.1234
1.4491 1.3403 1.0323 1.0910 1.1534 1.0598 1.1146 1.0869 0.9132 0.8251 0.8611 0.8743 0.7724 0.7290 0.7828 0.7490
0.7820 1.0562 0.8565 0.8405 0.8923 0.8525 0.9442 0.8728 1.0000 0.8624 1.1214 1.1642 1.0000 1.3845 1.4610 1.5278
1.2043 0.9063 1.1976 1.0000 1.0026 1.0199 1.0906 1.0743 0.9407 0.9636 0.9713 0.9414 0.8908 0.9781 1.1268 0.9963
0.8192 0.7899 0.8505 0.9303 0.8053 0.8086 1.0591 0.9337 0.9757 1.0000 1.0000 1.1885 1.0000 1.1306 1.1748 1.2074
1.6509 1.3173 1.7294 1.3224 1.0593 1.1875 1.1273 1.0382 0.9816 0.9361 0.8028 0.7400 0.6637 0.6991 0.8831 0.8679
0.8799 0.8639 1.1599 1.0647 0.9817 0.9742 1.1525 1.0929 1.2008 1.2026 1.1635 1.0139 1.0671 1.1236 0.8036 0.7000
1.3352 1.1229 1.0000 1.0389 1.1772 1.1592 1.0411 1.0595 0.9985 0.9412 0.9382 1.0581 0.8669 1.0200 0.8809 0.9843
0.7497 0.6508 0.7591 0.6693 0.8712 0.8903 0.9774 0.9479 1.0013 1.0239 1.0666 1.3530 1.2453 1.1516 1.1923 1.5471
1.0547 1.0817 1.1178 0.9123 1.0048 1.0308 1.1374 1.1387 1.0000 1.5807 1.0145 0.8451 0.8990 0.7041 0.6269 0.8580
0.6999 0.7270 0.8386 0.8922 0.8309 0.8362 0.8585 0.9966 1.1397 1.1115 1.0449 1.1633 1.2878 1.3635 0.7358 1.6064
1.5019 1.4828 1.1941 1.2078 1.1535 1.2093 1.3267 1.1288 1.0714 0.8699 0.8957 0.9743 0.9598 0.9977 0.8985 0.9881
