0.8432 0.9283 0.9268 0.9386 1.0402 1.0984 1.0580 1.1734 1.0760 1.1671 0.9898 0.9718 1.0521 1.0598 0.8340 0.8403
0.8988 0.9371 1.0359 1.1046 1.1534 1.2600 1.2111 0.8686 0.9179 0.8685 1.0982 0.9627 0.9591 0.8324 1.0241 0.7879
0.6972 0.8056 0.9905 0.9706 1.0105 1.1553 1.0249 1.1020 1.0265 1.2794 0.9730 0.8569 0.9225 0.9311 1.0236 0.6509
0.6796 0.8144 0.9164 1.0198 1.0399 1.0978 1.1572 1.0768 0.9411 1.0929 1.1442 0.9322 0.9929 0.8660 0.9044 0.6352
0.7683 0.8596 0.8916 0.9020 1.0000 1.0740 1.1245 1.0461 1.1520 1.2160 1.0029 0.9691 0.9519 1.0669 1.0172 0.8676
0.8633 0.9265 0.9274 1.0047 1.1790 1.1178 1.2022 0.9588 1.1657 1.1279 1.0594 0.9975 0.9496 0.8939 0.8193 0.8073
0.7406 0.8618 0.9595 0.9611 1.1069 0.9588 1.2145 1.2080 1.0836 1.0200 1.0570 1.0088 0.9857 0.8826 0.8288 0.8535
0.9689 0.8560 0.9139 0.9949 1.0000 1.1191 1.1969 1.0397 1.1108 1.0979 1.0599 1.1040 1.0278 0.8788 0.8143 0.8188
0.8526 0.9385 0.8873 0.9295 1.0711 1.0474 1.1604 1.0214 1.1124 1.0963 1.0289 1.0039 1.0211 1.0038 0.8364 0.7539
0.7616 0.8024 0.9203 1.0424 1.0319 1.0815 1.0821 1.1505 0.9645 1.0324 1.1452 0.7995 0.8245 1.0044 1.0697 1.0364
0.8270 0.7512 0.8596 0.8653 1.0591 1.1673 1.2196 1.0514 1.0258 1.1101 0.9997 1.0032 1.0409 0.9858 0.8726 0.8347
0.7998 0.8719 0.8789 1.0696 1.1768 1.1760 1.1836 0.9318 0.9464 1.2025 0.9738 0.8909 0.9018 1.0000 1.0000 0.6088
0.9303 0.9097 0.9200 0.9944 1.1495 1.0812 1.1078 0.9005 1.0798 0.9986 1.0177 0.9776 0.9991 0.8106 0.7593 0.9602
0.9575 0.9319 0.9849 1.0051 0.9551 1.0922 1.1700 1.1105 1.0565 0.9788 1.0809 0.9115 0.9146 1.0000 0.8436 0.7104
0.6712 0.7934 0.8341 0.8821 1.0498 1.2363 1.0590 1.1134 1.0122 1.0524 1.1230 1.1696 1.0174 0.8626 0.9360 0.8161
0.7323 0.8928 0.9612 1.0690 1.0217 1.0134 1.0714 0.9826 1.1266 0.9505 0.9838 1.0314 1.0668 0.9538 0.8740 0.7829
0.9032 0.6842 0.8380 0.8518 1.0745 1.1861 1.0068 1.1818 1.0878 1.1454 1.0451 1.0255 1.1549 0.9170 0.8326 0.9914
0.7007 0.9218 0.8356 0.8364 1.0535 0.9896 1.2226 1.1085 1.0316 1.1783 1.1101 1.0015 0.9268 0.8968 0.9502 0.9038
0.7462 1.0000 0.9443 0.9058 1.0049 1.1156 1.1095 0.9762 1.0965 1.1817 1.1352 0.8637 1.0074 0.8868 0.9065 0.8663
0.8636 0.8497 0.9760 0.8897 1.0813 1.1981 1.0026 1.0847 1.0677 1.1459 1.0070 1.1468 1.0000 0.9037 0.9740 0.7890
0.9333 0.9492 0.9318 0.9542 0.8850 1.1085 1.0409 1.0956 1.0701 0.9653 1.0477 1.1925 0.9813 1.0100 0.9603 0.7987
0.6486 0.8582 0.9691 1.0337 1.0000 1.0517 1.0326 1.0465 1.0049 1.0370 0.9366 1.0625 0.9483 0.8743 1.0000 0.7201
0.8005 0.8175 0.9957 1.0009 1.0303 1.1445 1.1785 0.9176 1.0776 1.1430 1.1497 1.0574 1.0735 0.9379 0.8452 0.8493
0.8603 0.8617 0.9216 0.9946 1.2396 1.0000 1.1102 1.1392 1.0963 1.0369 1.2391 0.8483 0.9255 0.9133 0.9231 0.8897
0.8592 0.9411 0.8580 0.9815 1.1475 1.0840 1.1805 1.1641 1.1399 1.1739 1.0995 0.9205 0.9415 0.8355 0.7251 0.7374
