1.3989 1.2671 1.3226 1.3205 1.1586 1.0763 1.0904 0.9578 1.0361 1.0238 0.8744 0.8112 0.8476 0.7115 0.6109 0.6107
1.0000 0.7743 0.8794 0.9241 0.9693 0.9218 1.0449 1.0044 0.9673 1.1292 1.0918 0.9986 1.0347 1.2005 1.0408 1.0000
1.3265 1.2619 1.4532 2.1008 1.1256 1.1893 1.0000 0.8495 1.0869 1.0280 0.8254 0.8149 0.8424 0.9510 0.7170 0.8133
0.9797 0.7886 0.8458 0.9754 0.8515 0.9474 0.9533 0.9818 1.1236 1.0974 1.0418 1.0440 1.0643 0.9767 1.0679 1.3798
1.4122 1.1018 1.1208 1.1428 0.8879 0.9914 1.1874 1.1519 0.8863 1.0795 1.2543 1.0518 0.9748 0.9840 0.9837 1.0316
0.7885 0.8380 0.7525 0.8576 0.9022 0.9477 1.1988 1.0201 0.8740 1.1835 0.9743 1.2005 1.0836 1.0428 1.0953 1.3365
1.6679 1.2819 1.2503 1.2081 1.1953 0.9760 0.9836 0.8527 0.8776 0.8918 0.8650 0.7888 0.8283 1.0029 1.0000 0.7806
0.9114 0.9242 0.9134 0.9564 0.8349 1.0175 1.1099 1.1822 1.1993 1.0033 1.0063 1.0750 0.9059 0.8250 0.9754 1.1291
0.9632 0.9488 1.2227 1.0408 0.9954 1.2124 1.0073 1.1510 1.1450 0.9590 1.0053 0.9553 0.9892 0.8471 1.0104 1.1860
0.8904 0.7220 0.8889 0.8457 0.9293 0.9307 0.8655 1.0678 0.9736 1.1176 0.9352 1.0763 1.2224 1.1639 1.2384 1.7999
0.6688 1.0339 1.0536 0.8887 1.0189 1.1180 1.0722 1.1213 1.1132 1.0104 0.8463 0.9499 0.9602 0.9259 0.8120 1.2491
0.8841 0.8388 0.8853 0.9399 0.8900 0.9776 1.0183 0.9413 0.9955 1.1117 1.0527 1.1059 1.1109 1.1515 1.2071 0.8692
1.1730 1.1707 1.1107 1.2051 1.1212 1.1598 1.1106 1.4762 0.8010 1.1532 1.0633 0.7277 0.7388 0.7614 0.7085 0.7713
0.9303 0.8255 0.9899 0.7833 0.7538 0.9043 0.8426 1.0380 1.0780 1.0802 1.1384 1.0689 1.0916 1.0841 1.2494 1.1063
1.5248 1.3926 1.1108 1.1806 1.1740 1.1463 1.1450 1.0794 0.8904 0.7611 0.8271 0.7791 0.7042 0.6641 0.6028 0.6390
0.6833 0.9674 0.8691 0.8064 0.8871 0.9020 0.9768 0.9379 1.0000 0.9738 1.1446 1.1371 1.0000 1.3413 1.3904 1.5579
1.1567 0.9292 1.1524 1.0000 0.9781 1.0348 1.0595 0.9724 0.9638 1.0190 0.9421 0.9478 0.8832 0.9220 1.0094 1.0287
0.9498 0.9575 0.8986 1.0091 0.8863 0.9235 1.0825 0.9597 0.9489 1.0000 1.0000 1.1553 1.0000 1.0211 1.1591 1.2014
1.4274 1.1483 1.6821 1.2594 0.9797 1.2070 1.0949 1.1041 1.0274 0.8991 0.8942 0.7935 0.7096 0.7270 0.8272 0.7618
0.8506 0.9243 1.0533 0.9437 0.9600 0.9578 1.0262 1.0771 1.1844 1.5014 1.1908 0.9893 1.1039 1.1126 0.8375 0.7150
1.3600 1.0714 1.0000 1.0970 1.1688 1.1500 1.0254 0.9843 0.9886 0.8681 0.9638 1.0430 0.8712 0.9684 0.9069 0.8615
0.7120 0.6133 0.8385 0.6629 0.8570 0.9626 0.9973 0.9814 1.0379 0.9803 1.0553 1.3304 1.2062 1.0148 1.1091 1.4491
1.0604 1.0412 1.0953 0.8859 1.0273 1.0165 1.1451 1.1493 1.0000 1.5037 1.0010 0.8364 0.8112 0.7292 0.5970 0.7070
0.7485 0.6966 0.6823 0.8029 0.7498 0.8668 0.8316 1.0033 1.1928 1.0916 1.1948 1.2109 1.2396 1.2788 0.5135 1.4816
1.3858 1.3391 1.1661 1.2095 1.1568 1.1060 1.2045 1.0832 0.9768 0.9085 0.9941 0.9885 0.8855 0.8930 0.8896 1.0369
