1.3217 1.2045 1.0872 1.0862 0.9930 0.9860 1.0729 0.8875 1.1310 1.1262 0.8437 0.8212 0.9347 0.8120 0.8079 0.8877
1.0000 1.0860 1.2444 1.2681 1.1380 1.0120 1.0641 0.9774 0.8790 0.9384 0.8949 0.8861 0.8745 0.9225 0.8153 1.0000
1.0721 0.9429 0.9119 1.2920 0.8797 0.9894 1.0000 0.9487 0.9711 1.0434 0.9964 0.9286 1.0511 1.0508 1.0607 1.1329
1.2661 1.1706 1.1143 1.1382 1.0090 1.0494 1.0945 0.9162 0.9850 0.9117 0.9196 0.9497 0.8491 0.9403 0.8059 0.9763
1.3448 1.0181 0.9407 1.0576 0.9419 0.9494 0.9731 0.9188 0.9221 1.0000 0.9640 1.1007 0.9211 1.1065 1.0711 1.3035
1.1514 1.0823 0.9873 1.0938 0.9850 1.0567 1.0688 0.9884 0.9036 1.0527 0.9472 0.9051 0.8906 0.8781 0.9963 1.0020
1.2402 1.0997 1.0610 0.9999 0.9481 0.9448 0.9948 0.9512 0.8960 1.0433 0.9772 0.8473 0.9746 1.0753 1.0000 1.0489
1.3183 1.1970 1.1053 1.0902 1.1040 1.0884 1.0621 1.0172 1.1239 0.9091 0.8983 0.8458 0.8300 0.7664 0.7899 0.8634
0.6833 0.7259 0.9026 0.7581 0.9128 0.9506 0.8305 1.0662 1.0378 0.9295 1.0507 1.0143 1.2353 0.9806 1.2389 1.1684
1.0627 0.9449 0.9504 1.0875 0.9747 0.9809 0.9592 1.1124 0.9186 0.9239 0.9400 0.9028 1.0361 1.0080 1.1174 1.1780
0.6516 0.7389 0.8849 0.8444 0.9352 0.9977 0.9361 1.0148 0.9785 0.9800 1.0730 0.9496 1.1369 1.1182 1.0046 1.1949
1.2485 1.1259 1.1619 1.1760 1.0674 1.0884 1.1056 0.9478 1.0037 0.8669 0.8632 0.8939 0.8723 0.8615 0.8896 0.8439
0.9817 0.8668 0.8551 0.9530 0.9070 0.8831 0.8048 1.1448 0.9353 1.0422 1.1569 0.9569 1.0773 1.1901 1.1179 1.4937
1.1098 1.0290 1.0788 0.9161 0.8660 0.9673 0.9899 1.0428 0.9771 0.9317 0.9812 0.9070 1.0286 0.9308 1.0805 1.1121
1.2747 1.1852 0.9733 0.9695 1.0761 1.0495 1.0078 1.0588 1.0124 0.8490 0.9516 0.9337 0.9385 0.7788 0.7615 0.8637
0.9830 0.9588 1.0426 0.8872 0.9491 1.0483 0.9935 1.0057 1.0000 0.9067 0.9627 1.0403 1.0000 1.0435 1.0647 1.2173
0.9433 0.9096 0.9336 1.0000 0.9735 0.9476 1.0549 1.0254 0.9935 1.0328 1.0787 0.9984 1.0457 1.0506 1.2450 1.2946
1.4036 1.3464 1.0062 1.2189 0.9711 0.9802 1.1315 0.9788 0.8889 1.0000 1.0000 0.9147 1.0000 0.8693 0.9270 0.9457
1.4715 1.0077 1.2276 0.9421 0.8098 1.1366 1.0153 0.9578 1.0833 1.0011 0.9104 0.9895 0.9016 0.8965 0.9719 1.1167
1.1391 1.1071 1.1712 1.1973 0.9844 1.0321 0.9491 0.9328 1.0188 1.1269 0.9202 0.8170 0.8260 0.7641 0.5474 0.5137
1.3931 0.9991 1.0000 0.9288 1.1346 1.0684 0.8965 1.0105 0.9650 0.9459 0.9272 1.0820 0.9158 1.0830 1.0317 1.0350
0.6486 0.7197 0.9759 0.9882 1.0313 1.0126 0.9987 0.9670 0.9541 1.0904 0.9682 1.0237 1.0607 0.9453 0.9890 1.2670
1.0268 0.8591 0.8923 0.9506 0.8529 0.9073 0.8813 0.9366 1.0000 1.1403 0.9632 0.9473 1.1564 1.2459 1.2899 1.4869
1.0252 1.0418 0.8690 1.0267 0.8704 0.9790 0.8912 0.9763 1.0970 0.9522 1.0234 1.0558 0.9826 1.0658 0.5458 1.0848
1.2842 1.0937 0.9788 1.0484 1.0610 1.0359 1.1063 0.9897 1.0119 0.8689 1.0208 0.9339 0.9927 0.9203 0.8839 0.9835
