1.3811 1.2185 1.0519 1.0933 0.9782 0.9356 1.0751 0.8848 1.0944 1.1246 0.8341 0.8367 0.9306 0.8498 0.7897 0.9216
1.0000 1.0890 1.3129 1.2631 1.1207 0.9956 1.1095 0.9706 0.8813 0.9093 0.8680 0.8548 0.8722 0.9094 0.8343 1.0000
1.0036 0.9051 0.9506 1.1881 0.8254 0.9497 1.0000 0.9579 0.9778 1.0724 0.9642 0.9738 1.0668 1.1973 1.0968 1.2587
1.3719 1.2225 1.1894 1.1410 1.0223 1.0609 1.0842 0.9209 0.9473 0.8671 0.8906 0.9474 0.8165 0.9262 0.7932 0.9853
1.2386 0.9780 0.9008 1.0200 0.9564 1.0114 0.9958 0.8937 1.0445 1.1208 0.8970 1.0855 0.8781 1.0884 1.0342 1.2834
1.2341 1.0915 1.0019 1.1611 0.9785 1.0750 1.0545 0.9546 0.9418 0.9953 1.0074 0.8552 0.8697 0.8299 1.0208 0.9484
1.2051 1.0979 1.0523 0.9903 0.9316 0.9558 1.0297 0.9774 0.8913 1.0475 0.9709 0.8363 0.9700 1.0557 1.0000 1.0526
1.3632 1.2191 1.1760 1.0909 1.1395 1.0993 1.0686 1.0100 1.0708 0.8784 0.8951 0.8241 0.8011 0.7886 0.7613 0.7969
0.6445 0.7009 0.8506 0.7176 0.9280 0.9342 0.8151 1.0222 0.9990 0.8836 1.0331 0.9638 1.1972 1.0187 1.1736 1.2885
1.1950 1.0444 1.0344 1.0959 1.0028 0.9712 0.9449 1.1972 0.8751 0.8586 0.9277 0.8669 0.9769 0.9661 1.0458 0.9898
0.7121 0.7277 0.8972 0.8244 0.9854 0.9727 0.9040 1.0075 0.9798 0.9524 1.1191 0.9176 1.2531 1.1074 0.9405 1.3313
1.2917 1.1418 1.1921 1.2301 1.0784 1.1145 1.1420 0.9862 0.9920 0.8812 0.8327 0.8722 0.8495 0.7812 0.8162 0.7808
1.0019 0.8149 0.7988 0.8825 0.8609 0.9190 0.8422 1.0858 0.9476 1.1219 1.2075 1.0393 1.1077 1.2061 1.1793 1.5257
1.2481 1.0832 1.1438 1.0470 0.8549 1.0104 1.0540 1.0192 0.9342 0.8646 0.9227 0.8622 0.9794 0.8670 1.0050 1.0747
1.1451 1.1595 0.9294 0.9041 1.0507 1.0593 0.9883 1.0612 1.0052 0.9603 0.9721 0.9920 0.9709 0.8067 0.7928 0.9491
1.0552 0.9159 1.0835 0.9093 0.9950 1.0543 0.9726 0.9999 1.0000 0.8939 0.9212 1.1032 1.0000 0.9790 0.9766 1.1268
0.9306 0.9236 0.9116 1.0000 1.0039 0.9412 1.0445 1.1220 0.9983 1.0056 1.0358 0.9897 1.0486 1.0689 1.2425 1.2324
1.5011 1.3577 1.0574 1.2899 0.9972 1.0118 1.1360 0.9957 0.9196 1.0000 1.0000 0.8980 1.0000 0.8364 0.8873 0.8869
1.5495 1.0088 1.1810 0.9029 0.8040 1.1127 1.0107 0.9786 1.0822 1.0455 0.9287 1.0100 0.9016 0.8892 0.9903 1.1589
1.1693 1.1145 1.1451 1.2162 0.9812 1.0354 0.9476 0.9120 0.9936 1.0287 0.9259 0.8130 0.8392 0.7942 0.5405 0.5436
1.1420 0.8830 1.0000 0.8687 1.0866 1.0299 0.9209 1.0021 0.9771 1.0643 0.9430 1.0597 0.9523 1.0456 0.9591 1.0778
0.7224 0.7210 0.9730 0.9913 1.0788 1.0027 0.9819 0.9641 0.9207 1.0976 0.9746 0.9986 1.0189 1.0056 0.9835 1.1713
1.0356 0.8880 0.9198 0.9851 0.8430 0.9314 0.8677 0.9116 1.0000 1.1316 0.9500 0.9505 1.1762 1.3080 1.4040 1.7853
1.0421 1.0926 0.9213 1.0642 0.9021 0.9971 0.9684 1.0249 1.0984 0.8901 0.9859 1.0222 0.9156 1.0166 0.5458 1.0406
1.0295 0.9019 0.8416 0.8811 0.9200 0.9487 1.0329 0.9836 0.9595 0.8935 1.0162 1.0239 1.1268 1.0175 1.0771 1.2464
