0.7209 0.7922 0.8413 0.8826 1.0183 1.0920 1.0501 1.1843 1.1578 1.1824 1.0462 1.0326 1.0448 1.0075 0.8549 0.8511
0.8267 0.8588 0.9324 1.0307 1.0940 1.2458 1.2173 0.9752 1.0543 0.9705 1.1118 1.0088 0.9233 0.8603 0.9649 0.7428
0.6564 0.7047 0.9109 0.9166 0.9463 1.0622 1.1536 1.1012 1.0873 1.2437 1.0274 0.9635 0.8993 0.8948 0.8774 0.7091
0.6651 0.7521 0.8396 0.9446 0.9741 1.0855 1.1003 1.0463 1.0168 1.1950 1.1352 0.9546 1.0278 0.8746 0.9088 0.7688
0.7184 0.7920 0.7860 0.8988 1.0000 1.0407 1.1023 1.0637 1.1606 1.2092 1.0429 1.0188 1.0026 1.0295 0.9278 0.8441
0.8244 0.8427 0.8710 0.9401 1.1178 1.0601 1.1754 1.1460 1.1661 1.1165 1.0605 1.0431 0.9728 0.9372 0.8663 0.8450
0.7897 0.8008 0.8562 0.9481 1.0178 1.0399 1.1734 1.1695 1.1149 1.1043 1.1015 1.0466 0.9654 0.9145 0.8268 0.9200
0.8745 0.7967 0.8558 0.9350 1.0000 1.1088 1.2229 1.1392 1.0779 1.0791 1.1620 1.0841 1.0103 0.9185 0.8405 0.8952
0.8121 0.8685 0.8264 0.8816 1.0006 1.0133 1.1265 1.0372 1.1116 1.1246 1.0536 1.1234 0.9819 1.0091 0.8972 0.8342
0.6981 0.7617 0.8522 0.9650 0.9783 1.0204 1.0408 1.0944 1.0048 1.0507 1.2001 0.9917 0.9317 0.9852 0.9901 0.9727
0.7157 0.6487 0.7327 0.8064 0.9500 1.0423 1.1219 1.0659 1.0369 1.0695 1.0454 0.9458 1.0022 0.9598 0.8443 0.9713
0.7468 0.8240 0.9125 0.9593 1.1516 1.1261 1.1314 0.8975 1.0472 1.2058 1.0895 0.9697 0.9405 1.0000 1.0000 0.6956
0.9222 0.8879 0.9100 1.0235 1.1445 1.1302 1.1850 1.0395 1.1516 1.0699 1.0690 1.0220 0.9687 0.8581 0.8120 0.9022
0.8887 0.8853 0.9417 1.0058 0.9950 1.1034 1.1793 1.1456 1.1153 1.0637 1.1708 0.9411 0.9308 1.0000 0.8250 0.7938
0.7150 0.7493 0.8731 0.9089 1.0045 1.1700 1.0757 1.0566 1.0686 1.0616 1.1044 1.1168 0.9634 0.8766 0.8744 0.8219
0.6523 0.7779 0.8930 0.9516 0.9898 1.0660 1.0951 1.0609 1.0852 1.0304 1.0260 1.0557 0.9844 0.9859 0.9244 0.8494
0.8538 0.7894 0.8809 0.9022 1.0243 1.1598 1.0108 1.1841 1.1693 1.1741 1.0639 1.0374 1.0818 0.9189 0.8719 0.8762
0.7095 0.7556 0.7903 0.8118 0.9907 1.0082 1.1249 1.0125 1.0228 1.1011 1.0647 1.0488 0.9872 1.0131 0.8670 0.8869
0.6861 1.0000 0.8739 0.9053 0.9695 1.1311 1.1383 1.0990 1.0893 1.1734 1.1077 0.9279 0.9629 0.8940 0.8622 0.8559
0.8173 0.8213 0.9033 0.8436 1.0402 1.1486 1.0280 1.0684 1.0842 1.1761 1.0594 1.1420 1.0000 0.9844 0.9346 0.9366
0.8453 0.8738 0.8722 0.9864 0.9851 1.1122 1.0791 1.0639 1.0431 0.9840 1.0712 1.1298 0.9980 0.9903 0.9852 0.9087
0.6099 0.7557 0.9027 0.9702 1.0000 1.0756 1.0570 1.0700 1.0658 1.1130 1.0311 1.0285 0.9856 0.9065 1.0000 0.8032
0.8717 0.8051 0.9304 0.9517 1.0692 1.1523 1.2036 0.9900 1.0926 1.1262 1.1605 1.0116 1.0318 0.9375 0.8709 0.8124
0.7482 0.8001 0.8715 0.9416 1.2227 1.0000 1.1033 1.2090 1.1213 1.0677 1.2331 0.9520 0.9273 0.9193 0.9445 0.9404
0.8441 0.9121 0.8788 0.9433 1.0936 1.1302 1.1707 1.1791 1.2190 1.1638 1.0980 0.9749 0.9654 0.8976 0.7670 0.7451
