1.3614 1.1892 1.0338 1.0870 0.9684 0.9303 1.0535 0.8790 1.1010 1.1215 0.8448 0.8347 0.9288 0.8398 0.8059 0.9318
1.0000 1.0792 1.3101 1.2542 1.1158 0.9955 1.0962 0.9572 0.8700 0.9111 0.8564 0.8523 0.8584 0.8860 0.8318 1.0000
1.0658 0.9359 0.8910 1.1955 0.8495 0.9394 1.0000 0.9424 0.9648 1.0433 0.9517 0.9479 1.0524 1.1803 1.0973 1.2532
1.3642 1.2041 1.1845 1.1245 1.0118 1.0611 1.0681 0.9067 0.9458 0.8588 0.8832 0.9406 0.7945 0.9182 0.7570 0.9690
1.2327 0.9870 0.9023 1.0287 0.9668 1.0244 0.9839 0.9180 1.0330 1.1027 0.9808 1.1002 0.8809 1.0833 1.0347 1.2479
1.2291 1.0858 1.0057 1.1432 0.9790 1.0551 1.0509 0.9488 0.9260 0.9795 1.0067 0.8549 0.8688 0.8091 0.9963 0.9283
1.2135 1.1080 1.0532 0.9983 0.9436 0.9577 1.0158 0.9754 0.8832 1.0450 0.9621 0.8408 0.9844 1.0698 1.0000 1.0556
1.3180 1.1741 1.1128 1.0646 1.1116 1.0776 1.0233 1.0028 1.0706 0.8986 0.8862 0.8256 0.8252 0.8052 0.7848 0.8085
0.6584 0.7094 0.8932 0.7539 0.9636 0.9591 0.8405 1.0306 1.0171 0.8900 1.0375 0.9742 1.2036 1.0185 1.1790 1.2788
1.1373 0.9855 1.0029 1.0908 1.0010 0.9546 0.9435 1.1839 0.8821 0.8810 0.9460 0.8941 0.9943 0.9861 1.0790 1.0301
0.7228 0.7603 0.9083 0.8266 0.9902 0.9856 0.9215 1.0248 0.9643 0.9534 1.1131 0.9263 1.2435 1.1129 0.9530 1.3205
1.2290 1.1209 1.1626 1.2157 1.0692 1.1022 1.1341 0.9523 0.9928 0.8809 0.8374 0.8787 0.8584 0.7869 0.8222 0.7906
1.0154 0.8515 0.8210 0.9168 0.8586 0.9237 0.8453 1.0867 0.9726 1.1191 1.1919 1.0117 1.0984 1.1948 1.1550 1.4840
1.2573 1.0716 1.1507 1.0439 0.8520 0.9954 1.0393 1.0112 0.9397 0.8669 0.9247 0.8723 0.9903 0.8627 1.0078 1.0635
1.1388 1.1705 0.9332 0.9087 1.0480 1.0247 0.9895 1.0620 1.0036 0.9493 0.9602 0.9822 0.9698 0.8138 0.7822 0.9805
1.0734 0.8893 1.0648 0.9076 1.0171 1.0603 0.9756 0.9940 1.0000 0.9013 0.9259 1.1017 1.0000 0.9758 0.9713 1.1096
0.9341 0.9435 0.9370 1.0000 1.0128 0.9473 1.0243 1.1134 1.0084 1.0043 1.0466 0.9693 1.0371 1.0578 1.2391 1.2427
1.4533 1.3196 1.0343 1.2566 0.9663 0.9885 1.1245 0.9656 0.9081 1.0000 1.0000 0.8982 1.0000 0.8392 0.8970 0.8982
1.5146 1.0082 1.1510 0.9223 0.7996 1.1038 1.0251 0.9923 1.0785 1.0429 0.9183 1.0154 0.9080 0.8840 0.9864 1.1509
1.1483 1.1080 1.1368 1.2161 0.9759 1.0303 0.9428 0.9121 0.9928 1.0287 0.9114 0.7984 0.8327 0.7847 0.5398 0.5347
1.2015 0.9316 1.0000 0.8891 1.1008 1.0339 0.9060 0.9999 0.9676 1.0410 0.9274 1.0574 0.9453 1.1076 1.0249 1.1550
0.7338 0.7743 0.9892 0.9942 1.1197 1.0171 0.9793 0.9609 0.9238 1.0849 0.9770 0.9774 1.0045 0.9916 1.0093 1.1917
1.0338 0.8806 0.9092 0.9882 0.8614 0.9436 0.8914 0.9567 1.0000 1.1869 0.9440 0.9509 1.1782 1.2941 1.3781 1.7552
1.0452 1.0796 0.8984 1.0636 0.8987 0.9820 0.9701 1.0365 1.0958 0.8931 0.9759 1.0357 0.9278 1.0237 0.5458 1.0288
1.0634 0.9374 0.8879 0.9169 0.9506 0.9589 1.0631 1.0006 0.9764 0.9029 1.0296 1.0227 1.1202 0.9943 1.0779 1.2201
