1.3282 1.1877 1.0485 1.1044 0.9929 0.9469 1.0740 0.9146 1.1107 1.1459 0.8703 0.8298 0.9204 0.8219 0.7989 0.9129
1.0000 1.0712 1.2825 1.2605 1.1602 1.0170 1.0820 0.9687 0.8809 0.9180 0.8796 0.8796 0.8797 0.9153 0.8158 1.0000
1.0570 0.9145 0.9201 1.1862 0.8734 0.9583 1.0000 0.9537 0.9795 1.0416 0.9596 0.9487 1.0441 1.1175 1.0704 1.2157
1.2694 1.1707 1.1339 1.1499 1.0235 1.0732 1.1209 0.8869 0.9832 0.8870 0.9169 0.9658 0.8144 0.9185 0.7914 0.9730
1.3061 1.0016 0.9319 0.9988 0.9759 0.9709 0.9796 0.9069 0.9371 1.0269 0.9990 1.1238 0.8945 1.0883 1.0579 1.3388
1.1634 1.0781 0.9787 1.1267 0.9769 1.0811 1.0699 0.9739 0.9117 1.0304 0.9739 0.8882 0.8908 0.8619 1.0101 0.9898
1.1780 1.1087 1.0600 0.9945 0.9242 0.9355 1.0135 0.9910 0.8925 1.0715 0.9723 0.8263 0.9608 1.0773 1.0000 1.0368
1.3363 1.2236 1.1450 1.0719 1.1297 1.0890 1.0714 1.0053 1.0957 0.8937 0.9122 0.8429 0.8049 0.7716 0.7826 0.8205
0.6558 0.7123 0.8875 0.7400 0.9493 0.9691 0.8291 1.0432 1.0421 0.9120 1.0575 0.9980 1.2164 0.9860 1.2517 1.1887
1.1409 0.9650 0.9482 1.0781 0.9973 0.9637 0.9474 1.1345 0.8762 0.8892 0.9487 0.9010 1.0280 1.0095 1.1207 1.1143
0.6666 0.7190 0.9019 0.8187 0.9556 0.9894 0.9293 1.0233 0.9833 0.9790 1.0660 0.9162 1.2225 1.0975 0.9645 1.2265
1.2686 1.1372 1.1357 1.1967 1.0823 1.0904 1.1358 0.9511 1.0159 0.9064 0.8424 0.8890 0.8589 0.8104 0.8570 0.8274
1.0043 0.8862 0.8543 0.9343 0.8967 0.9262 0.7901 0.9706 0.9520 1.0214 1.1322 1.0302 1.1039 1.2109 1.1712 1.5360
1.1591 1.0741 1.0370 0.9645 0.8545 0.9937 1.0440 1.0595 0.9831 0.9041 0.9580 0.9014 1.0030 0.9047 1.0468 1.1032
1.2060 1.1626 0.9513 0.9282 1.0585 1.0438 0.9936 1.0739 0.9822 0.9034 0.9479 0.9856 0.9591 0.7831 0.7763 0.9010
1.0156 0.9580 1.0681 0.8862 0.9779 1.0592 0.9908 0.9980 1.0000 0.9292 0.9421 1.0315 1.0000 1.0180 1.0257 1.1727
0.9494 0.9194 0.9136 1.0000 0.9638 0.9211 1.0414 1.0828 0.9788 1.0172 1.0549 1.0098 1.0579 1.0781 1.2776 1.2799
1.4387 1.3566 1.0200 1.2397 0.9660 0.9869 1.1254 0.9850 0.9105 1.0000 1.0000 0.9013 1.0000 0.8288 0.9185 0.9265
1.4767 1.0153 1.1825 0.9131 0.7762 1.1213 1.0025 0.9825 1.0981 1.0283 0.9122 1.0127 0.9073 0.8840 0.9474 1.1503
1.1889 1.1212 1.1695 1.2054 1.0051 1.0443 0.9457 0.9141 0.9972 1.0281 0.9046 0.7982 0.8034 0.7484 0.5273 0.5055
1.2947 0.9631 1.0000 0.9273 1.1417 1.0763 0.8941 1.0163 0.9770 1.0049 0.9332 1.0748 0.8872 1.0807 1.0154 1.0518
0.6024 0.7560 0.9746 1.0257 1.1066 1.0092 0.9850 0.9448 0.9076 1.0941 0.9532 0.9971 1.0222 0.9658 1.0063 1.2319
1.0443 0.8627 0.9070 0.9678 0.8459 0.9243 0.8737 0.9205 1.0000 1.1106 0.9443 0.9289 1.1401 1.2675 1.3135 1.5714
1.0390 1.0666 0.8830 1.0250 0.8988 0.9803 0.9460 0.9773 1.1141 0.9144 1.0185 1.0439 0.9498 1.0253 0.5458 1.0702
1.2629 1.0670 0.9705 1.0295 1.0349 1.0150 1.0717 1.0120 1.0351 0.9006 1.0464 0.9099 1.0301 0.9164 0.9261 1.0031
