1.3076 1.1718 1.0629 1.1034 0.9999 0.9512 1.0801 0.8914 1.1291 1.1474 0.8712 0.8388 0.9364 0.8145 0.8095 0.8821
1.0000 1.0725 1.2394 1.2481 1.1220 1.0009 1.0758 0.9949 0.9035 0.9402 0.9088 0.8860 0.8783 0.9172 0.8398 1.0000
1.0651 0.9132 0.9309 1.2621 0.8720 0.9869 1.0000 0.9492 0.9893 1.0454 0.9761 0.9428 1.0451 1.0853 1.0571 1.1962
1.2709 1.1817 1.1606 1.1184 1.0196 1.0526 1.0782 0.9033 0.9840 0.9042 0.9086 0.9728 0.8214 0.9394 0.8103 0.9719
1.3214 1.0159 0.9266 1.0487 0.9540 0.9710 1.0000 0.9255 0.9205 1.0045 0.9870 1.0914 0.9020 1.0915 1.0520 1.3004
1.1928 1.1007 0.9951 1.1300 0.9609 1.0638 1.0594 0.9551 0.8852 1.0373 0.9542 0.8897 0.8901 0.8812 1.0071 1.0086
1.2037 1.1117 1.0615 1.0015 0.9567 0.9361 1.0321 0.9570 0.8806 1.0382 0.9511 0.8240 0.9847 1.0772 1.0000 1.0404
1.3313 1.2195 1.1159 1.0744 1.1031 1.0743 1.0841 0.9992 1.0792 0.9200 0.9205 0.8436 0.8251 0.7728 0.7885 0.8463
0.6842 0.7324 0.9121 0.7789 0.9384 0.9603 0.8371 1.0666 1.0260 0.9085 1.0680 1.0112 1.2145 0.9938 1.2311 1.1527
1.1022 0.9359 0.9269 1.0802 0.9917 0.9673 0.9716 1.1135 0.8913 0.9220 0.9460 0.9075 1.0341 1.0063 1.1119 1.1676
0.6878 0.7389 0.9018 0.8226 0.9562 0.9766 0.9264 1.0371 0.9786 0.9665 1.0641 0.9194 1.1929 1.1252 0.9857 1.2175
1.2215 1.1022 1.1729 1.2051 1.0564 1.1001 1.1171 0.9887 1.0194 0.8670 0.8576 0.8936 0.8603 0.8157 0.8867 0.8460
0.9887 0.8737 0.8422 0.9434 0.8961 0.8746 0.8116 1.1364 0.9491 1.0455 1.1755 0.9718 1.0852 1.1543 1.1195 1.4811
1.1404 1.0584 1.1196 0.9710 0.8738 0.9866 0.9886 1.0470 0.9494 0.9235 0.9666 0.8871 1.0131 0.9067 1.0549 1.0923
1.2223 1.1392 0.9509 0.9424 1.0621 1.0987 1.0150 1.0804 0.9881 0.8969 0.9382 0.9587 0.9393 0.7707 0.7669 0.8884
0.9874 0.9657 1.0505 0.8915 0.9602 1.0462 0.9837 1.0073 1.0000 0.9021 0.9608 1.0443 1.0000 1.0371 1.0586 1.2023
0.9401 0.9513 0.9498 1.0000 0.9733 0.9257 1.0479 1.0370 0.9972 1.0157 1.0608 0.9931 1.0743 1.0402 1.2785 1.2909
1.4163 1.3153 0.9879 1.2562 0.9454 0.9994 1.1170 0.9679 0.9001 1.0000 1.0000 0.9385 1.0000 0.8708 0.9502 0.9439
1.4566 1.0136 1.2095 0.9464 0.8119 1.1261 1.0314 0.9872 1.0627 1.0107 0.9141 1.0080 0.8789 0.8719 0.9552 1.1301
1.1584 1.1134 1.1616 1.2018 0.9750 1.0342 0.9667 0.9482 1.0020 1.0116 0.9159 0.8122 0.8117 0.7605 0.5374 0.5185
1.3129 0.9412 1.0000 0.9278 1.1218 1.0865 0.9319 1.0141 0.9940 0.9813 0.9330 1.0646 0.8942 1.0636 1.0022 1.0473
0.6452 0.7177 0.9900 0.9739 1.0445 1.0100 1.0206 0.9668 0.9488 1.1072 0.9461 1.0010 1.0460 0.9619 1.0025 1.2492
1.0287 0.8455 0.8949 0.9213 0.8565 0.9128 0.8720 0.9292 1.0000 1.1529 0.9360 0.9478 1.1441 1.2679 1.3377 1.5016
1.0201 1.0325 0.8595 1.0443 0.8841 0.9820 0.9103 0.9833 1.1344 0.9296 1.0196 1.0494 0.9823 1.0314 0.5458 1.0779
1.2913 1.1050 0.9767 1.0663 1.0708 1.0557 1.1051 1.0118 1.0195 0.8625 1.0093 0.9144 0.9782 0.9100 0.8749 0.9633
