0.7804 0.8115 0.8954 0.9093 1.0180 1.0682 1.0290 1.1457 1.1522 1.1680 1.0271 0.9722 1.0821 1.0621 0.9146 0.9140
0.8700 0.8901 0.9923 1.0590 1.1140 1.2217 1.1952 0.9450 0.9868 0.9243 1.0706 1.0196 0.9515 0.8586 1.0074 0.7965
0.6664 0.7441 0.9251 0.9382 0.9615 1.0917 1.1261 1.0587 1.0717 1.2273 1.0094 0.9863 0.9320 0.9392 0.9386 0.7482
0.6763 0.7329 0.8477 0.9454 0.9582 1.0723 1.0897 1.0199 0.9667 1.1726 1.1334 1.0028 1.0706 0.9315 0.9899 0.7593
0.8017 0.8251 0.8422 0.9081 1.0000 1.0525 1.0849 1.0662 1.1333 1.2043 1.0235 1.0508 0.9705 1.0475 0.9577 0.8725
0.8762 0.8945 0.8979 0.9697 1.1321 1.0695 1.1590 1.0713 1.1547 1.0926 1.0401 1.0044 0.9840 0.9401 0.8747 0.8370
0.7679 0.8401 0.8887 0.9524 1.0242 1.0342 1.1368 1.1262 1.0837 1.0669 1.0868 1.0557 0.9824 0.9110 0.8408 0.9731
0.8946 0.8245 0.8741 0.9455 1.0000 1.0908 1.1936 1.0899 1.1000 1.0490 1.1432 1.0833 1.0387 0.9360 0.8496 0.9009
0.8236 0.8879 0.8619 0.8783 1.0111 1.0215 1.1407 1.0291 1.0815 1.1190 1.0441 1.1101 0.9960 1.0402 0.9037 0.8678
0.7125 0.7839 0.8961 1.0079 1.0045 1.0465 1.0735 1.1364 1.0074 1.0407 1.1546 0.9531 0.9182 0.9512 0.9769 0.9834
0.7592 0.7089 0.7877 0.8526 0.9726 1.0822 1.1595 1.0619 1.0481 1.0968 1.0367 0.9903 1.0646 1.0061 0.8890 0.9474
0.7447 0.8554 0.9266 1.0134 1.1670 1.1280 1.1102 0.8504 1.0053 1.1978 1.0750 0.9884 0.9489 1.0000 1.0000 0.6773
0.9509 0.8976 0.9494 1.0102 1.1431 1.1085 1.1019 0.9992 1.0774 0.9720 1.0434 0.9955 0.9877 0.8150 0.8141 0.9554
0.9091 0.9176 0.9517 1.0213 0.9928 1.0986 1.1359 1.1101 1.0746 1.0414 1.1304 0.9226 0.9403 1.0000 0.8191 0.8043
0.7078 0.7888 0.8859 0.9416 0.9997 1.1768 1.0968 1.0669 1.0542 1.0503 1.1292 1.1351 1.0159 0.8231 0.8911 0.7870
0.7222 0.8519 0.9577 1.0179 0.9678 1.0422 1.0617 1.0439 1.0536 0.9945 1.0203 1.0994 0.9955 0.9687 0.9223 0.8637
0.8636 0.8032 0.8929 0.8934 1.0361 1.1615 0.9557 1.1192 1.1141 1.1627 1.0262 1.0405 1.1207 0.9384 0.9150 0.9304
0.7135 0.7994 0.8368 0.8517 1.0124 1.0099 1.1184 1.0109 1.0046 1.1021 1.1002 1.0579 1.0256 1.0154 0.9515 0.9555
0.7052 1.0000 0.9154 0.9028 0.9542 1.1282 1.1328 1.0586 1.0511 1.1591 1.0806 0.9120 0.9801 0.9014 0.9124 0.9173
0.8861 0.8479 0.9779 0.9050 1.0826 1.1573 1.0067 1.0855 1.0700 1.1774 1.0120 1.0955 1.0000 0.9462 0.9199 0.8618
0.8834 0.8860 0.9148 0.9765 0.9564 1.0774 1.0578 1.0370 1.0317 0.9594 1.0494 1.1313 1.0516 1.0115 1.0202 0.9192
0.6106 0.7651 0.9130 0.9845 1.0000 1.0360 1.0296 1.0322 0.9949 1.0725 1.0058 1.0689 0.9848 0.9252 1.0000 0.7957
0.8792 0.8122 0.9912 0.9500 1.0881 1.1251 1.1538 0.9423 1.0520 1.1109 1.1333 1.0328 1.0721 0.9319 0.9005 0.8404
0.7664 0.7833 0.8790 0.9285 1.1976 1.0000 1.0599 1.1895 1.0877 1.0287 1.2119 0.9524 0.9559 0.9484 1.0063 1.0073
0.8416 0.9456 0.9029 0.9848 1.0915 1.1253 1.1737 1.1856 1.1372 1.1505 1.0649 0.9776 0.9342 0.8625 0.7235 0.6939
