1.2639 1.1681 1.1156 1.1480 1.0552 0.9804 1.0652 0.8895 1.1476 1.1266 0.9023 0.8432 0.9471 0.7804 0.7650 0.8064
1.0000 1.0255 1.1014 1.2560 1.1253 1.0091 1.0250 0.9889 0.9092 0.9801 0.9431 0.8852 0.9253 0.9976 0.8431 1.0000
1.1986 1.0366 0.9942 1.4936 0.9796 1.0380 1.0000 0.9500 1.0136 1.0439 1.0054 0.9164 0.9873 0.9592 0.9461 0.9519
1.1843 1.0647 1.0995 1.1707 1.0193 1.0898 1.1194 0.9516 1.0205 0.9406 0.9033 0.9532 0.8738 0.8713 0.8294 0.9657
1.4469 1.0768 0.9954 1.0671 0.9583 0.9638 1.0382 0.9956 0.8199 0.8795 0.9813 1.0636 0.8943 1.0321 1.0761 1.2430
1.0250 1.0860 0.9356 1.0258 0.9459 1.1049 1.1172 0.9967 0.8370 1.1134 0.8949 0.9726 0.9190 0.9170 0.9996 1.0887
1.2465 1.1305 1.1187 1.0313 0.9724 0.9214 0.9913 0.8934 0.8919 1.0582 0.9682 0.8661 0.9675 1.0545 1.0000 1.0303
1.1759 1.2071 0.9672 1.0485 1.0698 1.0654 1.0937 1.0443 1.0985 0.9356 0.9580 0.8907 0.8649 0.8080 0.8548 0.9418
0.7258 0.7624 0.9551 0.8164 0.8871 0.9404 0.8628 1.0829 1.0778 0.9532 1.1125 1.0580 1.1746 0.8609 1.2517 1.0574
0.9647 0.8993 0.8518 1.0736 0.9663 1.0063 0.9482 0.9596 0.8841 1.0029 0.9543 0.9733 1.1200 1.0708 1.1541 1.3372
0.6393 0.7710 0.8861 0.8680 0.9024 1.0058 0.9383 1.1754 1.0690 0.9687 0.9614 0.9646 1.1366 1.0883 0.9485 1.0846
1.1620 1.0762 1.1142 1.1553 1.0512 1.1124 1.1746 0.9901 1.0039 0.9081 0.8710 0.9044 0.9042 0.8579 0.9171 0.7991
1.0076 1.0044 1.0066 1.0884 0.9997 0.8672 0.8138 1.1890 0.9041 0.9871 1.1027 0.8359 0.9750 1.1407 1.0317 1.3186
1.0275 0.9564 1.0015 0.8109 0.9175 0.9691 0.9465 1.1047 0.9756 0.9671 1.0237 0.9740 1.0721 0.9834 1.1285 1.0969
1.2956 1.1142 1.0097 0.9860 1.0952 1.0967 1.0641 1.0691 0.9620 0.7953 0.9490 0.9728 0.9220 0.7437 0.6912 0.7686
0.9144 0.9626 1.0406 0.9193 0.9115 1.0592 1.0039 1.0151 1.0000 0.9311 1.0086 0.9119 1.0000 1.0804 1.1249 1.2964
1.0188 0.9442 0.9955 1.0000 0.9537 0.9836 1.0697 0.9015 1.0041 1.0577 1.0679 0.9791 1.0484 0.9696 1.1115 1.2116
1.3656 1.3183 0.9161 1.2425 0.9377 1.0016 1.1535 0.9072 0.8853 1.0000 1.0000 0.9818 1.0000 0.8925 0.9524 0.9895
1.4081 1.0182 1.3228 0.9986 0.8656 1.1329 1.0544 0.9860 1.0939 0.9611 0.9169 0.9692 0.8576 0.8490 0.8821 1.0357
1.0694 1.0982 1.1358 1.1623 1.0044 1.0428 0.9702 0.9682 1.0675 1.1140 0.9319 0.8423 0.8442 0.7691 0.5589 0.5171
1.3620 1.0331 1.0000 0.9796 1.1621 1.0806 0.9577 0.9738 0.9916 0.8537 0.9498 1.1288 0.9417 1.0859 0.9959 0.9091
0.5551 0.6762 0.9775 0.9499 0.9457 1.0471 1.0087 1.0470 0.9675 1.0030 1.0047 1.0986 1.0875 0.9143 0.9403 1.2851
1.0789 0.8538 0.9409 0.8595 0.8824 0.9783 0.9240 0.9861 1.0000 1.2189 0.9462 0.9527 1.0659 1.2249 1.1225 1.0564
0.9971 0.9369 0.8001 0.9865 0.8589 0.9827 0.8931 0.9047 1.1499 0.9742 1.0716 1.0963 1.0524 1.0546 0.5458 1.1397
1.3885 1.1567 1.0300 1.1667 1.1133 1.0826 1.1864 1.0377 1.0013 0.8344 1.0224 0.8740 0.9613 0.8762 0.7523 0.8424
