0.7395 0.8068 0.8682 0.8633 1.0193 1.0986 1.0399 1.1734 1.1703 1.1736 1.0384 1.0219 1.0436 1.0161 0.8470 0.8625
0.8456 0.8479 0.9498 1.0268 1.0754 1.2108 1.2193 0.9854 1.0314 0.9848 1.1052 1.0057 0.9287 0.8655 0.9607 0.7414
0.6514 0.6970 0.8900 0.9133 0.9543 1.0479 1.1499 1.0977 1.0954 1.2421 1.0282 0.9870 0.8951 0.9034 0.8720 0.7054
0.6788 0.7443 0.8632 0.9514 0.9814 1.0883 1.1144 1.0576 1.0080 1.1833 1.1520 0.9567 1.0234 0.8695 0.8877 0.7180
0.7498 0.8049 0.8234 0.8972 1.0000 1.0286 1.1251 1.0858 1.1731 1.2022 1.0590 1.0349 0.9464 1.0195 0.8954 0.7776
0.8363 0.8394 0.8800 0.9676 1.1099 1.0607 1.1784 1.1526 1.1864 1.1270 1.0754 1.0210 0.9525 0.9249 0.8522 0.8401
0.7662 0.7917 0.8585 0.9291 1.0187 1.0624 1.1945 1.1827 1.1153 1.1014 1.1099 1.0527 0.9611 0.9015 0.8055 0.9126
0.8726 0.8104 0.8552 0.9393 1.0000 1.1260 1.2271 1.1568 1.0387 1.0678 1.1682 1.1084 1.0111 0.9232 0.8191 0.8827
0.8176 0.8596 0.8512 0.8957 1.0060 1.0265 1.1376 1.0444 1.1134 1.1188 1.0694 1.1115 0.9705 1.0127 0.8738 0.8225
0.6774 0.7482 0.8751 0.9836 0.9856 1.0355 1.0806 1.1187 1.0410 1.0979 1.1993 0.9981 0.9045 0.9720 0.9506 0.9261
0.7241 0.6531 0.7385 0.7788 0.9466 1.0385 1.1355 1.0384 1.0594 1.0738 1.0489 0.9681 0.9883 0.9624 0.8385 0.9672
0.7503 0.8179 0.9269 0.9765 1.1534 1.1159 1.1204 0.8994 1.0550 1.2116 1.0971 0.9531 0.9209 1.0000 1.0000 0.6868
0.9315 0.8853 0.9298 1.0119 1.1547 1.1378 1.1747 1.0434 1.1523 1.0545 1.0843 1.0177 0.9693 0.8239 0.8179 0.8806
0.8977 0.9007 0.9581 1.0072 0.9902 1.1099 1.1685 1.1493 1.1257 1.0669 1.1711 0.9520 0.9307 1.0000 0.7961 0.7802
0.6751 0.7667 0.8669 0.8783 1.0259 1.1731 1.0802 1.0516 1.0656 1.0764 1.1563 1.1619 0.9921 0.8589 0.8258 0.7574
0.6927 0.8118 0.9326 1.0058 0.9942 1.0557 1.0892 1.0643 1.0961 1.0244 1.0306 1.0605 0.9811 0.9519 0.8801 0.8224
0.8558 0.8058 0.8636 0.9069 1.0376 1.1698 1.0102 1.1811 1.1498 1.1915 1.0878 1.0304 1.0649 0.9311 0.8526 0.8569
0.7134 0.7585 0.8068 0.8113 0.9947 1.0091 1.1155 1.0220 1.0224 1.1016 1.0915 1.0288 1.0133 1.0142 0.8537 0.8515
0.7116 1.0000 0.8814 0.9216 0.9784 1.1702 1.1454 1.1103 1.0713 1.1518 1.1038 0.9159 0.9621 0.8942 0.8499 0.8494
0.8639 0.8229 0.9369 0.8954 1.0375 1.1300 1.0123 1.0845 1.0748 1.1956 1.0694 1.1132 1.0000 0.9622 0.9118 0.8790
0.8575 0.8647 0.8732 0.9819 0.9667 1.1029 1.0704 1.0703 1.0616 1.0332 1.0786 1.1280 1.0002 0.9860 0.9766 0.8754
0.6091 0.7610 0.8997 0.9606 1.0000 1.0647 1.0637 1.0823 1.0634 1.1069 1.0560 1.0382 0.9886 0.8961 1.0000 0.7631
0.8697 0.8010 0.9382 0.9492 1.0510 1.1625 1.1837 1.0053 1.1000 1.1597 1.1757 1.0137 1.0121 0.9306 0.8430 0.8135
0.7513 0.7929 0.8663 0.9243 1.2031 1.0000 1.1030 1.2082 1.1238 1.0800 1.2465 0.9731 0.9383 0.9214 0.9352 0.9126
0.8727 0.9236 0.9017 0.9999 1.1025 1.1033 1.1548 1.1634 1.1779 1.1792 1.1114 0.9806 0.9371 0.8776 0.7549 0.7478
