0.7474 0.8036 0.8882 0.9078 1.0466 1.1001 1.0527 1.1674 1.1285 1.1398 1.0141 0.9702 1.0469 1.0184 0.8633 0.8667
0.8752 0.8877 0.9845 1.0781 1.1082 1.2447 1.1994 0.9366 0.9814 0.9167 1.0767 0.9890 0.9195 0.8412 0.9946 0.7724
0.6668 0.7293 0.9246 0.9258 0.9569 1.0937 1.1204 1.0719 1.0488 1.2109 1.0143 0.9745 0.9066 0.9151 0.9156 0.7215
0.6647 0.7430 0.8756 0.9820 0.9779 1.0837 1.0981 1.0187 0.9700 1.1426 1.1322 0.9700 1.0359 0.9025 0.9328 0.7499
0.7647 0.8028 0.8340 0.9223 1.0000 1.0342 1.0891 1.0416 1.1491 1.2125 1.0281 1.0250 0.9496 1.0427 0.9614 0.8614
0.8485 0.8776 0.8803 0.9590 1.1684 1.1058 1.1601 1.0814 1.1608 1.0736 1.0553 1.0039 0.9736 0.9262 0.8614 0.8640
0.7369 0.8365 0.8701 0.9584 1.0376 1.0472 1.1380 1.1465 1.1016 1.0567 1.0730 1.0506 0.9728 0.9122 0.8369 0.9630
0.9045 0.8082 0.8807 0.9482 1.0000 1.0831 1.1923 1.0919 1.0864 1.0404 1.1366 1.0766 1.0310 0.9390 0.8433 0.9377
0.8123 0.8819 0.8864 0.8946 1.0245 1.0264 1.1426 1.0353 1.0788 1.1078 1.0339 1.0819 0.9828 1.0282 0.8804 0.8350
0.6950 0.7845 0.8849 1.0029 1.0160 1.0456 1.0609 1.1266 0.9741 0.9990 1.1599 0.9269 0.9104 0.9666 0.9930 1.0153
0.7433 0.6780 0.7677 0.8254 0.9696 1.0657 1.1560 1.0235 0.9972 1.0554 0.9948 0.9508 1.0238 0.9694 0.8701 0.9699
0.7547 0.8658 0.9126 0.9867 1.1739 1.1515 1.1319 0.8700 1.0161 1.2218 1.0773 0.9595 0.9439 1.0000 1.0000 0.6905
0.9667 0.9065 0.9225 1.0313 1.1503 1.1131 1.1605 1.0039 1.1189 1.0148 1.0478 1.0121 1.0068 0.8345 0.8242 0.9731
0.9351 0.9296 0.9801 1.0414 1.0051 1.0971 1.1486 1.1163 1.0726 1.0412 1.1339 0.9230 0.9415 1.0000 0.8260 0.8117
0.6749 0.7550 0.8770 0.9223 1.0247 1.2075 1.1095 1.0677 1.0453 1.0456 1.0673 1.0867 0.9700 0.8593 0.8903 0.8245
0.7126 0.8194 0.9144 0.9906 0.9964 1.0265 1.0894 1.0494 1.0604 0.9879 1.0115 1.0776 1.0009 0.9703 0.9372 0.8852
0.9001 0.7574 0.8768 0.8867 1.0519 1.1971 0.9554 1.1638 1.1239 1.1574 1.0365 1.0304 1.1074 0.9337 0.8907 0.9264
0.6961 0.8124 0.8139 0.8308 1.0195 0.9773 1.1240 1.0024 0.9969 1.1063 1.0828 1.0555 1.0023 1.0227 0.9015 0.9199
0.6950 1.0000 0.9165 0.9351 0.9780 1.1426 1.1374 1.0478 1.0457 1.1426 1.0716 0.9125 0.9854 0.8961 0.8925 0.8918
0.8496 0.8324 0.9396 0.8755 1.0522 1.1522 0.9885 1.0544 1.0488 1.1540 1.0260 1.1210 1.0000 0.9703 0.9700 0.9252
0.8801 0.8907 0.8986 0.9668 0.9286 1.0990 1.0575 1.0222 1.0125 0.9714 1.0331 1.1281 1.0068 1.0141 1.0228 0.9733
0.6392 0.7776 0.9194 0.9936 1.0000 1.0671 1.0563 1.0614 1.0117 1.0824 1.0079 1.0699 0.9803 0.9116 1.0000 0.8397
0.8512 0.7834 0.9917 0.9566 1.0396 1.1477 1.1487 0.9330 1.0607 1.1274 1.1442 1.0480 1.0580 0.9370 0.8881 0.8396
0.7741 0.7986 0.8881 0.9493 1.2161 1.0000 1.0651 1.1843 1.0920 1.0301 1.2237 0.9444 0.9391 0.9394 0.9914 0.9656
0.8451 0.9384 0.8847 0.9814 1.1101 1.1204 1.1953 1.1675 1.1689 1.1389 1.0666 0.9604 0.9570 0.9043 0.7787 0.7857
