0.7517 0.8075 0.8874 0.9118 1.0512 1.0979 1.0459 1.1746 1.1342 1.1409 1.0021 0.9666 1.0531 1.0180 0.8580 0.8655
0.8677 0.8878 0.9931 1.0817 1.1180 1.2527 1.2006 0.9372 0.9705 0.9154 1.0779 0.9772 0.9242 0.8383 0.9918 0.7664
0.6629 0.7358 0.9212 0.9312 0.9600 1.0965 1.1152 1.0760 1.0500 1.2114 1.0129 0.9750 0.9096 0.9079 0.9130 0.7197
0.6612 0.7431 0.8674 0.9794 0.9756 1.0847 1.0993 1.0258 0.9684 1.1452 1.1283 0.9754 1.0360 0.8999 0.9346 0.7532
0.7583 0.7958 0.8298 0.9231 1.0000 1.0425 1.0875 1.0468 1.1454 1.2185 1.0231 1.0239 0.9523 1.0382 0.9679 0.8680
0.8418 0.8789 0.8844 0.9584 1.1613 1.1117 1.1647 1.0658 1.1492 1.0815 1.0547 1.0125 0.9681 0.9337 0.8659 0.8681
0.7377 0.8348 0.8694 0.9530 1.0435 1.0370 1.1349 1.1371 1.1020 1.0587 1.0764 1.0528 0.9784 0.9103 0.8442 0.9724
0.8937 0.8123 0.8747 0.9582 1.0000 1.0886 1.1809 1.0933 1.0802 1.0486 1.1262 1.0800 1.0346 0.9400 0.8487 0.9410
0.8087 0.8769 0.8844 0.8891 1.0239 1.0280 1.1330 1.0402 1.0781 1.1052 1.0364 1.0816 0.9830 1.0336 0.8896 0.8376
0.6882 0.7791 0.8811 1.0004 1.0101 1.0414 1.0590 1.1322 0.9690 0.9954 1.1585 0.9291 0.9035 0.9765 0.9977 1.0205
0.7376 0.6749 0.7712 0.8233 0.9741 1.0616 1.1612 1.0270 0.9988 1.0537 0.9921 0.9575 1.0240 0.9574 0.8695 0.9764
0.7487 0.8671 0.9089 0.9944 1.1782 1.1619 1.1422 0.8693 1.0107 1.2157 1.0748 0.9552 0.9368 1.0000 1.0000 0.6816
0.9596 0.9086 0.9420 1.0191 1.1581 1.1108 1.1550 1.0034 1.1233 1.0146 1.0513 1.0175 1.0020 0.8304 0.8168 0.9692
0.9396 0.9286 0.9786 1.0446 1.0128 1.1004 1.1395 1.1230 1.0754 1.0402 1.1284 0.9235 0.9349 1.0000 0.8267 0.8036
0.6798 0.7607 0.8754 0.9240 1.0273 1.2192 1.1150 1.0753 1.0469 1.0487 1.0497 1.0709 0.9576 0.8594 0.8958 0.8272
0.7001 0.8120 0.9008 0.9821 0.9887 1.0269 1.1000 1.0474 1.0689 0.9932 1.0043 1.0808 1.0106 0.9668 0.9429 0.8846
0.9014 0.7608 0.8779 0.8893 1.0517 1.1938 0.9588 1.1712 1.1226 1.1582 1.0376 1.0244 1.1144 0.9339 0.8887 0.9169
0.6933 0.8093 0.8070 0.8262 1.0070 0.9772 1.1292 1.0040 0.9890 1.1079 1.0857 1.0554 1.0085 1.0224 0.9099 0.9224
0.6865 1.0000 0.9147 0.9328 0.9679 1.1440 1.1312 1.0494 1.0460 1.1521 1.0745 0.9136 0.9918 0.8878 0.8911 0.9010
0.8397 0.8289 0.9436 0.8799 1.0596 1.1557 0.9947 1.0556 1.0554 1.1541 1.0194 1.1163 1.0000 0.9654 0.9661 0.9237
0.8660 0.8884 0.8985 0.9700 0.9333 1.1038 1.0518 1.0226 1.0105 0.9625 1.0275 1.1426 1.0090 1.0130 1.0264 0.9742
0.6356 0.7770 0.9139 0.9937 1.0000 1.0641 1.0602 1.0594 1.0144 1.0789 1.0093 1.0667 0.9806 0.9158 1.0000 0.8416
0.8530 0.7800 0.9894 0.9557 1.0447 1.1472 1.1454 0.9343 1.0590 1.1256 1.1508 1.0500 1.0542 0.9344 0.8897 0.8383
0.7724 0.7983 0.8986 0.9409 1.2263 1.0000 1.0707 1.1855 1.0911 1.0360 1.2281 0.9367 0.9387 0.9349 0.9819 0.9591
0.8378 0.9369 0.8806 0.9829 1.1091 1.1191 1.2027 1.1781 1.1599 1.1444 1.0700 0.9591 0.9638 0.9024 0.7762 0.7758
