1.3539 1.1792 1.0407 1.0837 1.0029 0.9456 1.0673 0.8889 1.0962 1.1198 0.8463 0.8436 0.9369 0.8487 0.8038 0.9440
1.0000 1.0877 1.3238 1.2807 1.1506 1.0156 1.0910 0.9669 0.8656 0.9108 0.8590 0.8549 0.8785 0.9072 0.8311 1.0000
1.0326 0.9098 0.8913 1.2067 0.8672 0.9647 1.0000 0.9765 0.9803 1.0414 0.9381 0.9287 1.0224 1.1581 1.0516 1.2567
1.3331 1.2192 1.1707 1.1423 1.0075 1.0541 1.1037 0.9062 0.9647 0.8860 0.8906 0.9344 0.8031 0.9228 0.7890 0.9801
1.2542 0.9646 0.9252 1.0307 0.9630 1.0112 0.9902 0.8959 0.9849 1.0716 0.9776 1.0870 0.8782 1.0954 1.0351 1.3042
1.2198 1.0750 1.0091 1.1180 0.9809 1.0771 1.0776 0.9586 0.9194 1.0370 0.9897 0.8589 0.8788 0.8442 0.9936 0.9523
1.2070 1.0871 1.0387 1.0017 0.9323 0.9435 1.0244 0.9876 0.9000 1.0669 0.9761 0.8454 0.9781 1.0533 1.0000 1.0365
1.3949 1.2457 1.1643 1.1012 1.1003 1.0721 1.0652 0.9966 1.0854 0.8903 0.8930 0.8305 0.7965 0.7755 0.7688 0.8309
0.6830 0.7208 0.8903 0.7670 0.9466 0.9715 0.8384 1.0197 1.0325 0.9097 1.0612 0.9792 1.2039 1.0023 1.2141 1.2115
1.1525 1.0052 0.9991 1.1045 1.0000 0.9702 0.9483 1.1615 0.8760 0.8871 0.9199 0.8821 1.0010 0.9594 1.0892 1.0827
0.6763 0.7235 0.8759 0.8026 0.9458 0.9707 0.8963 1.0752 1.0190 0.9513 1.0840 0.9119 1.2396 1.0883 0.9445 1.2896
1.2748 1.1300 1.1746 1.2024 1.0808 1.1087 1.1233 0.9739 0.9965 0.8902 0.8460 0.9051 0.8664 0.7991 0.8429 0.7940
0.9836 0.8278 0.8172 0.9241 0.8894 0.9333 0.8250 1.0278 0.9398 1.1091 1.1890 1.0133 1.1050 1.1757 1.1458 1.5192
1.2135 1.0758 1.1046 1.0335 0.8696 1.0029 1.0336 1.0429 0.9622 0.8788 0.9424 0.8828 0.9796 0.8760 0.9981 1.0745
1.1830 1.1698 0.9522 0.9276 1.0499 1.0426 0.9886 1.0635 0.9996 0.9357 0.9533 0.9481 0.9391 0.7937 0.7658 0.9229
1.0442 0.9638 1.0620 0.9041 0.9959 1.0577 0.9689 0.9952 1.0000 0.8990 0.9239 1.0908 1.0000 0.9898 0.9940 1.1744
0.9644 0.9455 0.9387 1.0000 0.9807 0.9277 1.0306 1.0742 0.9900 1.0145 1.0365 0.9942 1.0355 1.0630 1.2532 1.2438
1.4593 1.3362 1.0418 1.2570 0.9718 0.9994 1.1154 0.9554 0.8943 1.0000 1.0000 0.9068 1.0000 0.8422 0.9111 0.9047
1.4993 1.0152 1.2025 0.9167 0.7901 1.1146 1.0000 0.9775 1.0806 1.0313 0.9226 1.0017 0.9017 0.8908 0.9821 1.1326
1.1771 1.1256 1.1584 1.2069 0.9786 1.0493 0.9472 0.9220 0.9934 1.0177 0.9096 0.8175 0.8169 0.7596 0.5281 0.5206
1.2683 0.9851 1.0000 0.9690 1.0969 1.0603 0.9262 1.0119 0.9860 1.0309 0.9290 1.0462 0.8935 1.0639 0.9712 1.0550
0.7591 0.7482 0.9903 0.9985 1.1150 1.0180 0.9621 0.9645 0.9280 1.0747 0.9834 0.9843 1.0332 0.9905 0.9841 1.1987
1.0470 0.8844 0.9075 0.9599 0.8552 0.9262 0.8649 0.9113 1.0000 1.1256 0.9464 0.9323 1.1468 1.2446 1.3273 1.6542
1.0520 1.0899 0.9203 1.0657 0.8993 1.0042 0.9486 0.9910 1.0857 0.9014 0.9877 1.0228 0.9183 1.0313 0.5458 1.0416
1.1525 0.9664 0.9177 0.9582 0.9946 0.9961 1.0633 1.0019 0.9978 0.8919 1.0387 0.9614 1.0534 0.9593 1.0160 1.1276
