1.3717 1.2164 1.0471 1.0936 0.9777 0.9369 1.0672 0.8847 1.0954 1.1290 0.8355 0.8357 0.9329 0.8461 0.7935 0.9183
1.0000 1.0929 1.3037 1.2650 1.1260 0.9981 1.1003 0.9664 0.8772 0.9037 0.8573 0.8570 0.8783 0.9146 0.8406 1.0000
1.0154 0.8996 1.0269 1.1699 0.8252 0.9427 1.0000 0.9597 0.9698 1.0782 0.9584 0.9748 1.0550 1.1952 1.0825 1.2413
1.3771 1.2236 1.1902 1.1426 1.0046 1.0659 1.0807 0.9163 0.9476 0.8650 0.8871 0.9428 0.8138 0.9273 0.7890 0.9793
1.2431 0.9874 0.9088 1.0290 0.9464 1.0134 0.9925 0.8956 1.0452 1.1186 0.8960 1.0938 0.8612 1.0700 1.0286 1.2683
1.2627 1.1003 1.0143 1.1609 0.9785 1.0714 1.0557 0.9603 0.9379 0.9824 1.0029 0.8443 0.8630 0.8127 1.0092 0.9336
1.2079 1.1003 1.0566 0.9860 0.9215 0.9523 1.0246 0.9828 0.8912 1.0476 0.9750 0.8390 0.9817 1.0520 1.0000 1.0492
1.3768 1.2249 1.1828 1.0816 1.1419 1.1069 1.0614 1.0047 1.0656 0.8757 0.8895 0.8233 0.8009 0.7892 0.7652 0.7987
0.6487 0.7049 0.8634 0.7247 0.9280 0.9364 0.8181 1.0222 1.0058 0.8829 1.0336 0.9602 1.2026 1.0166 1.1760 1.2922
1.1907 1.0298 1.0347 1.0915 1.0008 0.9687 0.9437 1.1985 0.8853 0.8662 0.9369 0.8711 0.9839 0.9865 1.0473 1.0069
0.7160 0.7308 0.8916 0.8285 0.9773 0.9791 0.9047 1.0115 0.9744 0.9468 1.1159 0.9219 1.2514 1.1078 0.9411 1.3238
1.2979 1.1459 1.1839 1.2297 1.0712 1.1089 1.1413 0.9879 0.9882 0.8841 0.8334 0.8746 0.8532 0.7858 0.8152 0.7862
1.0079 0.8181 0.7983 0.8808 0.8604 0.9190 0.8365 1.0908 0.9627 1.1168 1.1869 1.0271 1.1013 1.2062 1.1718 1.5190
1.2583 1.0870 1.1474 1.0440 0.8551 1.0096 1.0488 1.0166 0.9319 0.8625 0.9187 0.8588 0.9786 0.8691 1.0137 1.0798
1.1468 1.1594 0.9301 0.9021 1.0521 1.0565 0.9925 1.0672 1.0009 0.9594 0.9736 0.9954 0.9765 0.8178 0.7766 0.9643
1.0573 0.9225 1.0599 0.9065 1.0059 1.0587 0.9660 0.9908 1.0000 0.8893 0.9212 1.1038 1.0000 0.9689 0.9707 1.1325
0.9197 0.9296 0.9145 1.0000 0.9997 0.9473 1.0413 1.1131 1.0063 1.0097 1.0314 0.9980 1.0514 1.0767 1.2468 1.2385
1.4966 1.3565 1.0524 1.2863 0.9942 1.0073 1.1236 0.9945 0.9159 1.0000 1.0000 0.9023 1.0000 0.8488 0.9107 0.9051
1.5489 1.0173 1.1836 0.9196 0.8070 1.1139 1.0165 0.9806 1.0898 1.0421 0.9288 1.0076 0.8996 0.8885 0.9819 1.1487
1.1695 1.1150 1.1441 1.2186 0.9791 1.0318 0.9466 0.9122 0.9990 1.0287 0.9189 0.8107 0.8409 0.7924 0.5373 0.5424
1.1099 0.8714 1.0000 0.8741 1.0698 1.0163 0.9125 0.9950 0.9774 1.0633 0.9438 1.0568 0.9434 1.0944 1.0302 1.1471
0.7269 0.7251 0.9885 0.9980 1.0890 1.0053 0.9706 0.9557 0.9106 1.0913 0.9702 0.9970 1.0157 0.9935 0.9881 1.1708
1.0443 0.8804 0.9278 0.9846 0.8349 0.9308 0.8668 0.9206 1.0000 1.1434 0.9570 0.9678 1.1863 1.3091 1.4221 1.8092
1.0392 1.0885 0.9167 1.0694 0.9000 0.9945 0.9691 1.0196 1.1010 0.8944 0.9875 1.0236 0.9221 1.0234 0.5458 1.0344
1.0286 0.9051 0.8339 0.8755 0.9162 0.9390 1.0492 0.9808 0.9621 0.8889 1.0211 1.0281 1.1246 1.0207 1.0929 1.2650
