1.3376 1.1794 1.0513 1.1290 1.0101 0.9468 1.0710 0.9091 1.1153 1.1175 0.8709 0.8266 0.9312 0.8137 0.7996 0.8929
1.0000 1.0754 1.2904 1.2681 1.1470 1.0146 1.0730 0.9678 0.8772 0.9251 0.8787 0.8811 0.8836 0.9099 0.8176 1.0000
1.0559 0.9122 0.8988 1.1636 0.8605 0.9566 1.0000 0.9557 0.9861 1.0328 0.9574 0.9524 1.0472 1.1241 1.0786 1.2082
1.2820 1.1819 1.1410 1.1353 1.0135 1.0485 1.1044 0.8950 0.9828 0.8925 0.9032 0.9583 0.8337 0.9222 0.8138 0.9722
1.2920 0.9914 0.9205 1.0089 0.9476 0.9932 0.9890 0.9068 0.9522 1.0130 0.9873 1.1077 0.8906 1.0833 1.0641 1.3286
1.1633 1.0908 0.9890 1.1108 0.9743 1.0791 1.0640 0.9759 0.9167 1.0291 0.9633 0.8925 0.8878 0.8669 1.0161 0.9794
1.1726 1.1170 1.0608 0.9989 0.9451 0.9351 1.0200 0.9918 0.8770 1.0561 0.9753 0.8101 0.9597 1.0730 1.0000 1.0255
1.3485 1.2180 1.1498 1.0816 1.1032 1.0861 1.0612 1.0073 1.1032 0.8864 0.9034 0.8378 0.8043 0.8011 0.7764 0.8318
0.6481 0.7145 0.8917 0.7455 0.9443 0.9730 0.8283 1.0446 1.0451 0.9115 1.0697 0.9954 1.2091 0.9970 1.2583 1.2179
1.1441 0.9669 0.9513 1.0844 1.0024 0.9589 0.9588 1.1262 0.8800 0.9037 0.9450 0.8968 1.0235 1.0027 1.1087 1.1044
0.6709 0.7112 0.8832 0.8100 0.9604 0.9941 0.9272 1.0286 0.9840 0.9920 1.0607 0.9245 1.2189 1.0960 0.9522 1.2170
1.2701 1.1663 1.1355 1.2120 1.0802 1.0945 1.1343 0.9493 1.0155 0.8912 0.8375 0.8787 0.8519 0.8181 0.8568 0.8147
1.0185 0.8810 0.8486 0.9469 0.8865 0.9276 0.7967 0.9807 0.9347 1.0267 1.1334 1.0225 1.1099 1.1955 1.1696 1.5338
1.1624 1.0673 1.0484 0.9434 0.8567 0.9850 1.0043 1.0340 0.9794 0.9154 0.9555 0.9119 0.9912 0.9115 1.0762 1.1162
1.2243 1.1545 0.9511 0.9229 1.0512 1.0466 1.0035 1.0778 0.9937 0.8995 0.9637 0.9624 0.9516 0.7759 0.7595 0.8976
1.0249 0.9534 1.0715 0.9143 0.9885 1.0429 0.9716 0.9907 1.0000 0.9217 0.9463 1.0349 1.0000 1.0148 1.0156 1.1812
0.9503 0.9279 0.9130 1.0000 0.9540 0.9128 1.0319 1.0689 0.9773 1.0170 1.0619 1.0099 1.0696 1.1021 1.2897 1.2791
1.4661 1.3565 1.0310 1.2410 0.9608 0.9829 1.1195 0.9730 0.9087 1.0000 1.0000 0.9125 1.0000 0.8395 0.9235 0.9236
1.4905 1.0337 1.1989 0.9186 0.7860 1.1366 1.0023 0.9839 1.0865 1.0338 0.9036 1.0013 0.9012 0.8776 0.9591 1.1396
1.1920 1.1227 1.1677 1.1911 0.9945 1.0270 0.9383 0.9221 0.9983 1.0322 0.9186 0.8108 0.8257 0.7542 0.5326 0.5069
1.2797 0.9518 1.0000 0.9552 1.1625 1.0929 0.9196 1.0104 0.9665 1.0108 0.9350 1.0407 0.8796 1.0591 0.9990 1.0508
0.6218 0.7355 1.0078 1.0075 1.1015 1.0166 0.9942 0.9392 0.9166 1.0824 0.9650 0.9804 1.0234 0.9881 0.9822 1.2372
1.0420 0.8589 0.8982 0.9656 0.8543 0.9233 0.8702 0.9268 1.0000 1.1161 0.9402 0.9102 1.1343 1.2866 1.2856 1.5799
1.0290 1.0684 0.8733 1.0335 0.8866 0.9790 0.9432 0.9715 1.1243 0.9094 1.0159 1.0424 0.9539 1.0276 0.5458 1.0898
1.2833 1.0671 0.9691 1.0294 0.9986 1.0053 1.0584 0.9905 1.0270 0.8872 1.0318 0.9309 1.0409 0.9255 0.9596 1.0151
