0.7580 0.8061 0.8835 0.9175 1.0482 1.0928 1.0466 1.1772 1.1416 1.1423 1.0048 0.9610 1.0575 1.0117 0.8618 0.8652
0.8667 0.8824 1.0012 1.0702 1.1235 1.2659 1.2110 0.9318 0.9665 0.9138 1.0777 0.9678 0.9267 0.8375 0.9907 0.7606
0.6629 0.7397 0.9247 0.9353 0.9615 1.1043 1.1130 1.0737 1.0493 1.2129 1.0023 0.9760 0.9078 0.9085 0.9117 0.7089
0.6657 0.7478 0.8653 0.9870 0.9754 1.0831 1.0954 1.0276 0.9701 1.1423 1.1236 0.9804 1.0382 0.8975 0.9417 0.7549
0.7556 0.8051 0.8387 0.9247 1.0000 1.0454 1.0882 1.0465 1.1415 1.2252 1.0193 1.0197 0.9504 1.0406 0.9655 0.8583
0.8435 0.8794 0.8878 0.9619 1.1538 1.1089 1.1699 1.0572 1.1490 1.0910 1.0497 1.0228 0.9654 0.9278 0.8613 0.8689
0.7372 0.8310 0.8736 0.9506 1.0477 1.0351 1.1368 1.1357 1.0967 1.0575 1.0762 1.0560 0.9802 0.9072 0.8415 0.9737
0.8832 0.8175 0.8726 0.9636 1.0000 1.0962 1.1796 1.1017 1.0659 1.0516 1.1213 1.0778 1.0338 0.9344 0.8555 0.9451
0.8046 0.8810 0.8814 0.8858 1.0343 1.0299 1.1277 1.0430 1.0704 1.1066 1.0392 1.0705 0.9790 1.0331 0.8960 0.8454
0.6847 0.7727 0.8807 1.0001 1.0152 1.0280 1.0553 1.1234 0.9738 0.9972 1.1585 0.9433 0.9070 0.9749 0.9956 1.0229
0.7349 0.6711 0.7747 0.8240 0.9792 1.0556 1.1536 1.0351 0.9943 1.0520 0.9922 0.9607 1.0253 0.9646 0.8642 0.9822
0.7415 0.8595 0.9043 0.9948 1.1826 1.1689 1.1494 0.8666 1.0177 1.2152 1.0698 0.9631 0.9342 1.0000 1.0000 0.6834
0.9534 0.9020 0.9447 1.0136 1.1599 1.1091 1.1515 0.9944 1.1269 1.0223 1.0632 1.0213 1.0017 0.8306 0.8170 0.9643
0.9364 0.9291 0.9788 1.0333 1.0152 1.1038 1.1528 1.1332 1.0831 1.0377 1.1190 0.9263 0.9357 1.0000 0.8205 0.7904
0.6805 0.7599 0.8818 0.9147 1.0274 1.2129 1.1143 1.0823 1.0449 1.0494 1.0446 1.0794 0.9501 0.8655 0.9035 0.8248
0.6961 0.8122 0.9054 0.9719 0.9779 1.0217 1.1071 1.0487 1.0703 1.0007 1.0068 1.0806 1.0099 0.9708 0.9407 0.8853
0.9008 0.7646 0.8761 0.8896 1.0492 1.2032 0.9680 1.1738 1.1245 1.1564 1.0385 1.0208 1.1107 0.9299 0.8857 0.9101
0.6957 0.8073 0.8017 0.8205 1.0022 0.9847 1.1331 1.0052 0.9860 1.1097 1.0850 1.0516 1.0072 1.0205 0.9131 0.9259
0.6851 1.0000 0.9088 0.9337 0.9699 1.1436 1.1312 1.0412 1.0631 1.1646 1.0695 0.9069 0.9909 0.8812 0.8896 0.9097
0.8296 0.8269 0.9469 0.8732 1.0622 1.1532 0.9994 1.0622 1.0512 1.1631 1.0104 1.1212 1.0000 0.9586 0.9699 0.9326
0.8691 0.8972 0.8992 0.9668 0.9359 1.1059 1.0443 1.0318 1.0168 0.9514 1.0321 1.1412 1.0065 1.0168 1.0278 0.9613
0.6310 0.7756 0.9126 0.9979 1.0000 1.0494 1.0585 1.0503 1.0137 1.0761 1.0120 1.0688 0.9871 0.9256 1.0000 0.8418
0.8486 0.7865 0.9886 0.9527 1.0570 1.1528 1.1513 0.9277 1.0570 1.1207 1.1551 1.0491 1.0499 0.9311 0.8873 0.8336
0.7693 0.7950 0.9007 0.9475 1.2371 1.0000 1.0776 1.1778 1.0868 1.0444 1.2195 0.9342 0.9333 0.9267 0.9869 0.9617
0.8274 0.9313 0.8840 0.9816 1.0976 1.1154 1.2126 1.1885 1.1471 1.1543 1.0653 0.9587 0.9769 0.9019 0.7789 0.7773
