0.7783 0.8125 0.8958 0.9195 1.0233 1.0871 1.0244 1.1536 1.1401 1.1626 1.0255 0.9809 1.0563 1.0393 0.8807 0.8871
0.8636 0.8857 0.9928 1.0596 1.0979 1.2251 1.1881 0.9419 0.9931 0.9315 1.0825 1.0095 0.9519 0.8587 1.0046 0.7867
0.6619 0.7229 0.9081 0.9294 0.9518 1.0836 1.1129 1.0626 1.0659 1.2276 1.0018 0.9797 0.9356 0.9441 0.9419 0.7440
0.6710 0.7303 0.8554 0.9452 0.9585 1.0687 1.0842 1.0176 0.9623 1.1536 1.1286 0.9949 1.0842 0.9312 0.9825 0.7773
0.7680 0.8156 0.8408 0.9076 1.0000 1.0347 1.0883 1.0563 1.1366 1.1978 0.9948 1.0395 0.9714 1.0444 0.9857 0.8942
0.8567 0.8757 0.8933 0.9602 1.1413 1.0846 1.1570 1.0761 1.1501 1.0945 1.0346 1.0087 0.9861 0.9387 0.8742 0.8667
0.7467 0.8300 0.8820 0.9564 1.0232 1.0220 1.1463 1.1429 1.0962 1.0675 1.0775 1.0383 0.9885 0.9077 0.8457 0.9664
0.8955 0.8147 0.8762 0.9449 1.0000 1.0887 1.1998 1.0972 1.0926 1.0371 1.1442 1.0760 1.0373 0.9249 0.8557 0.9059
0.8325 0.8817 0.8780 0.8857 1.0248 1.0211 1.1384 1.0387 1.0855 1.1080 1.0372 1.0850 0.9902 1.0255 0.8937 0.8457
0.6999 0.7890 0.8844 1.0171 1.0225 1.0527 1.0701 1.1331 0.9869 1.0372 1.1429 0.9375 0.9077 0.9495 0.9776 0.9849
0.7470 0.6920 0.7863 0.8500 0.9722 1.0689 1.1558 1.0533 1.0359 1.0684 1.0075 0.9812 1.0401 0.9985 0.8852 0.9450
0.7388 0.8552 0.9162 1.0114 1.1787 1.1396 1.1274 0.8500 1.0033 1.2041 1.0567 0.9752 0.9431 1.0000 1.0000 0.6735
0.9421 0.9023 0.9341 1.0036 1.1404 1.1117 1.1309 1.0041 1.1020 0.9846 1.0514 1.0038 0.9847 0.8329 0.8186 0.9558
0.9207 0.9112 0.9717 1.0342 0.9844 1.1000 1.1431 1.1202 1.0805 1.0325 1.1267 0.9192 0.9462 1.0000 0.8299 0.7927
0.6898 0.7661 0.8790 0.9352 1.0128 1.1812 1.0942 1.0708 1.0622 1.0463 1.1018 1.1139 0.9975 0.8386 0.8789 0.8436
0.7142 0.8330 0.9319 0.9969 0.9809 1.0296 1.0676 1.0387 1.0567 0.9976 1.0150 1.0793 1.0058 0.9818 0.9444 0.8661
0.8595 0.7797 0.8863 0.8925 1.0373 1.1685 0.9576 1.1276 1.1205 1.1641 1.0437 1.0385 1.1195 0.9429 0.9002 0.9368
0.7019 0.7852 0.8176 0.8402 1.0018 0.9994 1.0976 1.0081 1.0073 1.1067 1.0930 1.0409 1.0042 1.0112 0.9530 0.9538
0.6898 1.0000 0.8976 0.9085 0.9779 1.1312 1.1359 1.0338 1.0611 1.1444 1.0800 0.9156 0.9816 0.8992 0.9026 0.9272
0.8402 0.8383 0.9611 0.8904 1.0765 1.1640 1.0100 1.0791 1.0710 1.1607 1.0140 1.0956 1.0000 0.9536 0.9346 0.9047
0.8802 0.8886 0.9207 0.9630 0.9477 1.0735 1.0519 1.0378 1.0292 0.9394 1.0486 1.1270 1.0390 1.0166 1.0357 0.9417
0.6251 0.7719 0.9136 0.9846 1.0000 1.0423 1.0314 1.0317 1.0104 1.0802 1.0164 1.0775 0.9948 0.9251 1.0000 0.8099
0.8717 0.8109 0.9783 0.9437 1.0713 1.1224 1.1460 0.9491 1.0561 1.1140 1.1453 1.0299 1.0604 0.9451 0.9075 0.8460
0.7766 0.7925 0.8806 0.9439 1.1992 1.0000 1.0655 1.1734 1.0783 1.0403 1.2283 0.9302 0.9531 0.9470 1.0064 0.9856
0.8492 0.9408 0.8956 0.9860 1.1207 1.1183 1.1975 1.1707 1.1525 1.1446 1.0550 0.9537 0.9409 0.8780 0.7475 0.7493
