1.3238 1.1688 1.0576 1.0881 1.0018 0.9590 1.0569 0.8856 1.1131 1.1513 0.8751 0.8413 0.9516 0.8109 0.8025 0.9096
1.0000 1.0743 1.2697 1.2677 1.1323 1.0265 1.0894 0.9631 0.8928 0.9291 0.8766 0.8883 0.8833 0.9026 0.8107 1.0000
1.0550 0.9165 0.9063 1.1847 0.8749 0.9718 1.0000 0.9518 0.9926 1.0359 0.9538 0.9378 1.0292 1.1226 1.0706 1.2000
1.2649 1.1905 1.1362 1.1250 1.0084 1.0460 1.1065 0.8955 0.9892 0.8952 0.9205 0.9575 0.8238 0.9321 0.8013 0.9633
1.2879 1.0160 0.9226 1.0250 0.9538 0.9841 0.9828 0.9022 0.9330 1.0372 0.9549 1.0892 0.8842 1.1080 1.0744 1.3068
1.1769 1.0736 0.9791 1.1087 0.9784 1.0656 1.0648 0.9768 0.9207 1.0389 0.9684 0.8877 0.8868 0.8652 1.0045 0.9908
1.1726 1.1008 1.0365 0.9845 0.9679 0.9760 1.0199 0.9664 0.9054 1.0459 0.9564 0.8302 0.9600 1.0796 1.0000 1.0339
1.3715 1.2153 1.1474 1.0916 1.0814 1.0967 1.0429 0.9973 1.0917 0.8921 0.9128 0.8464 0.8145 0.7862 0.7718 0.8380
0.6625 0.7101 0.8831 0.7429 0.9264 0.9559 0.8378 1.0448 1.0420 0.9092 1.0764 1.0166 1.2141 0.9924 1.2228 1.2713
1.1144 0.9851 0.9768 1.1116 1.0142 0.9821 0.9522 1.1423 0.8711 0.8989 0.9417 0.8762 1.0242 0.9734 1.0956 1.0811
0.6757 0.7147 0.8888 0.8176 0.9600 0.9884 0.9090 1.0201 0.9814 0.9711 1.0690 0.9220 1.2296 1.1032 0.9825 1.2277
1.2654 1.1470 1.1624 1.1890 1.0582 1.0927 1.1274 0.9846 1.0205 0.8797 0.8352 0.8666 0.8627 0.8228 0.8723 0.8142
1.0400 0.8903 0.8564 0.9586 0.9132 0.9069 0.7771 0.9334 0.9341 0.9888 1.1347 0.9861 1.1400 1.2243 1.1797 1.5467
1.1777 1.0801 0.9836 0.9333 0.8736 1.0093 1.0206 1.0505 0.9661 0.9007 0.9499 0.9128 1.0039 0.9164 1.0541 1.1235
1.2105 1.1728 0.9431 0.9310 1.0412 1.0510 1.0009 1.0794 0.9957 0.9085 0.9531 0.9545 0.9541 0.7694 0.7694 0.9179
0.9968 0.9418 1.0439 0.9051 0.9864 1.0571 0.9831 0.9961 1.0000 0.9225 0.9637 1.0298 1.0000 1.0207 1.0307 1.1905
0.9296 0.9241 0.9202 1.0000 0.9647 0.9316 1.0308 1.0842 0.9852 1.0293 1.0500 1.0055 1.0426 1.0920 1.2719 1.2826
1.4562 1.3507 1.0381 1.2317 0.9715 0.9869 1.1191 0.9746 0.9191 1.0000 1.0000 0.8909 1.0000 0.8558 0.8977 0.9253
1.4549 1.0124 1.2120 0.9062 0.7885 1.1139 0.9979 0.9945 1.0847 1.0266 0.9001 1.0080 0.8841 0.8854 0.9742 1.1569
1.1642 1.1242 1.1500 1.2038 0.9892 1.0377 0.9505 0.9388 1.0017 1.0322 0.9079 0.8101 0.8147 0.7531 0.5368 0.5056
1.2567 0.9480 1.0000 0.9612 1.1448 1.0794 0.9271 1.0256 0.9688 0.9996 0.9207 1.0804 0.8670 1.0531 0.9731 1.0360
0.5501 0.7335 1.0192 0.9930 1.0848 1.0339 0.9723 0.9387 0.9259 1.0828 0.9699 0.9945 1.0358 0.9679 0.9854 1.2208
1.0158 0.8545 0.9010 0.9523 0.8371 0.9089 0.8802 0.9170 1.0000 1.1340 0.9614 0.9474 1.1469 1.2792 1.3073 1.5853
1.0417 1.0692 0.8964 1.0421 0.8862 0.9759 0.9341 0.9985 1.1089 0.9257 1.0007 1.0346 0.9429 1.0333 0.5458 1.0774
1.2355 1.0820 0.9688 1.0197 1.0474 1.0574 1.0879 1.0112 1.0345 0.8775 1.0320 0.9250 1.0020 0.9144 0.9130 0.9997
