0.7393 0.7973 0.8611 0.8874 1.0376 1.0770 1.0555 1.1760 1.1386 1.1699 1.0207 0.9918 1.0396 1.0165 0.8728 0.8698
0.8573 0.8651 0.9681 1.0357 1.0958 1.2371 1.2099 0.9667 1.0062 0.9317 1.0945 1.0003 0.9245 0.8433 0.9952 0.7686
0.6665 0.7169 0.9264 0.9258 0.9525 1.0874 1.1283 1.0792 1.0719 1.2103 1.0035 0.9676 0.9031 0.9235 0.9032 0.7307
0.6725 0.7466 0.8663 0.9671 0.9783 1.0876 1.1027 1.0168 0.9698 1.1461 1.1292 0.9706 1.0459 0.8947 0.9440 0.7563
0.7526 0.8023 0.8348 0.9216 1.0000 1.0381 1.1092 1.0567 1.1671 1.2125 1.0201 1.0265 0.9684 1.0304 0.9302 0.8284
0.8459 0.8680 0.8709 0.9512 1.1476 1.1042 1.1812 1.0938 1.1628 1.0931 1.0388 1.0170 0.9706 0.9353 0.8605 0.8574
0.7614 0.8288 0.8671 0.9363 1.0411 1.0270 1.1535 1.1597 1.0900 1.0656 1.0902 1.0396 0.9838 0.9097 0.8350 0.9728
0.8904 0.8058 0.8692 0.9538 1.0000 1.0955 1.2027 1.1068 1.0744 1.0514 1.1298 1.0918 1.0291 0.9209 0.8494 0.9245
0.8208 0.8720 0.8608 0.8829 1.0235 1.0314 1.1332 1.0430 1.0740 1.1028 1.0308 1.0865 0.9879 1.0331 0.9185 0.8453
0.6830 0.7448 0.8539 0.9837 1.0041 1.0258 1.0389 1.1036 0.9722 1.0094 1.1493 0.9572 0.9296 0.9766 1.0179 1.0261
0.7160 0.6486 0.7461 0.8058 0.9427 1.0473 1.1593 1.0282 1.0105 1.0506 1.0174 0.9602 1.0214 0.9881 0.8564 0.9759
0.7395 0.8448 0.9290 0.9926 1.1806 1.1434 1.1306 0.8647 1.0305 1.2284 1.0764 0.9666 0.9457 1.0000 1.0000 0.6972
0.9458 0.9072 0.9053 1.0162 1.1443 1.1027 1.1534 1.0173 1.1127 1.0277 1.0709 1.0240 0.9955 0.8389 0.8383 0.9751
0.9114 0.9111 0.9618 1.0059 0.9917 1.0905 1.1661 1.1384 1.0796 1.0538 1.1399 0.9330 0.9587 1.0000 0.8444 0.8069
0.6795 0.7407 0.8699 0.9167 1.0036 1.2063 1.0863 1.0555 1.0381 1.0464 1.0936 1.1119 0.9918 0.8458 0.9044 0.8279
0.7013 0.8197 0.9367 0.9987 0.9877 1.0356 1.0811 1.0403 1.0728 1.0132 1.0033 1.0748 0.9891 0.9745 0.9237 0.8699
0.8925 0.7632 0.8744 0.8835 1.0358 1.1701 0.9776 1.1724 1.1279 1.1681 1.0475 1.0297 1.1072 0.9309 0.8974 0.9230
0.7044 0.7935 0.8004 0.8248 1.0158 0.9979 1.1167 0.9965 0.9916 1.1022 1.0744 1.0581 1.0338 1.0190 0.9004 0.9175
0.6934 1.0000 0.9070 0.9295 0.9841 1.1391 1.1262 1.0511 1.0653 1.1529 1.0765 0.9001 0.9897 0.8973 0.8818 0.9007
0.8242 0.8129 0.9434 0.8419 1.0526 1.1574 1.0155 1.0702 1.0484 1.1601 1.0287 1.1196 1.0000 0.9634 0.9743 0.9436
0.8753 0.8979 0.8810 0.9524 0.9455 1.1055 1.0665 1.0322 1.0314 0.9513 1.0535 1.1142 1.0023 0.9990 1.0305 0.9673
0.6269 0.7709 0.9124 0.9957 1.0000 1.0678 1.0598 1.0588 1.0233 1.0949 1.0061 1.0472 0.9865 0.9140 1.0000 0.8313
0.8357 0.7780 0.9731 0.9461 1.0564 1.1526 1.1546 0.9401 1.0682 1.1315 1.1633 1.0276 1.0447 0.9420 0.8886 0.8512
0.7794 0.7878 0.8776 0.9489 1.2239 1.0000 1.0775 1.1735 1.0991 1.0552 1.2125 0.9426 0.9404 0.9398 0.9748 0.9752
0.8389 0.9347 0.8863 0.9674 1.0996 1.1121 1.1914 1.1810 1.1784 1.1631 1.0755 0.9664 0.9673 0.8953 0.7804 0.7656
