1.3451 1.2021 1.0652 1.0972 0.9971 0.9493 1.0724 0.9009 1.0918 1.1262 0.8660 0.8351 0.9392 0.8285 0.7927 0.9014
1.0000 1.0716 1.2688 1.2882 1.1140 1.0022 1.0754 0.9787 0.9033 0.9259 0.8773 0.8772 0.8753 0.9183 0.8267 1.0000
1.0462 0.9030 0.9165 1.2122 0.8712 0.9640 1.0000 0.9452 0.9790 1.0296 0.9639 0.9426 1.0404 1.1640 1.0768 1.2334
1.3103 1.1885 1.1712 1.1476 1.0165 1.0779 1.1109 0.8986 0.9747 0.8972 0.8978 0.9315 0.8062 0.9302 0.7846 0.9526
1.2768 0.9879 0.9181 0.9989 0.9345 0.9885 0.9823 0.9078 0.9691 1.0441 0.9785 1.1042 0.8972 1.0990 1.0714 1.3086
1.1844 1.0798 1.0122 1.1140 0.9762 1.0739 1.0562 0.9664 0.9069 1.0392 0.9899 0.8735 0.8917 0.8643 1.0074 0.9788
1.1889 1.1031 1.0513 0.9964 0.9506 0.9334 1.0259 0.9648 0.8972 1.0407 0.9695 0.8319 0.9659 1.0869 1.0000 1.0419
1.3754 1.2022 1.1608 1.0876 1.0965 1.1042 1.0339 0.9947 1.1072 0.9073 0.8944 0.8376 0.8245 0.7799 0.7759 0.8226
0.6757 0.7347 0.8899 0.7493 0.9377 0.9478 0.8271 1.0433 1.0252 0.9028 1.0479 1.0231 1.2202 0.9969 1.2476 1.1451
1.1233 0.9874 0.9783 1.0877 1.0108 0.9675 0.9494 1.1350 0.8667 0.8932 0.9107 0.8915 1.0182 0.9968 1.1129 1.1056
0.6727 0.7143 0.8829 0.8141 0.9496 0.9823 0.9097 1.0304 0.9755 0.9707 1.0798 0.9195 1.2498 1.0996 0.9647 1.2630
1.2807 1.1332 1.1642 1.1943 1.0749 1.1072 1.1299 0.9791 0.9972 0.8690 0.8364 0.8930 0.8534 0.8158 0.8509 0.8195
1.0463 0.8846 0.8592 0.9399 0.9063 0.8965 0.7976 1.0125 0.9270 1.1013 1.0911 0.9707 1.1091 1.2048 1.1415 1.5521
1.1941 1.0968 1.0502 0.9930 0.8715 1.0018 1.0310 1.0348 0.9488 0.8933 0.9416 0.8818 0.9958 0.8825 1.0244 1.1165
1.1999 1.1691 0.9515 0.9222 1.0576 1.0601 0.9836 1.0669 0.9996 0.9272 0.9407 0.9650 0.9492 0.7863 0.7705 0.9098
1.0052 0.9632 1.0700 0.8956 1.0061 1.0495 0.9699 0.9859 1.0000 0.9254 0.9342 1.0577 1.0000 1.0049 1.0196 1.1757
0.9240 0.9185 0.9246 1.0000 0.9683 0.9281 1.0388 1.0924 1.0090 1.0055 1.0429 0.9866 1.0437 1.1143 1.2601 1.2619
1.4538 1.3611 1.0459 1.2305 0.9762 1.0022 1.1128 0.9751 0.9129 1.0000 1.0000 0.8960 1.0000 0.8521 0.9178 0.9220
1.4775 1.0299 1.2483 0.9273 0.7891 1.1139 1.0110 0.9722 1.0710 1.0132 0.8987 1.0022 0.8760 0.8850 0.9733 1.1590
1.1773 1.1157 1.1556 1.2120 0.9840 1.0473 0.9608 0.9361 1.0011 1.0157 0.9041 0.7917 0.7762 0.7483 0.5310 0.5142
1.2503 0.9411 1.0000 0.9319 1.1082 1.0759 0.9099 1.0138 0.9712 0.9955 0.9261 1.0928 0.8977 1.0915 1.0036 1.0571
0.6358 0.7208 0.9761 0.9896 1.0907 0.9918 0.9974 0.9588 0.9463 1.0954 0.9573 0.9865 1.0598 0.9679 0.9865 1.2057
1.0398 0.8640 0.9000 0.9517 0.8407 0.9126 0.8587 0.9040 1.0000 1.1102 0.9549 0.9516 1.1805 1.2647 1.3391 1.5924
1.0366 1.0587 0.8723 1.0263 0.8941 0.9671 0.9546 1.0097 1.1124 0.9328 1.0208 1.0371 0.9311 1.0272 0.5458 1.0631
1.2501 1.0426 0.9730 1.0326 1.0414 1.0133 1.0809 0.9939 1.0077 0.8912 1.0486 0.9183 1.0277 0.9226 0.9213 1.0317
