0.7383 0.7734 0.8567 0.8924 1.0290 1.0985 1.0469 1.1823 1.1713 1.1884 1.0274 1.0085 1.0461 1.0191 0.8579 0.8580
0.8309 0.8547 0.9506 1.0376 1.0848 1.2488 1.2161 0.9741 1.0359 0.9689 1.1036 0.9977 0.9319 0.8635 0.9855 0.7488
0.6348 0.7048 0.9115 0.9220 0.9655 1.0918 1.1409 1.0772 1.0794 1.2332 1.0184 0.9573 0.8958 0.9081 0.8830 0.7241
0.6496 0.7451 0.8452 0.9561 0.9745 1.0721 1.1152 1.0497 1.0016 1.1594 1.1231 0.9668 1.0364 0.8794 0.9154 0.7661
0.7124 0.7792 0.8120 0.9113 1.0000 0.9881 1.0740 1.0578 1.1932 1.2527 1.0728 1.0446 0.9707 1.0488 0.9266 0.8172
0.8237 0.8483 0.8681 0.9562 1.1345 1.0854 1.1804 1.1349 1.1828 1.1135 1.0626 1.0096 0.9763 0.9198 0.8536 0.8433
0.7703 0.8070 0.8555 0.9292 1.0216 1.0431 1.1707 1.1630 1.0998 1.0890 1.0903 1.0390 0.9775 0.9278 0.8340 0.9557
0.8659 0.7933 0.8641 0.9364 1.0000 1.0920 1.2205 1.1304 1.1035 1.0803 1.1517 1.0791 1.0233 0.9371 0.8282 0.9036
0.8147 0.8744 0.8680 0.8583 1.0260 1.0168 1.1109 1.0343 1.0895 1.1116 1.0394 1.1067 0.9716 1.0530 0.8866 0.8728
0.6978 0.7574 0.8483 0.9683 0.9934 1.0185 1.0518 1.0941 0.9921 1.0829 1.1904 0.9724 0.9078 0.9883 1.0072 1.0124
0.7225 0.6535 0.7431 0.7927 0.9699 1.0554 1.1261 1.0591 1.0310 1.0715 1.0335 0.9617 1.0036 0.9631 0.8434 0.9652
0.7340 0.8210 0.9043 0.9661 1.1489 1.1565 1.1238 0.8758 1.0321 1.2271 1.0933 0.9599 0.9458 1.0000 1.0000 0.6846
0.9553 0.8992 0.9085 1.0363 1.1336 1.1188 1.1764 1.0290 1.1168 1.0739 1.0538 1.0026 0.9894 0.8555 0.8393 0.9318
0.9054 0.9008 0.9672 1.0026 0.9969 1.0974 1.1679 1.1511 1.0945 1.0708 1.1681 0.9412 0.9365 1.0000 0.8110 0.7858
0.7001 0.7325 0.8476 0.9244 0.9902 1.1545 1.0616 1.0682 1.0536 1.0732 1.1315 1.1127 1.0045 0.8679 0.8770 0.8216
0.6822 0.8078 0.9254 0.9776 0.9956 1.0441 1.0995 1.0410 1.0817 1.0037 1.0150 1.0478 0.9801 0.9823 0.9348 0.8652
0.8633 0.7998 0.8752 0.8997 1.0570 1.1679 0.9982 1.1775 1.1487 1.1681 1.0487 1.0302 1.0776 0.9174 0.8784 0.8931
0.7058 0.7406 0.7828 0.8080 1.0039 1.0004 1.1174 0.9888 0.9867 1.1132 1.0646 1.0335 1.0077 1.0252 0.8797 0.8962
0.6882 1.0000 0.8938 0.9083 0.9737 1.1144 1.1391 1.0669 1.0816 1.1718 1.0780 0.9271 0.9835 0.8968 0.8770 0.8898
0.8184 0.8071 0.9029 0.8328 1.0180 1.1601 1.0323 1.0783 1.0727 1.1911 1.0733 1.1226 1.0000 0.9940 0.9655 0.9436
0.8537 0.8975 0.8932 0.9715 0.9665 1.1158 1.0895 1.0578 1.0634 0.9719 1.0556 1.1133 1.0013 0.9689 0.9886 0.9226
0.6234 0.7656 0.8990 0.9757 1.0000 1.0854 1.0630 1.0794 1.0526 1.1004 1.0386 1.0373 0.9805 0.8927 1.0000 0.7907
0.8746 0.8022 0.9494 0.9404 1.0677 1.1562 1.1874 0.9839 1.0917 1.1235 1.1657 1.0207 1.0392 0.9331 0.8879 0.8018
0.7562 0.7922 0.8589 0.9540 1.2198 1.0000 1.0963 1.1889 1.0878 1.0660 1.2406 0.9548 0.9423 0.9442 0.9588 0.9442
0.8427 0.9271 0.8922 0.9612 1.1013 1.0884 1.1912 1.1718 1.1736 1.1885 1.0999 0.9523 0.9659 0.9099 0.7835 0.7580
