1.3290 1.1844 1.0455 1.1208 1.0013 0.9461 1.0712 0.9149 1.1181 1.1285 0.8733 0.8262 0.9238 0.8189 0.7984 0.9040
1.0000 1.0723 1.2848 1.2670 1.1545 1.0144 1.0765 0.9687 0.8804 0.9175 0.8777 0.8790 0.8850 0.9153 0.8153 1.0000
1.0625 0.9103 0.9074 1.1760 0.8670 0.9582 1.0000 0.9560 0.9843 1.0377 0.9637 0.9543 1.0492 1.1204 1.0723 1.2087
1.2772 1.1745 1.1336 1.1397 1.0176 1.0600 1.1160 0.8897 0.9866 0.8895 0.9120 0.9607 0.8239 0.9209 0.8014 0.9735
1.3036 1.0024 0.9287 1.0024 0.9645 0.9792 0.9809 0.9042 0.9414 1.0149 0.9988 1.1176 0.8924 1.0855 1.0621 1.3400
1.1626 1.0787 0.9815 1.1191 0.9735 1.0802 1.0673 0.9771 0.9159 1.0270 0.9692 0.8922 0.8875 0.8661 1.0150 0.9824
1.1752 1.1163 1.0636 0.9979 0.9296 0.9351 1.0131 0.9963 0.8841 1.0636 0.9743 0.8192 0.9599 1.0725 1.0000 1.0333
1.3371 1.2176 1.1466 1.0736 1.1207 1.0841 1.0624 1.0073 1.1042 0.8930 0.9059 0.8447 0.8058 0.7875 0.7798 0.8268
0.6466 0.7135 0.8872 0.7408 0.9494 0.9735 0.8295 1.0470 1.0414 0.9130 1.0672 0.9946 1.2122 0.9865 1.2544 1.2058
1.1459 0.9631 0.9489 1.0808 1.0011 0.9609 0.9551 1.1274 0.8786 0.8975 0.9494 0.8990 1.0209 1.0054 1.1147 1.1129
0.6668 0.7162 0.8934 0.8153 0.9562 0.9902 0.9305 1.0234 0.9867 0.9889 1.0622 0.9189 1.2189 1.0945 0.9570 1.2188
1.2697 1.1533 1.1321 1.2067 1.0833 1.0910 1.1334 0.9469 1.0184 0.9012 0.8394 0.8825 0.8523 0.8138 0.8535 0.8218
1.0134 0.8851 0.8544 0.9399 0.8884 0.9285 0.7902 0.9712 0.9428 1.0256 1.1238 1.0343 1.1036 1.2031 1.1748 1.5354
1.1588 1.0671 1.0403 0.9462 0.8522 0.9887 1.0270 1.0501 0.9895 0.9088 0.9578 0.9097 0.9963 0.9079 1.0624 1.1082
1.2182 1.1647 0.9521 0.9261 1.0572 1.0417 0.9983 1.0797 0.9836 0.8948 0.9533 0.9757 0.9527 0.7805 0.7655 0.8991
1.0213 0.9637 1.0727 0.8998 0.9802 1.0503 0.9802 0.9919 1.0000 0.9274 0.9397 1.0324 1.0000 1.0180 1.0197 1.1796
0.9505 0.9206 0.9143 1.0000 0.9585 0.9184 1.0382 1.0800 0.9787 1.0152 1.0614 1.0076 1.0692 1.0854 1.2826 1.2714
1.4557 1.3569 1.0247 1.2334 0.9620 0.9837 1.1190 0.9820 0.9084 1.0000 1.0000 0.9107 1.0000 0.8317 0.9242 0.9273
1.4864 1.0239 1.1850 0.9150 0.7764 1.1322 1.0020 0.9806 1.0927 1.0330 0.9033 1.0065 0.9064 0.8847 0.9547 1.1481
1.1914 1.1181 1.1643 1.1992 0.9992 1.0345 0.9428 0.9175 1.0031 1.0290 0.9140 0.8054 0.8155 0.7499 0.5279 0.5039
1.2929 0.9627 1.0000 0.9496 1.1621 1.0878 0.8998 1.0112 0.9664 1.0001 0.9315 1.0547 0.8857 1.0682 1.0088 1.0503
0.6104 0.7481 0.9940 1.0191 1.1083 1.0100 0.9876 0.9403 0.9098 1.0933 0.9589 0.9889 1.0242 0.9787 0.9933 1.2344
1.0439 0.8675 0.9018 0.9702 0.8496 0.9198 0.8697 0.9216 1.0000 1.1207 0.9422 0.9191 1.1335 1.2763 1.2990 1.5832
1.0342 1.0686 0.8807 1.0291 0.8949 0.9775 0.9452 0.9752 1.1151 0.9098 1.0177 1.0430 0.9526 1.0223 0.5458 1.0795
1.2699 1.0375 0.9684 1.0245 1.0103 1.0007 1.0551 0.9993 1.0298 0.8940 1.0440 0.9222 1.0386 0.9253 0.9500 1.0262
