1.2970 1.2000 1.2150 1.3123 1.0794 1.0208 1.1164 0.9068 1.0931 1.0913 0.9212 0.8419 0.8450 0.7054 0.6916 0.6490
1.0000 0.8809 0.9480 1.0315 1.0687 0.9591 0.9801 0.9630 0.8964 1.1011 1.0559 0.9893 1.0117 1.1571 0.9009 1.0000
1.4056 1.2714 1.2946 1.9844 1.1233 1.1629 1.0000 0.9441 1.0572 1.0001 0.9197 0.8025 0.8754 0.9121 0.7859 0.8053
1.0099 0.7904 0.9277 1.0650 0.9335 0.9758 1.1172 0.9804 1.0969 1.0761 1.0200 0.9613 1.0116 0.9213 0.9720 1.1646
1.5935 1.2472 1.1141 1.0748 1.0409 1.0230 1.0797 1.0941 0.8453 0.9441 0.9510 1.0010 0.8774 0.9002 0.9756 1.0645
0.8417 0.9683 0.7593 0.9194 0.8747 0.9931 1.1562 1.0113 0.8269 1.2167 0.9232 1.1470 1.0449 1.0077 1.0419 1.2524
1.4879 1.2266 1.1783 1.1616 1.1301 0.9427 0.9430 0.8333 0.8771 0.9700 0.9240 0.8856 0.9048 1.0075 1.0000 0.8655
0.9648 1.0856 0.8476 1.0025 0.9178 1.0356 1.1278 1.1566 1.1685 1.0056 0.9739 1.0247 0.8849 0.8253 0.9564 1.0603
0.8134 0.8372 1.0726 0.9310 0.8963 1.0608 0.8899 1.1304 1.1247 0.9411 1.1638 0.9793 1.0864 0.7983 1.1305 0.9989
0.8485 0.7194 0.8251 0.9270 0.9546 1.0008 0.9426 0.9988 0.9734 1.1701 0.9363 1.0305 1.2042 1.1080 1.2231 1.5627
0.6282 0.9283 0.9855 0.9135 0.9439 1.0731 1.0805 1.2024 1.1216 1.0262 0.8547 0.9407 0.9709 0.9737 0.8429 1.0980
0.9940 0.8691 0.9518 0.9882 0.9222 1.0047 1.1218 0.9365 1.0518 1.0045 1.0248 1.0700 1.0405 1.0627 1.1378 0.8457
1.1449 1.1720 1.1429 1.2393 1.1254 0.9880 0.9837 1.3359 0.8272 1.0982 1.0401 0.7479 0.6900 0.7854 0.7368 0.9214
0.9706 0.8012 0.9675 0.7709 0.8655 0.8803 0.8203 1.0390 0.9851 1.0490 1.0691 1.0290 1.1246 1.1294 1.2722 1.1533
1.4775 1.2017 1.0218 1.1256 1.1201 1.0736 1.1377 1.0767 0.9624 0.7269 0.9365 0.9034 0.7667 0.6454 0.6743 0.6623
0.7787 0.9412 0.9253 0.8568 0.8700 0.9726 1.0868 0.9894 1.0000 0.9483 1.0756 0.9717 1.0000 1.1975 1.2671 1.3843
1.1018 0.9005 1.1412 1.0000 0.9440 1.0134 1.0774 0.8823 1.0014 1.0826 0.9979 0.9709 0.9262 0.9174 0.9959 1.0179
1.0135 1.0085 0.7910 1.1247 0.8401 0.9499 1.1277 0.9524 0.9334 1.0000 1.0000 1.1137 1.0000 0.9824 1.0760 1.1503
1.4204 1.0952 1.5845 1.1910 0.9683 1.2072 1.1004 1.0520 1.0827 0.8855 0.8787 0.8828 0.7801 0.7281 0.7605 0.8010
0.9468 0.9531 1.1114 1.0510 1.0206 1.0153 0.9577 1.0600 1.1153 1.6024 1.0318 0.9124 1.0189 0.8536 0.6661 0.5769
1.5449 1.1786 1.0000 1.0560 1.2252 1.1275 1.0367 0.9608 0.9510 0.7940 0.9247 1.0902 0.8896 1.0140 0.9246 0.8440
0.6023 0.5565 0.8335 0.7738 0.8476 0.9501 1.0249 1.0712 1.1108 0.9658 1.0483 1.3192 1.1807 0.9239 0.9560 1.3266
1.0965 0.9119 1.0312 0.8052 0.9929 1.0387 1.0802 1.1482 1.0000 1.3534 1.0123 0.9515 0.9174 0.8903 0.7535 0.7458
0.8107 0.7937 0.7436 0.8941 0.8287 0.9549 0.8435 0.9199 1.1788 1.0929 1.0661 1.1531 1.2333 1.1601 0.5458 1.2780
1.4144 1.4013 1.0715 1.2025 1.1147 1.1566 1.2562 1.1077 0.9111 0.7995 0.9215 0.9586 0.9656 0.8757 0.8149 0.8737
