1.3426 1.1930 1.0425 1.1052 1.0023 0.9596 1.0837 0.9143 1.1085 1.1206 0.8576 0.8036 0.9303 0.8332 0.7963 0.9141
1.0000 1.0687 1.2831 1.2655 1.1272 1.0150 1.0902 0.9633 0.8891 0.9195 0.8666 0.8706 0.8780 0.9272 0.8447 1.0000
1.0495 0.9244 0.9173 1.2232 0.8610 0.9562 1.0000 0.9618 0.9606 1.0317 0.9542 0.9401 1.0452 1.1389 1.0556 1.2439
1.2913 1.1812 1.1411 1.1371 1.0076 1.0781 1.1005 0.8996 0.9891 0.9000 0.9030 0.9495 0.8117 0.9317 0.7913 0.9713
1.2699 0.9846 0.9064 1.0012 0.9376 0.9815 0.9894 0.9025 0.9544 1.0470 0.9934 1.0832 0.8892 1.1324 1.0787 1.3323
1.2038 1.0825 0.9968 1.1146 0.9675 1.0860 1.0475 0.9603 0.9110 1.0264 1.0001 0.8743 0.8865 0.8488 1.0295 0.9692
1.1896 1.1014 1.0815 0.9770 0.9367 0.9575 1.0073 0.9764 0.8959 1.0308 0.9595 0.8552 0.9756 1.0920 1.0000 1.0389
1.3542 1.2335 1.1597 1.0771 1.0859 1.0886 1.0364 1.0012 1.1101 0.9082 0.9080 0.8404 0.8103 0.7743 0.7851 0.8202
0.6745 0.7216 0.8906 0.7528 0.9466 0.9639 0.8303 1.0511 1.0337 0.9041 1.0646 0.9897 1.2070 1.0086 1.2252 1.1960
1.1262 0.9610 0.9739 1.0698 1.0016 0.9626 0.9503 1.1518 0.8824 0.9075 0.9354 0.8978 1.0374 0.9981 1.1038 1.0932
0.6758 0.7310 0.9028 0.8177 0.9661 0.9753 0.9000 1.0500 1.0156 0.9633 1.0729 0.9243 1.2366 1.0714 0.9492 1.2199
1.2577 1.1602 1.1875 1.1736 1.1068 1.1166 1.1144 0.9715 1.0079 0.8874 0.8371 0.8746 0.8509 0.8093 0.8458 0.8054
1.0140 0.8675 0.8251 0.9283 0.8898 0.8904 0.7851 1.0441 0.9137 1.1130 1.1458 1.0144 1.1112 1.1863 1.1342 1.5338
1.1805 1.0646 1.0801 1.0059 0.8706 1.0136 1.0237 1.0412 0.9577 0.8931 0.9496 0.8927 0.9881 0.8923 1.0334 1.0817
1.1817 1.1760 0.9407 0.9227 1.0362 1.0653 1.0012 1.0511 0.9966 0.9135 0.9686 0.9576 0.9612 0.7815 0.7744 0.9336
0.9993 0.9619 1.0633 0.9074 0.9939 1.0523 0.9591 0.9867 1.0000 0.9112 0.9350 1.0830 1.0000 1.0121 1.0157 1.1644
0.9448 0.9409 0.9361 1.0000 0.9841 0.9290 1.0188 1.0753 0.9836 1.0072 1.0388 0.9782 1.0598 1.1007 1.2740 1.2923
1.4748 1.3482 1.0337 1.2348 0.9817 0.9881 1.1234 0.9550 0.9159 1.0000 1.0000 0.9032 1.0000 0.8508 0.9185 0.9170
1.4461 1.0211 1.2156 0.9217 0.7917 1.1020 0.9946 0.9666 1.0660 1.0184 0.9136 1.0259 0.8875 0.8981 0.9941 1.1530
1.1614 1.1134 1.1613 1.2019 0.9880 1.0376 0.9617 0.9312 1.0046 1.0144 0.9010 0.8017 0.8075 0.7625 0.5266 0.5117
1.3048 0.9369 1.0000 0.9332 1.1250 1.0329 0.9296 1.0140 0.9679 1.0091 0.9366 1.0767 0.9046 1.0865 0.9898 1.0600
0.6597 0.7381 0.9929 0.9737 1.0871 1.0076 0.9952 0.9592 0.9213 1.0709 0.9634 0.9846 1.0333 0.9976 1.0094 1.2337
1.0561 0.8696 0.9025 0.9608 0.8405 0.9163 0.8434 0.9040 1.0000 1.1286 0.9370 0.9374 1.1422 1.2670 1.3287 1.6561
1.0347 1.0530 0.8788 1.0424 0.8955 0.9798 0.9449 0.9926 1.1291 0.9057 1.0057 1.0155 0.9463 1.0518 0.5458 1.0786
1.2257 1.0539 0.9369 1.0096 1.0288 1.0156 1.0565 1.0181 1.0112 0.8772 1.0334 0.9362 1.0256 0.9336 0.9715 1.0459
