0.7222 0.7805 0.8588 0.8745 1.0522 1.0956 1.0568 1.1822 1.1773 1.1828 1.0276 1.0283 1.0321 1.0089 0.8496 0.8458
0.8328 0.8474 0.9421 1.0175 1.0899 1.2272 1.2089 0.9880 1.0550 0.9770 1.1212 1.0231 0.9237 0.8482 0.9843 0.7688
0.6459 0.6979 0.9086 0.9110 0.9541 1.0651 1.1497 1.0831 1.0874 1.2464 1.0208 0.9503 0.8846 0.9213 0.8968 0.7285
0.6648 0.7359 0.8397 0.9703 0.9655 1.0798 1.1192 1.0385 1.0012 1.1697 1.1377 0.9733 1.0531 0.8761 0.9117 0.7546
0.7198 0.7849 0.8132 0.9013 1.0000 1.0417 1.0801 1.0222 1.1788 1.2182 1.0663 1.0288 0.9876 1.0511 0.9348 0.8158
0.8163 0.8388 0.8702 0.9303 1.1200 1.0827 1.1755 1.1476 1.1881 1.1408 1.0446 1.0481 0.9746 0.9328 0.8506 0.8429
0.7630 0.7943 0.8591 0.9392 1.0247 1.0405 1.1691 1.1638 1.1132 1.0890 1.1027 1.0422 0.9772 0.9129 0.8252 0.9349
0.8841 0.7964 0.8557 0.9478 1.0000 1.1175 1.2139 1.1410 1.1033 1.0651 1.1408 1.0764 1.0149 0.9144 0.8336 0.8872
0.8259 0.8712 0.8476 0.8746 1.0282 1.0233 1.1363 1.0252 1.0980 1.1262 1.0392 1.1069 0.9744 1.0277 0.8855 0.8476
0.6837 0.7174 0.8474 0.9647 0.9563 1.0424 1.0545 1.1165 1.0451 1.0457 1.1939 0.9967 0.9193 0.9838 0.9799 0.9694
0.7261 0.6426 0.7301 0.7787 0.9530 1.0539 1.1446 1.0490 1.0272 1.0526 1.0192 0.9559 1.0136 0.9822 0.8515 0.9757
0.7439 0.8153 0.8933 0.9683 1.1415 1.1341 1.1215 0.8812 1.0525 1.2089 1.1040 0.9801 0.9536 1.0000 1.0000 0.7237
0.9563 0.8866 0.8998 1.0177 1.1396 1.1137 1.1765 1.0487 1.1370 1.0544 1.0479 1.0199 0.9730 0.8509 0.8192 0.9237
0.9004 0.8686 0.9748 0.9960 0.9999 1.1181 1.1817 1.1483 1.1316 1.0656 1.1646 0.9403 0.9354 1.0000 0.8123 0.7778
0.6868 0.7397 0.8762 0.8927 0.9983 1.1557 1.0696 1.0613 1.0910 1.0828 1.1317 1.1598 0.9862 0.8614 0.8554 0.7666
0.6766 0.7987 0.9208 0.9702 1.0059 1.0451 1.0817 1.0500 1.0782 1.0199 1.0240 1.0617 0.9929 0.9777 0.9204 0.8505
0.8564 0.7964 0.8717 0.8964 1.0398 1.1686 1.0199 1.1694 1.1504 1.1751 1.0685 1.0323 1.0589 0.9255 0.8742 0.8828
0.7169 0.7494 0.7925 0.8021 1.0049 1.0056 1.1123 1.0123 1.0062 1.1196 1.0723 1.0346 1.0027 1.0093 0.8781 0.8671
0.7067 1.0000 0.8887 0.9145 1.0021 1.1309 1.1454 1.0967 1.0827 1.1627 1.0884 0.9141 0.9594 0.8884 0.8571 0.8686
0.8321 0.8333 0.9150 0.8464 1.0408 1.1500 0.9997 1.0791 1.0805 1.1777 1.0582 1.1361 1.0000 0.9938 0.9447 0.9132
0.8544 0.8794 0.8732 0.9662 0.9719 1.1186 1.0900 1.0546 1.0435 0.9803 1.0599 1.1200 1.0139 0.9900 0.9907 0.9315
0.6156 0.7647 0.8913 0.9650 1.0000 1.0735 1.0540 1.0845 1.0413 1.1006 1.0559 1.0362 0.9787 0.9165 1.0000 0.7982
0.8622 0.7931 0.9346 0.9256 1.0805 1.1643 1.2058 0.9823 1.0786 1.1511 1.1537 1.0103 1.0315 0.9386 0.8818 0.8148
0.7503 0.7878 0.8697 0.9379 1.2062 1.0000 1.0958 1.2140 1.1008 1.0712 1.2578 0.9561 0.9458 0.9210 0.9377 0.9440
0.8462 0.9333 0.8900 0.9726 1.0894 1.1277 1.1620 1.1818 1.1792 1.1908 1.0868 0.9752 0.9565 0.8860 0.7836 0.7248
