0.7402 0.7966 0.8574 0.8893 1.0283 1.0872 1.0479 1.1712 1.1460 1.1736 1.0267 1.0027 1.0423 1.0325 0.8490 0.8594
0.8397 0.8441 0.9599 1.0372 1.0942 1.2195 1.1930 0.9690 1.0198 0.9524 1.1090 0.9959 0.9377 0.8578 0.9978 0.7662
0.6532 0.6970 0.9095 0.9262 0.9450 1.0833 1.1265 1.0751 1.0679 1.2312 0.9995 0.9699 0.8983 0.9262 0.9157 0.7267
0.6549 0.7375 0.8536 0.9621 0.9835 1.0777 1.1065 1.0423 0.9799 1.1568 1.1227 0.9592 1.0449 0.8888 0.9429 0.7477
0.7129 0.7766 0.8068 0.8978 1.0000 1.0217 1.0652 1.0520 1.1903 1.2284 1.0272 1.0409 0.9544 1.0331 0.9575 0.8771
0.8350 0.8559 0.8594 0.9473 1.1521 1.0834 1.1747 1.1154 1.1721 1.1257 1.0667 1.0167 0.9711 0.9256 0.8539 0.8521
0.7505 0.8152 0.8549 0.9360 1.0436 1.0411 1.1523 1.1611 1.1081 1.0880 1.0964 1.0502 0.9805 0.9139 0.8285 0.9292
0.8906 0.8119 0.8680 0.9313 1.0000 1.0913 1.1881 1.1064 1.0972 1.0657 1.1505 1.0864 1.0236 0.9295 0.8498 0.9155
0.8213 0.8661 0.8765 0.8584 1.0195 1.0119 1.1345 1.0530 1.0820 1.1044 1.0447 1.0913 0.9823 1.0386 0.9107 0.8431
0.6870 0.7515 0.8543 0.9737 0.9978 1.0219 1.0588 1.1225 0.9818 1.0181 1.1766 0.9682 0.9112 0.9731 1.0033 1.0082
0.7206 0.6411 0.7393 0.7955 0.9561 1.0338 1.1361 1.0400 1.0296 1.0673 1.0164 0.9645 1.0264 0.9786 0.8620 0.9637
0.7472 0.8398 0.9207 0.9827 1.1637 1.1405 1.1268 0.8832 1.0359 1.2344 1.0842 0.9719 0.9332 1.0000 1.0000 0.6895
0.9311 0.8813 0.9013 1.0043 1.1456 1.1125 1.1737 1.0243 1.1304 1.0493 1.0550 1.0327 0.9982 0.8454 0.8388 0.9652
0.9027 0.9075 0.9556 1.0180 0.9915 1.0998 1.1626 1.1227 1.0906 1.0544 1.1540 0.9385 0.9477 1.0000 0.8436 0.8194
0.6620 0.7341 0.8567 0.8956 0.9832 1.1863 1.0747 1.0709 1.0545 1.0623 1.0982 1.1333 1.0112 0.8617 0.8905 0.8167
0.6762 0.7972 0.9151 1.0010 0.9789 1.0407 1.0949 1.0391 1.0766 1.0132 1.0007 1.0607 1.0015 0.9798 0.9261 0.8714
0.8761 0.7777 0.8571 0.8869 1.0419 1.1635 0.9759 1.1685 1.1342 1.1690 1.0491 1.0447 1.1090 0.9403 0.8864 0.9220
0.7017 0.7812 0.7980 0.8275 1.0122 0.9934 1.1165 1.0075 1.0090 1.1139 1.0751 1.0496 1.0132 1.0193 0.8953 0.9126
0.6896 1.0000 0.8915 0.9299 0.9747 1.1159 1.1265 1.0398 1.0769 1.1552 1.0891 0.9054 0.9988 0.9067 0.8870 0.9034
0.8388 0.8109 0.9115 0.8465 1.0334 1.1398 1.0030 1.0799 1.0689 1.1720 1.0517 1.1383 1.0000 0.9665 0.9683 0.9239
0.8791 0.8921 0.8919 0.9566 0.9430 1.0922 1.0648 1.0389 1.0536 0.9571 1.0528 1.1188 1.0113 0.9936 1.0067 0.9499
0.6260 0.7769 0.9149 0.9839 1.0000 1.0655 1.0575 1.0622 1.0305 1.1013 1.0088 1.0648 0.9844 0.9072 1.0000 0.8178
0.8518 0.7871 0.9470 0.9357 1.0697 1.1470 1.1678 0.9434 1.0737 1.1337 1.1592 1.0349 1.0471 0.9364 0.8829 0.8425
0.7601 0.7938 0.8751 0.9494 1.2048 1.0000 1.0815 1.1844 1.0946 1.0512 1.2345 0.9406 0.9307 0.9513 0.9801 0.9738
0.8410 0.9152 0.8795 0.9556 1.0948 1.0965 1.1900 1.1773 1.1848 1.1672 1.1022 0.9711 0.9706 0.9015 0.7769 0.7828
