1.4603 1.3463 1.3349 1.3362 1.1298 0.9876 1.1167 1.0117 1.0228 0.9598 0.8255 0.8313 0.8572 0.7473 0.6491 0.6409
1.0000 0.7237 0.8597 0.9156 0.9145 0.9050 1.0644 1.0168 1.0111 1.1177 1.1105 0.9573 1.0579 1.2411 1.0927 1.0000
1.4203 1.2984 1.5527 2.0558 1.1251 1.1776 1.0000 0.8135 1.1425 1.0720 0.9074 0.7899 0.9112 0.9425 0.6973 0.8383
0.9880 0.7592 0.8087 1.0030 0.8943 0.9521 0.9456 0.9560 1.1246 1.0453 1.0206 1.0701 1.0719 0.9888 1.0608 1.4919
1.2958 1.0976 1.1164 1.0938 0.9347 1.0176 1.3356 1.1687 0.9279 1.1931 1.1810 1.0001 0.9888 1.0183 0.9943 0.9590
0.7152 0.8456 0.7124 0.8207 0.8602 1.0419 1.1775 0.9888 0.8948 1.1711 1.0075 1.2897 1.1315 1.0841 1.1611 1.3866
1.7153 1.3905 1.3317 1.2237 1.2283 1.0301 0.9962 0.8471 0.8941 0.8141 0.8153 0.7463 0.7956 0.9357 1.0000 0.7689
0.9418 0.8573 0.9150 0.9004 0.8245 0.9880 1.0440 1.1569 1.2371 0.9940 1.0356 1.0327 0.9523 0.9692 1.0437 1.1934
0.9561 0.9384 1.1799 1.0399 1.0093 1.2266 0.9855 1.1345 1.1233 0.9703 1.0484 0.9309 0.9791 0.8646 1.0219 1.1201
0.9178 0.8217 1.0432 0.8172 0.9244 0.9746 0.9002 1.1580 0.9555 1.0598 0.9220 1.0799 1.2277 1.2505 1.1849 1.7163
0.7085 1.0921 1.1405 0.8672 1.0767 1.1554 1.0898 1.1126 1.0926 0.9117 0.8485 0.9165 0.9929 0.8714 0.7696 1.3672
0.8163 0.8124 0.8633 0.9099 0.8467 0.9563 1.0122 0.9353 1.0316 1.1224 1.1248 1.1303 1.1341 1.2264 1.1932 0.9791
1.1560 1.1194 1.0636 1.1598 1.1298 1.1622 1.1584 1.4761 0.7963 1.1832 1.0120 0.7807 0.8114 0.8428 0.7580 0.8360
1.0684 0.9142 1.0530 0.8462 0.7496 0.8751 0.8259 1.0273 1.0864 1.0663 1.1239 1.0445 1.0821 1.0910 1.1785 1.0879
1.5459 1.4264 1.0643 1.1177 1.2793 1.0887 1.1353 1.0700 0.8647 0.7576 0.8330 0.7910 0.6550 0.7025 0.7300 0.6403
0.7045 0.9608 0.8784 0.7653 0.8575 0.8757 0.9356 0.9391 1.0000 0.9761 1.1806 1.1477 1.0000 1.3467 1.3990 1.4626
1.1884 0.9715 1.2180 1.0000 0.9948 1.0504 1.1235 0.9793 0.9505 0.9822 0.9172 0.9194 0.8986 0.8970 1.0576 0.9417
0.7495 0.8070 0.7474 0.9355 0.7762 0.8124 1.0261 1.0121 0.9780 1.0000 1.0000 1.2659 1.0000 1.1457 1.2104 1.2219
1.5623 1.2168 1.7190 1.2356 1.0136 1.2037 1.1116 1.1311 1.0078 0.9029 0.8383 0.7849 0.7097 0.7040 0.8575 0.8174
0.8270 0.9252 1.1861 0.8885 0.9847 1.0325 1.0750 1.1292 1.2690 1.3145 1.2008 1.0725 1.0781 1.0998 0.7602 0.6832
1.4777 1.1727 1.0000 1.1050 1.1909 1.1394 1.0462 0.9674 1.0037 0.9899 0.9338 1.0282 0.8895 0.9790 0.9142 0.9456
0.7205 0.6722 0.8046 0.6299 0.8584 0.8732 1.0039 0.9531 1.0124 0.9999 1.0694 1.3488 1.2480 1.1238 1.1958 1.5298
1.0021 1.0653 1.1299 0.9187 1.0068 1.0225 1.1326 1.1373 1.0000 1.5254 1.0039 0.8483 0.9198 0.6985 0.5927 0.7888
0.7346 0.7043 0.7842 0.8665 0.7875 0.8601 0.8862 0.9946 1.1182 1.0881 1.1113 1.2001 1.2315 1.2971 -15.0548 1.4640
1.4672 1.5392 1.2727 1.3717 1.1080 1.3529 1.3115 1.2000 1.0284 0.8225 0.8708 0.9413 0.7751 0.8095 0.6981 0.8599
