0.7397 0.7975 0.8593 0.8850 1.0232 1.0789 1.0414 1.1758 1.1502 1.1705 1.0200 1.0032 1.0453 1.0246 0.8620 0.8775
0.8475 0.8428 0.9642 1.0315 1.0944 1.2127 1.1992 0.9659 1.0253 0.9522 1.1073 1.0035 0.9314 0.8590 0.9957 0.7724
0.6558 0.6996 0.9194 0.9179 0.9576 1.0889 1.1206 1.0740 1.0729 1.2228 1.0003 0.9700 0.8997 0.9187 0.9231 0.7288
0.6569 0.7358 0.8528 0.9619 0.9823 1.0901 1.1088 1.0286 0.9789 1.1598 1.1317 0.9629 1.0380 0.8938 0.9377 0.7486
0.7130 0.7698 0.8049 0.8933 1.0000 1.0313 1.0732 1.0608 1.1849 1.2163 1.0281 1.0395 0.9594 1.0460 0.9426 0.8724
0.8320 0.8523 0.8592 0.9408 1.1513 1.0857 1.1780 1.1050 1.1616 1.1174 1.0574 1.0241 0.9768 0.9289 0.8615 0.8641
0.7525 0.8119 0.8620 0.9419 1.0420 1.0415 1.1518 1.1606 1.1066 1.0793 1.0856 1.0474 0.9855 0.9161 0.8319 0.9355
0.8927 0.8172 0.8656 0.9383 1.0000 1.0905 1.1818 1.1134 1.0955 1.0776 1.1445 1.0822 1.0113 0.9206 0.8544 0.9166
0.8165 0.8669 0.8735 0.8682 1.0194 1.0144 1.1233 1.0484 1.0820 1.1149 1.0410 1.0901 0.9901 1.0344 0.9109 0.8408
0.6838 0.7547 0.8630 0.9756 1.0057 1.0219 1.0533 1.1338 0.9897 1.0183 1.1716 0.9592 0.9084 0.9555 0.9962 1.0092
0.7235 0.6539 0.7493 0.7885 0.9643 1.0436 1.1396 1.0354 1.0206 1.0647 1.0096 0.9610 1.0168 0.9840 0.8597 0.9657
0.7544 0.8403 0.9175 0.9745 1.1529 1.1397 1.1383 0.8733 1.0374 1.2361 1.0882 0.9684 0.9422 1.0000 1.0000 0.6930
0.9307 0.8799 0.8975 1.0088 1.1469 1.1183 1.1679 1.0159 1.1222 1.0433 1.0605 1.0313 0.9962 0.8493 0.8389 0.9714
0.9061 0.8953 0.9638 1.0219 0.9951 1.1054 1.1618 1.1189 1.0928 1.0537 1.1500 0.9415 0.9451 1.0000 0.8444 0.8136
0.6664 0.7386 0.8555 0.9005 0.9966 1.1904 1.0762 1.0573 1.0513 1.0525 1.1003 1.1284 0.9998 0.8640 0.8951 0.8297
0.6808 0.7934 0.9088 0.9946 0.9806 1.0375 1.0899 1.0406 1.0836 1.0140 1.0047 1.0699 1.0003 0.9775 0.9307 0.8712
0.8728 0.7723 0.8668 0.8887 1.0333 1.1674 0.9717 1.1739 1.1353 1.1744 1.0499 1.0394 1.1077 0.9369 0.8876 0.9235
0.6946 0.7772 0.7978 0.8243 1.0017 0.9991 1.1191 1.0094 1.0011 1.1243 1.0902 1.0536 1.0095 1.0130 0.8948 0.9067
0.6846 1.0000 0.8907 0.9252 0.9757 1.1250 1.1217 1.0472 1.0674 1.1702 1.0859 0.9199 0.9918 0.9006 0.8809 0.8990
0.8321 0.8158 0.9173 0.8578 1.0253 1.1317 1.0197 1.0570 1.0667 1.1680 1.0444 1.1314 1.0000 0.9814 0.9671 0.9241
0.8752 0.8951 0.8932 0.9586 0.9494 1.0952 1.0451 1.0342 1.0434 0.9600 1.0558 1.1165 1.0077 0.9947 1.0187 0.9552
0.6317 0.7769 0.9112 0.9798 1.0000 1.0720 1.0602 1.0617 1.0311 1.1003 1.0075 1.0632 0.9774 0.9157 1.0000 0.8177
0.8410 0.7826 0.9562 0.9421 1.0671 1.1543 1.1735 0.9466 1.0749 1.1334 1.1497 1.0321 1.0459 0.9336 0.8836 0.8373
0.7622 0.7882 0.8742 0.9504 1.2083 1.0000 1.0857 1.1836 1.0937 1.0560 1.2358 0.9312 0.9391 0.9504 0.9753 0.9625
0.8303 0.9099 0.8884 0.9647 1.0965 1.0986 1.1830 1.1722 1.1757 1.1708 1.0985 0.9727 0.9673 0.9139 0.7859 0.7917
