0.7538 0.8101 0.8872 0.9106 1.0379 1.0800 1.0530 1.1748 1.1351 1.1478 1.0185 0.9757 1.0444 1.0119 0.8603 0.8704
0.8656 0.8784 0.9741 1.0408 1.1130 1.2509 1.2050 0.9387 1.0056 0.9140 1.0843 0.9910 0.9268 0.8434 1.0002 0.7779
0.6661 0.7225 0.9336 0.9271 0.9571 1.0761 1.1265 1.0698 1.0705 1.2117 1.0101 0.9684 0.8964 0.9200 0.9093 0.7431
0.6851 0.7486 0.8722 0.9693 0.9573 1.0931 1.0932 1.0209 0.9827 1.1494 1.1305 0.9807 1.0287 0.9005 0.9362 0.7706
0.7562 0.7976 0.8198 0.9143 1.0000 1.0372 1.0795 1.0411 1.1493 1.2055 1.0292 1.0335 0.9656 1.0362 0.9695 0.8576
0.8513 0.8777 0.8711 0.9613 1.1448 1.0911 1.1855 1.0967 1.1693 1.0875 1.0438 1.0187 0.9839 0.9110 0.8637 0.8444
0.7476 0.8362 0.8761 0.9405 1.0499 1.0552 1.1431 1.1491 1.0859 1.0598 1.0787 1.0335 0.9734 0.9151 0.8353 0.9714
0.8998 0.8096 0.8719 0.9449 1.0000 1.0878 1.1929 1.1148 1.0927 1.0334 1.1364 1.0800 1.0281 0.9294 0.8575 0.9206
0.8197 0.8817 0.8860 0.8921 1.0356 1.0270 1.1301 1.0434 1.0662 1.1011 1.0222 1.0757 0.9776 1.0275 0.9043 0.8485
0.6972 0.7685 0.8743 1.0011 1.0089 1.0245 1.0627 1.1098 0.9749 1.0018 1.1749 0.9530 0.9123 0.9695 0.9996 1.0173
0.7225 0.6645 0.7573 0.8138 0.9594 1.0463 1.1478 1.0373 1.0000 1.0416 1.0055 0.9581 1.0261 0.9838 0.8714 0.9815
0.7523 0.8576 0.9182 0.9796 1.1594 1.1441 1.1160 0.8654 1.0381 1.2230 1.0837 0.9725 0.9506 1.0000 1.0000 0.7173
0.9654 0.9063 0.9221 1.0242 1.1414 1.1003 1.1513 1.0073 1.1105 1.0301 1.0610 1.0237 0.9950 0.8308 0.8338 0.9794
0.9335 0.9247 0.9684 1.0200 1.0051 1.1060 1.1465 1.1178 1.0685 1.0280 1.1499 0.9290 0.9589 1.0000 0.8232 0.8173
0.6824 0.7614 0.8838 0.9013 1.0243 1.1988 1.1049 1.0497 1.0352 1.0410 1.1045 1.1214 1.0101 0.8394 0.8820 0.8052
0.7350 0.8377 0.9365 1.0031 0.9881 1.0309 1.0772 1.0467 1.0629 0.9989 1.0019 1.0700 0.9991 0.9777 0.9316 0.8726
0.9012 0.7720 0.8741 0.8909 1.0378 1.1788 0.9747 1.1600 1.1313 1.1686 1.0261 1.0335 1.1127 0.9286 0.8948 0.9170
0.7087 0.8000 0.8007 0.8303 1.0131 0.9977 1.1180 0.9888 0.9956 1.1048 1.0664 1.0542 1.0186 1.0391 0.8991 0.9247
0.7012 1.0000 0.9218 0.9263 0.9763 1.1500 1.1407 1.0488 1.0521 1.1467 1.0714 0.9026 0.9833 0.8944 0.8833 0.8994
0.8472 0.8328 0.9469 0.8512 1.0615 1.1607 1.0010 1.0687 1.0379 1.1505 1.0255 1.1215 1.0000 0.9637 0.9615 0.9253
0.8778 0.8984 0.8908 0.9706 0.9416 1.1006 1.0532 1.0161 1.0204 0.9654 1.0478 1.1203 1.0111 0.9983 1.0244 0.9702
0.6224 0.7623 0.9086 0.9822 1.0000 1.0601 1.0548 1.0486 1.0271 1.0915 1.0259 1.0686 0.9862 0.9209 1.0000 0.8252
0.8365 0.7803 0.9771 0.9487 1.0595 1.1617 1.1565 0.9272 1.0616 1.1301 1.1437 1.0520 1.0358 0.9411 0.8959 0.8482
0.7819 0.8031 0.8797 0.9441 1.2304 1.0000 1.0695 1.1851 1.0813 1.0403 1.2113 0.9424 0.9378 0.9363 0.9756 0.9805
0.8432 0.9352 0.9006 0.9903 1.1018 1.1213 1.1825 1.1793 1.1592 1.1466 1.0656 0.9745 0.9574 0.8944 0.7760 0.7716
