1.2577 1.1894 1.1919 1.2300 1.1182 1.0752 1.1131 0.9156 1.0959 1.0945 0.8913 0.7885 0.8914 0.7233 0.7354 0.6699
1.0000 0.9031 0.9365 1.0974 1.1292 0.9789 1.0040 0.9918 0.9081 1.0992 1.0505 0.9938 1.0035 1.0739 0.8765 1.0000
1.3220 1.1977 1.1434 1.7615 1.1062 1.0832 1.0000 0.9152 1.0229 1.0383 0.9896 0.8276 0.9206 0.9147 0.8132 0.8138
1.0705 0.8669 0.9809 1.1348 0.9904 1.0142 1.1265 0.9858 1.0846 1.0665 0.9756 0.9272 0.9663 0.8599 0.9127 1.0621
1.5931 1.2012 1.1600 1.0524 0.9733 1.0122 1.0254 1.0312 0.8077 0.9012 1.0001 1.0336 0.8898 0.9010 0.9403 1.1448
0.8863 1.0273 0.8288 0.9357 0.8818 1.0270 1.1191 0.9892 0.8109 1.1984 0.8918 1.0636 0.9713 1.0146 1.0281 1.2348
1.4118 1.1784 1.1883 1.1184 1.0932 0.8970 0.9481 0.8301 0.8830 0.9966 0.9414 0.8662 0.9331 1.0475 1.0000 0.9335
1.0064 1.1273 0.8552 1.0245 0.9735 1.0639 1.1188 1.1018 1.1610 0.9643 0.9750 0.9665 0.8775 0.8363 0.8824 1.0515
0.7840 0.8108 1.0501 0.8950 0.8768 1.0090 0.8840 1.1447 1.1276 0.9767 1.1246 1.0118 1.1172 0.7952 1.2201 0.9700
0.8299 0.7807 0.8095 0.9445 0.9250 0.9861 0.9750 0.9254 0.9441 1.0987 0.9614 1.0209 1.2138 1.1321 1.2663 1.5380
0.6061 0.8596 0.9220 0.9121 0.8887 1.0428 1.0628 1.1313 1.0738 1.0280 0.8698 0.9777 1.0192 1.0848 0.9111 1.0588
1.0613 0.9429 1.0188 1.0705 0.9757 1.0718 1.1299 0.9411 1.0460 0.9458 0.9346 0.9972 0.9757 0.9994 1.0529 0.8219
0.9984 1.1065 1.0704 1.2127 1.0900 0.9517 0.9126 1.3212 0.8726 1.0548 1.0478 0.8006 0.7926 0.8780 0.8127 0.9979
0.9803 0.8379 0.9465 0.7609 0.8559 0.8884 0.8203 1.1251 0.9673 1.0781 1.0912 1.0349 1.1082 1.0482 1.2301 1.1464
1.4827 1.1591 1.0111 1.1167 1.1219 1.1230 1.1311 1.1076 0.9935 0.7157 0.9303 0.8841 0.8016 0.6517 0.6285 0.6715
0.8086 0.9041 0.9831 0.8972 0.8549 0.9553 1.0598 0.9937 1.0000 0.9473 1.0642 0.9665 1.0000 1.1899 1.2684 1.4479
1.1412 0.9487 1.0923 1.0000 0.9081 1.0240 1.0372 0.8556 1.0187 1.0697 1.0270 1.0018 0.9546 0.9384 1.0175 1.0996
1.1723 1.1338 0.8756 1.2225 0.8743 0.9324 1.1413 0.9090 0.8674 1.0000 1.0000 1.0601 1.0000 0.9595 1.0684 1.0558
1.3730 1.0720 1.4707 1.1443 0.9217 1.1866 1.0889 1.0564 1.1320 0.8548 0.8988 0.9257 0.8260 0.7867 0.7831 0.8849
0.9551 0.9987 1.1408 1.1024 1.0357 1.0251 0.9813 1.0028 1.0775 0.8611 1.0125 0.8988 0.8535 0.8136 0.5712 0.5385
1.3667 1.0860 1.0000 1.0543 1.2298 1.1130 1.0450 1.0195 1.0034 0.8272 0.9428 1.0884 0.9493 1.0065 0.9217 0.7767
0.5729 0.5470 0.8562 0.8074 0.8037 0.9438 1.0087 1.0610 1.0548 0.9602 1.0747 1.2827 1.2035 0.9343 0.9950 1.3343
1.1124 0.9166 0.9989 0.8304 0.9848 1.0357 1.0152 1.0915 1.0000 1.3398 1.0107 0.9221 0.9846 1.0002 0.8534 0.8535
0.8466 0.7999 0.7791 0.8958 0.8267 0.9759 0.8261 0.9076 1.1500 1.0842 1.1205 1.1542 1.1982 1.0789 0.5458 1.2870
1.5109 1.3618 1.1505 1.3381 1.1853 1.1104 1.2191 0.9835 0.9092 0.8138 0.9453 0.9048 0.9060 0.8622 0.7919 0.8546
