0.7305 0.7802 0.8675 0.8889 1.0079 1.0811 1.0442 1.1814 1.1677 1.1736 1.0277 1.0180 1.0336 1.0248 0.8633 0.8595
0.8351 0.8310 0.9460 1.0344 1.0862 1.2312 1.2073 0.9712 1.0289 0.9560 1.1123 1.0046 0.9302 0.8606 0.9992 0.7678
0.6408 0.6949 0.9000 0.9075 0.9498 1.0873 1.1370 1.0777 1.0790 1.2385 0.9985 0.9620 0.9070 0.9252 0.9065 0.7276
0.6569 0.7312 0.8460 0.9493 0.9711 1.0688 1.1105 1.0486 1.0017 1.1696 1.1251 0.9664 1.0394 0.8914 0.9353 0.7628
0.7068 0.7471 0.7880 0.8959 1.0000 0.9999 1.0741 1.0697 1.1912 1.2358 1.0342 1.0356 0.9661 1.0419 0.9548 0.8605
0.8201 0.8393 0.8495 0.9384 1.1371 1.0874 1.1892 1.1020 1.1784 1.1358 1.0668 1.0224 0.9814 0.9211 0.8623 0.8630
0.7477 0.8214 0.8632 0.9260 1.0294 1.0265 1.1578 1.1708 1.1021 1.0778 1.0923 1.0400 0.9817 0.9289 0.8328 0.9487
0.8620 0.8022 0.8533 0.9262 1.0000 1.0887 1.1928 1.1124 1.1051 1.0800 1.1535 1.0946 1.0323 0.9362 0.8460 0.9220
0.8128 0.8689 0.8702 0.8629 1.0117 1.0162 1.1359 1.0337 1.1041 1.1177 1.0504 1.0967 0.9886 1.0306 0.8930 0.8437
0.6961 0.7497 0.8577 0.9457 0.9885 1.0104 1.0513 1.1174 1.0024 1.0409 1.1902 0.9775 0.9119 0.9834 0.9967 1.0099
0.7116 0.6380 0.7273 0.7882 0.9374 1.0297 1.1318 1.0409 1.0247 1.0808 1.0305 0.9685 1.0185 0.9765 0.8711 0.9571
0.7379 0.8294 0.9133 0.9695 1.1644 1.1364 1.1239 0.8854 1.0437 1.2378 1.0883 0.9878 0.9447 1.0000 1.0000 0.6885
0.9233 0.8738 0.8957 1.0051 1.1427 1.0936 1.1762 1.0341 1.1183 1.0470 1.0790 1.0314 1.0016 0.8523 0.8337 0.9616
0.8848 0.8979 0.9590 1.0084 0.9915 1.1124 1.1766 1.1390 1.1079 1.0580 1.1614 0.9315 0.9334 1.0000 0.8396 0.8056
0.6672 0.7365 0.8461 0.8892 0.9845 1.1681 1.0699 1.0410 1.0711 1.0760 1.1039 1.1165 1.0024 0.8934 0.9111 0.8366
0.6703 0.7913 0.9146 0.9962 0.9801 1.0312 1.0989 1.0319 1.0914 0.9947 1.0123 1.0663 1.0104 0.9608 0.9264 0.8795
0.8821 0.7710 0.8683 0.8821 1.0246 1.1513 0.9944 1.1732 1.1561 1.1916 1.0565 1.0298 1.0919 0.9394 0.8857 0.9097
0.6994 0.7611 0.7847 0.8179 1.0131 0.9974 1.1279 0.9911 0.9935 1.0848 1.0952 1.0586 1.0235 1.0449 0.8907 0.9198
0.6914 1.0000 0.8864 0.9127 0.9790 1.1296 1.1086 1.0642 1.0836 1.1765 1.0743 0.9083 0.9896 0.9109 0.8764 0.9076
0.8340 0.8032 0.9145 0.8364 1.0434 1.1323 1.0129 1.0814 1.0622 1.1785 1.0568 1.1258 1.0000 0.9757 0.9661 0.9311
0.8529 0.8666 0.8759 0.9693 0.9387 1.0919 1.0756 1.0541 1.0615 0.9696 1.0668 1.1231 0.9982 0.9792 1.0092 0.9450
0.6259 0.7719 0.9067 0.9834 1.0000 1.0782 1.0526 1.0653 1.0417 1.1021 1.0272 1.0573 0.9843 0.9090 1.0000 0.7968
0.8566 0.7846 0.9487 0.9526 1.0658 1.1632 1.1645 0.9675 1.0862 1.1304 1.1537 1.0168 1.0280 0.9261 0.8864 0.8252
0.7600 0.7805 0.8532 0.9389 1.2100 1.0000 1.0934 1.1894 1.1108 1.0662 1.2448 0.9453 0.9474 0.9306 0.9625 0.9668
0.8174 0.9242 0.8730 0.9687 1.0794 1.0998 1.1682 1.1921 1.2053 1.1907 1.1001 0.9893 0.9719 0.8958 0.7764 0.7419
