1.3703 1.1988 1.0382 1.0974 0.9789 0.9418 1.0633 0.8838 1.1047 1.1215 0.8448 0.8357 0.9268 0.8375 0.8044 0.9267
1.0000 1.0958 1.3257 1.2741 1.1305 0.9964 1.1059 0.9646 0.8733 0.9139 0.8627 0.8423 0.8584 0.8858 0.8283 1.0000
1.0499 0.9261 1.0121 1.1944 0.8492 0.9402 1.0000 0.9438 0.9693 1.0345 0.9332 0.9428 1.0382 1.1428 1.0563 1.2260
1.3557 1.2060 1.1929 1.1288 1.0177 1.0605 1.0790 0.9104 0.9497 0.8602 0.8887 0.9518 0.8038 0.9265 0.7711 0.9840
1.2248 0.9663 0.8900 1.0081 0.9613 1.0155 0.9914 0.9127 1.0215 1.1071 0.9634 1.1021 0.8934 1.0863 1.0450 1.2693
1.2363 1.0900 1.0150 1.1507 0.9889 1.0719 1.0486 0.9523 0.9276 0.9909 0.9997 0.8598 0.8726 0.8324 0.9966 0.9499
1.2111 1.1127 1.0581 1.0005 0.9502 0.9581 1.0129 0.9778 0.8901 1.0402 0.9500 0.8359 0.9771 1.0747 1.0000 1.0465
1.3640 1.2448 1.1585 1.1192 1.1332 1.0892 1.0396 1.0014 1.0761 0.8900 0.8762 0.8194 0.8030 0.7801 0.7479 0.7847
0.6692 0.7053 0.8809 0.7458 0.9511 0.9547 0.8356 1.0289 1.0064 0.8962 1.0352 0.9768 1.1976 1.0099 1.1763 1.2486
1.1440 0.9866 1.0000 1.0935 1.0115 0.9627 0.9465 1.1941 0.8801 0.8801 0.9448 0.8904 0.9975 0.9798 1.0756 1.0375
0.7069 0.7407 0.8998 0.8224 0.9831 0.9783 0.9227 1.0191 0.9609 0.9471 1.1103 0.9263 1.2305 1.1114 0.9584 1.3171
1.2599 1.1394 1.1865 1.2233 1.0904 1.1055 1.1189 0.9559 0.9884 0.8820 0.8413 0.8908 0.8500 0.7873 0.8235 0.7821
0.9884 0.8335 0.8082 0.9202 0.8466 0.9295 0.8437 1.0770 0.9562 1.1160 1.1855 1.0192 1.0974 1.1845 1.1444 1.4915
1.2553 1.0826 1.1606 1.0488 0.8532 1.0026 1.0439 1.0185 0.9446 0.8722 0.9268 0.8697 0.9942 0.8584 0.9961 1.0567
1.1333 1.1749 0.9391 0.9048 1.0411 1.0302 0.9875 1.0566 1.0023 0.9595 0.9568 0.9850 0.9665 0.8151 0.7876 0.9762
1.0680 0.8958 1.0604 0.9045 1.0135 1.0633 0.9743 1.0029 1.0000 0.9101 0.9355 1.1055 1.0000 0.9865 0.9758 1.0997
0.9354 0.9374 0.9156 1.0000 0.9975 0.9428 1.0236 1.1106 1.0051 1.0125 1.0421 0.9892 1.0382 1.0584 1.2332 1.2523
1.4811 1.3538 1.0520 1.2676 0.9767 0.9845 1.1264 0.9601 0.9094 1.0000 1.0000 0.8964 1.0000 0.8342 0.8964 0.8967
1.5138 1.0063 1.1460 0.9190 0.7875 1.0996 1.0260 0.9890 1.0692 1.0345 0.9324 1.0234 0.9078 0.8856 0.9953 1.1507
1.1736 1.1115 1.1425 1.2328 0.9786 1.0365 0.9462 0.9176 1.0012 1.0287 0.9057 0.7991 0.8188 0.7852 0.5346 0.5284
1.2079 0.9503 1.0000 0.9145 1.0926 1.0619 0.9062 0.9958 0.9730 1.0282 0.9143 1.0462 0.9224 1.0765 1.0053 1.1253
0.7349 0.7590 1.0020 0.9956 1.1094 1.0192 0.9776 0.9624 0.9441 1.0760 0.9789 0.9815 0.9983 0.9935 0.9996 1.2053
1.0183 0.8708 0.8995 0.9648 0.8405 0.9211 0.8751 0.9385 1.0000 1.1896 0.9590 0.9489 1.1841 1.3088 1.3818 1.7451
1.0309 1.0827 0.8949 1.0578 0.8977 0.9938 0.9616 1.0320 1.0969 0.9000 0.9837 1.0422 0.9289 1.0341 0.5458 1.0320
1.0520 0.9276 0.8695 0.8865 0.9483 0.9537 1.0345 0.9991 0.9816 0.8940 1.0354 1.0162 1.1288 1.0012 1.0693 1.2356
