# ALTMIN=35.0 ALTMAX=45.0 ALTREF=41.0
# ZAMIN=30.0 ZAMAX=70.0 ZAREF=45.0
# filter   realfilter   Response_ref    Fit Coefficients (Relative Response - relative to 41K and 45 deg ZA - vs Airmass (sec Z) for Z between 30 and 70 degrees)
1.24155   FLT_J		1633.40		0.99998800   -0.0025432082   0.00030381107   0.00027840005  -0.00017991175
1.63157   FLT_H		1411.43		0.99999230   -0.0014798894   6.9321087e-05   0.00020335292  -0.00011011520
1.79316   FLT_Hwide		2412.73		0.99995241    -0.010045263    0.0013417155   0.00099895308  -0.00066522258
2.10506   FLT_K		1348.94		0.99993689    -0.013161824    0.0016468971    0.0013304325  -0.00086874618
2.48515   Klong		1355.63		0.99981050    -0.045604025     0.012955661    0.0010003155   -0.0020931613
2.30798   Kwide		2540.36		0.99989102    -0.025287883    0.0059688119    0.0011482148   -0.0013194569
3.53464   FLT_L		1261.25		0.99992093    -0.016887336    0.0019627544    0.0017515921   -0.0011353421
3.84796   FLT_Lprime	1192.63		0.99990855    -0.019095983   0.00039083447    0.0028728744   -0.0015320336
4.08736   LplusM	4446.56		0.99983093    -0.038136389    0.0070014026    0.0027851215   -0.0022539179
4.84380   FLT_M		780.220		0.99980388    -0.042872097    0.0057551143    0.0042990695   -0.0028509052
3.60272   FLT_NbL	402.599		0.99995247   -0.0097014576   0.00028754182    0.0013792588  -0.00074915057
4.80657   FLT_NbM	210.681		0.99963566    -0.080070365     0.012017204    0.0075548402   -0.0051975522
3.05020   FLT_ICE_308	394.161		0.99997683   -0.0047945831   0.00019010448   0.00071678875  -0.00038761589
1.87432   FLT_Pa	83.5833		0.99990459    -0.021024209    0.0031329207    0.0019006934   -0.0013414003
1.90006	  FLT_Pa_cont	85.4906		0.99992618    -0.016188334    0.0024097374    0.0014573068   -0.0010319312
1.87435   Palpha+Hw	80.8349		0.99990457    -0.021023842    0.0031220772    0.0019179415   -0.0013482255
1.90005   PalphaCont+Hw	82.9304		0.99992629    -0.016186672    0.0024083138    0.0014563741   -0.0010308844
3.30063   FLT_PAH_329	190.476		0.99980096    -0.044065141    0.0068508997    0.0039822111   -0.0028212411
