# WVOMIN=1.8 WVOMAX=182.1 WVOREF=7.3
# ZAMIN=30.0 ZAMAX=70.0 ZAREF=45.0
#filter   realfilter	Resp_ref      Fit coefficients ( Response - relative to 41K and 45 deg ZA and 7.3 microns PWV - vs ln(PWV) for PWV between 1.8 and 182 microns)
1.24155   FLT_J		1633.40		0.99998703   -0.0033558233   -0.0010067718  -0.00029574907  -4.1758582e-07   3.8818024e-05  -1.1658940e-05
1.63157   FLT_H		1411.43		0.99998254  -0.00085208647   9.5563007e-06   0.00014675514   7.5881511e-06  -4.3664638e-05   8.4529717e-06
1.79316   FLT_Hwide		2412.73		0.99988672    -0.011395287   -0.0018388901   0.00015782503   7.8283083e-05  -0.00010577349   1.2050722e-05
2.10506   FLT_K		1348.94		0.99976676    -0.010998706   0.00018131445    0.0019040455   0.00012021123  -0.00056369585   0.00011127704
2.48515   Klong		1355.63		0.99956038    -0.055858135   -0.0014437315   -0.0012572370   0.00040255677   2.0935218e-05  -3.0653906e-05
2.30798   Kwide		2540.36		0.99974162    -0.029780946   -0.0015570754  -0.00025297205   0.00023717242  -8.8770290e-05   1.5813422e-06
3.53464   FLT_L		1261.25		0.99976147    -0.011488381   0.00022762646    0.0018988397   0.00014991902  -0.00059691967   0.00011754025
3.84796   FLT_Lprime	1192.63		0.99961514    -0.016390375  -0.00092049005    0.0038523530   0.00025795126   -0.0010027550   0.00019381328
4.08736   LplusM	4446.56		0.99941092    -0.030654844   0.00097515059    0.0041293559   0.00042944244   -0.0014129406   0.00027647187
4.84380   FLT_M		780.220		0.99959955    -0.019130423  -0.00020580576    0.0032358587   0.00030896026   -0.0010096183   0.00019462209
3.60272   FLT_NbL	402.599		0.99987492   -0.0054729961  -9.2367089e-05    0.0011328818   8.3788175e-05  -0.00031932776   6.1809922e-05
4.80657   FLT_NbM	210.681		0.99940219    -0.026945600    0.0010430237    0.0048022075   0.00053169673   -0.0015618233   0.00030460968
3.05020   FLT_ICE_308	394.161		0.99996915   -0.0056971386   -0.0021691290  -0.00063821791  -5.4458870e-05   5.3378736e-05  -1.5163242e-05
1.87432   FLT_Pa	83.5833		1.0000104    -0.034666617    -0.010507116   -0.0042609415   0.00013855403    0.0010064126  -0.00024617242
1.90006	  FLT_Pa_cont	85.4906		1.0000244    -0.027603638   -0.0088982946   -0.0038575569   8.1070418e-05   0.00086993981  -0.00021299252
1.87435   Palpha+Hw	80.8349		1.0000100    -0.034663908    -0.010506684   -0.0042605050   0.00013879916    0.0010063131  -0.00024616286
1.90005   PalphaCont+Hw	82.9304		1.0000241    -0.027602551   -0.0088969234   -0.0038567469   8.0772544e-05   0.00086969397  -0.00021291567
3.30063   FLT_PAH_329	190.476		0.99948548    -0.027821930   0.00091627542    0.0034627062   0.00032852753   -0.0012731709   0.00025372625

