# ALTMIN=35.0 ALTMAX=45.0 ALTREF=41.0
# ZAMIN=30.0 ZAMAX=70.0 ZAREF=45.0
# filter   realfilter	Response_ref    Fit Coefficients (Relative Response - relative to 41K and 45 deg ZA - vs Airmass (sec Z) for Z between 30 and 70 degrees)
1.24155   FLT_J		1856.14		0.99998807   -0.0025412775   0.00028497073   0.00029430292  -0.00018295497
1.63157   FLT_H		1603.90		0.99999298   -0.0014858990   5.2480354e-05   0.00023629358  -0.00012336776
1.79316   FLT_Hwide		2741.73		0.99995448    -0.010045072    0.0013528142   0.00097444054  -0.00065406412
2.10506   FLT_K		1532.88		0.99994017    -0.013175584    0.0016569082    0.0013579735  -0.00088763451
2.48515   Klong		1540.49		0.99981147    -0.045604588     0.012936247    0.0010315912   -0.0021061246
2.30798   Kwide		2886.77		0.99989140    -0.025287122    0.0059801373    0.0011227331   -0.0013070373
3.53464   FLT_L		1433.24		0.99992211    -0.016893033    0.0019326491    0.0017995732   -0.0011517606
3.84796   FLT_Lprime	1355.26		0.99990865    -0.019095315   0.00043948199    0.0027820744   -0.0014929225
4.08736   LplusM	5052.92		0.99982932    -0.038134606    0.0069869246    0.0028086806   -0.0022639094
4.84380   FLT_M		886.613		0.99980396    -0.042871353    0.0057649181    0.0042803546   -0.0028427788
3.60272   FLT_NbL	457.498		0.99995464   -0.0096979506   0.00028008777    0.0013771219  -0.00074566363
4.80657   FLT_NbM	239.410		0.99963610    -0.080067378     0.012029970    0.0075261792   -0.0051849443
3.05020   FLT_ICE_308	447.910		0.99997659   -0.0047945043   0.00021353381   0.00067950740  -0.00037336056
1.87432   FLT_Pa	94.9810		0.99990432    -0.021023533    0.0031394270    0.0018904570   -0.0013375463
1.90006	  FLT_Pa_cont	97.1484		0.99992642    -0.016187708    0.0024119925    0.0014493698   -0.0010277093
1.87435   Palpha+Hw	91.8578		0.99990435    -0.021022399    0.0031297093    0.0019044277   -0.0013429425
1.90005   PalphaCont+Hw	94.2391		0.99992641    -0.016187741    0.0024033039    0.0014670538   -0.0010354255
3.30063   FLT_PAH_329	216.450		0.99980116    -0.044060542    0.0068577882    0.0039592024   -0.0028106003
