# WVOMIN=1.8 WVOMAX=182.1 WVOREF=7.3
# ZAMIN=30.0 ZAMAX=70.0 ZAREF=45.0
# filter  realfilter    Resp_ref      Fit coefficients ( Response - relative to 41K and 45 deg ZA and 7.3 microns PWV - vs ln(PWV) for PWV between 1.8 and 182 microns)
1.24155   FLT_J		1856.14		0.99998538   -0.0033551489   -0.0010102706  -0.00029513402   6.0202404e-07   3.8368914e-05  -1.1604516e-05
1.63157   FLT_H		1603.90		0.99997983  -0.00085135745   1.0350613e-05   0.00014646595   7.9153682e-06  -4.4122871e-05   8.5639604e-06
1.79316   FLT_Hwide		2741.73		0.99988972    -0.011392467   -0.0018363857   0.00015442217   7.7653447e-05  -0.00010467959   1.1840475e-05
2.10506   FLT_K		1532.88		0.99976884    -0.011003550   0.00018370782    0.0019132697   0.00011853126  -0.00056656154   0.00011204562
2.48515   Klong		1540.49		0.99955960    -0.055863553   -0.0014475906   -0.0012456980   0.00040332887   1.6647446e-05  -2.9689593e-05
2.30798   Kwide		2886.77		0.99974251    -0.029780278   -0.0015546768  -0.00025484786   0.00023632048  -8.8058519e-05   1.4730848e-06
3.53464   FLT_L		1433.24		0.99976067    -0.011487833   0.00022565166    0.0018986970   0.00015060276  -0.00059688562   0.00011748064
3.84796   FLT_Lprime	1355.26		0.99961637    -0.016392395  -0.00092148293    0.0038538041   0.00025836842   -0.0010029582   0.00019381047
4.08736   LplusM	5052.92		0.99940864    -0.030654811   0.00097670366    0.0041285733   0.00042884537   -0.0014125009   0.00027640241
4.84380   FLT_M		886.613		0.99960028    -0.019130147  -0.00020592375    0.0032354795   0.00030908024   -0.0010095153   0.00019459082
3.60272   FLT_NbL	457.498		0.99987647   -0.0054715578  -9.0387942e-05    0.0011307726   8.3166577e-05  -0.00031855000   6.1668554e-05
4.80657   FLT_NbM	239.410		0.99940211    -0.026946617    0.0010439670    0.0048035760   0.00053152446   -0.0015621146   0.00030466948
3.05020   FLT_ICE_308	447.910		0.99996944   -0.0056951845   -0.0021683357  -0.00064122682  -5.4477725e-05   5.4337314e-05  -1.5382529e-05
1.87432   FLT_Pa	94.9810		1.0000106    -0.034666259    -0.010507542   -0.0042612846   0.00013872886    0.0010064744  -0.00024619473
1.90006	  FLT_Pa_cont	97.1484		1.0000243    -0.027604272   -0.0088976234   -0.0038565738   8.0781306e-05   0.00086960848  -0.00021289608
1.87435   Palpha+Hw	91.8578		1.0000102    -0.034664098    -0.010505907   -0.0042604266   0.00013847495    0.0010063827  -0.00024616227
1.90005   PalphaCont+Hw	94.2391		1.0000240    -0.027602423   -0.0088972841   -0.0038568993   8.0900413e-05   0.00086978145  -0.00021294777
3.30063   FLT_PAH_329	216.450		0.99948517    -0.027822952   0.00091892805    0.0034655990   0.00032693263   -0.0012736644   0.00025392691
