# ALTMIN=35.0 ALTMAX=45.0 ALTREF=41.0
# ZAMIN=30.0 ZAMAX=70.0 ZAREF=45.0
# filter  realfilter    Resp_ref	Fit coefficients (Relative Response - to 41K and 45 deg ZA - vs Altitude between 35 and 45K)
1.24155   FLT_J	        1856.14		0.99998677   0.00050498481  -1.4311776e-05  -1.1508096e-05  -3.7349319e-07   6.5012694e-07
1.63157   FLT_H	        1603.90		0.99999607   0.00011277758  -2.9161718e-06  -1.6260670e-07   2.2447580e-09   1.5309599e-08
1.79316   FLT_Hwide	        2741.73		0.99996449    0.0016313646  -3.5900916e-05  -2.2589767e-05  -9.8449151e-07   1.3030322e-06
2.10506   FLT_K         1532.88		0.99998082    0.0014676926  -3.6855286e-05  -2.7809189e-06  -2.2123400e-08   1.8073979e-07
2.48515   Klong         1540.49		0.99980305    0.0079971130   5.0759728e-06  -8.6430202e-05  -5.8387052e-06   5.1237557e-06
2.30798   Kwide         2886.77		0.99989758    0.0042478286  -1.8946661e-05  -4.6344109e-05  -2.9734146e-06   2.7532015e-06
3.53464   FLT_L         1433.24		0.99998109    0.0015361237  -3.7508372e-05  -3.3458490e-06  -2.4206937e-08   2.1516644e-07
3.84796   FLT_Lprime    1355.26		0.99997608    0.0021209165  -8.6881539e-05   2.1941344e-06   1.1913957e-08   3.5605608e-09
4.08736   LplusM        5052.92		0.99993762    0.0041494092  -7.6509570e-05  -1.4140276e-05  -4.2746969e-07   8.4191712e-07
4.84380   FLT_M         886.613		0.99995694    0.0025482543  -6.8828188e-05  -5.3110326e-06  -2.3503402e-07   3.8657990e-07
3.60272   FLT_NbL       457.498		0.99999020   0.00071759556  -2.3264152e-05  -5.0232216e-08  -2.3700688e-08   3.0133108e-08
4.80657   FLT_NbM       239.410		0.99994307    0.0035735827  -8.7081308e-05  -2.2453289e-06   3.5829559e-07   2.3095418e-07
3.05020   FLT_ICE_308   447.910		0.99997877   0.00087777080  -3.5920104e-05  -2.4533697e-05  -5.1132771e-07   1.3523162e-06
1.87432   FLT_Pa        94.9810		0.99984066    0.0052414582  -9.0170069e-05  -0.00011615511  -5.6849020e-06   6.6866310e-06
1.90006	  FLT_Pa_cont   97.1484		0.99987331    0.0042101895  -7.9062929e-05  -9.9588683e-05  -4.4937614e-06   5.6990857e-06
1.87435   Palpha+Hw     91.8578		0.99984028    0.0052412236  -9.0165928e-05  -0.00011615867  -5.6837901e-06   6.6862932e-06
1.90005   PalphaCont+Hw 94.2391		0.99987312    0.0042100811  -7.9143676e-05  -9.9613159e-05  -4.4878929e-06   5.7001084e-06
3.30063   FLT_PAH_329	216.450		0.99996309    0.0037946980  -7.2336982e-05  -1.7996567e-05  -5.0054503e-08   1.0189919e-06
