# ALTMIN=35.0 ALTMAX=45.0 ALTREF=41.0# ZAMIN=30.0 ZAMAX=70.0 ZAREF=45.0
# filter  realfilter    Resp_ref	Fit coefficients (Relative Response - to 41K and 45 deg ZA - vs Altitude between 35 and 45K)
1.24155   FLT_J		1633.40		0.99998711   0.00050489939  -1.3592312e-05  -1.1424019e-05  -4.0729622e-07   6.4516849e-07
1.63157   FLT_H		1411.43		0.99999963   0.00011349310  -3.0332309e-06  -2.1760984e-07  -6.3120017e-09   1.4484370e-08
1.79316   FLT_Hwide		2412.73		0.99996270    0.0016319438  -3.6621082e-05  -2.2684567e-05  -9.4721263e-07   1.3084504e-06
2.10506   FLT_K		1348.94		0.99997919    0.0014667964  -3.7233324e-05  -2.7863566e-06   2.6440682e-10   1.8441327e-07
2.48515   Klong		1355.63		0.99980292    0.0079964784   5.7112108e-06  -8.6368221e-05  -5.8723205e-06   5.1200809e-06
2.30798   Kwide		2540.36		0.99989614    0.0042470938  -1.8607959e-05  -4.6206519e-05  -2.9958892e-06   2.7476821e-06
3.53464   FLT_L		1261.25		0.99998112    0.0015365799  -3.7032004e-05  -3.3400010e-06  -4.9867642e-08   2.1238455e-07
3.84796   FLT_Lprime	1192.63		0.99997447    0.0021206233  -8.6475350e-05   2.2501634e-06  -1.6102800e-08  -7.7894061e-10
4.08736   LplusM	4446.56		0.99993998    0.0041493612  -7.6530685e-05  -1.4131662e-05  -4.2932304e-07   8.4136667e-07
4.84380   FLT_M		780.220		0.99995631    0.0025480879  -6.8884743e-05  -5.2942507e-06  -2.3126535e-07   3.8658800e-07
3.60272   FLT_NbL	402.599		0.99998923   0.00071776776  -2.3476687e-05  -5.6515146e-08  -1.8829766e-08   3.0126889e-08
4.80657   FLT_NbM	210.681		0.99994390    0.0035732636  -8.7387456e-05  -2.2475471e-06   3.7024140e-07   2.3208643e-07
3.05020   FLT_ICE_308	394.161		0.99997806   0.00087774627  -3.5672124e-05  -2.4474911e-05  -5.2673147e-07   1.3491744e-06
1.87432   FLT_Pa	83.5833		0.99984062    0.0052414450  -9.0208509e-05  -0.00011615080  -5.6831669e-06   6.6865810e-06
1.90006	  FLT_Pa_cont	85.4906		0.99987346    0.0042103533  -7.9063850e-05  -9.9613860e-05  -4.4959650e-06   5.6994130e-06
1.87435   Palpha+Hw	80.8349		0.99984021    0.0052411909  -9.0216801e-05  -0.00011616052  -5.6819731e-06   6.6865129e-06
1.90005   PalphaCont+Hw	82.9304		0.99987303    0.0042099461  -7.8959977e-05  -9.9572230e-05  -4.5002837e-06   5.6977676e-06
3.30063   FLT_PAH_329	190.476		0.99996325    0.0037946715  -7.2512494e-05  -1.8039322e-05  -3.5367968e-08   1.0224460e-06
