1.2309 1.1376 1.2165 1.2231 1.1151 1.0406 1.1092 0.9190 1.1207 1.1379 0.9079 0.8330 0.8794 0.7167 0.7372 0.6848
1.0000 0.9414 0.9605 1.1514 1.1265 0.9623 0.9682 0.9544 0.8878 1.0970 1.0140 0.9607 1.0055 1.0964 0.8763 1.0000
1.3053 1.1764 1.1991 1.8202 1.0981 1.1112 1.0000 0.9110 1.0164 1.0540 0.9911 0.8497 0.8524 0.9215 0.8199 0.8050
1.0430 0.8174 0.9571 1.0754 0.9814 0.9814 1.0898 0.9866 1.0980 1.0644 1.0003 0.9628 0.9925 0.9106 0.9617 1.0800
1.5142 1.1075 1.0954 1.0818 0.9807 0.9816 1.0072 1.0801 0.8366 0.9561 1.0060 1.0370 0.8914 0.9415 0.9258 1.1118
0.9087 1.0189 0.8274 0.9550 0.8731 1.0140 1.1279 0.9984 0.8077 1.1691 0.9090 1.0766 0.9947 0.9685 1.0412 1.2412
1.4196 1.1705 1.1705 1.1399 1.1276 0.9334 0.9828 0.8681 0.8715 0.9842 0.9339 0.8498 0.9320 1.0275 1.0000 0.8789
0.9936 1.1352 0.8885 1.0314 0.9974 1.0719 1.1108 1.1130 1.1330 0.9698 0.9521 0.9860 0.8586 0.7809 0.8941 1.0382
0.7806 0.8111 1.0209 0.8776 0.8819 1.0198 0.8937 1.1293 1.1190 0.9746 1.1522 1.0287 1.1437 0.8058 1.2030 0.9681
0.8289 0.7952 0.8411 0.9759 0.9701 1.0110 0.9784 0.9956 0.9298 1.0564 0.9285 1.0072 1.1727 1.0622 1.1702 1.4921
0.5932 0.8386 0.9507 0.9186 0.9057 1.0391 1.0553 1.1477 1.0917 0.9957 0.8798 0.9832 1.0006 1.0699 0.9064 1.0750
1.0131 0.9070 0.9948 1.0432 0.9913 1.0667 1.1243 1.0009 1.0332 0.9608 0.9578 1.0449 1.0050 1.0272 1.0600 0.8062
1.1273 1.2313 1.1922 1.2228 1.1135 0.9650 0.8990 1.2977 0.8446 1.0041 1.0160 0.7539 0.7373 0.8340 0.7847 0.9485
0.9773 0.8385 0.9947 0.8047 0.8848 0.9006 0.8607 1.1033 0.9716 1.0469 1.0787 1.0111 1.1111 1.0624 1.1946 1.1112
1.4332 1.1433 1.0365 1.1166 1.1227 1.1591 1.1170 1.1286 1.0200 0.7233 0.8934 0.8961 0.7882 0.6242 0.6385 0.6492
0.7846 0.9030 0.9503 0.8893 0.8629 1.0087 1.0518 0.9839 1.0000 0.9667 1.0866 0.9709 1.0000 1.1976 1.2591 1.4172
1.0484 0.8896 1.0752 1.0000 0.8980 1.0208 1.0435 0.8479 1.0116 1.1296 1.0571 1.0352 0.9396 0.9524 1.0043 1.0891
1.0607 1.1279 0.8205 1.1752 0.8605 0.9513 1.1238 0.9044 0.9012 1.0000 1.0000 1.0715 1.0000 0.9179 1.1064 1.1288
1.3738 1.0982 1.5290 1.1594 0.9288 1.1942 1.1222 1.0591 1.1364 0.8899 0.8362 0.9226 0.8049 0.7227 0.7231 0.8454
0.9013 0.9790 1.1265 1.0975 1.0115 1.0118 0.9861 1.0140 1.0937 1.2388 1.0207 0.9302 0.9273 0.8491 0.6123 0.5917
1.3877 1.0433 1.0000 1.0615 1.2115 1.1243 1.0180 1.0223 0.9982 0.8652 0.9668 1.1083 0.9249 0.9732 0.9040 0.8166
0.5901 0.5906 0.8880 0.8320 0.8338 0.9489 1.0535 1.0660 1.0649 0.9666 1.0750 1.2569 1.1982 0.9219 0.9592 1.2570
1.1138 0.9498 1.0233 0.8372 0.9878 1.0059 1.0220 1.1017 1.0000 1.3294 0.9979 0.9309 0.8909 0.9464 0.8001 0.8078
0.8462 0.7830 0.7435 0.8882 0.8307 0.9736 0.8123 0.9066 1.1426 1.0707 1.0785 1.1618 1.1966 1.1307 0.5458 1.3076
1.5364 1.3282 1.1405 1.2756 1.1340 1.1009 1.1660 1.0314 0.9901 0.8489 0.9898 0.8616 0.9352 0.8204 0.6999 0.8742
