0.7459 0.8005 0.8564 0.8656 1.0054 1.0792 1.0374 1.1801 1.1694 1.1731 1.0496 1.0288 1.0429 1.0311 0.8605 0.8481
0.8408 0.8456 0.9346 1.0274 1.0879 1.2119 1.2043 1.0075 1.0581 0.9803 1.1142 1.0006 0.9247 0.8624 0.9578 0.7471
0.6606 0.6917 0.9020 0.9050 0.9534 1.0716 1.1473 1.0821 1.0934 1.2304 1.0206 0.9981 0.8987 0.9121 0.8700 0.6898
0.6670 0.7449 0.8573 0.9735 0.9810 1.0836 1.1178 1.0385 1.0059 1.1638 1.1465 0.9544 1.0208 0.8739 0.8893 0.7329
0.7253 0.8056 0.8169 0.8891 1.0000 1.0140 1.0821 1.0603 1.1538 1.2632 1.0760 1.0360 0.9922 1.0137 0.9089 0.7345
0.8342 0.8512 0.8768 0.9659 1.1193 1.0780 1.1683 1.1556 1.1841 1.1335 1.0681 1.0177 0.9475 0.9174 0.8501 0.8354
0.7693 0.7963 0.8588 0.9295 1.0151 1.0635 1.1824 1.1860 1.1125 1.1155 1.1093 1.0595 0.9534 0.9147 0.8129 0.8960
0.8677 0.8127 0.8669 0.9493 1.0000 1.1227 1.2149 1.1509 1.0599 1.0605 1.1625 1.1072 1.0093 0.9155 0.8274 0.8916
0.8116 0.8612 0.8522 0.8840 1.0108 1.0188 1.1274 1.0568 1.0817 1.1254 1.0718 1.1181 0.9686 1.0201 0.8868 0.8143
0.6764 0.7354 0.8553 0.9581 0.9999 1.0194 1.0459 1.0941 1.0215 1.0935 1.1968 0.9960 0.9218 0.9773 0.9711 0.9618
0.7385 0.6533 0.7501 0.7889 0.9425 1.0337 1.1315 1.0511 1.0613 1.0640 1.0307 0.9652 0.9956 0.9729 0.8430 0.9863
0.7491 0.8104 0.9220 0.9723 1.1536 1.1149 1.1294 0.8887 1.0718 1.2040 1.0831 0.9613 0.9253 1.0000 1.0000 0.6797
0.9444 0.8738 0.9279 1.0152 1.1342 1.1375 1.1740 1.0481 1.1415 1.0467 1.0665 1.0465 0.9618 0.8348 0.8149 0.9063
0.9078 0.8892 0.9677 0.9969 1.0014 1.1083 1.1640 1.1478 1.1133 1.0792 1.1757 0.9195 0.9354 1.0000 0.8105 0.7673
0.7011 0.7674 0.8869 0.9355 1.0246 1.1545 1.0458 1.0543 1.0470 1.0539 1.1678 1.1448 1.0136 0.8675 0.8597 0.7635
0.6860 0.8148 0.9345 0.9927 0.9890 1.0698 1.0913 1.0607 1.0909 1.0283 1.0278 1.0458 0.9851 0.9607 0.8870 0.8286
0.8529 0.8162 0.8776 0.9107 1.0437 1.1742 1.0100 1.1758 1.1333 1.1948 1.0757 1.0245 1.0705 0.9212 0.8591 0.8639
0.7348 0.7598 0.8097 0.8213 1.0020 1.0015 1.1156 1.0231 1.0171 1.1001 1.0848 1.0266 1.0225 1.0267 0.8479 0.8566
0.7175 1.0000 0.8824 0.9244 0.9994 1.1500 1.1350 1.0982 1.0910 1.1580 1.0848 0.9125 0.9616 0.8980 0.8438 0.8687
0.8478 0.8166 0.9199 0.8763 1.0353 1.1189 1.0198 1.1293 1.0804 1.1990 1.0636 1.1152 1.0000 0.9771 0.9094 0.8932
0.8566 0.8545 0.8881 0.9959 0.9527 1.1156 1.0900 1.0469 1.0567 1.0276 1.0691 1.1249 1.0086 0.9890 0.9740 0.8722
0.6167 0.7633 0.8835 0.9723 1.0000 1.0709 1.0597 1.0914 1.0589 1.0985 1.0457 1.0362 0.9920 0.9054 1.0000 0.7930
0.8567 0.7972 0.9322 0.9328 1.0896 1.1742 1.1852 0.9907 1.1012 1.1507 1.1604 1.0138 1.0316 0.9348 0.8468 0.8239
0.7668 0.8023 0.8746 0.9300 1.2045 1.0000 1.0904 1.2039 1.1124 1.0767 1.2303 0.9688 0.9506 0.9261 0.9454 0.9236
0.8683 0.9210 0.8990 0.9909 1.0739 1.1103 1.1397 1.1636 1.1693 1.1757 1.1194 0.9779 0.9486 0.9006 0.7786 0.7539
