1.2845 1.1808 1.1279 1.1673 1.0618 0.9935 1.0990 0.9094 1.1131 1.0914 0.8599 0.8177 0.9231 0.7819 0.7820 0.8187
1.0000 1.0138 1.0633 1.2717 1.1387 0.9985 1.0033 0.9929 0.9093 1.0064 0.9410 0.9085 0.9393 0.9912 0.8298 1.0000
1.1636 1.0467 0.9672 1.4601 0.9556 1.0351 1.0000 0.9573 1.0067 1.0731 1.0074 0.9099 0.9995 0.9556 0.9531 0.9416
1.2383 1.0627 1.0945 1.1405 1.0217 1.0353 1.0952 0.9330 1.0358 0.9799 0.9310 0.9297 0.8916 0.8733 0.8563 0.9649
1.4517 1.0855 1.0222 1.0326 0.9192 0.9582 1.0181 0.9810 0.8095 0.8915 1.0409 1.0889 0.9013 1.0553 1.0538 1.2516
1.0460 1.0970 0.9267 1.0177 0.9450 1.0594 1.1244 1.0057 0.8354 1.1327 0.9105 0.9739 0.9606 0.9203 0.9492 1.1071
1.2527 1.0931 1.0780 1.0584 1.0104 0.9380 0.9781 0.9013 0.8951 1.0322 0.9770 0.9044 0.9648 1.0600 1.0000 1.0294
1.1810 1.2299 0.9882 1.0963 1.0602 1.0870 1.0850 1.0407 1.1213 0.9126 0.9325 0.8936 0.8541 0.7582 0.8313 0.9198
0.7221 0.7619 0.9521 0.8094 0.8792 0.9596 0.8675 1.0849 1.0629 0.9606 1.1070 1.0505 1.2121 0.8371 1.2528 1.0772
0.9912 0.8996 0.8567 1.0574 0.9894 1.0194 0.9672 0.9387 0.8973 0.9877 0.9203 0.9986 1.1145 1.0630 1.1529 1.3055
0.6337 0.7748 0.8713 0.8493 0.9095 0.9873 0.9682 1.1197 1.0548 0.9877 0.9564 1.0017 1.0848 1.1401 0.9909 1.0996
1.2308 1.0610 1.1275 1.1669 1.0676 1.0806 1.1175 1.0016 1.0295 0.9014 0.8751 0.9082 0.8856 0.8602 0.9036 0.7776
0.9938 1.0085 0.9993 1.0863 0.9937 0.8649 0.8279 1.1979 0.8833 0.9935 1.1150 0.8784 0.9660 1.1220 1.0137 1.2637
1.0309 0.9618 0.9851 0.8029 0.9197 0.9433 0.9089 1.0658 0.9986 0.9906 1.0256 0.9791 1.0794 0.9949 1.1384 1.1175
1.3985 1.1812 1.0093 0.9903 1.1146 1.0920 1.0622 1.0607 0.9735 0.7679 0.9227 0.9393 0.8942 0.6922 0.6736 0.7454
0.9170 0.9406 1.0741 0.9006 0.9125 1.0266 1.0006 0.9943 1.0000 0.9259 1.0090 0.9346 1.0000 1.0798 1.1447 1.3285
1.0160 0.9278 1.0136 1.0000 0.9464 0.9812 1.0666 0.9098 1.0011 1.0788 1.0693 1.0102 1.0193 0.9858 1.0938 1.2422
1.2801 1.2703 0.8979 1.2233 0.9477 1.0025 1.1470 0.9543 0.8781 1.0000 1.0000 0.9709 1.0000 0.9064 0.9643 1.0071
1.3930 1.0364 1.3595 1.0107 0.8807 1.1351 1.0315 1.0036 1.1065 0.9409 0.9108 0.9394 0.8607 0.8322 0.8733 1.0343
1.0913 1.0486 1.1418 1.1886 0.9835 1.0519 0.9373 0.9915 1.0302 1.1348 0.9461 0.8399 0.8211 0.7536 0.5541 0.5258
1.3942 1.0391 1.0000 0.9710 1.1220 1.1061 0.9413 0.9807 0.9896 0.8196 0.9439 1.1097 0.9296 1.0922 1.0110 0.9485
0.5420 0.6551 0.9716 0.9427 0.9207 1.0044 1.0257 1.0308 0.9809 0.9988 0.9914 1.1192 1.1027 0.9278 0.9796 1.3108
1.1066 0.8838 0.9209 0.8435 0.8907 0.9273 0.9637 0.9993 1.0000 1.1915 0.9802 0.9486 1.0937 1.1895 1.1029 1.0175
0.9913 0.9391 0.7935 0.9513 0.8495 0.9738 0.8904 0.9062 1.1620 0.9881 1.0924 1.0943 1.0528 1.0542 0.5458 1.1788
1.5055 1.2490 1.1468 1.1814 1.1478 1.1091 1.1596 1.0004 0.9909 0.8129 0.9872 0.8426 0.8992 0.8151 0.7230 0.8341
