1.3353 1.1835 1.0321 1.0785 0.9917 0.9374 1.0807 0.8920 1.1131 1.1365 0.8609 0.8579 0.9480 0.8320 0.8056 0.9264
1.0000 1.0653 1.3039 1.2664 1.1440 1.0098 1.1037 0.9739 0.8899 0.9116 0.8791 0.8605 0.8610 0.9107 0.8309 1.0000
1.0231 0.9128 0.9062 1.1701 0.8423 0.9530 1.0000 0.9612 0.9900 1.0276 0.9569 0.9548 1.0574 1.1630 1.0695 1.2780
1.3270 1.1926 1.1655 1.1498 1.0165 1.0585 1.1022 0.8859 0.9581 0.8764 0.8936 0.9510 0.8154 0.9296 0.8051 0.9808
1.2868 0.9721 0.8954 1.0305 0.9394 0.9863 0.9749 0.8800 0.9632 1.0638 0.9574 1.1029 0.8974 1.1309 1.0503 1.3365
1.2057 1.0963 1.0063 1.1158 0.9655 1.0574 1.0720 0.9508 0.9253 1.0031 0.9857 0.8753 0.8805 0.8523 1.0252 0.9787
1.2089 1.1273 1.0350 0.9982 0.9684 0.9461 1.0179 0.9741 0.8796 1.0456 0.9508 0.8416 0.9668 1.0877 1.0000 1.0365
1.3775 1.2506 1.1639 1.1010 1.1018 1.1131 1.0491 0.9997 1.0680 0.8832 0.8923 0.8112 0.8084 0.7997 0.7532 0.8241
0.6636 0.7079 0.8839 0.7416 0.9387 0.9572 0.8405 1.0336 1.0540 0.9314 1.0670 0.9856 1.2131 1.0136 1.2080 1.2381
1.1413 1.0047 0.9707 1.0876 0.9833 0.9682 0.9507 1.1527 0.8583 0.8831 0.9383 0.8937 1.0256 0.9942 1.0941 1.0794
0.6708 0.7306 0.8897 0.8052 0.9530 0.9575 0.8900 1.0610 0.9984 0.9331 1.0533 0.9126 1.2577 1.0996 0.9733 1.3227
1.2810 1.1438 1.1829 1.1934 1.0707 1.0967 1.1267 0.9803 0.9911 0.8701 0.8448 0.8856 0.8465 0.8022 0.8595 0.8222
1.0074 0.8406 0.8147 0.9132 0.8639 0.9073 0.8069 1.0078 0.9523 1.1053 1.1827 0.9987 1.0946 1.1952 1.1629 1.5869
1.2257 1.0998 1.1187 1.0397 0.8454 1.0007 1.0248 1.0387 0.9470 0.8704 0.9344 0.8661 0.9610 0.8817 0.9978 1.0915
1.2065 1.1738 0.9506 0.9289 1.0494 1.0514 0.9752 1.0454 0.9921 0.9136 0.9490 0.9692 0.9583 0.7963 0.8003 0.9473
1.0330 0.9530 1.0310 0.9130 0.9874 1.0468 0.9689 0.9801 1.0000 0.9036 0.9367 1.1042 1.0000 1.0096 1.0181 1.1573
0.9370 0.9245 0.9014 1.0000 0.9605 0.9210 1.0357 1.0943 1.0021 1.0166 1.0545 1.0114 1.0510 1.0884 1.2701 1.2828
1.4500 1.3467 1.0354 1.2581 0.9726 0.9833 1.1140 0.9714 0.8902 1.0000 1.0000 0.9125 1.0000 0.8548 0.9230 0.9158
1.4857 1.0097 1.2156 0.9133 0.8056 1.1082 0.9974 0.9774 1.0686 1.0316 0.9049 1.0150 0.8855 0.8848 0.9939 1.1548
1.1854 1.1503 1.1392 1.1894 0.9904 1.0453 0.9597 0.9235 0.9976 1.0185 0.8969 0.7927 0.8036 0.7650 0.5254 0.5266
1.2422 0.9360 1.0000 0.9356 1.1191 1.0388 0.9488 1.0073 0.9847 1.0414 0.9285 1.0727 0.8994 1.0554 1.0007 1.0662
0.7104 0.7314 0.9782 0.9996 1.0755 1.0147 0.9848 0.9401 0.9302 1.0744 0.9638 0.9842 1.0439 0.9961 1.0249 1.2334
1.0268 0.8543 0.8951 0.9430 0.8345 0.9158 0.8765 0.9169 1.0000 1.1313 0.9290 0.9623 1.1543 1.2642 1.3084 1.6730
1.0264 1.0777 0.9075 1.0543 0.8951 0.9749 0.9450 0.9915 1.1152 0.9026 1.0011 1.0301 0.9321 1.0371 0.5458 1.0850
1.1837 1.0212 0.9221 0.9680 0.9824 1.0038 1.0713 1.0157 1.0027 0.8955 1.0298 0.9694 1.0606 0.9437 1.0030 1.0950
