0.7355 0.7890 0.8584 0.8887 1.0358 1.0771 1.0626 1.1741 1.1912 1.1643 1.0435 1.0102 1.0338 1.0073 0.8627 0.8587
0.8507 0.8370 0.9459 1.0301 1.0945 1.2193 1.2056 0.9859 1.0609 0.9828 1.1160 1.0001 0.9236 0.8474 0.9667 0.7442
0.6629 0.7022 0.9124 0.9090 0.9636 1.0778 1.1548 1.0805 1.0969 1.2365 1.0109 0.9670 0.9025 0.9179 0.8645 0.7208
0.6832 0.7500 0.8647 0.9566 0.9731 1.0870 1.1245 1.0485 0.9961 1.1650 1.1319 0.9658 1.0225 0.8790 0.9072 0.7443
0.7060 0.7946 0.8139 0.8812 1.0000 1.0278 1.0923 1.0773 1.1611 1.2191 1.0789 1.0290 0.9686 1.0267 0.9185 0.8183
0.8388 0.8476 0.8763 0.9505 1.1269 1.0910 1.1538 1.1414 1.1629 1.1169 1.0706 1.0209 0.9496 0.9474 0.8516 0.8415
0.7692 0.7996 0.8630 0.9471 1.0222 1.0574 1.1675 1.1637 1.0996 1.0859 1.1071 1.0661 0.9735 0.9115 0.8220 0.9118
0.8748 0.8036 0.8546 0.9523 1.0000 1.1201 1.2309 1.1106 1.0604 1.0734 1.1552 1.1052 1.0054 0.9105 0.8254 0.8998
0.8313 0.8654 0.8541 0.8842 1.0131 1.0266 1.1340 1.0367 1.0875 1.1433 1.0590 1.1058 0.9709 1.0251 0.8759 0.8297
0.6890 0.7517 0.8530 0.9717 0.9933 1.0422 1.0792 1.1157 1.0125 1.0310 1.1703 0.9938 0.9129 0.9795 0.9435 0.9451
0.7344 0.6561 0.7579 0.7987 0.9585 1.0346 1.1176 1.0438 1.0440 1.0615 1.0304 0.9711 1.0060 0.9779 0.8606 0.9440
0.7442 0.8321 0.9159 0.9811 1.1446 1.1070 1.1101 0.9105 1.0623 1.2107 1.1030 0.9610 0.9269 1.0000 1.0000 0.6847
0.9461 0.8840 0.9001 1.0223 1.1136 1.1192 1.1862 1.0515 1.1282 1.0499 1.0601 1.0124 0.9818 0.8463 0.8253 0.9220
0.9113 0.9067 0.9607 1.0087 1.0062 1.1022 1.1358 1.1425 1.1204 1.0559 1.1685 0.9576 0.9207 1.0000 0.8137 0.7868
0.7121 0.7497 0.8591 0.8985 1.0072 1.1638 1.0724 1.0700 1.0628 1.0658 1.1502 1.1381 0.9784 0.8494 0.8660 0.7723
0.6956 0.8076 0.9196 0.9882 0.9942 1.0478 1.1047 1.0542 1.0870 1.0266 1.0276 1.0695 0.9827 0.9660 0.8986 0.8364
0.8615 0.8106 0.8819 0.9103 1.0530 1.1622 1.0097 1.1767 1.1525 1.1683 1.0650 1.0312 1.0682 0.9197 0.8674 0.8545
0.7145 0.7605 0.7907 0.8045 1.0083 1.0206 1.1116 1.0117 1.0141 1.1014 1.0662 1.0491 0.9975 1.0278 0.8601 0.8827
0.7240 1.0000 0.9028 0.9226 0.9847 1.1555 1.1359 1.0982 1.0827 1.1525 1.0711 0.9185 0.9574 0.9151 0.8422 0.8579
0.8548 0.8402 0.9426 0.8775 1.0226 1.1554 1.0065 1.0800 1.0765 1.1757 1.0723 1.1112 1.0000 0.9866 0.9232 0.8878
0.8694 0.8821 0.8812 0.9765 0.9874 1.1228 1.0809 1.0623 1.0320 1.0198 1.0801 1.1338 0.9917 0.9801 0.9726 0.8672
0.6314 0.7626 0.8980 0.9580 1.0000 1.0793 1.0694 1.0772 1.0662 1.1023 1.0250 1.0221 0.9738 0.9092 1.0000 0.8113
0.8876 0.8113 0.9247 0.9301 1.0757 1.1714 1.1941 0.9839 1.1043 1.1649 1.1594 1.0138 1.0159 0.9199 0.8469 0.8014
0.7491 0.7902 0.8766 0.9334 1.2172 1.0000 1.0839 1.1943 1.1064 1.0807 1.2437 0.9602 0.9321 0.9352 0.9480 0.9341
0.8727 0.9160 0.8977 0.9569 1.0759 1.1041 1.1441 1.1789 1.1696 1.1700 1.0997 1.0017 0.9637 0.9067 0.7904 0.7713
