0.7466 0.7989 0.8582 0.8662 1.0057 1.0825 1.0381 1.1806 1.1701 1.1708 1.0475 1.0297 1.0428 1.0320 0.8598 0.8442
0.8403 0.8474 0.9359 1.0274 1.0879 1.2128 1.2064 1.0060 1.0581 0.9806 1.1145 1.0003 0.9244 0.8619 0.9566 0.7443
0.6602 0.6899 0.8997 0.9040 0.9520 1.0703 1.1471 1.0845 1.0944 1.2318 1.0219 0.9986 0.8991 0.9098 0.8707 0.6919
0.6675 0.7463 0.8558 0.9705 0.9784 1.0849 1.1189 1.0419 1.0026 1.1690 1.1471 0.9559 1.0218 0.8705 0.8931 0.7322
0.7211 0.7966 0.8173 0.8874 1.0000 1.0144 1.0858 1.0588 1.1432 1.2601 1.0804 1.0421 0.9859 1.0112 0.9051 0.7388
0.8321 0.8506 0.8773 0.9647 1.1206 1.0750 1.1720 1.1544 1.1840 1.1323 1.0694 1.0170 0.9468 0.9203 0.8486 0.8367
0.7693 0.7958 0.8568 0.9304 1.0129 1.0616 1.1820 1.1868 1.1141 1.1140 1.1098 1.0580 0.9553 0.9160 0.8108 0.9003
0.8668 0.8115 0.8663 0.9491 1.0000 1.1249 1.2157 1.1541 1.0613 1.0584 1.1628 1.1065 1.0103 0.9134 0.8264 0.8900
0.8107 0.8601 0.8495 0.8861 1.0103 1.0196 1.1291 1.0542 1.0861 1.1263 1.0695 1.1228 0.9669 1.0176 0.8858 0.8138
0.6771 0.7380 0.8489 0.9612 0.9958 1.0195 1.0481 1.0935 1.0220 1.0919 1.1976 1.0005 0.9232 0.9827 0.9644 0.9581
0.7382 0.6543 0.7475 0.7862 0.9422 1.0311 1.1354 1.0501 1.0603 1.0642 1.0318 0.9663 0.9958 0.9733 0.8425 0.9838
0.7488 0.8109 0.9217 0.9734 1.1537 1.1156 1.1289 0.8901 1.0706 1.2045 1.0821 0.9609 0.9256 1.0000 1.0000 0.6780
0.9455 0.8746 0.9290 1.0164 1.1345 1.1435 1.1755 1.0458 1.1416 1.0447 1.0659 1.0450 0.9614 0.8332 0.8142 0.9025
0.9011 0.8868 0.9678 1.0000 1.0003 1.1071 1.1646 1.1473 1.1153 1.0768 1.1777 0.9252 0.9359 1.0000 0.8121 0.7685
0.7014 0.7672 0.8891 0.9290 1.0259 1.1535 1.0508 1.0522 1.0456 1.0566 1.1680 1.1500 1.0136 0.8690 0.8555 0.7636
0.6847 0.8142 0.9345 0.9935 0.9900 1.0702 1.0895 1.0585 1.0907 1.0282 1.0286 1.0479 0.9850 0.9596 0.8877 0.8293
0.8524 0.8158 0.8753 0.9115 1.0425 1.1746 1.0111 1.1760 1.1331 1.1954 1.0766 1.0252 1.0677 0.9236 0.8598 0.8616
0.7353 0.7625 0.8105 0.8214 1.0036 1.0032 1.1144 1.0196 1.0186 1.0988 1.0840 1.0258 1.0228 1.0249 0.8480 0.8571
0.7149 1.0000 0.8825 0.9237 0.9988 1.1497 1.1370 1.1005 1.0890 1.1570 1.0863 0.9128 0.9604 0.8977 0.8443 0.8655
0.8441 0.8143 0.9247 0.8737 1.0328 1.1181 1.0167 1.1249 1.0804 1.2020 1.0640 1.1164 1.0000 0.9817 0.9093 0.8933
0.8553 0.8570 0.8861 0.9973 0.9565 1.1168 1.0913 1.0469 1.0587 1.0254 1.0682 1.1211 1.0105 0.9900 0.9721 0.8718
0.6171 0.7619 0.8857 0.9749 1.0000 1.0689 1.0619 1.0890 1.0611 1.1016 1.0469 1.0373 0.9911 0.9040 1.0000 0.7866
0.8571 0.7968 0.9342 0.9336 1.0858 1.1715 1.1839 0.9913 1.1021 1.1511 1.1616 1.0124 1.0291 0.9346 0.8462 0.8240
0.7642 0.8023 0.8749 0.9307 1.2054 1.0000 1.0905 1.2058 1.1121 1.0751 1.2303 0.9704 0.9508 0.9261 0.9452 0.9221
0.8641 0.9191 0.9010 0.9875 1.0775 1.1099 1.1418 1.1621 1.1666 1.1730 1.1171 0.9781 0.9508 0.9009 0.7790 0.7579
