1.2995 1.1574 1.0833 1.1258 1.0335 0.9806 1.0897 0.9066 1.1251 1.1534 0.8566 0.8269 0.9367 0.7910 0.7846 0.8496
1.0000 1.0688 1.1853 1.2868 1.1346 0.9951 1.0543 0.9789 0.8828 0.9664 0.9086 0.8946 0.9021 0.9266 0.8315 1.0000
1.1633 1.0156 0.9850 1.3835 0.8989 1.0056 1.0000 0.9249 0.9722 1.0762 0.9862 0.9397 1.0144 0.9880 1.0138 1.0364
1.2478 1.1432 1.0902 1.1505 1.0297 1.0617 1.1184 0.9280 0.9936 0.9269 0.9249 0.9490 0.8576 0.8957 0.8297 0.9424
1.3924 1.0498 0.9658 1.0559 0.9596 0.9592 0.9731 0.9306 0.8725 0.9389 0.9586 1.1013 0.8836 1.0901 1.0902 1.3051
1.0988 1.0808 0.9515 1.0453 0.9500 1.0597 1.0712 0.9863 0.8603 1.1072 0.9141 0.9450 0.9348 0.9258 1.0051 1.0487
1.2809 1.1044 1.0882 1.0387 0.9803 0.9229 0.9711 0.9387 0.8826 1.0365 0.9720 0.8385 0.9932 1.0309 1.0000 1.0564
1.2398 1.2389 1.0304 1.0779 1.1108 1.1132 1.0856 1.0077 1.1059 0.9155 0.9126 0.8421 0.8399 0.7816 0.8045 0.8757
0.6867 0.7257 0.9412 0.7936 0.9132 0.9473 0.8400 1.0706 1.0636 0.9480 1.0758 0.9986 1.2174 0.9287 1.2699 1.1108
1.0487 0.9461 0.8942 1.0854 1.0115 0.9900 0.9847 1.0627 0.9011 0.9418 0.9155 0.9397 1.0378 1.0025 1.1215 1.2042
0.6452 0.7564 0.8604 0.8392 0.9174 0.9749 0.9320 1.0875 1.0290 0.9735 1.0157 0.9440 1.1835 1.1161 0.9961 1.1630
1.2543 1.1051 1.1389 1.1597 1.0483 1.1100 1.1058 0.9858 1.0026 0.9033 0.8340 0.8787 0.8716 0.8333 0.9396 0.8196
0.9887 0.9512 0.9254 1.0152 0.9543 0.8790 0.7903 1.1183 0.9395 0.9864 1.1039 0.9131 1.0589 1.1605 1.0928 1.4023
1.1005 1.0053 1.0641 0.8345 0.8654 0.9658 0.9527 1.0565 0.9852 0.9498 1.0070 0.9425 1.0252 0.9601 1.0985 1.1176
1.2925 1.1585 0.9987 1.0151 1.0636 1.0747 1.0318 1.0826 0.9943 0.8327 0.9566 0.9306 0.9098 0.7475 0.7124 0.7949
0.9593 0.9410 1.0267 0.8953 0.9530 1.0335 0.9896 1.0084 1.0000 0.9374 0.9839 0.9795 1.0000 1.0547 1.0932 1.2689
0.9912 0.9490 0.9684 1.0000 0.9837 0.9789 1.0223 0.9664 1.0020 1.0391 1.0538 0.9943 1.0248 1.0118 1.1654 1.2978
1.3995 1.3521 0.9896 1.2606 0.9579 0.9758 1.1448 0.9209 0.8974 1.0000 1.0000 0.9540 1.0000 0.8490 0.9358 0.9483
1.4220 1.0391 1.2492 0.9941 0.8331 1.1352 1.0130 1.0090 1.0980 0.9981 0.8897 0.9886 0.8831 0.8591 0.9100 1.0883
1.1111 1.0712 1.1893 1.2006 0.9737 1.0577 0.9441 0.9789 0.9964 1.1074 0.9374 0.8170 0.8008 0.7463 0.5245 0.5252
1.3608 0.9784 1.0000 0.9795 1.1437 1.1024 0.9677 1.0263 0.9956 0.9169 0.9345 1.1029 0.9131 1.0421 0.9614 0.9435
0.5697 0.7197 0.9986 1.0006 0.9895 1.0066 1.0262 0.9893 0.9530 1.0512 0.9788 1.0533 1.0636 0.9415 0.9649 1.2524
1.0684 0.8728 0.9438 0.9063 0.8789 0.9286 0.8837 0.9628 1.0000 1.1512 0.9373 0.9468 1.0892 1.2668 1.2382 1.2692
0.9870 0.9912 0.8296 0.9986 0.8654 1.0016 0.9211 0.9302 1.1346 0.9396 1.0656 1.0978 1.0085 1.0451 0.5458 1.1162
1.3870 1.2133 1.0775 1.1433 1.1106 1.0484 1.1352 1.0015 1.0091 0.8529 0.9914 0.8895 0.9709 0.8323 0.8125 0.8794
