1.3471 1.1785 1.0631 1.1212 1.0142 0.9515 1.0737 0.8996 1.1059 1.1251 0.8607 0.8328 0.9354 0.8084 0.8009 0.8884
1.0000 1.0812 1.2964 1.2654 1.1440 1.0170 1.0747 0.9660 0.8744 0.9349 0.8844 0.8801 0.8760 0.9016 0.8223 1.0000
1.0520 0.9139 0.9094 1.1699 0.8620 0.9623 1.0000 0.9564 0.9893 1.0281 0.9455 0.9484 1.0444 1.1269 1.0836 1.2221
1.2808 1.1884 1.1521 1.1376 1.0140 1.0490 1.0975 0.9026 0.9796 0.8960 0.8993 0.9565 0.8370 0.9178 0.8199 0.9685
1.2871 0.9809 0.9078 1.0014 0.9389 0.9871 0.9840 0.9099 0.9635 1.0182 0.9702 1.1140 0.8985 1.0904 1.0713 1.3189
1.1644 1.0979 0.9919 1.1006 0.9759 1.0806 1.0630 0.9731 0.9149 1.0362 0.9629 0.8902 0.8914 0.8643 1.0169 0.9786
1.1733 1.1114 1.0528 0.9966 0.9560 0.9376 1.0279 0.9844 0.8751 1.0561 0.9725 0.8054 0.9572 1.0739 1.0000 1.0256
1.3631 1.2276 1.1474 1.0921 1.0904 1.0979 1.0674 1.0104 1.0995 0.8807 0.9032 0.8236 0.7965 0.8032 0.7702 0.8333
0.6577 0.7130 0.8888 0.7547 0.9431 0.9668 0.8289 1.0418 1.0518 0.9104 1.0639 0.9903 1.2078 1.0009 1.2556 1.2162
1.1369 0.9728 0.9414 1.0856 0.9973 0.9560 0.9603 1.1310 0.8739 0.9032 0.9399 0.9009 1.0323 1.0036 1.1061 1.1042
0.6727 0.7071 0.8789 0.8080 0.9627 0.9940 0.9236 1.0370 0.9808 0.9916 1.0638 0.9283 1.2202 1.1014 0.9564 1.2177
1.2589 1.1650 1.1471 1.2070 1.0780 1.0986 1.1344 0.9589 1.0067 0.8804 0.8395 0.8789 0.8566 0.8221 0.8622 0.8081
1.0181 0.8738 0.8360 0.9447 0.8881 0.9219 0.8033 0.9939 0.9373 1.0277 1.1544 1.0111 1.1201 1.1930 1.1578 1.5335
1.1644 1.0704 1.0585 0.9615 0.8675 0.9910 0.9971 1.0316 0.9641 0.9234 0.9520 0.9044 0.9908 0.9065 1.0698 1.1178
1.2198 1.1460 0.9474 0.9207 1.0486 1.0542 1.0062 1.0701 1.0048 0.9089 0.9754 0.9565 0.9573 0.7724 0.7646 0.8979
1.0246 0.9513 1.0577 0.9230 0.9980 1.0432 0.9672 0.9939 1.0000 0.9132 0.9563 1.0400 1.0000 1.0165 1.0177 1.1772
0.9445 0.9411 0.9219 1.0000 0.9556 0.9109 1.0244 1.0569 0.9838 1.0222 1.0573 1.0114 1.0521 1.1119 1.2972 1.2952
1.4765 1.3574 1.0395 1.2513 0.9606 0.9879 1.1219 0.9632 0.9084 1.0000 1.0000 0.9078 1.0000 0.8476 0.9179 0.9180
1.4804 1.0325 1.2033 0.9117 0.7955 1.1353 1.0059 0.9912 1.0813 1.0326 0.9176 1.0025 0.8946 0.8687 0.9568 1.1314
1.1906 1.1294 1.1797 1.1877 0.9936 1.0277 0.9325 0.9284 0.9868 1.0390 0.9149 0.8114 0.8172 0.7570 0.5346 0.5129
1.2705 0.9446 1.0000 0.9447 1.1384 1.0853 0.9221 1.0101 0.9783 1.0189 0.9442 1.0533 0.8764 1.0631 0.9966 1.0485
0.6249 0.7209 1.0077 0.9925 1.0946 1.0251 0.9989 0.9444 0.9277 1.0730 0.9706 0.9791 1.0195 0.9882 0.9800 1.2402
1.0423 0.8531 0.9076 0.9578 0.8556 0.9280 0.8766 0.9256 1.0000 1.1032 0.9391 0.9129 1.1387 1.2971 1.2931 1.5587
1.0251 1.0662 0.8637 1.0354 0.8789 0.9840 0.9406 0.9779 1.1341 0.9127 1.0194 1.0404 0.9536 1.0307 0.5458 1.0904
1.2881 1.1252 0.9768 1.0311 1.0076 1.0252 1.0693 0.9859 1.0252 0.8762 1.0167 0.9307 1.0312 0.9261 0.9319 1.0063
