0.7181 0.7693 0.8592 0.8894 1.0327 1.0795 1.0551 1.1704 1.1657 1.1727 1.0261 1.0229 1.0515 1.0094 0.8609 0.8660
0.8311 0.8548 0.9433 1.0450 1.0744 1.2388 1.2258 0.9817 1.0326 0.9605 1.1153 0.9953 0.9273 0.8632 0.9783 0.7709
0.6413 0.7046 0.8971 0.9202 0.9566 1.0813 1.1650 1.0744 1.0795 1.2448 1.0236 0.9535 0.9025 0.9050 0.8720 0.7136
0.6489 0.7339 0.8431 0.9623 0.9728 1.0680 1.1153 1.0517 1.0190 1.1635 1.1297 0.9708 1.0217 0.8776 0.9198 0.7632
0.6932 0.7694 0.8006 0.9069 1.0000 1.0028 1.0686 1.0423 1.1600 1.2282 1.0484 1.0335 0.9771 1.0383 0.9388 0.8486
0.8235 0.8349 0.8572 0.9567 1.1523 1.0770 1.1766 1.1174 1.1854 1.1155 1.0675 1.0056 0.9763 0.9362 0.8666 0.8498
0.7602 0.8144 0.8578 0.9333 1.0408 1.0380 1.1745 1.1735 1.1127 1.0843 1.0928 1.0214 0.9805 0.9225 0.8172 0.9339
0.8776 0.7970 0.8465 0.9233 1.0000 1.1140 1.2178 1.1301 1.0943 1.0881 1.1594 1.0785 1.0186 0.9313 0.8359 0.8943
0.8150 0.8745 0.8550 0.8615 1.0178 1.0210 1.1300 1.0487 1.1032 1.1250 1.0530 1.0979 0.9702 1.0166 0.8909 0.8452
0.6908 0.7364 0.8676 0.9674 0.9710 1.0239 1.0690 1.1233 1.0135 1.0842 1.1978 0.9772 0.9275 0.9965 0.9683 0.9682
0.7124 0.6557 0.7345 0.8018 0.9609 1.0517 1.1250 1.0599 1.0335 1.0774 1.0340 0.9561 1.0043 0.9743 0.8459 0.9615
0.7288 0.8172 0.9147 0.9724 1.1432 1.1457 1.1217 0.9092 1.0428 1.2132 1.0848 0.9530 0.9576 1.0000 1.0000 0.7005
0.9347 0.8889 0.9109 1.0151 1.1284 1.1229 1.1866 1.0312 1.1261 1.0592 1.0747 1.0023 0.9882 0.8296 0.8316 0.9476
0.8962 0.8863 0.9580 1.0023 0.9919 1.0990 1.1602 1.1515 1.1105 1.0591 1.1685 0.9370 0.9504 1.0000 0.8165 0.7968
0.7019 0.7277 0.8422 0.9121 0.9947 1.1444 1.0655 1.0641 1.0760 1.0789 1.1108 1.1158 1.0096 0.8779 0.8720 0.8340
0.6724 0.7987 0.9110 0.9713 0.9898 1.0302 1.1052 1.0558 1.0851 1.0104 1.0134 1.0501 0.9889 0.9841 0.9304 0.8659
0.8527 0.7927 0.8715 0.9043 1.0539 1.1688 1.0025 1.1807 1.1455 1.1808 1.0479 1.0317 1.0984 0.9244 0.8749 0.8772
0.6970 0.7507 0.7810 0.8128 1.0045 0.9975 1.1215 1.0086 1.0184 1.1137 1.0695 1.0420 1.0049 1.0040 0.8678 0.8695
0.6880 1.0000 0.8806 0.9076 0.9722 1.1316 1.1445 1.0837 1.0912 1.1724 1.0909 0.9347 0.9732 0.8839 0.8656 0.8674
0.8267 0.8227 0.9046 0.8545 1.0288 1.1374 1.0124 1.0727 1.0817 1.1838 1.0594 1.1097 1.0000 1.0014 0.9756 0.9389
0.8342 0.8846 0.8997 0.9836 0.9545 1.1160 1.0824 1.0580 1.0433 0.9895 1.0676 1.1082 1.0133 0.9646 0.9909 0.9269
0.6372 0.7675 0.8898 0.9625 1.0000 1.0623 1.0667 1.0766 1.0512 1.1051 1.0340 1.0479 0.9751 0.9045 1.0000 0.8175
0.8705 0.7953 0.9353 0.9386 1.0664 1.1609 1.1991 0.9811 1.0776 1.1352 1.1550 1.0201 1.0331 0.9469 0.8963 0.8088
0.7373 0.7908 0.8527 0.9409 1.2194 1.0000 1.0929 1.1823 1.1079 1.0831 1.2356 0.9560 0.9478 0.9453 0.9602 0.9543
0.8285 0.9139 0.8787 0.9724 1.0957 1.1105 1.1813 1.1642 1.1939 1.1894 1.0978 0.9531 0.9528 0.9117 0.7845 0.7594
