1.3976 1.2152 1.0488 1.0899 0.9749 0.9333 1.0677 0.8907 1.0997 1.1123 0.8255 0.8283 0.9294 0.8479 0.7936 0.9370
1.0000 1.1092 1.3843 1.2878 1.1327 1.0252 1.1041 0.9638 0.8775 0.9063 0.8555 0.8302 0.8436 0.8872 0.8208 1.0000
1.0135 0.9146 0.8177 1.1745 0.8186 0.9387 1.0000 0.9480 0.9868 1.0510 0.9504 0.9633 1.0607 1.2101 1.0956 1.2861
1.3646 1.2190 1.1914 1.1441 1.0828 1.0557 1.0874 0.9125 0.9453 0.8629 0.8623 0.9376 0.8181 0.9342 0.7948 1.0145
1.2221 0.9673 0.8961 1.0220 0.9498 1.0199 1.0068 0.8994 1.0395 1.1155 0.9390 1.0746 0.8769 1.0597 1.0256 1.2653
1.2581 1.0874 1.0288 1.1513 0.9872 1.0682 1.0537 0.9669 0.9448 0.9896 1.0080 0.8424 0.8614 0.8214 0.9898 0.9184
1.1941 1.1060 1.0403 0.9944 0.9480 0.9520 1.0265 0.9776 0.8848 1.0465 0.9579 0.8281 0.9672 1.0716 1.0000 1.0738
1.3629 1.2191 1.1744 1.1148 1.1422 1.1260 1.0762 1.0158 1.0681 0.9029 0.8824 0.8171 0.7903 0.7834 0.7450 0.7906
0.6473 0.6904 0.8936 0.7313 0.9211 0.9367 0.8144 1.0139 0.9973 0.8805 1.0270 0.9471 1.1807 1.0114 1.1828 1.2860
1.1912 1.0388 1.0170 1.0860 0.9957 0.9581 0.9386 1.2113 0.8661 0.8536 0.9425 0.8804 1.0040 0.9924 1.0816 1.0306
0.7198 0.7472 0.9004 0.8063 0.9753 0.9660 0.9046 1.0181 0.9838 0.9589 1.1129 0.9103 1.2654 1.0970 0.9595 1.3543
1.2994 1.1613 1.1914 1.2332 1.1018 1.1215 1.1353 0.9717 1.0010 0.8709 0.8232 0.8716 0.8512 0.7961 0.8180 0.7826
0.9919 0.8133 0.7959 0.8940 0.8513 0.9283 0.8504 1.0796 0.9559 1.1297 1.2112 0.9851 1.1061 1.2095 1.1779 1.4925
1.2657 1.0950 1.1576 1.0715 0.8593 1.0236 1.0472 1.0277 0.9407 0.8563 0.9213 0.8584 0.9738 0.8516 0.9958 1.0553
1.1281 1.1528 0.9237 0.9057 1.0361 1.0488 0.9830 1.0541 1.0085 0.9650 0.9587 0.9950 0.9864 0.8171 0.7748 1.0014
1.0657 0.9096 1.1277 0.9205 1.0471 1.0473 0.9761 0.9849 1.0000 0.8933 0.9212 1.1021 1.0000 0.9710 0.9674 1.1018
0.9338 0.9230 0.9258 1.0000 1.0199 0.9365 1.0434 1.1447 1.0003 0.9902 1.0193 0.9710 1.0340 1.0505 1.2430 1.2492
1.5351 1.4142 1.0975 1.2982 0.9838 1.0071 1.1230 0.9779 0.9089 1.0000 1.0000 0.8799 1.0000 0.8330 0.9019 0.8961
1.5426 1.0180 1.1972 0.9161 0.8055 1.1057 1.0005 0.9858 1.0875 1.0468 0.9026 1.0106 0.8950 0.8738 0.9927 1.1749
1.1623 1.1253 1.1562 1.2102 0.9822 1.0532 0.9514 0.9065 0.9895 1.0287 0.9132 0.8101 0.8488 0.7969 0.5345 0.5454
1.3077 1.0240 1.0000 0.9606 1.2031 1.1517 0.9331 1.0260 0.9779 1.0613 0.8875 1.0018 0.8780 1.0320 0.9548 1.0909
0.7647 0.7683 1.0033 1.0239 1.1215 1.0249 0.9954 0.9802 0.9429 1.0839 0.9781 0.9702 0.9853 0.9575 0.9459 1.1538
1.0442 0.8804 0.9855 1.0073 0.8721 0.9312 0.8726 0.9164 1.0000 1.1300 0.9231 0.9572 1.1697 1.3328 1.3721 1.7735
1.0487 1.1236 0.9101 1.0583 0.9066 1.0029 0.9679 1.0322 1.1150 0.8955 0.9707 1.0202 0.9118 1.0358 0.5458 1.0388
1.0344 0.8491 0.8647 0.8954 0.9209 0.9611 1.1079 1.0068 0.9624 0.8887 1.0051 1.0095 1.1378 0.9983 1.0939 1.2351
