0.7325 0.7844 0.8526 0.8836 1.0281 1.0852 1.0576 1.1836 1.1490 1.1866 1.0219 0.9986 1.0287 1.0191 0.8610 0.8709
0.8289 0.8416 0.9587 1.0420 1.0868 1.2312 1.2103 0.9674 1.0093 0.9612 1.1086 1.0003 0.9482 0.8572 0.9815 0.7648
0.6556 0.6961 0.9063 0.9094 0.9458 1.0835 1.1192 1.0768 1.0848 1.2462 0.9962 0.9790 0.9074 0.9131 0.9140 0.7262
0.6484 0.7335 0.8515 0.9562 0.9875 1.0732 1.1130 1.0452 0.9825 1.1570 1.1312 0.9702 1.0334 0.8941 0.9261 0.7625
0.7146 0.7506 0.7976 0.9004 1.0000 0.9987 1.0850 1.0637 1.1842 1.2437 1.0525 1.0385 0.9693 1.0469 0.9518 0.8581
0.8228 0.8450 0.8555 0.9396 1.1388 1.0790 1.1679 1.1051 1.1800 1.1271 1.0639 1.0204 0.9873 0.9370 0.8652 0.8658
0.7386 0.8114 0.8563 0.9226 1.0294 1.0318 1.1655 1.1424 1.1090 1.0707 1.0932 1.0501 0.9909 0.9277 0.8387 0.9602
0.8750 0.7983 0.8654 0.9414 1.0000 1.0830 1.1951 1.1062 1.0973 1.0709 1.1366 1.0972 1.0288 0.9266 0.8546 0.9172
0.8058 0.8734 0.8576 0.8554 1.0231 1.0122 1.1291 1.0430 1.1016 1.1226 1.0494 1.0929 0.9815 1.0322 0.9109 0.8336
0.6831 0.7598 0.8470 0.9549 0.9984 1.0036 1.0623 1.1077 0.9768 1.0397 1.1668 0.9730 0.9107 0.9738 1.0050 1.0197
0.7192 0.6572 0.7362 0.8037 0.9381 1.0357 1.1303 1.0197 1.0261 1.0766 1.0201 0.9663 1.0146 0.9892 0.8643 0.9623
0.7459 0.8420 0.9164 0.9845 1.1599 1.1284 1.1324 0.8775 1.0337 1.2369 1.0715 0.9755 0.9520 1.0000 1.0000 0.7153
0.9223 0.8816 0.8944 1.0066 1.1453 1.0856 1.1620 1.0183 1.1272 1.0525 1.0726 1.0348 1.0104 0.8513 0.8452 0.9595
0.8949 0.9008 0.9528 1.0021 0.9973 1.1047 1.1720 1.1287 1.0916 1.0597 1.1700 0.9347 0.9509 1.0000 0.8403 0.8076
0.6640 0.7311 0.8417 0.8987 0.9964 1.1604 1.0840 1.0503 1.0560 1.0835 1.0990 1.1222 0.9918 0.8748 0.9044 0.8330
0.6728 0.7901 0.9223 0.9864 0.9845 1.0375 1.0943 1.0358 1.0913 1.0139 1.0052 1.0624 1.0013 0.9780 0.9154 0.8696
0.8731 0.7641 0.8770 0.8834 1.0205 1.1526 0.9871 1.1899 1.1450 1.1872 1.0522 1.0321 1.1093 0.9362 0.8849 0.9018
0.6887 0.7654 0.7841 0.8122 1.0059 1.0051 1.1276 0.9937 0.9990 1.0993 1.0881 1.0631 1.0196 1.0331 0.8900 0.9092
0.6910 1.0000 0.8839 0.9157 0.9712 1.1300 1.1205 1.0515 1.0856 1.1556 1.0795 0.9124 1.0003 0.9086 0.8870 0.8964
0.8232 0.8091 0.9128 0.8456 1.0339 1.1449 1.0091 1.0650 1.0752 1.1851 1.0490 1.1225 1.0000 0.9739 0.9616 0.9297
0.8704 0.8798 0.8786 0.9481 0.9469 1.0898 1.0676 1.0574 1.0380 0.9698 1.0577 1.1181 1.0126 0.9889 1.0109 0.9600
0.6099 0.7703 0.9097 0.9675 1.0000 1.0587 1.0679 1.0689 1.0408 1.0911 1.0225 1.0662 0.9927 0.9100 1.0000 0.8115
0.8511 0.7899 0.9521 0.9484 1.0597 1.1621 1.1790 0.9537 1.0845 1.1351 1.1568 1.0202 1.0254 0.9286 0.8840 0.8283
0.7608 0.7864 0.8727 0.9469 1.2266 1.0000 1.0783 1.1862 1.1094 1.0680 1.2354 0.9434 0.9324 0.9296 0.9633 0.9605
0.8270 0.9197 0.8798 0.9461 1.0788 1.0942 1.1727 1.1945 1.1858 1.1708 1.1041 0.9875 0.9755 0.8987 0.7920 0.7688
