1.2782 1.1497 1.0906 1.1120 1.0204 0.9774 1.0673 0.8982 1.1284 1.1327 0.8858 0.8463 0.9738 0.7879 0.7944 0.8584
1.0000 1.0301 1.1162 1.2290 1.1288 0.9886 1.0486 1.0183 0.9025 0.9822 0.9420 0.8936 0.9115 0.9714 0.8347 1.0000
1.1386 1.0070 0.9566 1.3850 0.9346 1.0327 1.0000 0.9532 1.0067 1.0995 1.0020 0.9274 1.0006 0.9960 1.0093 1.0104
1.2138 1.0740 1.1284 1.1493 1.0198 1.0407 1.1062 0.9334 0.9869 0.9347 0.9304 0.9593 0.8765 0.9098 0.8361 0.9676
1.4734 1.1194 1.0089 1.0900 0.9595 0.9678 0.9500 0.9060 0.8125 0.9139 0.9479 1.0949 0.9011 1.0819 1.0977 1.3393
1.1044 1.0819 0.9558 1.0725 0.9409 1.0934 1.0777 0.9712 0.8627 1.0970 0.9016 0.9702 0.9081 0.9205 0.9669 1.0724
1.2377 1.1192 1.0830 1.0329 0.9761 0.9167 0.9961 0.9331 0.8997 1.0578 0.9736 0.8232 0.9696 1.0204 1.0000 1.0380
1.2126 1.2473 1.0116 1.0790 1.1087 1.1202 1.0605 1.0246 1.1181 0.9074 0.9310 0.8715 0.8408 0.7833 0.8028 0.8830
0.6892 0.7530 0.9434 0.7710 0.8997 0.9542 0.8482 1.0525 1.0670 0.9371 1.0832 1.0228 1.2397 0.9098 1.2537 1.1361
0.9822 0.9189 0.8620 1.0713 0.9911 0.9757 0.9683 1.0322 0.8738 0.9634 0.9515 0.9386 1.0988 1.0580 1.1454 1.2658
0.6369 0.7472 0.8693 0.8363 0.9312 0.9763 0.9458 1.0880 1.0353 0.9707 1.0340 0.9456 1.1651 1.1156 0.9859 1.1344
1.2521 1.0751 1.1290 1.1765 1.0491 1.1111 1.1565 0.9723 0.9942 0.8689 0.8601 0.8936 0.8895 0.8587 0.9247 0.8039
1.0018 0.9541 0.9257 1.0204 0.9976 0.8594 0.7889 1.1071 0.9558 0.9560 1.1290 0.9165 1.0309 1.1445 1.1011 1.4013
1.0516 1.0071 1.0472 0.8264 0.8628 0.9688 0.9403 1.0557 0.9778 0.9523 1.0152 0.9733 1.0601 0.9917 1.0980 1.1501
1.3235 1.1402 0.9941 0.9974 1.0754 1.0548 1.0530 1.0776 0.9788 0.8336 0.9778 0.9376 0.9155 0.7346 0.7141 0.7807
0.9604 0.9248 1.0387 0.9339 0.9442 1.0305 0.9833 0.9861 1.0000 0.9319 1.0078 0.9637 1.0000 1.0754 1.1162 1.2818
1.0017 0.9396 0.9658 1.0000 0.9634 0.9731 1.0341 0.9668 0.9989 1.0366 1.0450 1.0162 1.0502 1.0029 1.1935 1.3068
1.3715 1.3137 0.9831 1.2475 0.9300 0.9948 1.1446 0.9233 0.8804 1.0000 1.0000 0.9714 1.0000 0.8815 0.9649 0.9729
1.4181 1.0152 1.2841 0.9841 0.8359 1.1258 1.0244 1.0083 1.1023 0.9724 0.9029 0.9915 0.8812 0.8386 0.9171 1.0677
1.1516 1.1042 1.1207 1.1661 0.9804 1.0436 0.9407 0.9251 1.0222 1.0735 0.9546 0.8339 0.8089 0.7715 0.5432 0.5239
1.3539 0.9725 1.0000 0.9591 1.1452 1.0593 0.9619 1.0457 0.9752 0.9351 0.9266 1.1365 0.9260 1.0421 1.0031 0.9918
0.5544 0.6921 0.9557 0.9655 0.9888 1.0048 1.0158 0.9881 0.9744 1.0524 0.9945 1.0889 1.0857 0.9314 0.9579 1.2265
1.0718 0.8780 0.9222 0.9063 0.8659 0.9358 0.8957 0.9814 1.0000 1.1809 0.9340 0.9494 1.0908 1.2170 1.2016 1.2302
1.0306 0.9930 0.8312 0.9773 0.8581 1.0152 0.9022 0.9532 1.1599 0.9533 1.0398 1.0660 1.0209 1.0261 0.5458 1.1159
1.4275 1.1095 1.0448 1.1129 1.0433 1.0159 1.1006 0.9995 1.0035 0.8295 0.9941 0.8861 1.0103 0.8857 0.8682 0.9298
