0.8462 0.9294 0.9282 0.9398 1.0385 1.0984 1.0573 1.1768 1.0812 1.1641 0.9893 0.9625 1.0500 1.0590 0.8299 0.8435
0.9006 0.9359 1.0384 1.1085 1.1558 1.2630 1.2144 0.8626 0.9205 0.8689 1.0935 0.9635 0.9569 0.8308 1.0219 0.7886
0.6963 0.8100 0.9874 0.9658 1.0123 1.1613 1.0259 1.1018 1.0257 1.2734 0.9726 0.8620 0.9208 0.9307 1.0197 0.6542
0.6806 0.8151 0.9150 1.0226 1.0415 1.0980 1.1533 1.0777 0.9424 1.0939 1.1435 0.9307 0.9918 0.8695 0.9036 0.6373
0.7756 0.8617 0.8942 0.9042 1.0000 1.0727 1.1267 1.0462 1.1457 1.2153 1.0027 0.9722 0.9505 1.0717 1.0074 0.8781
0.8656 0.9238 0.9262 1.0053 1.1897 1.1161 1.1993 0.9587 1.1676 1.1299 1.0641 0.9895 0.9448 0.8903 0.8203 0.8070
0.7444 0.8626 0.9620 0.9622 1.1091 0.9637 1.2073 1.2050 1.0879 1.0279 1.0551 1.0127 0.9837 0.8736 0.8246 0.8545
0.9722 0.8564 0.9132 0.9920 1.0000 1.1200 1.1922 1.0395 1.1097 1.1028 1.0598 1.0970 1.0283 0.8825 0.8108 0.8256
0.8507 0.9391 0.8902 0.9362 1.0763 1.0441 1.1651 1.0236 1.1138 1.0984 1.0241 1.0001 1.0172 1.0023 0.8348 0.7581
0.7597 0.8031 0.9214 1.0484 1.0300 1.0896 1.0819 1.1497 0.9614 1.0313 1.1461 0.8000 0.8196 1.0048 1.0764 1.0380
0.8286 0.7545 0.8623 0.8678 1.0590 1.1671 1.2201 1.0523 1.0246 1.1099 1.0029 1.0035 1.0388 0.9823 0.8701 0.8348
0.7948 0.8740 0.8778 1.0672 1.1779 1.1701 1.1800 0.9309 0.9486 1.2120 0.9784 0.8933 0.8986 1.0000 1.0000 0.6127
0.9282 0.9092 0.9182 0.9912 1.1518 1.0858 1.1053 0.9032 1.0828 1.0049 1.0195 0.9743 0.9920 0.8049 0.7573 0.9633
0.9606 0.9260 0.9845 1.0054 0.9569 1.0931 1.1646 1.1095 1.0587 0.9833 1.0805 0.9131 0.9120 1.0000 0.8455 0.7173
0.6750 0.7918 0.8377 0.8816 1.0522 1.2353 1.0570 1.1102 1.0133 1.0524 1.1217 1.1689 1.0137 0.8632 0.9334 0.8216
0.7355 0.8929 0.9537 1.0701 1.0202 1.0108 1.0757 0.9860 1.1273 0.9550 0.9863 1.0309 1.0645 0.9537 0.8721 0.7825
0.9020 0.6866 0.8424 0.8536 1.0768 1.1924 1.0083 1.1815 1.0902 1.1426 1.0457 1.0250 1.1541 0.9131 0.8267 0.9878
0.6979 0.9270 0.8347 0.8365 1.0544 0.9892 1.2204 1.1124 1.0334 1.1776 1.1139 1.0037 0.9247 0.8923 0.9457 0.8997
0.7509 1.0000 0.9433 0.9078 1.0046 1.1117 1.1032 0.9804 1.0970 1.1860 1.1384 0.8648 1.0040 0.8905 0.9048 0.8625
0.8668 0.8527 0.9770 0.8932 1.0798 1.1942 0.9983 1.0813 1.0712 1.1522 1.0024 1.1421 1.0000 0.9003 0.9802 0.7953
0.9322 0.9496 0.9301 0.9536 0.8846 1.1066 1.0429 1.0960 1.0736 0.9650 1.0484 1.1953 0.9811 1.0119 0.9615 0.7975
0.6453 0.8538 0.9676 1.0286 1.0000 1.0502 1.0329 1.0453 1.0091 1.0344 0.9372 1.0624 0.9550 0.8760 1.0000 0.7253
0.7962 0.8148 0.9958 1.0071 1.0291 1.1428 1.1781 0.9211 1.0818 1.1482 1.1485 1.0561 1.0750 0.9335 0.8404 0.8461
0.8625 0.8594 0.9185 0.9968 1.2326 1.0000 1.1140 1.1488 1.0979 1.0379 1.2394 0.8494 0.9196 0.9082 0.9249 0.8879
0.8582 0.9439 0.8566 0.9820 1.1447 1.0818 1.1856 1.1595 1.1373 1.1783 1.1024 0.9187 0.9459 0.8369 0.7249 0.7396
