0.7171 0.7759 0.8589 0.8995 1.0095 1.0860 1.0322 1.1732 1.1732 1.1758 1.0219 1.0145 1.0367 1.0190 0.8636 0.8755
0.8240 0.8374 0.9494 1.0390 1.0885 1.2297 1.2087 0.9616 1.0282 0.9610 1.1042 0.9985 0.9339 0.8639 1.0081 0.7673
0.6424 0.6989 0.9070 0.9112 0.9415 1.0819 1.1298 1.0748 1.0825 1.2464 1.0093 0.9641 0.9018 0.9165 0.9042 0.7333
0.6505 0.7299 0.8412 0.9504 0.9737 1.0737 1.1153 1.0522 0.9980 1.1713 1.1207 0.9741 1.0460 0.8792 0.9262 0.7525
0.6986 0.7542 0.7858 0.8942 1.0000 1.0016 1.0617 1.0599 1.1935 1.2304 1.0612 1.0494 0.9688 1.0421 0.9480 0.8642
0.8144 0.8451 0.8562 0.9448 1.1304 1.0764 1.1840 1.1179 1.1770 1.1194 1.0679 1.0231 0.9806 0.9311 0.8666 0.8574
0.7504 0.8157 0.8549 0.9294 1.0250 1.0417 1.1668 1.1523 1.1046 1.0939 1.0955 1.0375 0.9748 0.9244 0.8334 0.9489
0.8654 0.8078 0.8542 0.9271 1.0000 1.0888 1.1880 1.1240 1.1012 1.0763 1.1438 1.0910 1.0266 0.9387 0.8474 0.9205
0.7973 0.8607 0.8565 0.8657 1.0100 1.0209 1.1210 1.0397 1.0979 1.1244 1.0548 1.0996 0.9817 1.0443 0.8974 0.8487
0.6785 0.7446 0.8373 0.9452 0.9833 1.0101 1.0565 1.1206 0.9808 1.0638 1.1985 0.9739 0.9227 0.9781 0.9981 1.0048
0.7158 0.6453 0.7267 0.7933 0.9496 1.0372 1.1335 1.0354 1.0370 1.0731 1.0241 0.9626 1.0115 0.9746 0.8784 0.9456
0.7282 0.8220 0.9086 0.9863 1.1576 1.1544 1.1355 0.8827 1.0434 1.2376 1.0865 0.9677 0.9523 1.0000 1.0000 0.7056
0.9191 0.8793 0.8946 1.0195 1.1487 1.1222 1.1672 1.0312 1.1158 1.0698 1.0745 1.0127 0.9991 0.8350 0.8330 0.9534
0.8916 0.9020 0.9616 1.0067 0.9898 1.1026 1.1735 1.1393 1.1150 1.0649 1.1513 0.9328 0.9320 1.0000 0.8351 0.7978
0.6788 0.7294 0.8382 0.8980 0.9797 1.1663 1.0776 1.0593 1.0737 1.0872 1.1038 1.1217 1.0069 0.8690 0.8993 0.8133
0.6632 0.7965 0.9131 0.9906 0.9697 1.0384 1.1063 1.0383 1.0931 1.0153 1.0144 1.0566 0.9939 0.9695 0.9316 0.8739
0.8688 0.7852 0.8544 0.8835 1.0361 1.1673 0.9877 1.1779 1.1390 1.1824 1.0591 1.0246 1.0969 0.9312 0.8974 0.9090
0.6951 0.7559 0.7828 0.8027 1.0017 1.0099 1.1210 0.9957 1.0050 1.1143 1.0946 1.0629 1.0314 1.0344 0.8771 0.8988
0.6780 1.0000 0.9006 0.9120 0.9620 1.1295 1.1355 1.0692 1.0814 1.1810 1.0823 0.9065 0.9871 0.9050 0.8640 0.8872
0.8322 0.8034 0.8959 0.8381 1.0269 1.1480 1.0131 1.0735 1.0797 1.1929 1.0564 1.1199 1.0000 0.9864 0.9640 0.9158
0.8540 0.8791 0.8894 0.9728 0.9452 1.0935 1.0744 1.0501 1.0547 0.9831 1.0578 1.1115 1.0018 0.9678 0.9955 0.9594
0.6411 0.7763 0.9063 0.9769 1.0000 1.0589 1.0588 1.0641 1.0460 1.1111 1.0275 1.0579 0.9870 0.9061 1.0000 0.8012
0.8572 0.7804 0.9430 0.9435 1.0719 1.1543 1.1741 0.9701 1.0776 1.1330 1.1550 1.0113 1.0298 0.9261 0.9030 0.8337
0.7568 0.7763 0.8589 0.9324 1.2063 1.0000 1.0921 1.1866 1.1088 1.0763 1.2433 0.9444 0.9474 0.9381 0.9658 0.9614
0.8328 0.9174 0.8760 0.9735 1.0899 1.1074 1.1842 1.1836 1.2000 1.1927 1.1023 0.9760 0.9506 0.8984 0.7696 0.7446
