0.8087 0.8256 0.9065 0.9305 1.0011 1.0681 1.0315 1.1584 1.1529 1.1596 1.0269 0.9349 1.1126 1.0601 0.9116 0.9050
0.9055 0.9062 1.0004 1.0593 1.1286 1.2273 1.2143 0.9143 0.9709 0.9131 1.0763 1.0136 0.9598 0.8488 0.9780 0.7782
0.6737 0.7449 0.9301 0.9587 0.9898 1.0899 1.1373 1.0771 1.0656 1.2337 1.0070 0.9845 0.9242 0.9333 0.9107 0.7204
0.7039 0.7621 0.8712 0.9517 0.9538 1.0930 1.0865 1.0174 0.9556 1.1864 1.1255 0.9996 1.0655 0.9236 0.9615 0.7631
0.8317 0.8996 0.8709 0.9227 1.0000 1.1023 1.1279 1.0622 1.1482 1.2130 1.0172 1.0246 0.9836 1.0135 0.9412 0.7670
0.8821 0.8936 0.9081 0.9641 1.1338 1.0943 1.1477 1.0560 1.1587 1.0992 1.0726 1.0015 0.9725 0.9334 0.8522 0.8297
0.7722 0.8517 0.9002 0.9783 1.0158 1.0573 1.1310 1.1138 1.0931 1.0889 1.0798 1.0659 0.9646 0.8864 0.8215 0.9574
0.9029 0.8297 0.8821 0.9345 1.0000 1.0912 1.1769 1.0578 1.0918 1.0710 1.1529 1.0651 1.0369 0.9293 0.8328 0.9159
0.8321 0.9071 0.8737 0.8947 1.0160 1.0285 1.1665 1.0280 1.0697 1.1463 1.0418 1.0832 0.9925 1.0294 0.8970 0.8350
0.7362 0.8202 0.9253 1.0471 1.0265 1.0463 1.0755 1.1326 1.0000 1.0552 1.1514 0.9303 0.8917 0.9380 0.9753 0.9203
0.7755 0.7402 0.8214 0.8568 0.9934 1.0920 1.1697 1.0559 1.0534 1.1160 1.0485 1.0131 1.0617 1.0266 0.8943 0.9373
0.7791 0.8618 0.9000 0.9906 1.1747 1.1075 1.1127 0.8560 1.0164 1.2135 1.0624 0.9777 0.9383 1.0000 1.0000 0.6447
0.9448 0.8666 0.9270 0.9906 1.1242 1.1128 1.1072 0.9626 1.1112 0.9777 1.0528 0.9740 0.9926 0.8076 0.7915 0.9287
0.9145 0.9237 0.9385 1.0272 0.9888 1.0859 1.1205 1.0906 1.0667 1.0410 1.1234 0.9234 0.9294 1.0000 0.8229 0.8003
0.6806 0.8053 0.8847 0.9347 1.0276 1.1640 1.0967 1.0727 1.0649 1.0413 1.1130 1.1473 1.0287 0.8396 0.8687 0.7630
0.7645 0.8659 0.9500 0.9967 0.9730 1.0481 1.0952 1.0244 1.0525 1.0073 1.0284 1.0750 0.9955 0.9614 0.9221 0.8720
0.8947 0.7870 0.8991 0.8948 1.0583 1.1606 0.9789 1.1421 1.1007 1.1871 1.0101 1.0328 1.1146 0.9274 0.8878 0.8902
0.7163 0.8301 0.8296 0.8447 1.0263 1.0249 1.1370 1.0206 1.0265 1.1256 1.0969 1.0614 1.0383 1.0311 0.9555 0.9337
0.7245 1.0000 0.9097 0.9105 0.9747 1.1419 1.1333 1.0532 1.0527 1.1525 1.0864 0.9082 0.9802 0.8921 0.9074 0.8991
0.9023 0.8802 1.0178 0.9090 1.0835 1.1913 0.9993 1.0878 1.0901 1.1729 0.9839 1.0961 1.0000 0.9031 0.8821 0.7805
0.8967 0.9035 0.9168 0.9789 0.9347 1.0888 1.0421 1.0566 1.0396 0.9433 1.0589 1.1220 1.0494 1.0233 1.0213 0.9021
0.6137 0.7611 0.9235 0.9704 1.0000 1.0300 1.0014 1.0058 0.9970 1.0782 1.0038 1.0687 0.9971 0.9281 1.0000 0.7911
0.8482 0.7981 1.0143 0.9839 1.0948 1.1461 1.1490 0.9225 1.0729 1.1523 1.1349 1.0323 1.0605 0.9109 0.8801 0.8206
0.7907 0.7947 0.8926 0.9317 1.1896 1.0000 1.0663 1.1816 1.0957 1.0183 1.2176 0.9524 0.9490 0.9287 1.0188 0.9729
0.8484 0.9278 0.8850 0.9827 1.1053 1.1193 1.1855 1.1926 1.1313 1.1374 1.0625 0.9552 0.9414 0.8493 0.6989 0.6426
