0.7750 0.8115 0.8962 0.9205 1.0236 1.0891 1.0256 1.1541 1.1369 1.1616 1.0241 0.9792 1.0561 1.0372 0.8796 0.8848
0.8622 0.8848 0.9920 1.0588 1.0972 1.2287 1.1879 0.9413 0.9925 0.9297 1.0847 1.0085 0.9515 0.8582 1.0051 0.7854
0.6605 0.7217 0.9051 0.9276 0.9518 1.0837 1.1112 1.0632 1.0635 1.2269 1.0015 0.9790 0.9346 0.9451 0.9436 0.7447
0.6702 0.7303 0.8575 0.9467 0.9597 1.0684 1.0842 1.0187 0.9627 1.1504 1.1271 0.9935 1.0820 0.9297 0.9794 0.7768
0.7675 0.8165 0.8422 0.9081 1.0000 1.0351 1.0887 1.0548 1.1348 1.1973 0.9949 1.0381 0.9693 1.0441 0.9884 0.8920
0.8559 0.8759 0.8918 0.9576 1.1424 1.0864 1.1575 1.0769 1.1482 1.0928 1.0365 1.0085 0.9863 0.9391 0.8747 0.8694
0.7434 0.8283 0.8831 0.9561 1.0241 1.0233 1.1469 1.1445 1.0970 1.0668 1.0768 1.0380 0.9883 0.9065 0.8450 0.9645
0.8970 0.8150 0.8768 0.9444 1.0000 1.0887 1.2019 1.0964 1.0915 1.0364 1.1439 1.0733 1.0354 0.9249 0.8552 0.9074
0.8318 0.8815 0.8783 0.8871 1.0259 1.0211 1.1393 1.0391 1.0847 1.1063 1.0388 1.0815 0.9902 1.0254 0.8931 0.8431
0.6957 0.7863 0.8800 1.0151 1.0243 1.0511 1.0663 1.1318 0.9827 1.0358 1.1411 0.9383 0.9079 0.9520 0.9799 0.9890
0.7456 0.6903 0.7855 0.8474 0.9712 1.0659 1.1535 1.0507 1.0325 1.0649 1.0056 0.9798 1.0395 1.0000 0.8864 0.9471
0.7400 0.8554 0.9160 1.0108 1.1793 1.1388 1.1291 0.8515 1.0055 1.2056 1.0581 0.9741 0.9441 1.0000 1.0000 0.6762
0.9423 0.9017 0.9332 1.0010 1.1402 1.1122 1.1353 1.0031 1.1047 0.9865 1.0554 1.0059 0.9851 0.8349 0.8194 0.9572
0.9202 0.9105 0.9733 1.0342 0.9845 1.0996 1.1449 1.1213 1.0803 1.0325 1.1256 0.9204 0.9479 1.0000 0.8308 0.7932
0.6858 0.7626 0.8739 0.9313 1.0089 1.1820 1.0934 1.0710 1.0595 1.0442 1.0978 1.1130 0.9975 0.8435 0.8824 0.8482
0.7139 0.8287 0.9289 0.9924 0.9818 1.0294 1.0682 1.0388 1.0576 0.9987 1.0147 1.0782 1.0067 0.9819 0.9460 0.8679
0.8595 0.7769 0.8856 0.8922 1.0374 1.1714 0.9585 1.1293 1.1208 1.1639 1.0454 1.0392 1.1185 0.9437 0.8990 0.9374
0.6993 0.7844 0.8168 0.8395 1.0009 0.9993 1.0973 1.0088 1.0074 1.1082 1.0925 1.0398 1.0019 1.0112 0.9532 0.9520
0.6900 1.0000 0.8957 0.9110 0.9800 1.1299 1.1353 1.0319 1.0620 1.1430 1.0802 0.9157 0.9830 0.8994 0.9022 0.9273
0.8383 0.8363 0.9600 0.8877 1.0785 1.1618 1.0095 1.0758 1.0714 1.1582 1.0143 1.0969 1.0000 0.9548 0.9411 0.9080
0.8805 0.8914 0.9211 0.9610 0.9475 1.0731 1.0512 1.0387 1.0273 0.9367 1.0481 1.1273 1.0360 1.0174 1.0349 0.9445
0.6280 0.7743 0.9129 0.9852 1.0000 1.0413 1.0326 1.0315 1.0119 1.0810 1.0169 1.0777 0.9968 0.9252 1.0000 0.8114
0.8713 0.8091 0.9766 0.9446 1.0692 1.1222 1.1454 0.9488 1.0567 1.1143 1.1465 1.0295 1.0588 0.9457 0.9065 0.8458
0.7765 0.7941 0.8813 0.9459 1.1981 1.0000 1.0663 1.1731 1.0768 1.0414 1.2296 0.9284 0.9523 0.9451 1.0077 0.9848
0.8494 0.9401 0.8927 0.9855 1.1220 1.1172 1.1970 1.1709 1.1535 1.1457 1.0546 0.9507 0.9429 0.8812 0.7516 0.7557
