1.2672 1.1479 1.1383 1.1657 1.0701 1.0097 1.0912 0.8993 1.1093 1.0974 0.9117 0.8408 0.9326 0.7649 0.7856 0.7622
1.0000 1.0071 1.0159 1.2035 1.1457 0.9780 0.9970 1.0141 0.9184 1.0180 0.9775 0.9242 0.9419 1.0455 0.8324 1.0000
1.2226 1.1457 1.0375 1.5415 1.0478 1.0759 1.0000 0.9281 1.0214 1.0511 0.9930 0.8416 0.9785 0.9449 0.9004 0.9357
1.1456 0.9894 1.0523 1.1563 0.9891 1.0582 1.1039 0.9613 1.0367 0.9891 0.9681 0.9294 0.9233 0.8767 0.8870 0.9701
1.5699 1.1683 1.1133 1.0794 0.9779 0.9522 1.0365 0.9704 0.7717 0.8542 0.9408 1.0844 0.9026 0.9857 1.0508 1.2259
1.0128 1.1019 0.9022 0.9805 0.9217 1.0273 1.1258 0.9964 0.8208 1.1421 0.9332 1.0203 1.0090 0.9572 0.9606 1.1329
1.2835 1.1396 1.1384 1.0580 1.0088 0.9168 0.9529 0.8731 0.8705 1.0056 0.9876 0.8607 0.9521 1.0548 1.0000 1.0271
1.1251 1.2042 0.9391 1.0813 1.0237 1.1040 1.1059 1.0525 1.1441 0.9261 0.9208 0.9101 0.8562 0.7895 0.8397 0.9593
0.7339 0.7526 0.9693 0.8321 0.8951 0.9721 0.8701 1.0903 1.0790 0.9650 1.1125 1.0352 1.1976 0.8028 1.2527 1.0701
0.8764 0.8331 0.7756 1.0455 0.9873 1.0165 1.0008 0.9471 0.9274 1.0338 0.9640 0.9896 1.1558 1.0901 1.1802 1.3633
0.6221 0.7799 0.8931 0.8576 0.9143 1.0154 1.0053 1.1223 1.0873 1.0176 0.9277 0.9891 1.0408 1.1260 0.9716 1.0616
1.1472 1.0221 1.0713 1.1316 1.0513 1.0896 1.1455 0.9834 1.0317 0.9308 0.9038 0.9462 0.9077 0.8924 0.9563 0.7818
1.0062 1.0564 1.0586 1.1441 1.0472 0.8932 0.8401 1.2077 0.8773 0.9980 1.0628 0.8360 0.8897 1.0661 0.9522 1.2119
0.9986 0.9105 0.9975 0.7937 0.9210 0.9280 0.8875 1.1197 0.9989 1.0199 1.0332 1.0003 1.0951 1.0208 1.1391 1.0957
1.3550 1.1360 1.0020 1.0159 1.0827 1.1081 1.0868 1.0952 0.9909 0.7719 0.9495 0.9532 0.9157 0.7095 0.6956 0.7048
0.8873 0.9731 1.0577 0.9077 0.8952 1.0229 1.0294 1.0125 1.0000 0.9400 1.0134 0.8891 1.0000 1.0968 1.1737 1.3297
1.0487 0.9330 1.0082 1.0000 0.9381 0.9664 1.0624 0.8601 1.0074 1.0704 1.0461 1.0190 1.0350 0.9812 1.0966 1.2094
1.2950 1.2457 0.9006 1.1858 0.9266 1.0107 1.1448 0.9068 0.8771 1.0000 1.0000 1.0037 1.0000 0.9182 1.0129 1.0429
1.3883 1.0169 1.3569 1.0289 0.8650 1.1726 1.0455 1.0031 1.0952 0.9152 0.9293 0.9893 0.8719 0.8159 0.8309 1.0152
1.0535 1.0600 1.1391 1.1640 1.0150 1.0567 0.9497 0.9840 1.0221 1.1270 0.9451 0.8415 0.8448 0.7722 0.5609 0.5232
1.4459 1.0527 1.0000 1.0171 1.1269 1.1286 0.9541 0.9957 0.9911 0.7964 0.9906 1.1184 0.9459 1.0711 0.9832 0.8836
0.5409 0.5994 0.9701 0.8720 0.9183 1.0055 1.0307 1.0330 0.9950 0.9955 1.0032 1.1588 1.1198 0.9304 0.9616 1.2780
1.0971 0.8827 0.9572 0.8646 0.9083 0.9319 0.9540 1.0063 1.0000 1.2156 1.0001 0.9649 1.0772 1.1522 1.0338 0.9487
0.9871 0.9007 0.7894 0.9662 0.8520 0.9901 0.8913 0.8918 1.1459 1.0109 1.0846 1.1137 1.0687 1.0469 0.5458 1.1937
1.5144 1.2243 1.1050 1.2375 1.1264 1.1229 1.1777 1.0365 1.0309 0.8036 1.0083 0.8694 0.9135 0.8369 0.7537 0.7625
