0.7154 0.7693 0.8573 0.8869 1.0323 1.0794 1.0555 1.1700 1.1644 1.1710 1.0254 1.0261 1.0527 1.0099 0.8610 0.8680
0.8309 0.8519 0.9438 1.0452 1.0755 1.2396 1.2255 0.9816 1.0335 0.9605 1.1149 0.9967 0.9262 0.8642 0.9787 0.7718
0.6423 0.7033 0.8965 0.9182 0.9569 1.0829 1.1638 1.0756 1.0792 1.2460 1.0234 0.9546 0.9026 0.9046 0.8722 0.7117
0.6491 0.7351 0.8425 0.9629 0.9743 1.0688 1.1155 1.0522 1.0192 1.1632 1.1274 0.9705 1.0217 0.8778 0.9195 0.7610
0.6931 0.7680 0.7960 0.9058 1.0000 1.0083 1.0664 1.0432 1.1578 1.2288 1.0490 1.0344 0.9769 1.0369 0.9467 0.8495
0.8224 0.8341 0.8566 0.9547 1.1526 1.0757 1.1774 1.1196 1.1834 1.1159 1.0672 1.0077 0.9779 0.9353 0.8672 0.8510
0.7595 0.8147 0.8576 0.9347 1.0400 1.0373 1.1779 1.1728 1.1113 1.0843 1.0929 1.0235 0.9806 0.9225 0.8162 0.9312
0.8778 0.7965 0.8449 0.9228 1.0000 1.1151 1.2185 1.1303 1.0922 1.0873 1.1596 1.0811 1.0178 0.9296 0.8369 0.8933
0.8139 0.8741 0.8515 0.8627 1.0169 1.0243 1.1297 1.0479 1.1036 1.1274 1.0513 1.1004 0.9702 1.0156 0.8918 0.8440
0.6905 0.7364 0.8673 0.9637 0.9698 1.0242 1.0701 1.1235 1.0146 1.0788 1.1941 0.9805 0.9270 0.9960 0.9685 0.9666
0.7126 0.6555 0.7344 0.8018 0.9592 1.0500 1.1258 1.0572 1.0338 1.0778 1.0331 0.9593 1.0061 0.9739 0.8464 0.9604
0.7289 0.8158 0.9167 0.9728 1.1428 1.1449 1.1216 0.9113 1.0443 1.2111 1.0853 0.9528 0.9573 1.0000 1.0000 0.7024
0.9318 0.8873 0.9095 1.0119 1.1278 1.1231 1.1852 1.0339 1.1275 1.0579 1.0755 1.0049 0.9860 0.8311 0.8342 0.9487
0.8955 0.8844 0.9575 1.0016 0.9905 1.1000 1.1614 1.1496 1.1117 1.0591 1.1698 0.9379 0.9483 1.0000 0.8182 0.7995
0.7019 0.7266 0.8420 0.9084 0.9968 1.1442 1.0667 1.0644 1.0783 1.0835 1.1100 1.1180 1.0059 0.8782 0.8710 0.8335
0.6708 0.7976 0.9072 0.9694 0.9896 1.0320 1.1039 1.0580 1.0855 1.0109 1.0113 1.0539 0.9902 0.9849 0.9286 0.8661
0.8529 0.7915 0.8696 0.9036 1.0508 1.1681 1.0027 1.1820 1.1482 1.1801 1.0490 1.0308 1.0989 0.9259 0.8766 0.8768
0.6955 0.7515 0.7822 0.8128 1.0031 0.9990 1.1181 1.0082 1.0202 1.1129 1.0693 1.0428 1.0077 1.0056 0.8662 0.8719
0.6885 1.0000 0.8801 0.9076 0.9713 1.1330 1.1448 1.0853 1.0895 1.1701 1.0940 0.9349 0.9730 0.8847 0.8671 0.8644
0.8269 0.8231 0.9026 0.8537 1.0317 1.1353 1.0077 1.0702 1.0847 1.1823 1.0587 1.1098 1.0000 1.0039 0.9772 0.9375
0.8332 0.8833 0.8977 0.9837 0.9541 1.1133 1.0806 1.0587 1.0419 0.9904 1.0666 1.1114 1.0139 0.9659 0.9917 0.9265
0.6385 0.7670 0.8888 0.9615 1.0000 1.0614 1.0691 1.0764 1.0497 1.1035 1.0347 1.0488 0.9769 0.9054 1.0000 0.8175
0.8689 0.7944 0.9327 0.9396 1.0662 1.1607 1.1987 0.9797 1.0784 1.1377 1.1533 1.0211 1.0336 0.9488 0.8962 0.8086
0.7355 0.7911 0.8523 0.9405 1.2182 1.0000 1.0944 1.1829 1.1107 1.0836 1.2338 0.9574 0.9483 0.9420 0.9608 0.9540
0.8277 0.9119 0.8768 0.9746 1.0977 1.1114 1.1789 1.1642 1.1968 1.1894 1.0988 0.9572 0.9522 0.9107 0.7840 0.7581
