1.3368 1.1906 1.0552 1.0978 0.9818 0.9413 1.0634 0.8947 1.1064 1.1448 0.8557 0.8501 0.9306 0.8304 0.8025 0.9266
1.0000 1.1018 1.3345 1.2650 1.1468 1.0107 1.0863 0.9691 0.8747 0.9116 0.8612 0.8524 0.8710 0.8914 0.8302 1.0000
1.0090 0.8873 0.9065 1.1438 0.8385 0.9460 1.0000 0.9541 0.9736 1.0499 0.9482 0.9688 1.0496 1.1719 1.0822 1.2425
1.3431 1.2208 1.1808 1.1362 1.0095 1.0546 1.0828 0.8962 0.9363 0.8630 0.8954 0.9426 0.8039 0.9340 0.7791 1.0018
1.2473 0.9771 0.9097 1.0276 0.9749 1.0103 0.9868 0.9089 1.0109 1.0753 0.9865 1.0877 0.8978 1.0897 1.0458 1.2777
1.2463 1.0910 1.0390 1.1644 0.9987 1.0856 1.0557 0.9626 0.9320 1.0028 1.0054 0.8471 0.8611 0.8175 0.9691 0.9289
1.1958 1.1009 1.0512 0.9849 0.9483 0.9542 1.0292 0.9756 0.8864 1.0433 0.9647 0.8453 0.9840 1.0372 1.0000 1.0430
1.3653 1.2403 1.1766 1.1048 1.1502 1.1049 1.0587 1.0050 1.0726 0.8922 0.8789 0.8147 0.8107 0.7730 0.7480 0.7968
0.6686 0.7262 0.8869 0.7455 0.9411 0.9420 0.8290 1.0301 1.0104 0.8963 1.0306 0.9641 1.1914 1.0037 1.2099 1.2536
1.1828 1.0171 1.0179 1.1053 0.9892 0.9658 0.9618 1.1804 0.8798 0.8743 0.9206 0.8967 0.9911 0.9664 1.0532 1.0279
0.6915 0.7366 0.8908 0.8126 0.9786 0.9719 0.9032 1.0217 0.9607 0.9583 1.1097 0.9336 1.2167 1.1190 0.9593 1.3094
1.2637 1.1403 1.1848 1.2327 1.1009 1.1212 1.1433 0.9638 1.0099 0.8929 0.8382 0.8763 0.8379 0.7744 0.8145 0.7883
0.9983 0.8209 0.8240 0.9158 0.8631 0.9382 0.8395 1.0614 0.9486 1.1053 1.1877 1.0119 1.1076 1.1931 1.1401 1.5004
1.2311 1.0898 1.1422 1.0535 0.8565 1.0013 1.0332 1.0323 0.9412 0.8628 0.9393 0.8674 0.9785 0.8647 0.9992 1.0668
1.1622 1.1791 0.9370 0.9204 1.0478 1.0563 0.9953 1.0688 0.9879 0.9380 0.9411 0.9594 0.9609 0.8047 0.7835 0.9659
1.0542 0.8991 1.0661 0.9096 1.0035 1.0665 0.9802 1.0084 1.0000 0.9119 0.9399 1.1167 1.0000 0.9852 0.9741 1.1272
0.9220 0.9207 0.9118 1.0000 1.0037 0.9359 1.0335 1.1034 1.0153 1.0128 1.0387 0.9931 1.0421 1.0746 1.2490 1.2438
1.4886 1.3738 1.0640 1.2952 1.0129 0.9970 1.1318 0.9793 0.9099 1.0000 1.0000 0.8787 1.0000 0.8159 0.8810 0.9051
1.5059 1.0100 1.1374 0.9215 0.8026 1.1227 1.0188 0.9961 1.0704 1.0530 0.8839 1.0138 0.8943 0.8930 0.9835 1.1566
1.1778 1.1210 1.1508 1.2207 0.9876 1.0344 0.9380 0.9142 0.9951 1.0287 0.9025 0.8051 0.8323 0.7734 0.5247 0.5240
1.2529 0.9722 1.0000 0.9891 1.1345 1.1049 0.9386 1.0419 0.9639 1.0130 0.8982 1.0462 0.8690 1.0611 0.9487 1.0807
0.7424 0.7520 0.9827 1.0187 1.1219 1.0162 0.9868 0.9759 0.9377 1.0750 0.9829 0.9663 0.9997 0.9646 0.9688 1.1600
1.0432 0.8954 0.9186 1.0029 0.8787 0.9425 0.8739 0.9311 1.0000 1.1433 0.9360 0.9235 1.1494 1.2480 1.3224 1.7145
1.0409 1.0905 0.9053 1.0537 0.9057 0.9890 0.9534 1.0229 1.0867 0.8992 0.9966 1.0366 0.9324 1.0066 0.5458 1.0547
1.0950 0.9773 0.8840 0.9387 0.9573 0.9990 1.0470 0.9912 0.9933 0.8819 1.0250 0.9723 1.0890 0.9603 1.0306 1.1645
