0.8538 0.9857 0.9538 0.9623 1.0644 1.1253 1.0607 1.2028 1.1327 1.1658 0.9949 0.9107 1.0376 0.9943 0.7692 0.7945
0.9297 0.9667 1.0726 1.1272 1.1998 1.2867 1.2332 0.8685 0.9279 0.8645 1.0903 0.9454 0.9031 0.7803 0.9339 0.7104
0.6904 0.8205 0.9613 0.9889 1.0640 1.2043 1.0657 1.1168 1.0458 1.2363 0.9620 0.8704 0.8941 0.8814 0.9345 0.6050
0.7061 0.8250 0.9184 1.0585 1.0541 1.1123 1.1580 1.0778 0.9603 1.1050 1.1505 0.9373 0.9609 0.8450 0.8371 0.6181
0.7890 0.8973 0.9117 0.9178 1.0000 1.1024 1.1485 1.0675 1.1544 1.2227 0.9957 0.9601 0.9465 1.0497 0.9466 0.8226
0.8542 0.9652 0.9608 1.0213 1.2023 1.1611 1.2010 0.9880 1.2242 1.1176 1.0645 0.9600 0.9227 0.8561 0.7560 0.7465
0.7713 0.9106 0.9694 0.9948 1.1186 1.0318 1.1915 1.1688 1.1207 1.0549 1.0549 1.0239 0.9524 0.8106 0.7720 0.8222
0.9947 0.8639 0.9363 1.0050 1.0000 1.1570 1.1955 1.0515 1.1004 1.1054 1.0913 1.0562 1.0120 0.8732 0.7420 0.8065
0.8404 0.9559 0.9222 0.9602 1.0810 1.0561 1.1925 1.0409 1.1231 1.1145 1.0255 0.9771 0.9548 0.9782 0.7940 0.7133
0.7758 0.8226 0.9550 1.1008 1.0671 1.1279 1.0882 1.1807 0.9410 1.0239 1.1393 0.8002 0.8116 0.9765 1.0065 0.9629
0.8421 0.7686 0.8842 0.8737 1.1015 1.1781 1.2447 1.0807 1.0434 1.1078 1.0064 0.9993 1.0139 0.9337 0.8173 0.7954
0.8049 0.8806 0.8897 1.0397 1.1641 1.1704 1.1872 0.9424 0.9785 1.2028 0.9744 0.9034 0.8559 1.0000 1.0000 0.5661
0.9423 0.9222 0.9199 1.0272 1.1722 1.0743 1.1363 0.9011 1.1024 1.0108 1.0171 0.9425 0.9833 0.7742 0.7036 0.8854
0.9511 0.9807 0.9851 1.0226 0.9954 1.1402 1.1664 1.0655 1.0574 0.9913 1.0702 0.9083 0.8708 1.0000 0.8006 0.6963
0.6982 0.8182 0.8659 0.9114 1.0888 1.2760 1.1003 1.0965 1.0283 1.0541 1.1161 1.1530 0.9894 0.8363 0.8494 0.7570
0.7608 0.9260 0.9545 1.0944 1.0437 1.0261 1.0993 1.0014 1.1213 0.9634 0.9870 1.0213 1.0033 0.9166 0.8399 0.7523
0.9375 0.7195 0.8702 0.8733 1.1281 1.2602 1.0000 1.2157 1.0806 1.1244 0.9998 1.0134 1.1223 0.8786 0.7887 0.9142
0.7162 0.9546 0.8495 0.8563 1.0748 1.0100 1.2151 1.1485 1.0328 1.1742 1.0953 0.9767 0.9281 0.9014 0.8784 0.8463
0.7638 1.0000 0.9567 0.9314 1.0135 1.1558 1.1541 1.0236 1.0909 1.1922 1.1120 0.8632 0.9810 0.8662 0.8531 0.8055
0.8928 0.8872 1.0205 0.9246 1.0873 1.2351 0.9949 1.1202 1.0743 1.1490 0.9760 1.1202 1.0000 0.8790 0.8994 0.7522
0.9415 0.9722 0.9260 0.9756 0.9016 1.1263 1.0658 1.0867 1.0547 0.9691 1.0465 1.1802 0.9734 0.9753 0.9419 0.7884
0.6584 0.8379 0.9711 1.0330 1.0000 1.0394 1.0507 1.0421 1.0168 1.0480 0.9392 1.0375 0.9590 0.8630 1.0000 0.7353
0.8017 0.8168 1.0281 1.0492 1.0488 1.1771 1.1757 0.9069 1.1065 1.1671 1.1487 1.0232 1.0601 0.8975 0.8142 0.7923
0.8727 0.8657 0.9348 1.0147 1.2747 1.0000 1.1149 1.1812 1.1079 1.0167 1.2179 0.8725 0.8868 0.8490 0.9248 0.8643
0.8445 0.9479 0.8535 1.0295 1.1429 1.1162 1.2446 1.1640 1.1333 1.1852 1.0731 0.9075 0.9212 0.8151 0.6723 0.6592
