1.3823 1.1948 1.0446 1.1084 0.9845 0.9338 1.0745 0.8912 1.0920 1.1232 0.8377 0.8428 0.9102 0.8537 0.7872 0.9318
1.0000 1.0532 1.3223 1.2305 1.1105 0.9762 1.0887 0.9562 0.8927 0.9200 0.8711 0.8637 0.8843 0.9295 0.8761 1.0000
0.9844 0.8741 1.0490 1.1726 0.8259 0.9231 1.0000 0.9417 0.9618 1.0246 0.9159 0.9611 1.0471 1.1817 1.0957 1.2316
1.3513 1.1976 1.1514 1.1140 1.0005 1.0555 1.0955 0.9154 0.9596 0.8775 0.9024 0.9483 0.8282 0.9556 0.8013 1.0146
1.2508 1.0056 0.9142 1.0213 0.9705 1.0288 1.0149 0.9163 1.0157 1.0946 0.8768 1.0567 0.8677 1.0497 0.9911 1.2475
1.2409 1.0703 1.0059 1.1408 0.9816 1.0715 1.0555 0.9497 0.9554 0.9866 1.0276 0.8525 0.8816 0.8430 1.0178 0.9423
1.2138 1.1055 1.0514 0.9889 0.9507 0.9545 1.0199 0.9696 0.8779 1.0625 0.9523 0.8226 0.9525 1.0763 1.0000 1.0534
1.3307 1.1842 1.1588 1.0923 1.1042 1.0992 1.0540 0.9901 1.0881 0.8885 0.8789 0.8483 0.8168 0.8054 0.7848 0.8232
0.6419 0.7142 0.8667 0.7243 0.9202 0.9426 0.8206 1.0018 0.9885 0.8782 0.9907 0.9722 1.1865 1.0201 1.1825 1.2670
1.1628 0.9908 1.0245 1.0916 0.9810 0.9669 0.9327 1.1965 0.8776 0.8466 0.9248 0.8758 0.9976 0.9901 1.0625 1.0337
0.7146 0.7411 0.8992 0.8170 0.9927 0.9807 0.9021 1.0156 0.9655 0.9415 1.1104 0.9053 1.2706 1.0841 0.9648 1.3125
1.2834 1.1393 1.2033 1.1979 1.0803 1.1066 1.1362 0.9724 0.9994 0.8744 0.8262 0.8569 0.8625 0.7944 0.8425 0.7966
1.0203 0.8319 0.8211 0.9097 0.8698 0.9231 0.8628 1.0566 0.9636 1.1183 1.1981 1.0063 1.1117 1.1892 1.1840 1.5259
1.3009 1.0819 1.0993 1.0447 0.8548 1.0126 1.0514 1.0253 0.9353 0.8506 0.9203 0.8434 0.9742 0.8632 1.0150 1.0836
1.1601 1.1923 0.9323 0.9173 1.0625 1.0326 0.9871 1.0744 1.0155 0.9548 0.9476 0.9612 0.9531 0.7985 0.7824 0.9672
1.0654 0.8906 1.0304 0.9043 1.0087 1.0586 0.9694 0.9927 1.0000 0.9135 0.9212 1.0897 1.0000 0.9882 0.9881 1.1169
0.9413 0.9327 0.9244 1.0000 0.9991 0.9426 1.0373 1.1161 1.0021 0.9932 1.0228 0.9853 1.0529 1.0673 1.2512 1.1779
1.4885 1.3443 1.0888 1.2724 0.9965 0.9990 1.1186 0.9776 0.9292 1.0000 1.0000 0.9022 1.0000 0.8244 0.8744 0.8664
1.5403 1.0045 1.1996 0.9417 0.7993 1.1095 1.0248 0.9898 1.0711 1.0286 0.8949 1.0020 0.8690 0.8950 1.0021 1.1428
1.1717 1.1206 1.1495 1.2202 0.9712 1.0517 0.9546 0.9077 1.0110 1.0287 0.8993 0.8211 0.8277 0.8014 0.5246 0.5697
1.1992 0.9819 1.0000 0.9515 1.0764 1.0526 0.8759 0.9977 0.9787 1.0342 0.8813 1.0223 0.9137 1.0727 1.0204 1.1260
0.7947 0.7381 0.9935 1.0027 1.1274 1.0376 0.9971 0.9688 0.9642 1.0812 0.9714 0.9777 1.0070 0.9844 0.9922 1.2271
1.0214 0.9160 0.9346 1.0028 0.8707 0.9701 0.8856 0.9163 1.0000 1.1154 0.9182 0.9215 1.1428 1.2802 1.3283 1.6377
1.0358 1.0863 0.9008 1.0610 0.8634 0.9899 0.9651 1.0345 1.1025 0.9305 0.9843 1.0192 0.9301 1.0439 0.5458 1.0439
1.0275 0.8891 0.8447 0.8803 0.9004 0.9625 1.0319 0.9710 0.9760 0.8920 1.0211 1.0210 1.1181 0.9986 1.1033 1.2813
