1.3210 1.1765 1.0576 1.1109 0.9877 0.9478 1.0687 0.9045 1.1145 1.1378 0.8544 0.8383 0.9208 0.8321 0.7965 0.9414
1.0000 1.0646 1.3061 1.2818 1.1401 0.9966 1.1041 0.9731 0.8938 0.9132 0.8703 0.8665 0.8781 0.8955 0.8138 1.0000
1.0104 0.8870 0.8903 1.1703 0.8429 0.9542 1.0000 0.9557 0.9737 1.0523 0.9516 0.9545 1.0449 1.1737 1.0616 1.2865
1.2752 1.1815 1.1696 1.1353 1.0192 1.0819 1.0874 0.9010 0.9559 0.8815 0.8969 0.9526 0.8235 0.9515 0.7855 0.9706
1.2700 0.9742 0.9221 1.0170 0.9659 0.9975 0.9595 0.9026 1.0076 1.0828 0.9727 1.1075 0.8888 1.0768 1.0553 1.3051
1.2031 1.0770 1.0265 1.1489 0.9951 1.0839 1.0446 0.9643 0.9279 1.0064 1.0043 0.8519 0.8636 0.8340 1.0000 0.9370
1.1386 1.0896 1.0475 0.9875 0.9421 0.9318 1.0393 0.9812 0.8908 1.0528 0.9771 0.8526 0.9806 1.0277 1.0000 1.0590
1.3752 1.2366 1.1624 1.1167 1.1399 1.0923 1.0812 1.0085 1.0660 0.8965 0.9079 0.8181 0.7799 0.7693 0.7630 0.7916
0.6545 0.6914 0.8779 0.7390 0.9385 0.9406 0.8211 1.0172 1.0203 0.8905 1.0421 0.9977 1.1977 1.0220 1.2053 1.2189
1.1533 1.0141 1.0069 1.1147 1.0071 0.9566 0.9488 1.1786 0.8631 0.8631 0.9210 0.8894 0.9885 0.9852 1.0695 1.0693
0.6633 0.7249 0.8947 0.7906 0.9630 0.9642 0.8987 1.0474 0.9887 0.9610 1.0910 0.9261 1.2167 1.1108 0.9594 1.3346
1.2499 1.1221 1.2024 1.2127 1.0869 1.0775 1.1284 0.9729 0.9863 0.8905 0.8418 0.9087 0.8708 0.8021 0.8314 0.8126
1.0204 0.8418 0.8173 0.8989 0.8724 0.9144 0.8135 1.0331 0.9424 1.1419 1.1790 1.0225 1.1172 1.1917 1.1441 1.5656
1.1958 1.0830 1.1041 1.0379 0.8546 0.9936 1.0427 1.0387 0.9547 0.8834 0.9355 0.8810 0.9847 0.8790 1.0107 1.0703
1.1750 1.1671 0.9435 0.9195 1.0468 1.0584 0.9772 1.0784 0.9980 0.9564 0.9593 0.9621 0.9497 0.8059 0.7815 0.9374
1.0378 0.9263 1.0620 0.8997 0.9974 1.0554 0.9663 0.9947 1.0000 0.9002 0.9329 1.1170 1.0000 0.9974 1.0020 1.1649
0.9025 0.9191 0.9218 1.0000 0.9671 0.9151 1.0439 1.1065 0.9970 1.0331 1.0625 1.0016 1.0332 1.0962 1.2359 1.2576
1.4580 1.3256 1.0383 1.2456 0.9835 1.0175 1.1243 0.9640 0.8971 1.0000 1.0000 0.8930 1.0000 0.8454 0.9115 0.8942
1.5232 1.0141 1.1685 0.8983 0.7746 1.1104 1.0188 0.9768 1.0812 1.0300 0.9141 1.0159 0.9128 0.8901 0.9862 1.1520
1.1859 1.1115 1.1676 1.2179 0.9839 1.0394 0.9584 0.9051 1.0015 1.0431 0.9030 0.8079 0.8199 0.7692 0.5344 0.5246
1.2829 0.9568 1.0000 0.9524 1.1547 1.0647 0.9249 1.0323 0.9811 1.0631 0.9135 1.0591 0.8835 1.0373 0.9494 1.0303
0.7547 0.7524 0.9808 0.9862 1.1057 1.0110 0.9602 0.9533 0.9261 1.0831 0.9791 0.9766 1.0375 0.9914 0.9973 1.1900
1.0270 0.8714 0.8884 0.9807 0.8481 0.9311 0.8678 0.9367 1.0000 1.1790 0.9435 0.9427 1.1679 1.2659 1.3458 1.6949
1.0166 1.0796 0.8862 1.0569 0.8929 1.0007 0.9592 1.0132 1.1114 0.9023 1.0148 1.0399 0.9007 1.0289 0.5458 1.0372
1.1397 0.9809 0.8969 0.9293 0.9689 0.9864 1.0551 1.0021 0.9798 0.8733 1.0386 0.9612 1.0949 0.9736 1.0290 1.1449
