1.3335 1.1996 1.0729 1.1165 1.0017 0.9633 1.0987 0.9218 1.1257 1.1212 0.8366 0.8183 0.9346 0.8144 0.7755 0.8750
1.0000 1.0705 1.2513 1.2564 1.1512 1.0099 1.0880 0.9914 0.8737 0.9265 0.8791 0.8853 0.8852 0.9017 0.8406 1.0000
1.0822 0.9445 0.9310 1.2094 0.8701 0.9740 1.0000 0.9373 0.9669 1.0557 0.9667 0.9278 1.0343 1.1055 1.0518 1.1831
1.2770 1.2035 1.1458 1.1293 1.0305 1.0473 1.0769 0.9054 0.9839 0.9030 0.9207 0.9501 0.8312 0.9239 0.7971 0.9575
1.3304 1.0120 0.9143 1.0286 0.9433 0.9699 0.9726 0.9022 0.9371 1.0389 0.9702 1.0781 0.8813 1.1169 1.0821 1.3397
1.1601 1.0813 0.9621 1.1018 0.9560 1.0563 1.0642 0.9760 0.9195 1.0384 0.9619 0.8979 0.9063 0.8860 1.0195 1.0066
1.1984 1.0947 1.0339 0.9789 0.9310 0.9534 1.0198 0.9805 0.8981 1.0513 0.9935 0.8278 0.9806 1.0997 1.0000 1.0257
1.3096 1.2198 1.1202 1.0821 1.1008 1.1168 1.0382 1.0095 1.0902 0.9104 0.9243 0.8474 0.8195 0.7958 0.7772 0.8433
0.6577 0.7135 0.8786 0.7586 0.9317 0.9569 0.8439 1.0522 1.0471 0.9088 1.0673 1.0037 1.2175 0.9853 1.2411 1.1797
1.1088 0.9619 0.9527 1.0632 1.0062 0.9643 0.9441 1.1285 0.8608 0.9074 0.9428 0.9091 1.0345 1.0188 1.1271 1.1337
0.6613 0.7282 0.8797 0.8201 0.9651 0.9940 0.9091 0.9950 0.9729 0.9622 1.0752 0.9528 1.2253 1.1250 0.9662 1.2222
1.2441 1.0978 1.1440 1.1978 1.0515 1.1030 1.1208 0.9579 0.9965 0.8860 0.8691 0.8947 0.8636 0.8417 0.8985 0.8387
0.9779 0.8661 0.8254 0.9403 0.8783 0.8960 0.8080 1.0917 0.9525 1.0529 1.1682 0.9972 1.1008 1.1837 1.1441 1.5066
1.1602 1.0476 1.0915 0.9585 0.8573 0.9976 1.0069 1.0407 0.9746 0.9242 0.9610 0.8999 1.0218 0.9117 1.0338 1.0940
1.2151 1.1482 0.9448 0.9303 1.0580 1.0703 1.0170 1.0533 1.0059 0.8982 0.9667 0.9513 0.9575 0.7704 0.7452 0.8913
0.9994 0.9518 1.0381 0.8921 0.9905 1.0601 0.9662 0.9966 1.0000 0.9088 0.9410 1.0713 1.0000 1.0129 1.0432 1.1995
0.9650 0.9461 0.9369 1.0000 0.9842 0.9286 1.0384 1.0552 0.9843 1.0059 1.0488 0.9838 1.0409 1.0795 1.3003 1.3048
1.4498 1.3553 1.0177 1.2488 0.9446 0.9898 1.0990 0.9899 0.9005 1.0000 1.0000 0.9065 1.0000 0.8578 0.9228 0.9486
1.4614 1.0264 1.1826 0.9459 0.8129 1.1124 1.0006 0.9777 1.1011 1.0305 0.9167 1.0057 0.8829 0.8775 0.9480 1.1255
1.1779 1.1165 1.1475 1.1997 0.9849 1.0349 0.9669 0.9337 1.0087 1.0760 0.9120 0.7994 0.7810 0.7577 0.5216 0.5113
1.3104 0.9298 1.0000 0.9455 1.1572 1.0746 0.9443 1.0229 0.9763 0.9939 0.9428 1.0593 0.8863 1.0531 0.9821 1.0429
0.6272 0.7156 0.9566 0.9756 1.0915 0.9765 0.9933 0.9783 0.9238 1.0949 0.9727 1.0067 1.0525 0.9712 1.0115 1.2275
1.0493 0.8685 0.9175 0.9447 0.8469 0.9161 0.8805 0.9272 1.0000 1.1412 0.9517 0.9307 1.1368 1.2695 1.2564 1.5336
1.0374 1.0406 0.8752 1.0335 0.8688 0.9776 0.9228 0.9724 1.1234 0.9226 1.0138 1.0471 0.9775 1.0415 0.5458 1.1065
1.2661 1.0988 1.0046 1.0400 1.0614 1.0361 1.0810 0.9898 1.0149 0.8644 1.0134 0.9155 1.0090 0.9326 0.9069 1.0016
