1.3163 1.1746 1.0655 1.1051 1.0100 0.9513 1.0786 0.9098 1.1396 1.1300 0.8513 0.8228 0.9393 0.8214 0.7831 0.8989
1.0000 1.0659 1.2780 1.2774 1.1466 1.0406 1.0797 0.9635 0.8730 0.9336 0.8858 0.8644 0.8740 0.9177 0.8207 1.0000
1.0752 0.9238 0.9282 1.1779 0.8671 0.9859 1.0000 0.9640 0.9882 1.0316 0.9537 0.9229 1.0393 1.1008 1.0751 1.2016
1.2768 1.2037 1.1527 1.1658 1.0433 1.0601 1.0921 0.8808 0.9768 0.8805 0.8889 0.9314 0.8306 0.9332 0.8006 0.9602
1.3347 1.0048 0.9291 1.0338 0.9496 0.9861 0.9928 0.8792 0.9245 1.0454 0.9809 1.0870 0.8972 1.1009 1.0586 1.3269
1.1714 1.1032 0.9883 1.1200 0.9832 1.0860 1.0857 0.9835 0.9067 1.0321 0.9520 0.8899 0.8800 0.8462 0.9945 0.9751
1.1818 1.0912 1.0507 0.9876 0.9601 0.9525 1.0108 0.9729 0.8971 1.0585 0.9694 0.8347 0.9707 1.0795 1.0000 1.0321
1.3263 1.2331 1.1270 1.0650 1.1090 1.1075 1.0392 1.0019 1.0879 0.9114 0.9223 0.8399 0.8220 0.7884 0.7796 0.8306
0.6649 0.7312 0.8907 0.7612 0.9386 0.9581 0.8307 1.0527 1.0369 0.9072 1.0604 1.0104 1.2200 0.9948 1.2426 1.1731
1.1429 0.9889 0.9688 1.0892 1.0056 0.9690 0.9510 1.1333 0.8636 0.8901 0.9361 0.8755 1.0291 1.0018 1.1052 1.0894
0.6683 0.7147 0.8936 0.8160 0.9670 0.9835 0.9177 1.0052 0.9809 0.9796 1.0717 0.9396 1.2362 1.1003 0.9645 1.2341
1.2915 1.1193 1.1427 1.1660 1.0607 1.1043 1.1058 0.9630 1.0017 0.9041 0.8585 0.8974 0.8724 0.8121 0.8733 0.8198
0.9913 0.8804 0.8296 0.9502 0.8900 0.8987 0.7904 1.0663 0.9746 1.0512 1.1722 0.9917 1.0803 1.1819 1.1208 1.5209
1.1432 1.0741 1.0878 1.0008 0.8647 0.9877 1.0005 1.0475 0.9744 0.9064 0.9634 0.8987 0.9968 0.9026 1.0360 1.0800
1.2344 1.1585 0.9527 0.9274 1.0393 1.0491 0.9918 1.0699 1.0112 0.9085 0.9524 0.9611 0.9553 0.7668 0.7487 0.9040
1.0244 0.9445 1.0408 0.9084 1.0004 1.0541 0.9727 1.0031 1.0000 0.9060 0.9290 1.0739 1.0000 1.0043 1.0195 1.1799
0.9569 0.9377 0.8858 1.0000 0.9788 0.9081 1.0459 1.0462 0.9725 1.0230 1.0583 1.0240 1.0581 1.1022 1.2822 1.2981
1.4451 1.3523 1.0473 1.2649 0.9671 0.9832 1.1101 0.9704 0.8952 1.0000 1.0000 0.9112 1.0000 0.8329 0.9206 0.9296
1.4906 1.0221 1.2288 0.9205 0.8133 1.1221 1.0101 0.9858 1.0878 1.0324 0.9068 1.0033 0.8800 0.8607 0.9522 1.1356
1.1838 1.1302 1.1549 1.2089 0.9736 1.0483 0.9474 0.9260 1.0065 1.0038 0.9075 0.8062 0.7978 0.7557 0.5261 0.5039
1.3053 0.9687 1.0000 0.9729 1.1640 1.0663 0.9057 0.9987 0.9862 0.9850 0.9246 1.0695 0.8736 1.0687 0.9900 1.0384
0.6507 0.7176 0.9638 0.9982 1.0970 1.0101 0.9871 0.9730 0.9521 1.0792 0.9674 0.9886 1.0378 0.9600 0.9992 1.2488
1.0416 0.8528 0.9147 0.9807 0.8609 0.9267 0.8819 0.9147 1.0000 1.0735 0.9417 0.9428 1.1550 1.2722 1.3014 1.5534
1.0372 1.0672 0.8932 1.0322 0.8892 1.0015 0.9415 0.9846 1.1095 0.9213 0.9947 1.0160 0.9621 1.0316 0.5458 1.0886
1.2715 1.1198 0.9798 1.0387 1.0573 1.0329 1.0984 0.9961 1.0237 0.8736 1.0171 0.9369 1.0199 0.9054 0.9240 0.9941
