0.7245 0.7887 0.8429 0.8711 1.0281 1.0892 1.0592 1.1829 1.1712 1.1791 1.0392 1.0263 1.0472 1.0114 0.8510 0.8545
0.8281 0.8583 0.9397 1.0222 1.0863 1.2278 1.2127 0.9806 1.0555 0.9831 1.1093 1.0128 0.9295 0.8470 0.9765 0.7534
0.6497 0.7030 0.9212 0.9113 0.9611 1.0643 1.1491 1.0818 1.0841 1.2515 1.0259 0.9407 0.8833 0.9122 0.8866 0.7261
0.6571 0.7458 0.8350 0.9574 0.9734 1.0922 1.1048 1.0360 0.9955 1.1719 1.1461 0.9617 1.0545 0.8774 0.9200 0.7520
0.7200 0.7805 0.8135 0.9043 1.0000 1.0398 1.0725 1.0441 1.1570 1.2119 1.0836 1.0335 1.0008 1.0364 0.9150 0.8065
0.8233 0.8511 0.8691 0.9337 1.1359 1.0853 1.1721 1.1374 1.1928 1.1264 1.0480 1.0298 0.9710 0.9298 0.8471 0.8446
0.7662 0.7992 0.8602 0.9400 1.0305 1.0368 1.1723 1.1667 1.1217 1.1055 1.0951 1.0463 0.9660 0.9095 0.8269 0.9201
0.8767 0.8003 0.8598 0.9510 1.0000 1.1286 1.2066 1.1348 1.0931 1.0643 1.1561 1.0744 1.0120 0.9042 0.8382 0.8984
0.8205 0.8733 0.8409 0.8907 1.0076 1.0160 1.1269 1.0236 1.1077 1.1319 1.0386 1.1160 0.9762 1.0251 0.8839 0.8477
0.6835 0.7396 0.8541 0.9524 0.9645 1.0453 1.0430 1.1020 1.0447 1.0564 1.2141 1.0040 0.9197 0.9862 0.9846 0.9701
0.7187 0.6385 0.7395 0.7746 0.9555 1.0533 1.1251 1.0571 1.0253 1.0660 1.0339 0.9555 1.0134 0.9718 0.8443 0.9713
0.7375 0.8166 0.8962 0.9519 1.1541 1.1347 1.1206 0.8857 1.0547 1.2272 1.0891 0.9674 0.9621 1.0000 1.0000 0.7107
0.9387 0.8914 0.9051 1.0195 1.1349 1.1117 1.1948 1.0513 1.1420 1.0649 1.0458 1.0313 0.9688 0.8500 0.8104 0.9195
0.8895 0.8719 0.9555 0.9992 0.9971 1.1026 1.1640 1.1585 1.1207 1.0668 1.1722 0.9550 0.9385 1.0000 0.8225 0.7862
0.6848 0.7397 0.8872 0.9048 0.9874 1.1630 1.0603 1.0686 1.0615 1.0850 1.1033 1.1529 0.9902 0.8759 0.8679 0.7933
0.6649 0.7864 0.9125 0.9643 1.0094 1.0466 1.0951 1.0552 1.0840 1.0266 1.0235 1.0474 0.9830 0.9786 0.9359 0.8514
0.8560 0.7925 0.8776 0.8968 1.0444 1.1596 1.0117 1.1731 1.1608 1.1789 1.0610 1.0326 1.0648 0.9241 0.8727 0.8819
0.7167 0.7464 0.7872 0.8014 1.0001 1.0148 1.1150 1.0081 1.0063 1.1150 1.0628 1.0419 1.0106 1.0037 0.8706 0.8713
0.6994 1.0000 0.8895 0.9030 0.9800 1.1217 1.1397 1.0977 1.0925 1.1754 1.1053 0.9217 0.9550 0.8974 0.8558 0.8678
0.8117 0.8296 0.9155 0.8425 1.0208 1.1409 1.0065 1.0857 1.0804 1.1903 1.0705 1.1402 1.0000 0.9738 0.9478 0.9294
0.8486 0.8827 0.8728 0.9696 0.9726 1.1213 1.0832 1.0628 1.0461 0.9773 1.0641 1.1151 1.0053 0.9866 0.9918 0.9206
0.6099 0.7635 0.9023 0.9698 1.0000 1.0854 1.0502 1.0861 1.0484 1.1090 1.0521 1.0244 0.9726 0.9068 1.0000 0.7995
0.8643 0.7957 0.9392 0.9408 1.0743 1.1700 1.2056 0.9826 1.0908 1.1376 1.1495 1.0152 1.0202 0.9323 0.8764 0.8100
0.7481 0.7891 0.8670 0.9367 1.2174 1.0000 1.0950 1.2094 1.1136 1.0734 1.2426 0.9543 0.9296 0.9184 0.9491 0.9527
0.8479 0.9159 0.8813 0.9614 1.0785 1.1235 1.1766 1.1939 1.1896 1.1797 1.0999 0.9680 0.9622 0.8881 0.7903 0.7270
