1.2554 1.1486 1.0721 1.1536 1.0100 0.9949 1.0697 0.9091 1.1352 1.1505 0.8960 0.8409 0.9557 0.7878 0.7889 0.8375
1.0000 1.0599 1.1159 1.2883 1.1269 0.9922 1.0139 0.9831 0.9015 0.9814 0.9335 0.8916 0.9281 0.9562 0.8392 1.0000
1.1769 1.0118 0.9813 1.4498 0.9455 1.0306 1.0000 0.9476 0.9914 1.0748 1.0256 0.9245 0.9922 0.9692 0.9683 0.9590
1.2112 1.0955 1.1075 1.1271 1.0088 1.0646 1.1280 0.9344 0.9966 0.9299 0.9160 0.9657 0.8626 0.9073 0.8413 0.9743
1.3647 1.0601 0.9815 1.0230 0.9210 0.9262 0.9823 0.9646 0.8153 0.9169 1.0399 1.1117 0.9416 1.0929 1.1099 1.3285
1.0638 1.0798 0.9429 1.0071 0.9444 1.0580 1.1093 0.9950 0.8305 1.1134 0.9183 0.9864 0.9390 0.9423 0.9909 1.0815
1.2287 1.1128 1.0854 1.0500 0.9838 0.9195 0.9700 0.8944 0.8935 1.0614 0.9871 0.8429 0.9800 1.0356 1.0000 1.0409
1.2075 1.1967 1.0000 1.0852 1.0671 1.0894 1.0739 1.0262 1.1116 0.9205 0.9564 0.9021 0.8560 0.7848 0.8467 0.8847
0.7039 0.7566 0.9556 0.7919 0.9058 0.9270 0.8589 1.0723 1.0823 0.9368 1.0815 1.0273 1.2233 0.8826 1.2730 1.0357
0.9883 0.9234 0.8729 1.0944 1.0116 1.0146 0.9808 0.9897 0.8833 0.9512 0.9232 0.9420 1.0595 1.0436 1.1314 1.2870
0.6434 0.7658 0.8923 0.8717 0.9242 1.0003 0.9623 1.1011 1.0412 0.9944 0.9739 0.9680 1.1110 1.1087 0.9867 1.0958
1.1929 1.0403 1.1041 1.1548 1.0432 1.1176 1.1187 0.9982 1.0202 0.8942 0.8811 0.9135 0.9022 0.8687 0.9256 0.8053
0.9789 0.9967 0.9618 1.0515 1.0084 0.8705 0.8181 1.1517 0.9137 0.9793 1.1029 0.8720 1.0033 1.1573 1.0546 1.3330
1.0428 0.9731 1.0074 0.8113 0.8682 0.9563 0.9332 1.0634 0.9752 0.9955 1.0407 0.9448 1.1024 0.9850 1.1179 1.1316
1.3163 1.1289 0.9881 0.9698 1.0637 1.0847 1.0718 1.0775 1.0061 0.8194 0.9656 0.9522 0.9487 0.7388 0.6935 0.7548
0.9302 0.9420 1.0738 0.9079 0.9014 1.0330 0.9883 1.0106 1.0000 0.9082 0.9918 0.9501 1.0000 1.0830 1.1402 1.3042
0.9983 0.9542 0.9866 1.0000 0.9477 0.9766 1.0551 0.9234 1.0062 1.0719 1.0659 1.0010 1.0121 0.9921 1.1306 1.2644
1.3336 1.2764 0.9412 1.2571 0.9438 0.9973 1.1203 0.9487 0.8873 1.0000 1.0000 0.9594 1.0000 0.8620 0.9583 0.9572
1.3901 1.0366 1.3254 1.0054 0.8638 1.1517 1.0133 1.0092 1.0522 0.9867 0.8846 0.9795 0.8675 0.8517 0.8952 1.0473
1.0997 1.0792 1.1545 1.1897 1.0099 1.0401 0.9714 0.9522 1.0309 1.1117 0.9363 0.8517 0.8129 0.7528 0.5482 0.5170
1.4528 1.0144 1.0000 0.9912 1.1673 1.1084 0.9726 0.9974 0.9953 0.8713 0.9380 1.1001 0.9343 1.0716 0.9983 0.9034
0.5367 0.6708 0.9432 0.9393 0.9273 1.0152 1.0270 1.0053 0.9845 1.0503 0.9952 1.0853 1.1346 0.9229 0.9682 1.2728
1.0565 0.8737 0.9320 0.8966 0.8807 0.9471 0.9540 0.9955 1.0000 1.1359 0.9627 0.9328 1.1033 1.1991 1.1628 1.1429
1.0051 0.9830 0.8234 0.9882 0.8742 0.9839 0.9017 0.8966 1.1332 0.9993 1.0625 1.0817 1.0259 1.0341 0.5458 1.1578
1.3808 1.1439 1.0427 1.1518 1.1042 1.1056 1.1862 1.0165 1.0317 0.8616 0.9924 0.8563 0.9346 0.8279 0.7746 0.8701
