1.3208 1.1899 1.0302 1.0905 0.9948 0.9577 1.0769 0.8911 1.1385 1.1589 0.8773 0.8417 0.9109 0.8105 0.8055 0.9037
1.0000 1.0664 1.2378 1.2528 1.1474 0.9973 1.0556 0.9588 0.9033 0.9373 0.9040 0.8916 0.8957 0.9314 0.8335 1.0000
1.0609 0.9156 0.9549 1.2937 0.8729 0.9697 1.0000 0.9365 0.9906 1.0514 0.9954 0.9471 1.0655 1.0916 1.0551 1.1684
1.2579 1.1516 1.1219 1.1395 1.0081 1.0817 1.1032 0.9076 0.9700 0.9179 0.9311 0.9408 0.8303 0.9576 0.8100 0.9756
1.3149 1.0076 0.9297 1.0446 0.9491 0.9763 1.0057 0.9210 0.9244 1.0036 0.9832 1.0913 0.8966 1.0772 1.0734 1.2946
1.1473 1.0838 0.9869 1.0898 0.9624 1.0570 1.0363 0.9762 0.8858 1.0469 0.9678 0.8963 0.9270 0.8992 1.0207 1.0224
1.1890 1.1045 1.0446 1.0127 0.9260 0.9641 1.0090 0.9650 0.8946 1.0587 0.9576 0.8540 0.9578 1.0822 1.0000 1.0540
1.3356 1.2204 1.1254 1.0710 1.1100 1.0548 1.0341 1.0018 1.1082 0.9019 0.8861 0.8443 0.8294 0.7855 0.8141 0.8628
0.6574 0.7140 0.9076 0.7378 0.9033 0.9639 0.8330 1.0516 1.0412 0.9226 1.0723 1.0278 1.2306 0.9823 1.2534 1.1520
1.1009 0.9646 0.9238 1.0915 1.0140 0.9449 0.9441 1.1001 0.8868 0.8942 0.9119 0.9276 1.0415 1.0049 1.1402 1.1809
0.6775 0.7510 0.9056 0.8403 0.9557 0.9706 0.9489 1.0474 0.9984 0.9959 1.0457 0.9198 1.1683 1.1054 0.9602 1.2103
1.2463 1.1164 1.1680 1.2196 1.0651 1.0908 1.1286 0.9713 1.0243 0.8653 0.8427 0.8694 0.8500 0.8334 0.8876 0.8279
0.9930 0.8541 0.8494 0.9339 0.8915 0.8899 0.7978 1.1438 0.9145 1.0532 1.1686 0.9761 1.0875 1.1779 1.1360 1.4992
1.1421 1.0336 1.1057 0.9494 0.8613 0.9757 1.0114 1.0410 0.9623 0.9052 0.9596 0.8927 1.0227 0.9230 1.0815 1.1021
1.2453 1.1572 0.9457 0.9470 1.0458 1.0997 1.0289 1.0860 0.9800 0.8595 0.9227 0.9628 0.9541 0.7534 0.7336 0.8896
0.9745 0.9510 1.0530 0.8870 0.9544 1.0682 0.9894 1.0039 1.0000 0.9058 0.9703 1.0493 1.0000 1.0193 1.0760 1.2119
0.9279 0.9309 0.9281 1.0000 0.9368 0.9396 1.0359 1.0307 1.0088 1.0399 1.0626 1.0160 1.0641 1.0671 1.2517 1.3057
1.3903 1.3476 1.0109 1.2554 0.9484 1.0047 1.1250 0.9882 0.8972 1.0000 1.0000 0.9064 1.0000 0.8315 0.9195 0.9546
1.4848 1.0066 1.1903 0.9353 0.8221 1.1223 1.0165 0.9789 1.1114 1.0195 0.8938 1.0136 0.8839 0.8690 0.9492 1.1147
1.1673 1.1033 1.1347 1.2161 0.9953 1.0310 0.9299 0.9216 1.0223 1.0226 0.9186 0.8197 0.8220 0.7679 0.5475 0.5167
1.3201 0.9627 1.0000 0.9234 1.1337 1.0698 0.9150 1.0163 0.9887 0.9458 0.9258 1.0756 0.9028 1.0745 1.0068 1.0451
0.6513 0.7329 0.9742 0.9910 1.0532 1.0417 1.0119 0.9600 0.9231 1.0740 0.9549 1.0402 1.0685 0.9484 0.9749 1.2673
1.0364 0.8616 0.9069 0.9759 0.8546 0.9356 0.8895 0.9521 1.0000 1.1239 0.9496 0.9350 1.1114 1.2338 1.2592 1.4898
1.0213 1.0399 0.8545 1.0120 0.8818 0.9803 0.9162 0.9705 1.1039 0.9199 1.0358 1.0641 0.9829 1.0560 0.5458 1.1066
1.3008 1.1536 1.0098 1.0696 1.0639 1.0581 1.0945 0.9922 1.0008 0.8619 1.0296 0.8819 1.0044 0.9115 0.8707 0.9780
