0.7538 0.8043 0.8839 0.9091 1.0377 1.0869 1.0604 1.1702 1.1353 1.1435 1.0269 0.9725 1.0429 1.0079 0.8662 0.8699
0.8726 0.8811 0.9785 1.0458 1.1106 1.2543 1.2082 0.9319 1.0017 0.9116 1.0762 0.9905 0.9236 0.8446 1.0003 0.7775
0.6705 0.7233 0.9375 0.9249 0.9581 1.0872 1.1281 1.0672 1.0621 1.2140 1.0074 0.9688 0.8945 0.9197 0.9084 0.7345
0.6876 0.7487 0.8786 0.9755 0.9653 1.0911 1.0946 1.0199 0.9818 1.1421 1.1300 0.9780 1.0309 0.9010 0.9326 0.7623
0.7619 0.8101 0.8310 0.9212 1.0000 1.0344 1.0819 1.0386 1.1468 1.2061 1.0303 1.0273 0.9599 1.0382 0.9627 0.8533
0.8561 0.8789 0.8747 0.9645 1.1511 1.0933 1.1758 1.0984 1.1761 1.0824 1.0461 1.0120 0.9793 0.9072 0.8592 0.8440
0.7435 0.8380 0.8776 0.9501 1.0484 1.0593 1.1386 1.1555 1.0888 1.0553 1.0740 1.0397 0.9724 0.9138 0.8270 0.9587
0.9001 0.8086 0.8756 0.9417 1.0000 1.0875 1.1979 1.1100 1.0876 1.0335 1.1399 1.0777 1.0255 0.9300 0.8536 0.9269
0.8165 0.8857 0.8879 0.8939 1.0344 1.0289 1.1344 1.0383 1.0691 1.1071 1.0256 1.0701 0.9777 1.0253 0.8952 0.8473
0.6962 0.7714 0.8800 1.0022 1.0166 1.0254 1.0605 1.1041 0.9802 1.0009 1.1695 0.9560 0.9156 0.9651 0.9922 1.0173
0.7309 0.6675 0.7618 0.8207 0.9638 1.0517 1.1467 1.0369 0.9949 1.0467 1.0020 0.9551 1.0233 0.9882 0.8689 0.9779
0.7549 0.8560 0.9146 0.9778 1.1682 1.1448 1.1176 0.8641 1.0398 1.2245 1.0793 0.9732 0.9493 1.0000 1.0000 0.7154
0.9685 0.9020 0.9125 1.0347 1.1434 1.1047 1.1518 0.9991 1.1140 1.0321 1.0558 1.0203 0.9968 0.8323 0.8354 0.9788
0.9310 0.9290 0.9707 1.0227 1.0047 1.1019 1.1565 1.1196 1.0674 1.0346 1.1410 0.9287 0.9564 1.0000 0.8191 0.8136
0.6814 0.7560 0.8845 0.9033 1.0249 1.1945 1.1065 1.0572 1.0354 1.0407 1.0987 1.1202 1.0004 0.8477 0.8840 0.8064
0.7370 0.8413 0.9395 1.0000 0.9938 1.0252 1.0760 1.0476 1.0566 0.9954 1.0111 1.0726 0.9955 0.9809 0.9275 0.8744
0.9022 0.7664 0.8778 0.8918 1.0419 1.1904 0.9716 1.1567 1.1302 1.1615 1.0284 1.0339 1.1058 0.9265 0.8907 0.9219
0.7075 0.8071 0.8076 0.8311 1.0203 0.9956 1.1210 0.9942 0.9997 1.1071 1.0700 1.0508 1.0100 1.0279 0.8944 0.9215
0.7039 1.0000 0.9187 0.9327 0.9829 1.1511 1.1405 1.0443 1.0552 1.1435 1.0699 0.9024 0.9782 0.8956 0.8858 0.8970
0.8489 0.8351 0.9474 0.8532 1.0549 1.1509 0.9934 1.0679 1.0341 1.1556 1.0240 1.1235 1.0000 0.9648 0.9700 0.9338
0.8851 0.8985 0.8922 0.9681 0.9378 1.0971 1.0530 1.0215 1.0200 0.9687 1.0476 1.1153 1.0106 1.0038 1.0209 0.9708
0.6304 0.7650 0.9127 0.9881 1.0000 1.0562 1.0565 1.0502 1.0195 1.0860 1.0220 1.0728 0.9872 0.9194 1.0000 0.8288
0.8389 0.7840 0.9822 0.9503 1.0564 1.1598 1.1582 0.9239 1.0600 1.1301 1.1391 1.0497 1.0415 0.9424 0.8927 0.8455
0.7768 0.8022 0.8784 0.9531 1.2260 1.0000 1.0718 1.1820 1.0866 1.0392 1.2079 0.9433 0.9348 0.9355 0.9878 0.9775
0.8426 0.9353 0.9004 0.9867 1.0992 1.1185 1.1848 1.1762 1.1624 1.1478 1.0572 0.9711 0.9585 0.8985 0.7787 0.7838
