1.2633 1.1345 1.1540 1.2398 1.0677 1.0490 1.1092 0.9130 1.1309 1.0706 0.9079 0.8221 0.8965 0.7219 0.7595 0.7205
1.0000 0.9975 0.9714 1.1653 1.1406 1.0000 1.0086 0.9789 0.8976 1.0648 0.9723 0.9591 0.9593 1.0495 0.8405 1.0000
1.3014 1.1422 1.0301 1.6443 1.0652 1.0554 1.0000 0.8834 1.0225 1.0228 1.0060 0.8443 0.9381 0.9328 0.8679 0.8513
1.1083 0.9179 1.0076 1.1678 1.0348 1.0452 1.1175 0.9705 1.0445 1.0166 0.9807 0.9287 0.9389 0.8663 0.8645 0.9796
1.5027 1.0994 1.0723 1.0554 0.9287 0.9510 0.9869 0.9995 0.7575 0.8664 1.0891 1.1150 0.9260 1.0183 1.0419 1.1918
0.9975 1.0671 0.8501 0.9477 0.8648 1.0234 1.1031 0.9888 0.8142 1.1580 0.9147 1.0741 0.9950 0.9819 1.0201 1.1757
1.3867 1.1246 1.1479 1.0962 1.0355 0.9167 0.9736 0.8760 0.8995 0.9902 0.9622 0.8778 0.9480 1.0515 1.0000 0.9725
1.0783 1.2129 0.8804 1.0520 1.0023 1.0587 1.1232 1.0719 1.1345 0.9231 0.9483 0.9556 0.8882 0.7814 0.8893 0.9648
0.7705 0.7765 1.0274 0.8678 0.8675 0.9828 0.8669 1.1211 1.0977 0.9455 1.1348 1.0067 1.1723 0.7946 1.2519 0.9773
0.8617 0.8180 0.8367 1.0474 1.0007 0.9798 1.0159 0.9746 0.9195 1.0494 0.9287 1.0018 1.1606 1.0749 1.1923 1.4110
0.6025 0.8046 0.8910 0.8902 0.8951 1.0399 1.0197 1.1798 1.0942 1.0322 0.8774 0.9911 1.0291 1.0876 0.9496 1.0554
1.1027 0.9836 1.0550 1.1081 1.0019 1.0811 1.1557 0.9313 1.0239 0.9270 0.9360 0.9573 0.9647 0.9606 1.0100 0.7883
1.0060 1.1086 1.0972 1.1845 1.0687 0.9300 0.8725 1.2667 0.8966 1.0106 1.1168 0.7701 0.8360 0.9652 0.8734 1.0552
0.9619 0.8868 0.9635 0.7686 0.8970 0.9075 0.8448 1.1182 0.9947 1.0624 1.0829 1.0346 1.1029 1.0245 1.1661 1.1017
1.4234 1.1361 1.0119 1.0540 1.1031 1.1196 1.1264 1.1060 1.0170 0.7559 0.9414 0.9137 0.8771 0.6473 0.6432 0.6681
0.8157 0.9263 1.0232 0.9148 0.8766 1.0110 1.0403 1.0167 1.0000 0.9361 1.0545 0.9276 1.0000 1.1400 1.2049 1.3589
1.0808 0.9451 1.0590 1.0000 0.9323 1.0079 1.0652 0.8626 1.0125 1.0725 1.0296 1.0327 0.9605 0.9382 1.0101 1.0748
1.1903 1.2151 0.9012 1.2249 0.8849 0.9761 1.1474 0.9178 0.8853 1.0000 1.0000 1.0278 1.0000 0.9045 1.0042 1.0740
1.3510 1.0323 1.3545 1.0814 0.8712 1.1729 1.0777 1.0284 1.1645 0.9118 0.8966 0.9713 0.8576 0.8028 0.7856 0.9483
1.0120 1.0788 1.1663 1.1329 1.0098 1.0194 0.9685 1.0188 1.0704 1.1064 0.9510 0.8587 0.7657 0.7718 0.5810 0.5330
1.4267 1.0505 1.0000 1.0357 1.1886 1.1496 0.9716 1.0230 0.9931 0.8276 0.9485 1.1160 0.9124 1.0258 0.9433 0.8522
0.5654 0.5856 0.9233 0.8686 0.8541 0.9772 1.0399 1.0541 1.0264 0.9886 1.0343 1.1731 1.1816 0.9359 0.9646 1.2971
1.1070 0.9124 0.9889 0.8266 0.9630 0.9853 1.0041 1.0602 1.0000 1.2303 0.9958 0.9339 1.0175 1.0517 0.9600 0.8708
0.8825 0.8294 0.7604 0.9087 0.8458 0.9994 0.8735 0.9261 1.1486 1.0497 1.0938 1.1624 1.1575 1.0772 0.5458 1.2130
1.5191 1.3219 1.1155 1.2793 1.1720 1.1836 1.2652 0.9953 1.0100 0.8023 0.9414 0.8460 0.8908 0.8277 0.7455 0.8214
