1.3515 1.2004 1.0474 1.0964 0.9819 0.9483 1.0696 0.8901 1.1085 1.1291 0.8471 0.8381 0.9244 0.8411 0.7948 0.9262
1.0000 1.1097 1.3291 1.2863 1.1415 0.9942 1.1041 0.9668 0.8797 0.9023 0.8705 0.8417 0.8669 0.8936 0.8202 1.0000
1.0248 0.9118 1.0263 1.1625 0.8484 0.9449 1.0000 0.9518 0.9753 1.0445 0.9337 0.9510 1.0370 1.1448 1.0479 1.2051
1.3486 1.2059 1.2022 1.1293 1.0229 1.0692 1.0827 0.9063 0.9546 0.8588 0.8976 0.9510 0.8107 0.9353 0.7813 0.9956
1.2484 0.9635 0.9078 1.0192 0.9625 1.0126 1.0012 0.8966 1.0077 1.1031 0.9540 1.0831 0.8886 1.0782 1.0404 1.2840
1.2717 1.0927 1.0346 1.1550 0.9921 1.0837 1.0469 0.9545 0.9231 0.9940 0.9926 0.8532 0.8632 0.8357 1.0002 0.9569
1.1926 1.1021 1.0536 1.0046 0.9451 0.9547 1.0171 0.9775 0.8958 1.0369 0.9485 0.8408 0.9784 1.0737 1.0000 1.0403
1.3869 1.2749 1.2033 1.1216 1.1592 1.1044 1.0712 1.0078 1.0861 0.8817 0.8819 0.8195 0.7856 0.7585 0.7208 0.7637
0.6576 0.7028 0.8777 0.7261 0.9322 0.9435 0.8351 1.0214 0.9959 0.8967 1.0320 0.9777 1.1890 0.9968 1.1703 1.2476
1.1472 0.9866 0.9973 1.1009 1.0116 0.9650 0.9500 1.2061 0.8838 0.8762 0.9369 0.8871 0.9943 0.9797 1.0554 1.0388
0.7056 0.7395 0.8902 0.8231 0.9759 0.9727 0.9182 1.0066 0.9609 0.9523 1.1076 0.9257 1.2127 1.1085 0.9661 1.3141
1.2935 1.1534 1.2063 1.2334 1.1124 1.1222 1.1215 0.9623 0.9828 0.8868 0.8409 0.8908 0.8438 0.7838 0.8245 0.7765
0.9659 0.8196 0.8025 0.9083 0.8607 0.9250 0.8397 1.0732 0.9544 1.1188 1.1878 1.0270 1.1090 1.1942 1.1528 1.5174
1.2350 1.0810 1.1438 1.0478 0.8551 1.0048 1.0484 1.0281 0.9490 0.8775 0.9281 0.8712 0.9955 0.8613 1.0051 1.0561
1.1477 1.1725 0.9441 0.9090 1.0412 1.0332 0.9839 1.0529 1.0013 0.9546 0.9585 0.9909 0.9610 0.8167 0.7955 0.9834
1.0591 0.9065 1.0606 0.9015 1.0064 1.0673 0.9678 1.0073 1.0000 0.9142 0.9305 1.1104 1.0000 0.9912 0.9770 1.1061
0.9398 0.9293 0.9046 1.0000 0.9773 0.9218 1.0257 1.1082 1.0087 1.0129 1.0367 1.0041 1.0444 1.0710 1.2379 1.2618
1.5030 1.3699 1.0692 1.2774 0.9860 0.9896 1.1245 0.9673 0.9124 1.0000 1.0000 0.8921 1.0000 0.8268 0.8909 0.8947
1.5085 1.0170 1.1508 0.9274 0.7973 1.1028 1.0264 0.9788 1.0716 1.0369 0.9422 1.0081 0.9054 0.8855 1.0006 1.1556
1.1731 1.1090 1.1411 1.2380 0.9796 1.0439 0.9514 0.9234 1.0104 1.0287 0.9035 0.8053 0.8100 0.7863 0.5311 0.5286
1.1927 0.9649 1.0000 0.9564 1.1071 1.0791 0.9221 1.0163 0.9819 1.0122 0.9256 1.0383 0.8965 1.0497 0.9745 1.0636
0.7428 0.7594 0.9985 1.0009 1.1030 1.0152 0.9786 0.9592 0.9498 1.0631 0.9780 0.9934 1.0072 0.9936 0.9708 1.2042
1.0444 0.8900 0.9186 0.9778 0.8463 0.9213 0.8673 0.9246 1.0000 1.1674 0.9586 0.9360 1.1670 1.2935 1.3741 1.7198
1.0260 1.0827 0.8952 1.0479 0.9011 1.0003 0.9652 1.0214 1.0943 0.8996 0.9854 1.0373 0.9296 1.0431 0.5458 1.0331
1.0668 0.9283 0.8597 0.8963 0.9384 0.9445 1.0311 0.9923 0.9741 0.8838 1.0389 1.0001 1.1215 0.9973 1.0641 1.2298
