1.3199 1.1933 1.0880 1.1095 1.0307 0.9623 1.0816 0.8924 1.1184 1.1139 0.8696 0.8310 0.9436 0.7922 0.7994 0.8535
1.0000 1.0668 1.1722 1.2527 1.1640 1.0102 1.0561 0.9836 0.8870 0.9681 0.9063 0.8838 0.9012 0.9405 0.8215 1.0000
1.1536 0.9691 0.9112 1.3856 0.9099 1.0088 1.0000 0.9467 0.9995 1.0776 0.9837 0.9300 0.9922 0.9784 1.0400 1.0554
1.2929 1.1329 1.1190 1.1547 0.9968 1.0675 1.1063 0.9128 0.9819 0.9279 0.9253 0.9429 0.8490 0.9228 0.8294 0.9595
1.4137 1.0631 0.9924 1.0348 0.9680 0.9406 0.9743 0.9330 0.8795 0.9367 0.9318 1.1163 0.9080 1.0880 1.0962 1.3353
1.0958 1.0645 0.9442 1.0559 0.9156 1.0740 1.0696 0.9681 0.8678 1.1162 0.9593 0.9306 0.9568 0.9243 1.0141 1.0497
1.2492 1.0961 1.0782 1.0274 0.9678 0.9413 1.0218 0.9504 0.8822 1.0873 0.9744 0.8287 0.9640 1.0193 1.0000 1.0068
1.2444 1.2307 1.0618 1.0946 1.1165 1.0631 1.0692 1.0177 1.1169 0.9158 0.9451 0.8358 0.8252 0.7694 0.8117 0.8885
0.6997 0.7472 0.9295 0.7659 0.9272 0.9780 0.8512 1.0652 1.0815 0.9318 1.0849 0.9875 1.1979 0.9231 1.2501 1.1315
1.0462 0.9372 0.8935 1.0693 0.9614 0.9599 0.9546 1.0553 0.8579 0.9258 0.9401 0.9561 1.1035 1.0397 1.1468 1.2445
0.6317 0.7326 0.8789 0.8441 0.9169 0.9908 0.9332 1.0991 1.0157 0.9584 1.0329 0.9614 1.1943 1.1255 0.9728 1.1306
1.2077 1.0775 1.1317 1.1829 1.0522 1.0883 1.1478 0.9902 1.0117 0.8896 0.8588 0.9118 0.9042 0.8463 0.8964 0.8088
0.9901 0.9268 0.9154 1.0196 0.9731 0.8780 0.7659 1.0832 0.9492 0.9483 1.1409 0.9318 1.0580 1.2103 1.1115 1.4412
1.0968 1.0082 1.0595 0.8282 0.8573 0.9578 0.9754 1.0639 0.9758 0.9590 0.9931 0.9453 1.0516 0.9602 1.0874 1.1206
1.3251 1.1682 0.9891 0.9731 1.0453 1.0916 1.0462 1.0909 0.9807 0.8603 0.9653 0.9482 0.9261 0.7475 0.7356 0.7950
0.9834 0.9596 1.0440 0.9007 0.9380 1.0311 1.0283 0.9977 1.0000 0.9105 0.9734 0.9573 1.0000 1.0397 1.0956 1.2869
0.9507 0.9282 0.9569 1.0000 0.9730 0.9391 1.0209 0.9880 1.0016 1.0396 1.0430 1.0356 1.0606 1.0514 1.2015 1.3012
1.4169 1.3655 1.0428 1.2490 0.9567 1.0154 1.1287 0.9471 0.8694 1.0000 1.0000 0.9435 1.0000 0.8366 0.9272 0.9427
1.4510 1.0178 1.2853 0.9565 0.8558 1.1362 1.0301 0.9997 1.0740 0.9882 0.9049 0.9873 0.8864 0.8637 0.8990 1.0759
1.1120 1.0955 1.1725 1.2061 0.9908 1.0466 0.9586 0.9313 1.0205 1.1155 0.9130 0.8291 0.8374 0.7472 0.5446 0.5109
1.3434 0.9799 1.0000 0.9804 1.1568 1.0710 0.9153 1.0083 0.9975 0.9173 0.9118 1.0887 0.9494 1.0660 1.0016 0.9638
0.5568 0.7168 0.9646 0.9874 1.0119 1.0379 1.0025 0.9827 0.9661 1.0482 1.0064 1.0525 1.0500 0.9550 0.9418 1.2644
1.0347 0.8834 0.9227 0.9228 0.8850 0.9320 0.8749 0.9576 1.0000 1.1504 0.9346 0.9417 1.1136 1.2754 1.2161 1.2792
0.9940 1.0192 0.8384 1.0063 0.8739 0.9928 0.9010 0.9410 1.1286 0.9549 1.0479 1.0718 1.0026 1.0453 0.5458 1.1146
1.3740 1.1011 1.0800 1.1449 1.0878 1.0897 1.1431 1.0171 1.0005 0.8672 0.9952 0.8560 0.9335 0.8433 0.8242 0.8904
