1.3284 1.1687 1.0919 1.1408 1.0216 0.9732 1.0767 0.8994 1.1233 1.1414 0.8386 0.8236 0.9335 0.7912 0.7852 0.8644
1.0000 1.0780 1.1802 1.2746 1.1523 1.0013 1.0468 0.9809 0.8881 0.9578 0.9065 0.9022 0.8911 0.9226 0.8287 1.0000
1.1687 1.0034 0.9662 1.3803 0.8935 0.9987 1.0000 0.9213 0.9744 1.0787 0.9895 0.9468 1.0232 1.0013 1.0255 1.0639
1.2486 1.1446 1.0978 1.1432 1.0211 1.0625 1.1079 0.9170 0.9884 0.9199 0.9301 0.9484 0.8531 0.8992 0.8443 0.9536
1.3891 1.0405 0.9637 1.0535 0.9539 0.9624 0.9729 0.9426 0.8781 0.9375 1.0003 1.1090 0.8955 1.0879 1.0872 1.2929
1.1127 1.0727 0.9475 1.0599 0.9425 1.0611 1.0771 0.9919 0.8725 1.1078 0.9235 0.9481 0.9266 0.9207 0.9922 1.0444
1.2679 1.1111 1.0781 1.0377 0.9720 0.9169 0.9781 0.9430 0.8898 1.0345 0.9787 0.8376 0.9880 1.0267 1.0000 1.0566
1.2471 1.2626 1.0476 1.0799 1.1037 1.1101 1.0863 1.0030 1.0784 0.9033 0.8977 0.8471 0.8383 0.7741 0.8154 0.8875
0.6918 0.7293 0.9335 0.7857 0.9131 0.9544 0.8455 1.0636 1.0636 0.9471 1.0993 0.9998 1.2259 0.9254 1.2696 1.0858
1.0626 0.9540 0.9035 1.1108 1.0093 0.9855 0.9743 1.0534 0.8789 0.9308 0.9088 0.9304 1.0486 0.9911 1.1228 1.2239
0.6434 0.7541 0.8533 0.8250 0.9014 0.9777 0.9244 1.0923 1.0359 0.9770 1.0183 0.9472 1.1990 1.1293 1.0001 1.1665
1.2421 1.0921 1.1292 1.1714 1.0408 1.1258 1.1063 0.9762 0.9902 0.9189 0.8444 0.8913 0.8724 0.8282 0.9324 0.8311
1.0080 0.9565 0.9151 1.0217 0.9522 0.8791 0.7864 1.1032 0.9418 0.9778 1.1055 0.9068 1.0630 1.1649 1.1038 1.4150
1.0853 0.9993 1.0465 0.8360 0.8545 0.9652 0.9578 1.0584 0.9867 0.9457 1.0043 0.9655 1.0316 0.9732 1.0992 1.1141
1.3031 1.1755 1.0052 1.0106 1.0728 1.0785 1.0258 1.0556 0.9834 0.8359 0.9545 0.9361 0.9087 0.7529 0.7280 0.8138
0.9668 0.9212 1.0308 0.8983 0.9564 1.0201 0.9866 1.0047 1.0000 0.9440 0.9798 0.9771 1.0000 1.0676 1.0862 1.2619
0.9902 0.9544 0.9782 1.0000 0.9762 0.9782 1.0306 0.9653 0.9970 1.0341 1.0556 0.9976 1.0339 1.0148 1.1802 1.3151
1.4085 1.3464 1.0014 1.2676 0.9566 0.9741 1.1364 0.9113 0.8872 1.0000 1.0000 0.9426 1.0000 0.8469 0.9465 0.9551
1.4321 1.0386 1.2542 0.9920 0.8349 1.1361 1.0085 1.0004 1.1084 0.9926 0.8902 0.9816 0.8789 0.8596 0.9177 1.0831
1.1378 1.0921 1.1930 1.2150 0.9787 1.0611 0.9318 0.9702 0.9823 1.0914 0.9244 0.8097 0.7628 0.7622 0.5306 0.5257
1.4113 0.9889 1.0000 0.9825 1.1555 1.1339 0.9672 1.0421 0.9863 0.9041 0.9297 1.0767 0.8945 1.0305 0.9652 0.9473
0.5698 0.7237 0.9925 1.0025 0.9708 1.0167 1.0189 0.9773 0.9577 1.0563 0.9801 1.0553 1.0617 0.9482 0.9845 1.2458
1.0668 0.8831 0.9420 0.9109 0.8781 0.9234 0.8879 0.9615 1.0000 1.1691 0.9437 0.9496 1.0949 1.2566 1.2454 1.2718
0.9935 0.9960 0.8358 1.0208 0.8682 1.0103 0.9329 0.9473 1.1434 0.9404 1.0505 1.0882 0.9888 1.0404 0.5458 1.0920
1.3838 1.1800 1.0720 1.1401 1.1190 1.0212 1.1141 0.9858 1.0084 0.8338 0.9595 0.8725 0.9653 0.8651 0.8478 0.9391
