1.3379 1.1886 1.0493 1.0866 1.0066 0.9595 1.0727 0.8936 1.1335 1.1571 0.8669 0.8262 0.9191 0.8083 0.7951 0.9064
1.0000 1.0544 1.2339 1.2788 1.1347 1.0050 1.0637 0.9705 0.9113 0.9465 0.9030 0.8734 0.8786 0.9084 0.8383 1.0000
1.0715 0.9141 0.8928 1.2944 0.8680 0.9602 1.0000 0.9281 0.9875 1.0416 0.9657 0.9563 1.0634 1.0889 1.0769 1.1832
1.2748 1.1564 1.1119 1.1449 1.0067 1.0781 1.0887 0.9034 0.9868 0.9185 0.9074 0.9561 0.8337 0.9284 0.8291 0.9741
1.3085 1.0023 0.9328 1.0109 0.9328 0.9606 0.9962 0.9237 0.9027 0.9979 0.9725 1.0840 0.9177 1.1098 1.0914 1.3066
1.1705 1.1161 0.9932 1.1137 0.9805 1.0785 1.0550 0.9741 0.8848 1.0455 0.9543 0.8869 0.8975 0.8634 1.0014 1.0004
1.2136 1.1065 1.0476 1.0122 0.9449 0.9618 1.0066 0.9584 0.8935 1.0562 0.9578 0.8504 0.9459 1.0748 1.0000 1.0391
1.3097 1.2306 1.1199 1.1060 1.1092 1.0747 1.0603 1.0477 1.1094 0.9073 0.9039 0.8393 0.8061 0.7686 0.7812 0.8253
0.6707 0.7187 0.9096 0.7578 0.9278 0.9616 0.8367 1.0506 1.0393 0.9189 1.0907 1.0080 1.2226 0.9600 1.2446 1.1622
1.0682 0.9426 0.9285 1.0784 1.0249 0.9747 0.9717 1.1009 0.9072 0.9247 0.9650 0.9366 1.0101 0.9967 1.0994 1.1303
0.6671 0.7410 0.9051 0.8319 0.9411 0.9799 0.9385 1.0503 1.0092 0.9822 1.0499 0.9371 1.1663 1.1054 0.9649 1.1938
1.2474 1.1167 1.1568 1.1992 1.0808 1.0799 1.1314 0.9746 1.0221 0.8750 0.8464 0.8625 0.8593 0.8283 0.8900 0.8306
0.9860 0.8795 0.8569 0.9516 0.8938 0.9017 0.8011 1.1433 0.9328 1.0203 1.1729 0.9442 1.0848 1.1720 1.1372 1.5153
1.1332 1.0362 1.1003 0.9476 0.8638 0.9662 1.0073 1.0395 0.9596 0.9089 0.9693 0.9059 1.0379 0.9153 1.0755 1.1093
1.2473 1.1463 0.9623 0.9555 1.0814 1.0878 1.0157 1.0743 0.9828 0.8547 0.9434 0.9445 0.9448 0.7633 0.7372 0.8730
0.9618 0.9372 1.0588 0.8968 0.9653 1.0714 0.9794 1.0138 1.0000 0.9227 0.9782 1.0246 1.0000 1.0328 1.0514 1.2093
0.9485 0.9517 0.9376 1.0000 0.9548 0.9372 1.0292 1.0184 0.9801 1.0413 1.0484 1.0118 1.0633 1.0808 1.2515 1.2981
1.4169 1.3246 1.0224 1.2286 0.9576 0.9935 1.1388 0.9606 0.8965 1.0000 1.0000 0.9351 1.0000 0.8408 0.9264 0.9512
1.5254 1.0374 1.1844 0.9514 0.8237 1.1344 1.0112 0.9769 1.1078 1.0031 0.9110 1.0066 0.8835 0.8681 0.9504 1.1029
1.1552 1.1040 1.1369 1.2007 0.9973 1.0375 0.9458 0.9362 1.0150 0.9901 0.9254 0.8095 0.8211 0.7689 0.5494 0.5153
1.3107 0.9774 1.0000 0.9633 1.1182 1.0630 0.9238 1.0036 0.9940 0.9360 0.9420 1.0747 0.9139 1.0595 0.9947 1.0487
0.6371 0.7243 0.9704 0.9652 1.0468 1.0329 1.0003 0.9498 0.9275 1.0740 0.9730 1.0420 1.0505 0.9914 0.9826 1.2668
1.0431 0.8647 0.9132 0.9551 0.8544 0.9333 0.8798 0.9367 1.0000 1.1526 0.9528 0.9233 1.1134 1.2336 1.2590 1.4675
1.0298 1.0512 0.8544 1.0272 0.8836 1.0020 0.9089 0.9829 1.1161 0.9085 1.0119 1.0361 0.9905 1.0357 0.5458 1.1081
1.3234 1.1238 1.0191 1.0797 1.0484 1.0735 1.1082 0.9818 1.0238 0.8550 1.0019 0.8791 1.0009 0.8933 0.8527 0.9453
