1.3279 1.1926 1.0416 1.0893 0.9828 0.9414 1.0740 0.8977 1.1084 1.1445 0.8625 0.8478 0.9379 0.8225 0.7978 0.9219
1.0000 1.0705 1.3087 1.2630 1.1409 1.0099 1.0971 0.9692 0.8947 0.9098 0.8807 0.8673 0.8678 0.9021 0.8216 1.0000
1.0603 0.9004 0.8410 1.1750 0.8498 0.9598 1.0000 0.9520 0.9683 1.0343 0.9515 0.9464 1.0523 1.1651 1.0533 1.2918
1.2905 1.1824 1.1688 1.1243 1.0187 1.0646 1.1041 0.8919 0.9831 0.9029 0.9074 0.9488 0.8116 0.9294 0.7882 0.9628
1.3012 0.9924 0.9124 1.0273 0.9295 1.0076 0.9920 0.9026 0.9752 1.0555 1.0064 1.0688 0.8793 1.0944 1.0443 1.3392
1.2078 1.0923 1.0017 1.1248 0.9885 1.0725 1.0747 0.9624 0.9168 1.0057 0.9937 0.8611 0.8871 0.8438 1.0099 0.9677
1.1937 1.0801 1.0204 0.9975 0.9500 0.9285 1.0429 0.9879 0.9046 1.0588 0.9697 0.8450 0.9693 1.0894 1.0000 1.0263
1.3445 1.2295 1.1501 1.1112 1.1100 1.0882 1.0486 1.0096 1.0906 0.8986 0.9143 0.8242 0.7901 0.7795 0.7747 0.8254
0.6598 0.7158 0.9012 0.7539 0.9521 0.9583 0.8394 1.0235 1.0372 0.9182 1.0691 0.9975 1.2174 1.0032 1.2120 1.2171
1.1502 1.0004 0.9943 1.1010 0.9997 0.9726 0.9447 1.1288 0.8734 0.8851 0.9349 0.9055 1.0077 0.9894 1.0793 1.0740
0.6684 0.7213 0.8806 0.7998 0.9499 0.9603 0.8881 1.0619 0.9965 0.9460 1.0662 0.9154 1.2802 1.1027 0.9479 1.2791
1.2889 1.1328 1.1857 1.1919 1.0829 1.0985 1.1147 0.9693 0.9902 0.8822 0.8400 0.8833 0.8528 0.8079 0.8696 0.8115
1.0431 0.8556 0.8139 0.9236 0.8691 0.9113 0.8163 1.0413 0.9206 1.0980 1.1891 1.0040 1.0917 1.1683 1.1296 1.5523
1.2069 1.0789 1.1210 1.0215 0.8554 1.0050 1.0347 1.0424 0.9480 0.8740 0.9537 0.8694 0.9725 0.8835 1.0163 1.0835
1.2131 1.1780 0.9484 0.9130 1.0340 1.0374 0.9962 1.0588 0.9963 0.9178 0.9561 0.9675 0.9540 0.8047 0.7902 0.9394
1.0132 0.9299 1.0396 0.8993 0.9836 1.0680 0.9819 0.9719 1.0000 0.9143 0.9485 1.0928 1.0000 1.0077 1.0221 1.1576
0.9287 0.9434 0.9099 1.0000 0.9807 0.9163 1.0294 1.1109 1.0032 1.0123 1.0408 0.9889 1.0461 1.0876 1.2620 1.2876
1.4563 1.3661 1.0527 1.2625 0.9969 1.0044 1.1100 0.9706 0.9037 1.0000 1.0000 0.8908 1.0000 0.8281 0.9238 0.8997
1.4752 1.0144 1.2354 0.9084 0.7972 1.1006 0.9994 0.9757 1.0694 1.0386 0.9084 1.0066 0.8934 0.8806 0.9726 1.1628
1.1817 1.1372 1.1546 1.2173 0.9629 1.0344 0.9473 0.9235 1.0102 1.0113 0.9056 0.7994 0.8157 0.7733 0.5322 0.5220
1.2559 0.9471 1.0000 0.9337 1.1205 1.0526 0.9187 1.0248 0.9786 1.0502 0.9246 1.0537 0.8979 1.0836 0.9663 1.0612
0.6905 0.7395 0.9827 0.9950 1.1047 1.0139 1.0016 0.9524 0.9323 1.0694 0.9607 0.9954 1.0195 0.9682 0.9970 1.2071
1.0252 0.8720 0.9025 0.9470 0.8369 0.9233 0.8461 0.9144 1.0000 1.1382 0.9533 0.9380 1.1495 1.2755 1.3466 1.6459
1.0332 1.0640 0.8651 1.0608 0.8939 0.9748 0.9477 0.9939 1.1214 0.8954 1.0194 1.0465 0.9131 1.0473 0.5458 1.0634
1.2108 1.0245 0.9555 0.9976 1.0213 1.0212 1.0736 1.0271 1.0285 0.8948 1.0422 0.9512 1.0273 0.9438 0.9405 1.0427
