1.3132 1.1544 1.0955 1.1118 1.0221 0.9720 1.0881 0.9055 1.1535 1.1570 0.8493 0.8032 0.9266 0.7823 0.7960 0.8595
1.0000 1.0902 1.2015 1.2661 1.1587 1.0108 1.0767 0.9663 0.8724 0.9462 0.8888 0.8750 0.8851 0.9339 0.8295 1.0000
1.1273 0.9827 0.9265 1.3313 0.8768 0.9825 1.0000 0.9153 0.9928 1.0302 1.0082 0.9534 1.0270 1.0173 1.0425 1.0950
1.2608 1.1778 1.0912 1.1209 1.0220 1.0477 1.1139 0.9240 0.9850 0.9083 0.8997 0.9451 0.8504 0.9526 0.8242 0.9633
1.3839 1.0543 0.9613 1.0399 0.9784 0.9765 1.0051 0.9104 0.8540 0.9640 0.9532 1.1386 0.8947 1.0789 1.0475 1.3071
1.1404 1.0883 0.9763 1.0709 0.9577 1.0579 1.0845 0.9816 0.8584 1.0701 0.9439 0.9356 0.9206 0.8910 0.9911 1.0358
1.2608 1.1053 1.0783 1.0446 0.9739 0.9554 0.9909 0.9487 0.9077 1.0373 0.9587 0.8476 0.9412 1.0223 1.0000 1.0419
1.2737 1.2784 1.0595 1.0627 1.0859 1.0847 1.0606 0.9967 1.1000 0.9105 0.9111 0.8602 0.8340 0.7921 0.8088 0.8758
0.6867 0.7312 0.9238 0.7805 0.9210 0.9547 0.8421 1.0837 1.0504 0.9139 1.1052 0.9984 1.2066 0.9469 1.2272 1.1290
1.0325 0.9652 0.9325 1.0703 1.0037 0.9783 0.9602 1.0682 0.9048 0.9245 0.9221 0.9189 1.0778 1.0051 1.1373 1.1982
0.6627 0.7517 0.8817 0.8341 0.9362 0.9837 0.9464 1.0890 1.0365 0.9789 1.0173 0.9226 1.1729 1.1064 0.9660 1.1581
1.2624 1.1240 1.1231 1.1550 1.0579 1.1195 1.0975 0.9639 0.9937 0.9044 0.8629 0.9100 0.8743 0.8261 0.9089 0.8112
0.9775 0.9207 0.8640 0.9831 0.9514 0.8694 0.7603 1.1262 0.9443 1.0459 1.1496 0.9359 1.0796 1.1739 1.1077 1.4276
1.1068 1.0170 1.0711 0.9102 0.9022 0.9634 0.9717 1.0664 0.9898 0.9536 0.9858 0.9363 1.0275 0.9329 1.0626 1.0734
1.2977 1.1913 0.9676 0.9599 1.0412 1.0633 1.0055 1.0296 0.9721 0.8665 0.9603 0.9884 0.9548 0.7861 0.7531 0.8514
0.9918 0.9648 1.0483 0.8981 0.9454 1.0366 0.9843 1.0020 1.0000 0.9075 0.9494 1.0020 1.0000 1.0537 1.0905 1.2680
0.9716 0.9406 0.9788 1.0000 0.9673 0.9527 1.0434 0.9805 0.9797 1.0109 1.0514 1.0274 1.0529 1.0347 1.2222 1.3353
1.3680 1.3332 1.0205 1.2659 0.9690 1.0016 1.1186 0.9516 0.8861 1.0000 1.0000 0.9397 1.0000 0.8561 0.9320 0.9277
1.4727 1.0394 1.2049 0.9723 0.8401 1.1396 1.0278 0.9883 1.1026 0.9900 0.9017 0.9966 0.8971 0.8360 0.9321 1.0841
1.1143 1.0948 1.1393 1.1596 0.9884 1.0225 0.9486 0.9767 1.0520 1.1046 0.9281 0.8400 0.8147 0.7717 0.5335 0.5223
1.3829 1.0205 1.0000 0.9519 1.1451 1.0935 0.9206 0.9825 0.9974 0.9438 0.9362 1.0875 0.9417 1.0797 0.9945 1.0055
0.6140 0.7108 0.9910 0.9892 1.0180 1.0281 0.9892 0.9950 0.9589 1.0538 0.9840 1.0163 1.0486 0.9635 0.9613 1.2642
1.0397 0.8598 0.9357 0.9255 0.8782 0.9223 0.8771 0.9416 1.0000 1.1491 0.9495 0.9558 1.1245 1.2427 1.2550 1.3072
0.9904 1.0397 0.8700 1.0312 0.8829 1.0004 0.8957 0.9325 1.1384 0.9176 1.0174 1.0545 1.0000 1.0618 0.5458 1.1228
1.3604 1.1689 1.0333 1.1322 1.0691 1.0529 1.1416 0.9799 1.0033 0.8513 1.0047 0.8839 0.9776 0.8678 0.8686 0.9306
