0.7403 0.8008 0.8676 0.8938 1.0380 1.0756 1.0509 1.1763 1.1347 1.1654 1.0183 0.9881 1.0418 1.0178 0.8720 0.8706
0.8604 0.8667 0.9650 1.0354 1.0961 1.2322 1.2046 0.9652 1.0063 0.9341 1.0992 1.0030 0.9236 0.8429 0.9986 0.7711
0.6671 0.7169 0.9267 0.9248 0.9492 1.0817 1.1273 1.0788 1.0732 1.2038 1.0061 0.9700 0.9046 0.9284 0.9089 0.7323
0.6692 0.7469 0.8677 0.9699 0.9734 1.0847 1.0986 1.0134 0.9675 1.1480 1.1329 0.9699 1.0467 0.8967 0.9487 0.7589
0.7578 0.8044 0.8360 0.9182 1.0000 1.0363 1.1027 1.0515 1.1652 1.2128 1.0218 1.0280 0.9658 1.0374 0.9300 0.8298
0.8468 0.8664 0.8706 0.9514 1.1531 1.1009 1.1798 1.0916 1.1602 1.0911 1.0389 1.0172 0.9747 0.9324 0.8601 0.8608
0.7589 0.8330 0.8664 0.9356 1.0384 1.0321 1.1582 1.1542 1.0889 1.0644 1.0893 1.0361 0.9772 0.9093 0.8364 0.9814
0.8945 0.8078 0.8702 0.9545 1.0000 1.0914 1.2018 1.1124 1.0766 1.0463 1.1280 1.0876 1.0293 0.9227 0.8497 0.9250
0.8235 0.8779 0.8649 0.8872 1.0308 1.0294 1.1316 1.0417 1.0702 1.1001 1.0263 1.0855 0.9863 1.0346 0.9140 0.8450
0.6874 0.7514 0.8569 0.9941 1.0024 1.0291 1.0403 1.1087 0.9698 1.0050 1.1518 0.9528 0.9317 0.9737 1.0161 1.0237
0.7175 0.6522 0.7481 0.8066 0.9454 1.0480 1.1550 1.0278 1.0109 1.0491 1.0154 0.9565 1.0240 0.9890 0.8600 0.9755
0.7377 0.8476 0.9320 0.9889 1.1729 1.1397 1.1262 0.8625 1.0319 1.2287 1.0828 0.9729 0.9500 1.0000 1.0000 0.7002
0.9514 0.9070 0.9077 1.0143 1.1438 1.1025 1.1550 1.0178 1.1098 1.0237 1.0734 1.0228 1.0018 0.8364 0.8365 0.9725
0.9154 0.9124 0.9647 1.0030 0.9938 1.0942 1.1639 1.1306 1.0812 1.0496 1.1434 0.9290 0.9600 1.0000 0.8400 0.8139
0.6727 0.7422 0.8742 0.9152 1.0071 1.2029 1.0822 1.0520 1.0390 1.0430 1.0976 1.1165 0.9953 0.8453 0.9016 0.8271
0.7025 0.8192 0.9409 0.9978 0.9853 1.0343 1.0832 1.0412 1.0689 1.0142 1.0034 1.0719 0.9859 0.9722 0.9287 0.8749
0.8939 0.7672 0.8697 0.8818 1.0378 1.1724 0.9706 1.1713 1.1254 1.1706 1.0410 1.0299 1.1084 0.9336 0.9033 0.9227
0.7074 0.7954 0.8008 0.8242 1.0183 0.9987 1.1125 0.9918 0.9925 1.1004 1.0690 1.0576 1.0313 1.0281 0.9054 0.9205
0.6966 1.0000 0.9111 0.9301 0.9815 1.1367 1.1329 1.0527 1.0668 1.1503 1.0697 0.8985 0.9895 0.9006 0.8847 0.8962
0.8293 0.8153 0.9441 0.8482 1.0562 1.1639 1.0122 1.0643 1.0479 1.1561 1.0244 1.1217 1.0000 0.9637 0.9697 0.9381
0.8787 0.9030 0.8820 0.9557 0.9450 1.1078 1.0639 1.0256 1.0263 0.9511 1.0525 1.1135 0.9994 1.0043 1.0348 0.9634
0.6223 0.7721 0.9127 0.9944 1.0000 1.0689 1.0548 1.0568 1.0256 1.0954 1.0072 1.0489 0.9839 0.9159 1.0000 0.8333
0.8329 0.7787 0.9761 0.9485 1.0565 1.1521 1.1552 0.9391 1.0666 1.1256 1.1645 1.0312 1.0455 0.9394 0.8905 0.8491
0.7835 0.7889 0.8805 0.9484 1.2228 1.0000 1.0713 1.1741 1.0907 1.0505 1.2112 0.9458 0.9386 0.9399 0.9778 0.9813
0.8384 0.9337 0.8899 0.9706 1.1031 1.1184 1.1962 1.1772 1.1736 1.1566 1.0756 0.9660 0.9671 0.8951 0.7828 0.7640
