1.3108 1.1586 1.0998 1.1267 1.0129 0.9672 1.0810 0.9055 1.1480 1.1572 0.8476 0.8125 0.9314 0.7809 0.7923 0.8587
1.0000 1.0913 1.2045 1.2631 1.1579 1.0219 1.0796 0.9709 0.8662 0.9480 0.8806 0.8709 0.8842 0.9389 0.8333 1.0000
1.1209 0.9718 0.9431 1.3327 0.8883 0.9866 1.0000 0.9223 0.9934 1.0362 1.0056 0.9520 1.0232 1.0347 1.0517 1.1155
1.2716 1.1595 1.0911 1.1210 1.0257 1.0494 1.1157 0.9198 0.9809 0.9026 0.9110 0.9510 0.8451 0.9511 0.8358 0.9612
1.3926 1.0582 0.9533 1.0441 0.9679 0.9598 0.9884 0.9055 0.8515 0.9688 0.9630 1.1422 0.8799 1.1036 1.0766 1.3032
1.1497 1.0925 0.9819 1.0729 0.9602 1.0707 1.0696 0.9732 0.8683 1.0614 0.9295 0.9356 0.9200 0.8924 0.9980 1.0289
1.2719 1.1097 1.0755 1.0300 0.9662 0.9593 0.9962 0.9382 0.8915 1.0374 0.9629 0.8588 0.9474 1.0498 1.0000 1.0415
1.2674 1.2714 1.0594 1.0594 1.0881 1.0891 1.0629 1.0121 1.1003 0.9083 0.9080 0.8708 0.8277 0.7821 0.8175 0.8762
0.7047 0.7423 0.9291 0.7799 0.9277 0.9527 0.8370 1.0803 1.0589 0.9143 1.1004 1.0019 1.2073 0.9457 1.2455 1.1260
1.0513 0.9479 0.9116 1.0890 1.0062 0.9718 0.9579 1.0682 0.9032 0.9300 0.9273 0.9266 1.0714 0.9916 1.1306 1.2108
0.6610 0.7528 0.8879 0.8379 0.9328 0.9876 0.9317 1.0763 1.0340 0.9690 1.0269 0.9150 1.1910 1.1162 0.9613 1.1746
1.2785 1.1169 1.1262 1.1478 1.0498 1.1100 1.1046 0.9577 0.9974 0.8944 0.8608 0.9181 0.8758 0.8356 0.9176 0.8198
0.9729 0.9144 0.8647 0.9792 0.9480 0.8757 0.7684 1.1351 0.9399 1.0499 1.1489 0.9243 1.0737 1.1736 1.1090 1.4242
1.1256 1.0242 1.0849 0.9108 0.8905 0.9623 0.9709 1.0680 0.9741 0.9381 0.9826 0.9384 1.0211 0.9294 1.0612 1.0845
1.2764 1.1744 0.9594 0.9585 1.0418 1.0714 1.0051 1.0439 0.9728 0.8701 0.9637 0.9981 0.9659 0.7787 0.7478 0.8443
0.9818 0.9751 1.0426 0.8943 0.9483 1.0336 0.9816 1.0022 1.0000 0.9110 0.9615 1.0127 1.0000 1.0593 1.0865 1.2823
0.9570 0.9313 0.9615 1.0000 0.9581 0.9484 1.0426 0.9901 0.9907 1.0164 1.0556 1.0438 1.0700 1.0393 1.2190 1.3426
1.3816 1.3416 1.0145 1.2605 0.9531 0.9875 1.1291 0.9508 0.8931 1.0000 1.0000 0.9274 1.0000 0.8576 0.9519 0.9418
1.4777 1.0330 1.2284 0.9721 0.8424 1.1303 1.0190 0.9867 1.0898 0.9864 0.8956 0.9990 0.8965 0.8451 0.9448 1.1153
1.1202 1.1102 1.1516 1.1684 0.9860 1.0385 0.9520 0.9711 1.0441 1.0927 0.9226 0.8226 0.8122 0.7570 0.5289 0.5211
1.3534 0.9724 1.0000 0.9404 1.1300 1.0820 0.9152 0.9738 0.9957 0.9666 0.9756 1.1094 0.9544 1.0958 1.0105 0.9964
0.6187 0.7171 0.9922 0.9836 1.0143 1.0287 0.9898 0.9966 0.9587 1.0631 0.9906 1.0145 1.0383 0.9584 0.9613 1.2568
1.0507 0.8654 0.9402 0.9215 0.8733 0.9268 0.8741 0.9431 1.0000 1.1316 0.9466 0.9540 1.1338 1.2397 1.2687 1.3356
0.9977 1.0389 0.8630 1.0298 0.8848 0.9917 0.8987 0.9298 1.1292 0.9172 1.0141 1.0585 1.0061 1.0616 0.5458 1.1260
1.3558 1.1746 1.0211 1.1116 1.0702 1.0475 1.1279 0.9832 0.9956 0.8488 1.0183 0.8864 0.9717 0.8863 0.8710 0.9314
