0.7012 0.7574 0.8659 0.8942 1.0429 1.0893 1.0668 1.1842 1.1833 1.1647 1.0208 1.0191 1.0344 1.0044 0.8634 0.8520
0.8361 0.8527 0.9373 1.0301 1.0879 1.2304 1.2104 0.9903 1.0344 0.9744 1.1199 0.9993 0.9273 0.8526 0.9838 0.7757
0.6476 0.7118 0.9105 0.9126 0.9561 1.0804 1.1688 1.0966 1.0658 1.2171 1.0087 0.9629 0.9082 0.8992 0.8705 0.7512
0.6707 0.7273 0.8436 0.9684 0.9753 1.0740 1.1115 1.0518 1.0132 1.1759 1.1270 0.9663 1.0305 0.8813 0.8976 0.7508
0.7068 0.7705 0.8241 0.9136 1.0000 0.9945 1.0541 1.0395 1.1809 1.2093 1.0593 1.0203 0.9790 1.0358 0.9271 0.8578
0.8239 0.8422 0.8738 0.9528 1.1249 1.0823 1.1766 1.1433 1.1934 1.1267 1.0489 1.0289 0.9687 0.9279 0.8628 0.8309
0.7545 0.7989 0.8559 0.9310 1.0358 1.0439 1.1666 1.1800 1.1198 1.0898 1.1191 1.0398 0.9709 0.9139 0.8175 0.9210
0.8899 0.8052 0.8626 0.9427 1.0000 1.1128 1.2181 1.1200 1.0957 1.0880 1.1468 1.0901 0.9964 0.9178 0.8260 0.8909
0.8241 0.8573 0.8473 0.8723 1.0154 1.0317 1.1299 1.0289 1.0935 1.1334 1.0561 1.1158 0.9803 1.0239 0.8850 0.8464
0.6863 0.7393 0.8518 0.9633 0.9745 1.0257 1.0553 1.1069 1.0293 1.0727 1.1990 0.9852 0.9282 0.9841 0.9576 0.9928
0.7164 0.6621 0.7271 0.8092 0.9492 1.0449 1.1346 1.0586 1.0420 1.0693 1.0272 0.9516 0.9890 0.9756 0.8581 0.9636
0.7435 0.8314 0.9183 0.9723 1.1504 1.1179 1.1293 0.8888 1.0402 1.2110 1.0826 0.9703 0.9466 1.0000 1.0000 0.7114
0.9353 0.8861 0.9181 1.0054 1.1197 1.1172 1.1933 1.0373 1.1304 1.0648 1.0562 1.0158 0.9789 0.8558 0.8215 0.9471
0.9006 0.8850 0.9610 0.9999 1.0022 1.1020 1.1799 1.1469 1.1076 1.0496 1.1646 0.9362 0.9373 1.0000 0.8104 0.7994
0.7019 0.7492 0.8656 0.9364 0.9924 1.1579 1.0832 1.0509 1.0862 1.0602 1.1509 1.1267 0.9840 0.8694 0.8557 0.7698
0.6795 0.7908 0.9244 0.9836 1.0085 1.0464 1.0956 1.0649 1.0786 1.0043 1.0243 1.0759 0.9859 0.9689 0.9053 0.8374
0.8656 0.7886 0.8768 0.8924 1.0307 1.1608 1.0216 1.1800 1.1529 1.1818 1.0539 1.0325 1.0834 0.9217 0.8699 0.8806
0.7140 0.7574 0.7964 0.8171 1.0028 1.0022 1.1100 1.0171 1.0105 1.0945 1.0819 1.0431 0.9958 1.0289 0.8688 0.8447
0.7033 1.0000 0.8854 0.9142 0.9849 1.1554 1.1298 1.0925 1.0789 1.1689 1.0889 0.9201 0.9705 0.8859 0.8558 0.8660
0.8382 0.8290 0.9108 0.8466 1.0223 1.1519 1.0193 1.0702 1.0654 1.1856 1.0595 1.1258 1.0000 0.9863 0.9634 0.9262
0.8641 0.8892 0.8915 0.9820 0.9636 1.0980 1.0853 1.0503 1.0459 1.0021 1.0547 1.1262 0.9947 0.9908 0.9742 0.9241
0.6382 0.7619 0.9052 0.9504 1.0000 1.0813 1.0590 1.0953 1.0576 1.0836 1.0451 1.0407 0.9821 0.8985 1.0000 0.8122
0.8679 0.8077 0.9322 0.9304 1.0763 1.1503 1.1958 0.9906 1.0884 1.1339 1.1511 1.0280 1.0215 0.9479 0.8810 0.8274
0.7442 0.7840 0.8531 0.9432 1.2201 1.0000 1.0962 1.1886 1.1087 1.0733 1.2516 0.9573 0.9384 0.9281 0.9445 0.9344
0.8373 0.9094 0.8981 0.9397 1.0927 1.1359 1.1731 1.1722 1.1966 1.1933 1.1018 0.9749 0.9666 0.8900 0.7644 0.7422
