0.7362 0.7857 0.8542 0.8864 1.0395 1.0726 1.0658 1.1813 1.1919 1.1624 1.0427 1.0112 1.0337 1.0065 0.8635 0.8534
0.8480 0.8385 0.9437 1.0268 1.1000 1.2196 1.2069 0.9854 1.0596 0.9852 1.1199 1.0037 0.9207 0.8501 0.9636 0.7464
0.6633 0.7025 0.9174 0.9084 0.9635 1.0755 1.1584 1.0873 1.0990 1.2393 1.0114 0.9692 0.8952 0.9186 0.8643 0.7129
0.6786 0.7495 0.8678 0.9573 0.9713 1.0827 1.1259 1.0521 0.9994 1.1619 1.1253 0.9680 1.0240 0.8787 0.9055 0.7386
0.7131 0.8104 0.8150 0.8829 1.0000 1.0312 1.0993 1.0571 1.1420 1.2078 1.0662 1.0325 0.9634 1.0317 0.9203 0.8142
0.8421 0.8429 0.8720 0.9519 1.1223 1.0921 1.1572 1.1461 1.1673 1.1219 1.0702 1.0223 0.9496 0.9447 0.8512 0.8382
0.7694 0.7996 0.8636 0.9489 1.0295 1.0642 1.1642 1.1630 1.0982 1.0808 1.1080 1.0634 0.9697 0.9139 0.8195 0.9051
0.8806 0.8065 0.8561 0.9504 1.0000 1.1164 1.2348 1.1136 1.0675 1.0714 1.1596 1.0998 1.0006 0.9086 0.8239 0.8949
0.8297 0.8671 0.8569 0.8858 1.0114 1.0277 1.1300 1.0440 1.0846 1.1444 1.0599 1.1046 0.9691 1.0232 0.8723 0.8217
0.6909 0.7567 0.8542 0.9895 0.9898 1.0323 1.0801 1.1188 1.0134 1.0377 1.1823 0.9952 0.9058 0.9797 0.9455 0.9461
0.7350 0.6569 0.7565 0.8022 0.9552 1.0370 1.1291 1.0434 1.0506 1.0607 1.0314 0.9664 1.0027 0.9751 0.8615 0.9488
0.7505 0.8358 0.9197 0.9831 1.1418 1.1104 1.1152 0.9062 1.0572 1.2052 1.0996 0.9652 0.9239 1.0000 1.0000 0.6910
0.9482 0.8847 0.9088 1.0231 1.1144 1.1136 1.1876 1.0465 1.1269 1.0537 1.0596 1.0132 0.9777 0.8485 0.8230 0.9214
0.9089 0.9074 0.9627 1.0082 1.0079 1.1041 1.1430 1.1441 1.1102 1.0532 1.1701 0.9555 0.9210 1.0000 0.8119 0.7878
0.7138 0.7517 0.8613 0.9037 1.0079 1.1603 1.0796 1.0616 1.0711 1.0569 1.1462 1.1348 0.9714 0.8529 0.8735 0.7756
0.6910 0.8043 0.9147 0.9842 0.9935 1.0523 1.1053 1.0615 1.0833 1.0257 1.0328 1.0690 0.9838 0.9641 0.8976 0.8335
0.8621 0.8083 0.8878 0.9081 1.0520 1.1554 1.0122 1.1774 1.1479 1.1658 1.0674 1.0326 1.0685 0.9217 0.8659 0.8591
0.7144 0.7613 0.7941 0.8094 1.0057 1.0202 1.1119 1.0127 1.0232 1.0969 1.0720 1.0477 0.9870 1.0287 0.8568 0.8800
0.7156 1.0000 0.9047 0.9231 0.9886 1.1537 1.1378 1.0993 1.0822 1.1542 1.0708 0.9181 0.9583 0.9099 0.8412 0.8527
0.8652 0.8426 0.9436 0.8823 1.0258 1.1574 1.0140 1.0782 1.0711 1.1773 1.0652 1.1172 1.0000 0.9798 0.9124 0.8798
0.8706 0.8858 0.8808 0.9780 0.9860 1.1211 1.0782 1.0542 1.0323 1.0204 1.0810 1.1335 0.9952 0.9790 0.9670 0.8784
0.6279 0.7604 0.9019 0.9617 1.0000 1.0823 1.0620 1.0770 1.0665 1.1018 1.0234 1.0212 0.9768 0.9115 1.0000 0.8112
0.8867 0.8204 0.9264 0.9311 1.0717 1.1678 1.1969 0.9811 1.1029 1.1577 1.1565 1.0153 1.0175 0.9205 0.8457 0.8064
0.7522 0.7917 0.8788 0.9432 1.2216 1.0000 1.0842 1.1953 1.1039 1.0742 1.2384 0.9603 0.9322 0.9343 0.9446 0.9338
0.8715 0.9247 0.8954 0.9506 1.0707 1.1022 1.1523 1.1783 1.1741 1.1748 1.0997 0.9962 0.9652 0.9014 0.7878 0.7601
