1.2654 1.1550 1.1794 1.2185 1.0690 1.0455 1.1028 0.8828 1.1044 1.0668 0.9120 0.8361 0.9163 0.7278 0.7946 0.7051
1.0000 0.9592 0.9450 1.0889 1.1438 0.9708 0.9804 0.9821 0.8953 1.0926 1.0265 0.9575 1.0059 1.0915 0.8708 1.0000
1.2971 1.1508 1.1202 1.7354 1.0847 1.0824 1.0000 0.9305 1.0466 1.0792 1.0298 0.8970 0.9678 0.9462 0.8398 0.8057
1.0488 0.8740 0.9964 1.0983 1.0019 1.0216 1.1217 0.9909 1.1044 1.0516 1.0010 0.9796 0.9517 0.8655 0.9310 1.0025
1.5708 1.0990 1.0512 1.0839 0.9751 0.9431 1.0074 1.0308 0.8229 0.8979 1.0875 1.1088 0.9217 1.0019 0.9918 1.1954
0.9327 1.0222 0.8600 0.9446 0.8801 1.0012 1.1398 1.0127 0.8142 1.1790 0.8939 1.1180 0.9844 1.0211 1.0192 1.2039
1.3770 1.1517 1.1557 1.1064 1.0740 0.8995 0.9713 0.8545 0.8880 1.0049 0.9377 0.8630 0.9372 1.0699 1.0000 0.9485
1.0617 1.2040 0.8838 1.0284 1.0037 1.0751 1.1160 1.0895 1.1372 0.9709 0.9804 0.9682 0.8447 0.7759 0.8798 0.9825
0.7963 0.8239 1.0232 0.8848 0.8747 0.9822 0.8997 1.0888 1.1363 0.9733 1.1271 1.0260 1.1327 0.7859 1.2482 0.9812
0.8181 0.7376 0.8503 0.9899 0.9696 1.0117 0.9893 0.9567 0.8987 1.1172 0.9354 1.0180 1.1983 1.0970 1.2068 1.5071
0.5821 0.8104 0.8897 0.8887 0.8844 1.0300 1.0749 1.1614 1.1159 1.0149 0.8426 0.9976 1.0132 1.0919 0.9353 1.0504
1.0526 0.9531 0.9952 1.0748 0.9914 1.0755 1.1553 0.9847 1.0265 0.9491 0.9656 1.0042 0.9695 0.9633 1.0173 0.7939
1.0042 1.1578 1.1306 1.2435 1.1124 0.9510 0.9169 1.2673 0.8740 1.0409 1.0634 0.7770 0.7701 0.8960 0.8236 1.0100
0.9468 0.8714 0.9831 0.7558 0.8917 0.8987 0.8485 1.1427 0.9778 1.0409 1.0851 1.0056 1.1352 1.0324 1.2219 1.1228
1.4442 1.1626 1.0591 1.0517 1.1001 1.1380 1.1056 1.1134 0.9568 0.7418 0.9311 0.8812 0.8275 0.6561 0.6456 0.6869
0.8182 0.9196 1.0010 0.8779 0.8508 1.0013 1.0403 1.0195 1.0000 0.9295 1.0481 0.9379 1.0000 1.1730 1.2430 1.3597
1.0820 0.8809 1.0550 1.0000 0.9221 1.0169 1.0518 0.8753 1.0181 1.0947 1.0530 1.0346 0.9681 0.9350 1.0220 1.0964
1.1451 1.1333 0.8552 1.1961 0.8707 0.9491 1.1224 0.9154 0.8906 1.0000 1.0000 1.0750 1.0000 0.9525 1.0504 1.0917
1.3992 1.0618 1.4496 1.1337 0.9359 1.2067 1.1056 1.0611 1.1233 0.8879 0.8710 0.9356 0.8392 0.7593 0.7461 0.8554
0.9365 1.0161 1.1297 1.1178 0.9832 1.0149 0.9511 0.9848 1.0734 0.9753 1.0013 0.9518 0.8719 0.8659 0.6356 0.5640
1.4402 1.0815 1.0000 1.0222 1.2026 1.1350 0.9997 1.0085 0.9676 0.8000 0.9144 1.1137 0.9291 0.9993 0.9421 0.8373
0.5646 0.5717 0.8984 0.8265 0.8657 0.9681 1.0069 1.0711 1.0328 0.9755 1.0336 1.2302 1.1629 0.9353 1.0068 1.3216
1.1134 0.9228 1.0283 0.8140 0.9690 0.9793 0.9784 1.0574 1.0000 1.2504 0.9901 0.9762 0.9656 1.0433 0.9009 0.8469
0.8702 0.8262 0.7152 0.8951 0.8295 0.9906 0.8548 0.9091 1.1563 1.0529 1.0846 1.1570 1.2157 1.1014 0.5458 1.2273
1.5344 1.3610 1.2240 1.2677 1.1703 1.1138 1.1924 0.9974 0.9718 0.8533 0.9271 0.8958 0.9082 0.8435 0.7736 0.9067
