1.3231 1.1708 1.0788 1.0904 1.0215 0.9724 1.0974 0.8962 1.1140 1.1170 0.8545 0.8300 0.9407 0.8122 0.7918 0.8883
1.0000 1.0649 1.1998 1.2590 1.1533 0.9975 1.0853 0.9944 0.8835 0.9574 0.9124 0.8896 0.8781 0.9218 0.8255 1.0000
1.0734 0.9298 0.8971 1.2614 0.8778 0.9886 1.0000 0.9424 0.9795 1.0360 1.0009 0.9562 1.0415 1.0719 1.0753 1.1461
1.2633 1.1533 1.1048 1.1227 1.0058 1.0563 1.0983 0.9120 0.9888 0.9226 0.9250 0.9599 0.8445 0.9519 0.8100 0.9669
1.3385 1.0255 0.9437 1.0524 0.9436 0.9440 0.9785 0.9305 0.8972 1.0151 0.9791 1.0833 0.9224 1.0834 1.0756 1.2939
1.1746 1.1017 0.9624 1.1061 0.9501 1.0570 1.0508 0.9643 0.8994 1.0453 0.9408 0.9150 0.9066 0.8925 1.0114 1.0321
1.2191 1.1079 1.0548 0.9948 0.9713 0.9417 1.0131 0.9489 0.8986 1.0525 0.9649 0.8337 0.9775 1.0713 1.0000 1.0380
1.3343 1.2165 1.0988 1.0601 1.1048 1.0771 1.0720 0.9906 1.0990 0.9080 0.9240 0.8678 0.8245 0.7738 0.8134 0.8442
0.6782 0.7353 0.8922 0.7753 0.9211 0.9583 0.8272 1.0605 1.0775 0.9270 1.0570 1.0204 1.2126 0.9842 1.2423 1.1434
1.0844 0.9354 0.9107 1.1091 1.0043 0.9660 0.9729 1.1201 0.8984 0.9219 0.9314 0.9111 1.0344 0.9985 1.1070 1.1778
0.6696 0.7404 0.8949 0.8425 0.9626 0.9883 0.9392 1.0309 0.9650 0.9656 1.0702 0.9468 1.1460 1.1160 0.9827 1.2131
1.2430 1.0949 1.1796 1.1886 1.0621 1.1070 1.1279 0.9812 1.0123 0.8598 0.8353 0.8885 0.8553 0.8325 0.8819 0.8342
1.0034 0.8868 0.8478 0.9563 0.9046 0.8865 0.8076 1.1479 0.9169 1.0367 1.1672 0.9434 1.0757 1.1949 1.1349 1.4642
1.1367 1.0646 1.1032 0.9351 0.8505 0.9737 1.0117 1.0485 0.9490 0.9024 0.9685 0.8943 1.0205 0.9097 1.0767 1.1119
1.2673 1.1730 0.9715 0.9526 1.0390 1.0812 1.0208 1.0660 0.9816 0.8825 0.9454 0.9414 0.9227 0.7744 0.7700 0.8905
0.9840 0.9483 1.0235 0.8965 0.9679 1.0445 0.9950 0.9862 1.0000 0.9118 0.9796 1.0377 1.0000 1.0512 1.0709 1.2220
0.9581 0.9636 0.9276 1.0000 0.9688 0.9364 1.0494 1.0114 0.9754 1.0414 1.0596 1.0184 1.0397 1.0602 1.2427 1.3058
1.3983 1.3119 1.0102 1.2705 0.9586 0.9819 1.1343 0.9609 0.8978 1.0000 1.0000 0.9266 1.0000 0.8590 0.9312 0.9262
1.4389 1.0259 1.1985 0.9239 0.8191 1.1102 1.0278 0.9794 1.0959 1.0008 0.9086 1.0028 0.8955 0.8940 0.9612 1.1198
1.1089 1.1143 1.1609 1.1812 0.9816 1.0241 0.9553 0.9440 1.0297 1.0798 0.9328 0.8365 0.8275 0.7785 0.5395 0.5188
1.3608 0.9480 1.0000 0.9370 1.1173 1.0799 0.9111 1.0092 0.9889 0.9667 0.9350 1.1060 0.8931 1.0658 1.0088 1.0502
0.6560 0.7333 0.9956 1.0063 1.0421 1.0195 0.9907 0.9713 0.9371 1.0919 0.9459 1.0115 1.0577 0.9483 0.9947 1.2340
1.0266 0.8634 0.9251 0.9430 0.8613 0.9342 0.8878 0.9434 1.0000 1.1428 0.9360 0.9324 1.1317 1.2340 1.2901 1.4499
1.0353 1.0408 0.8643 0.9972 0.8942 0.9736 0.9181 0.9599 1.1285 0.9245 1.0165 1.0588 0.9695 1.0521 0.5458 1.1128
1.3300 1.1176 1.0216 1.1115 1.0966 1.0744 1.1077 1.0056 1.0141 0.8590 1.0139 0.8695 0.9615 0.8499 0.8547 0.9580
