1.3742 1.2805 1.2950 1.3421 1.1433 1.0593 1.0722 0.9320 1.0237 1.0228 0.8726 0.8084 0.8573 0.7186 0.6191 0.6331
1.0000 0.8042 0.8843 0.9475 0.9661 0.9105 1.0407 0.9981 0.9660 1.1348 1.0891 1.0018 1.0070 1.1885 1.0389 1.0000
1.3976 1.3208 1.4588 2.0914 1.1387 1.1860 1.0000 0.8543 1.0804 1.0575 0.8464 0.7937 0.8487 0.9723 0.7191 0.7764
0.9617 0.7684 0.8741 0.9529 0.8530 0.9527 0.9504 0.9582 1.1273 1.0997 1.0302 1.0336 1.0678 0.9693 1.0756 1.3657
1.4858 1.1066 1.2437 1.1048 0.8812 1.0278 1.1846 1.1485 0.8943 1.0848 1.2689 1.0416 0.9696 0.9489 0.9672 1.0236
0.7560 0.8268 0.7355 0.8327 0.8907 0.9693 1.1817 1.0220 0.8712 1.1998 0.9828 1.2107 1.0950 1.0437 1.0793 1.3084
1.6363 1.2943 1.2598 1.2051 1.2025 0.9867 0.9938 0.8522 0.8783 0.8973 0.8668 0.7921 0.8152 0.9881 1.0000 0.7798
0.9337 0.9399 0.9293 0.9491 0.8594 0.9968 1.1104 1.1854 1.2125 1.0020 0.9937 1.0622 0.9255 0.8199 0.9752 1.1192
0.9056 0.9151 1.1501 1.0028 0.9436 1.1779 0.9919 1.1403 1.1339 0.9691 1.0746 0.9844 0.9972 0.8674 1.0539 1.1764
0.9308 0.7582 0.8991 0.8084 0.9243 0.9229 0.8550 1.0561 0.9723 1.0937 0.9643 1.0835 1.1846 1.1644 1.2583 1.8135
0.6789 1.0394 1.0263 0.8826 1.0203 1.1108 1.0416 1.1441 1.1040 0.9853 0.8353 0.9334 0.9639 0.9316 0.8074 1.2690
0.8686 0.8187 0.8813 0.9142 0.8787 0.9547 1.0282 0.9430 0.9986 1.1136 1.0925 1.1126 1.1381 1.1741 1.2281 0.9015
1.1648 1.1449 1.1008 1.2133 1.1213 1.1581 1.1078 1.4445 0.7891 1.1693 1.1146 0.7273 0.7410 0.7402 0.6843 0.8401
0.9642 0.8199 0.9935 0.8129 0.7505 0.8881 0.8165 1.0503 1.0347 1.0830 1.1399 1.0469 1.1198 1.1136 1.2494 1.1301
1.4932 1.3336 1.0928 1.1092 1.1820 1.1341 1.1559 1.1195 0.9047 0.7922 0.8778 0.8060 0.7133 0.7094 0.6218 0.6675
0.7055 0.9380 0.8611 0.8023 0.8710 0.9004 0.9579 0.9381 1.0000 0.9739 1.1728 1.1426 1.0000 1.3320 1.3853 1.5559
1.1926 0.9181 1.1629 1.0000 0.9444 1.0358 1.0415 1.0009 0.9779 1.0085 0.9272 0.9528 0.8789 0.9264 0.9880 1.0213
0.8961 0.9000 0.8952 0.9660 0.8346 0.8948 1.0807 0.9903 0.9774 1.0000 1.0000 1.1480 1.0000 1.0545 1.1647 1.2126
1.4975 1.1697 1.6677 1.2468 0.9663 1.1807 1.0616 1.0670 1.0371 0.9085 0.8974 0.8066 0.7222 0.7437 0.8472 0.7913
0.8205 0.9382 0.9995 0.9713 0.9660 0.9765 1.0400 1.0772 1.1569 1.4933 1.2037 1.0163 1.0698 1.1047 0.8783 0.7548
1.4273 1.0981 1.0000 1.0438 1.1337 1.1349 1.0231 0.9510 0.9770 0.8635 0.9406 1.0585 0.8959 0.9859 0.9578 0.9092
0.7383 0.6111 0.8226 0.6824 0.8535 0.9249 0.9877 0.9695 1.0400 0.9743 1.0664 1.3211 1.2252 1.0216 1.1172 1.4719
1.0817 1.0680 1.0812 0.8886 1.0316 1.0251 1.1370 1.1659 1.0000 1.4848 1.0116 0.8377 0.8170 0.7284 0.6141 0.7071
0.7685 0.6974 0.6835 0.7845 0.7477 0.8492 0.8217 0.9945 1.1718 1.0821 1.1944 1.1859 1.2946 1.3092 0.4880 1.5036
1.3598 1.4052 1.1048 1.2769 1.1082 1.1158 1.1715 1.0709 0.9220 0.8628 0.9738 0.9944 0.9058 0.9013 0.8877 1.0694
