0.8148 0.8318 0.9053 0.9322 1.0075 1.0694 1.0333 1.1575 1.1518 1.1589 1.0283 0.9311 1.1082 1.0582 0.9059 0.8982
0.9136 0.9097 1.0077 1.0642 1.1282 1.2289 1.2061 0.9115 0.9709 0.9110 1.0768 1.0117 0.9553 0.8443 0.9720 0.7705
0.6754 0.7489 0.9340 0.9645 0.9914 1.0899 1.1361 1.0746 1.0655 1.2266 1.0040 0.9832 0.9210 0.9324 0.9075 0.7159
0.7065 0.7639 0.8748 0.9554 0.9540 1.0930 1.0869 1.0160 0.9598 1.1803 1.1273 0.9998 1.0634 0.9202 0.9560 0.7574
0.8314 0.9078 0.8734 0.9230 1.0000 1.1030 1.1198 1.0634 1.1376 1.2133 1.0099 1.0203 0.9822 1.0069 0.9419 0.7867
0.8860 0.8991 0.9136 0.9674 1.1333 1.0941 1.1451 1.0576 1.1555 1.0990 1.0714 1.0006 0.9658 0.9313 0.8460 0.8297
0.7750 0.8547 0.9014 0.9791 1.0204 1.0537 1.1286 1.1130 1.0913 1.0895 1.0797 1.0677 0.9646 0.8848 0.8206 0.9497
0.9123 0.8333 0.8870 0.9418 1.0000 1.0957 1.1759 1.0555 1.0961 1.0721 1.1475 1.0615 1.0350 0.9249 0.8261 0.9110
0.8359 0.9095 0.8769 0.8962 1.0187 1.0274 1.1670 1.0258 1.0700 1.1431 1.0449 1.0832 0.9893 1.0280 0.8937 0.8336
0.7419 0.8213 0.9275 1.0561 1.0286 1.0513 1.0704 1.1315 0.9991 1.0492 1.1476 0.9221 0.8919 0.9406 0.9742 0.9212
0.7788 0.7424 0.8237 0.8601 0.9928 1.0945 1.1698 1.0580 1.0543 1.1166 1.0470 1.0144 1.0589 1.0216 0.8934 0.9317
0.7817 0.8616 0.9012 0.9901 1.1764 1.1046 1.1116 0.8571 1.0141 1.2127 1.0664 0.9751 0.9377 1.0000 1.0000 0.6469
0.9411 0.8678 0.9259 0.9907 1.1224 1.1053 1.1041 0.9636 1.1126 0.9803 1.0522 0.9790 0.9942 0.8064 0.7912 0.9328
0.9194 0.9251 0.9396 1.0286 0.9920 1.0862 1.1180 1.0875 1.0666 1.0408 1.1190 0.9209 0.9278 1.0000 0.8213 0.7992
0.6838 0.8026 0.8872 0.9335 1.0253 1.1671 1.0972 1.0717 1.0645 1.0410 1.1106 1.1510 1.0210 0.8340 0.8721 0.7553
0.7664 0.8661 0.9500 0.9979 0.9747 1.0460 1.0935 1.0232 1.0499 1.0131 1.0299 1.0776 0.9915 0.9601 0.9221 0.8702
0.8967 0.7884 0.9004 0.8925 1.0600 1.1649 0.9751 1.1411 1.0985 1.1890 1.0110 1.0370 1.1136 0.9242 0.8836 0.8908
0.7181 0.8346 0.8308 0.8459 1.0289 1.0204 1.1332 1.0225 1.0287 1.1222 1.0960 1.0608 1.0281 1.0323 0.9534 0.9316
0.7258 1.0000 0.9111 0.9083 0.9761 1.1438 1.1301 1.0541 1.0535 1.1492 1.0836 0.9096 0.9791 0.8923 0.9037 0.8979
0.8977 0.8832 1.0164 0.9061 1.0860 1.1919 0.9951 1.0905 1.0892 1.1701 0.9876 1.0957 1.0000 0.9087 0.8786 0.7807
0.9007 0.9046 0.9198 0.9781 0.9367 1.0899 1.0431 1.0529 1.0360 0.9433 1.0583 1.1198 1.0435 1.0246 1.0166 0.8991
0.6155 0.7619 0.9211 0.9698 1.0000 1.0282 1.0034 1.0080 1.0024 1.0724 1.0052 1.0710 0.9952 0.9267 1.0000 0.7874
0.8475 0.7995 1.0139 0.9878 1.0940 1.1426 1.1489 0.9257 1.0749 1.1526 1.1340 1.0333 1.0642 0.9087 0.8748 0.8159
0.7926 0.7978 0.8953 0.9374 1.1932 1.0000 1.0655 1.1796 1.1004 1.0164 1.2158 0.9507 0.9466 0.9277 1.0154 0.9691
0.8552 0.9261 0.8856 0.9819 1.1063 1.1167 1.1802 1.1934 1.1329 1.1342 1.0601 0.9612 0.9427 0.8438 0.7018 0.6455
