1.3228 1.1767 1.0550 1.0931 0.9889 0.9561 1.0882 0.9074 1.1260 1.1198 0.8716 0.8339 0.9467 0.8157 0.8020 0.8958
1.0000 1.0887 1.2737 1.2698 1.1350 1.0183 1.0853 0.9574 0.8857 0.9353 0.8797 0.8670 0.8627 0.9171 0.8347 1.0000
1.0548 0.9104 0.9136 1.1749 0.8642 0.9614 1.0000 0.9367 1.0040 1.0456 0.9706 0.9424 1.0515 1.1277 1.0770 1.2039
1.2611 1.1959 1.1604 1.1432 1.0088 1.0733 1.0937 0.8966 0.9729 0.9015 0.9004 0.9694 0.8256 0.9342 0.7927 0.9586
1.2948 1.0065 0.9281 1.0370 0.9466 0.9957 0.9937 0.8955 0.9551 1.0268 0.9622 1.0844 0.8776 1.1124 1.0495 1.3231
1.1953 1.0970 0.9803 1.1307 0.9665 1.0702 1.0557 0.9709 0.8992 1.0374 0.9586 0.8781 0.8632 0.8601 1.0334 0.9914
1.1676 1.0816 1.0571 0.9725 0.9491 0.9414 1.0318 0.9611 0.8848 1.0625 0.9638 0.8324 0.9904 1.0945 1.0000 1.0507
1.3487 1.2174 1.1572 1.0907 1.1058 1.1198 1.0584 1.0027 1.0861 0.8994 0.9247 0.8275 0.8115 0.7703 0.7632 0.8190
0.6668 0.7236 0.9128 0.7542 0.9483 0.9741 0.8406 1.0505 1.0488 0.9111 1.0544 1.0052 1.2031 0.9985 1.2242 1.1770
1.1068 0.9818 0.9585 1.0921 1.0020 0.9583 0.9429 1.1382 0.8614 0.9005 0.9395 0.8965 1.0206 1.0002 1.1164 1.1192
0.6722 0.7145 0.8983 0.8189 0.9584 0.9874 0.9054 1.0182 0.9912 0.9623 1.0673 0.9261 1.2533 1.0969 0.9820 1.2097
1.2338 1.1394 1.1605 1.1947 1.0681 1.1064 1.1376 0.9752 1.0086 0.8836 0.8534 0.8996 0.8621 0.8131 0.8636 0.8051
1.0150 0.8724 0.8369 0.9343 0.9064 0.9183 0.7908 0.9508 0.9438 0.9903 1.1687 0.9984 1.1432 1.2204 1.1812 1.5506
1.1798 1.0884 1.0096 0.9649 0.8823 1.0016 1.0354 1.0450 0.9652 0.9167 0.9587 0.8864 1.0044 0.8985 1.0432 1.0965
1.2323 1.1619 0.9442 0.9212 1.0422 1.0572 1.0017 1.0570 0.9951 0.9012 0.9438 0.9533 0.9592 0.7590 0.7648 0.9182
1.0022 0.9680 1.0515 0.8954 0.9800 1.0508 0.9864 0.9996 1.0000 0.9389 0.9414 1.0343 1.0000 1.0221 1.0308 1.1755
0.9267 0.9124 0.9057 1.0000 0.9641 0.9125 1.0424 1.0558 0.9804 1.0213 1.0803 1.0009 1.0692 1.1198 1.2809 1.2868
1.4088 1.3271 1.0172 1.2683 0.9685 0.9995 1.1210 0.9802 0.9123 1.0000 1.0000 0.8974 1.0000 0.8525 0.9116 0.9115
1.4674 1.0210 1.2147 0.9303 0.7980 1.1114 1.0044 0.9924 1.0946 1.0224 0.9040 1.0012 0.8842 0.8814 0.9506 1.1379
1.1643 1.1249 1.1519 1.1936 0.9996 1.0507 0.9424 0.9252 1.0115 1.0383 0.9029 0.8065 0.8093 0.7606 0.5262 0.5148
1.2783 0.9427 1.0000 0.9308 1.1566 1.0933 0.9196 1.0137 0.9659 0.9619 0.9171 1.0782 0.8905 1.0766 1.0169 1.0799
0.5712 0.7140 0.9912 0.9703 1.0915 1.0199 0.9888 0.9547 0.9324 1.0726 0.9651 0.9990 1.0283 0.9658 1.0165 1.2225
1.0534 0.8714 0.9048 0.9842 0.8492 0.9236 0.8560 0.8940 1.0000 1.1010 0.9402 0.9293 1.1335 1.2734 1.3295 1.5708
1.0314 1.0599 0.8738 1.0365 0.8658 0.9886 0.9352 0.9953 1.1253 0.9256 1.0111 1.0393 0.9531 1.0324 0.5458 1.0890
1.2602 1.0543 0.9918 1.0103 1.0142 1.0249 1.0536 0.9926 1.0189 0.8817 1.0288 0.9098 1.0376 0.9204 0.9459 1.0321
