1.4914 1.3961 1.3060 1.2949 1.0661 0.9818 1.1431 1.0154 0.9917 0.9803 0.7963 0.8071 0.8038 0.7560 0.6265 0.6286
1.0000 0.7675 1.0481 0.9898 0.8972 0.9202 1.0946 1.0080 1.0035 1.0884 1.0725 0.9049 0.9878 1.1419 1.0878 1.0000
1.3704 1.3345 1.5169 2.0814 1.0303 1.1568 1.0000 0.8214 1.0924 1.0362 0.8534 0.8029 0.8814 0.9230 0.7652 0.8355
1.0625 0.8502 0.8054 0.9819 0.8396 0.9421 0.9395 0.8995 1.0829 0.9963 1.0394 1.0686 0.9941 0.9893 1.0564 1.6605
1.2864 1.1301 1.2441 0.9874 1.0720 1.2393 1.1949 1.1775 1.0021 1.2402 1.1969 0.9784 1.0084 0.9225 0.9606 0.8728
0.7843 0.8324 0.6935 0.8934 0.8547 0.9606 1.1093 0.9679 0.9070 1.1043 1.0770 1.2036 1.1508 1.1213 1.1894 1.3928
1.6702 1.3691 1.2986 1.2127 1.1953 1.0469 1.0568 0.8802 0.8675 0.8123 0.8130 0.7563 0.7724 0.9567 1.0000 0.7458
1.0052 0.9486 1.0192 0.9302 0.8442 1.0222 1.0408 1.0804 1.1842 0.9438 0.9871 1.0068 0.9089 0.9389 1.0391 1.1025
1.0666 0.9665 1.2462 1.0876 1.0950 1.2854 0.9907 1.1582 1.1013 0.9031 1.0004 0.8999 0.9205 0.9130 0.9705 1.1162
0.9849 0.7840 1.1218 0.8593 0.9344 0.9249 0.8437 1.2467 0.8868 1.0412 0.9955 1.0424 1.1195 1.2418 1.2137 1.6285
0.6975 1.0797 1.1545 0.8371 1.0960 1.1265 1.0170 1.0193 1.0505 0.9161 0.8758 0.9048 1.0382 0.9041 0.7635 1.3793
0.8140 0.7760 0.8739 0.8896 0.8333 0.9202 1.0055 0.9043 1.0040 1.1432 1.0838 1.1236 1.1584 1.2070 1.2085 1.0248
1.1397 1.0554 0.9698 1.0781 1.0232 1.1839 1.1143 1.4377 0.7695 1.2573 1.0367 0.8035 0.8716 0.8188 0.7160 0.8834
1.1296 0.9383 1.1781 0.9103 0.7499 0.8956 0.8706 1.0306 1.0427 1.0355 1.0834 0.9981 1.0453 1.0056 1.0973 1.1344
1.4130 1.4637 1.0787 1.1532 1.2575 1.0560 1.1018 1.1026 0.9240 0.7874 0.8557 0.7776 0.6799 0.6414 0.6635 0.6874
0.7218 0.8338 0.8700 0.7997 0.8941 0.8623 0.9796 0.9338 1.0000 0.9598 1.1829 1.2420 1.0000 1.3696 1.4280 1.4592
1.0618 0.9412 1.2028 1.0000 1.0238 0.9828 1.0764 1.0724 0.9662 0.9335 0.9374 0.9810 0.9059 0.9150 1.1443 0.9959
0.8324 0.7707 0.8423 0.9069 0.7927 0.7966 1.0188 0.9823 0.9730 1.0000 1.0000 1.2002 1.0000 1.1824 1.1868 1.2797
1.6174 1.2713 1.6975 1.2185 0.9820 1.1353 1.0607 1.0477 0.9701 0.9139 0.8602 0.7936 0.7040 0.6948 0.8684 0.8408
0.8125 0.8413 0.9519 1.0129 0.8848 0.9525 1.0960 1.0293 1.2472 1.1381 1.1449 1.0083 1.0942 1.1163 0.6662 0.6902
1.3713 1.0990 1.0000 1.0796 1.1639 1.1375 1.0255 1.0143 0.9779 0.9649 0.9099 1.0294 0.8862 0.9883 0.9008 1.0052
0.7502 0.5779 0.7632 0.6439 0.8788 0.8890 0.9791 0.9323 0.9731 1.0458 1.0745 1.2921 1.2258 1.1327 1.1489 1.5801
0.9573 1.0486 1.0925 0.9223 0.9962 1.0357 1.1286 1.1179 1.0000 1.5502 0.9835 0.8555 0.8656 0.7161 0.6421 0.8849
0.7475 0.7418 0.8070 0.9151 0.8165 0.7890 0.8247 1.0257 1.1847 1.0409 1.1248 1.1073 1.2477 1.3238 0.6801 1.5653
1.4341 1.2964 1.1492 1.2781 1.1714 1.2688 1.2516 1.1426 0.9619 0.8313 0.9097 0.9439 0.9510 0.8221 0.6570 0.8936
