1.2076 1.1444 1.1862 1.2613 1.1205 1.0711 1.1348 0.9404 1.1262 1.1633 0.9216 0.8001 0.8994 0.6862 0.6724 0.6421
1.0000 0.8615 0.9199 1.0355 1.0659 0.9678 1.0270 1.0234 0.9727 1.1571 1.0628 0.9824 0.9837 1.0793 0.8609 1.0000
1.1864 1.1253 1.1917 1.8960 1.0474 1.0877 1.0000 0.8760 0.9979 1.0346 0.9901 0.8381 0.8960 0.9385 0.7987 0.7766
1.0188 0.8161 0.9497 1.1415 0.9658 0.9866 1.0588 0.9747 1.0824 1.0774 1.0091 0.9399 0.9981 0.8746 0.9709 1.1254
1.6333 1.2057 1.1891 1.0721 0.9938 1.0047 1.0608 1.0000 0.8003 0.9232 0.9950 1.0066 0.8530 0.8967 0.9022 1.1377
0.8380 0.9058 0.7264 0.8786 0.8826 0.9890 1.1527 1.0606 0.9065 1.2910 1.0001 1.1467 1.0028 0.9936 1.0329 1.1801
1.3976 1.1579 1.1441 1.1185 1.0996 0.9240 0.9844 0.8722 0.9086 1.0337 0.9684 0.9002 0.9412 1.0133 1.0000 0.8159
0.9760 1.1457 0.8634 1.0117 0.9664 1.0873 1.1167 1.1313 1.1856 0.9819 0.9990 1.0026 0.8611 0.7858 0.8789 0.9895
0.8329 0.8153 1.0501 0.9123 0.8659 1.0185 0.9302 1.1377 1.1402 0.9844 1.1468 1.0042 1.0948 0.7844 1.1329 1.0199
0.8537 0.7689 0.8683 0.9498 0.9490 0.9712 0.9588 0.9794 1.0005 1.1647 0.9573 1.0267 1.1262 0.9995 1.1036 1.4725
0.5562 0.8313 0.8591 0.8438 0.8789 1.0215 1.0720 1.1966 1.1858 1.0913 0.9418 0.9900 1.0184 1.0421 0.8407 1.0497
0.9430 0.8732 0.9463 0.9755 0.9366 1.0355 1.1488 1.0015 1.0922 1.0547 1.0272 1.0652 1.0160 1.0140 1.0570 0.8098
1.0387 1.1481 1.1009 1.1595 1.1051 0.9557 0.9824 1.3308 0.8695 1.0833 1.1035 0.7797 0.7107 0.8197 0.7775 0.9430
0.9401 0.7915 0.9674 0.7439 0.8397 0.8820 0.8292 1.0971 1.0187 1.0690 1.1007 1.0556 1.1126 1.0663 1.2358 1.1169
1.3388 1.1136 0.9595 1.0541 1.1067 1.0790 1.0972 1.1667 1.0788 0.8525 1.0120 0.9124 0.7965 0.5990 0.6065 0.6435
0.7495 0.9123 0.9098 0.8478 0.8197 0.9104 1.0769 1.0443 1.0000 1.0764 1.1487 1.0639 1.0000 1.1629 1.2249 1.3937
1.0380 0.8645 1.0652 1.0000 0.8867 1.0048 1.0341 0.9186 1.0558 1.1832 1.0793 1.0271 0.9443 0.9023 0.9626 1.0091
0.9990 1.0116 0.7537 1.1079 0.8377 0.8878 1.1301 0.9593 0.9113 1.0000 1.0000 1.1482 1.0000 1.0095 1.1234 1.1702
1.3251 1.0476 1.5348 1.1722 0.9350 1.1951 1.1121 1.1107 1.1856 0.9253 0.9180 0.9104 0.7736 0.7244 0.6938 0.7896
0.8003 0.8753 1.0254 0.9946 0.9230 0.9607 0.9892 1.1242 1.3030 1.3101 1.1899 0.9996 0.9782 0.8427 0.5997 0.5673
1.3111 1.0848 1.0000 1.0262 1.1938 1.1375 1.0833 1.0646 1.0582 0.8974 0.9781 1.1048 0.8723 0.9497 0.8584 0.7364
0.5723 0.5385 0.8434 0.7745 0.7945 0.9473 1.0430 1.1289 1.1352 1.0483 1.1119 1.2613 1.1332 0.8837 0.9351 1.2407
1.0986 0.8979 1.0210 0.8464 0.9716 1.0335 1.0395 1.1173 1.0000 1.4213 1.0299 0.9239 0.9290 0.9001 0.7900 0.7778
0.7722 0.7391 0.7268 0.8338 0.8126 0.9117 0.8572 0.9391 1.2444 1.1618 1.1797 1.1840 1.2053 1.0777 0.5458 1.2525
1.0700 0.9804 0.8909 0.9392 1.0450 1.0537 1.1797 1.2279 1.2485 1.1808 1.2233 1.1208 0.9563 0.7923 0.7934 0.7509
