1.2403 1.1777 1.1773 1.2332 1.1177 1.0574 1.1120 0.9147 1.1006 1.1340 0.9003 0.8110 0.8942 0.7276 0.7361 0.6684
1.0000 0.9038 0.9329 1.0924 1.1137 0.9531 0.9840 0.9725 0.9001 1.1044 1.0529 0.9983 1.0372 1.0938 0.8921 1.0000
1.3297 1.1897 1.1767 1.7870 1.0803 1.0836 1.0000 0.9101 1.0174 1.0238 0.9552 0.8152 0.8921 0.9073 0.7939 0.8205
1.0527 0.8643 0.9780 1.1158 0.9921 1.0092 1.1172 1.0001 1.0758 1.0690 0.9928 0.9404 0.9811 0.8822 0.9214 1.0421
1.6033 1.1986 1.2171 1.1070 0.9966 1.0088 1.0256 1.0381 0.8059 0.8890 1.0357 1.0186 0.8700 0.8815 0.9687 1.1026
0.8949 1.0226 0.8395 0.9456 0.8624 1.0312 1.1408 1.0004 0.8169 1.2011 0.8964 1.0895 0.9934 1.0083 1.0261 1.2174
1.4379 1.1773 1.2123 1.1318 1.1020 0.9155 0.9529 0.8343 0.8670 0.9911 0.9354 0.8560 0.9238 1.0330 1.0000 0.9083
0.9989 1.1310 0.8631 1.0252 0.9767 1.0749 1.1132 1.1015 1.1582 0.9704 0.9662 0.9924 0.8809 0.8212 0.8888 1.0549
0.7871 0.8182 1.0563 0.9004 0.8875 1.0069 0.8966 1.1423 1.1170 0.9610 1.1218 1.0080 1.1161 0.8029 1.2056 0.9266
0.8724 0.7998 0.8472 0.9999 0.9482 0.9820 0.9735 0.9461 0.9120 1.0509 0.9064 1.0028 1.1743 1.0942 1.2222 1.5122
0.5941 0.8584 0.9193 0.9175 0.9034 1.0383 1.0589 1.1318 1.0852 1.0191 0.8713 0.9769 1.0201 1.0755 0.9149 1.0587
1.0513 0.9338 1.0103 1.0675 0.9865 1.0865 1.1384 0.9743 1.0494 0.9688 0.9345 0.9921 0.9757 0.9784 1.0463 0.7947
1.0287 1.1280 1.0805 1.1912 1.0701 0.9365 0.9093 1.3145 0.8629 1.0513 1.0835 0.8001 0.8057 0.8903 0.8181 0.9959
0.9841 0.8494 0.9593 0.7752 0.8581 0.9023 0.8366 1.1366 0.9597 1.0646 1.0761 1.0213 1.1116 1.0451 1.1909 1.1515
1.4418 1.1594 1.0433 1.1178 1.1026 1.1018 1.1180 1.1190 0.9960 0.7038 0.9211 0.9010 0.7992 0.6405 0.6244 0.6607
0.8003 0.9109 0.9767 0.8963 0.8578 0.9730 1.0583 0.9900 1.0000 0.9405 1.0770 0.9616 1.0000 1.1899 1.2480 1.4341
1.0944 0.9447 1.1110 1.0000 0.9222 1.0451 1.0554 0.8521 1.0323 1.0850 1.0062 0.9809 0.9430 0.9157 0.9810 1.0668
1.1239 1.1127 0.8420 1.2266 0.8760 0.9429 1.1590 0.9303 0.8959 1.0000 1.0000 1.0518 1.0000 0.9348 1.0512 1.0433
1.3908 1.1105 1.5118 1.1650 0.9424 1.2035 1.1030 1.0543 1.1242 0.8568 0.8860 0.9113 0.8064 0.7632 0.7612 0.8573
0.9437 0.9642 1.1326 1.1060 1.0375 1.0287 0.9923 1.0040 1.0743 1.0743 1.0189 0.9321 0.8358 0.8217 0.5735 0.5334
1.3673 1.1103 1.0000 1.0602 1.2500 1.0990 1.0277 1.0181 0.9959 0.8170 0.9357 1.0658 0.9276 1.0087 0.9267 0.8115
0.5821 0.5538 0.8973 0.8200 0.8279 0.9552 1.0200 1.0482 1.0404 0.9499 1.0601 1.2872 1.2085 0.9286 0.9884 1.3148
1.1346 0.9463 1.0101 0.8247 0.9982 1.0275 1.0236 1.0915 1.0000 1.3407 1.0036 0.8972 0.9539 0.9828 0.8673 0.8325
0.8494 0.7765 0.7437 0.8850 0.8159 0.9746 0.7977 0.9149 1.1485 1.0873 1.1251 1.1690 1.2406 1.1034 0.5458 1.2907
1.5460 1.3356 1.1612 1.3324 1.1968 1.0634 1.2303 1.0190 0.9328 0.7826 0.9025 0.9033 0.9265 0.8606 0.7694 0.8573
