0.7964 0.8198 0.9054 0.9155 1.0071 1.0521 1.0206 1.1373 1.1492 1.1602 1.0258 0.9467 1.1224 1.0806 0.9169 0.9358
0.8886 0.8945 1.0067 1.0644 1.1029 1.2204 1.1910 0.9376 0.9818 0.9224 1.0725 1.0340 0.9582 0.8610 0.9903 0.7912
0.6681 0.7374 0.9183 0.9452 0.9550 1.0770 1.1329 1.0624 1.0830 1.2273 1.0152 1.0046 0.9435 0.9481 0.9222 0.7395
0.6957 0.7443 0.8618 0.9480 0.9323 1.0620 1.0931 1.0183 0.9633 1.1816 1.1266 1.0114 1.0831 0.9330 0.9841 0.7706
0.7669 0.8781 0.8117 0.8832 1.0000 1.0410 1.0728 1.0631 1.1774 1.2176 1.0511 1.0537 1.0272 1.0548 0.9735 0.8409
0.8755 0.8930 0.8914 0.9608 1.1191 1.0657 1.1494 1.0695 1.1686 1.1050 1.0669 0.9998 0.9913 0.9392 0.8725 0.8332
0.7524 0.8369 0.8784 0.9420 0.9999 1.0300 1.1305 1.1312 1.0932 1.1052 1.1061 1.0599 0.9815 0.8973 0.8329 0.9741
0.8990 0.8154 0.8804 0.9250 1.0000 1.0817 1.1941 1.0806 1.1068 1.0577 1.1529 1.0804 1.0454 0.9381 0.8442 0.9032
0.8227 0.8923 0.8685 0.8807 0.9960 1.0166 1.1588 1.0380 1.0726 1.1386 1.0526 1.1042 1.0090 1.0411 0.9012 0.8486
0.7058 0.8062 0.9186 1.0256 1.0112 1.0515 1.0626 1.1608 0.9999 1.0378 1.1535 0.9328 0.9119 0.9507 0.9739 0.9354
0.7668 0.7325 0.8074 0.8567 0.9851 1.0900 1.1650 1.0681 1.0593 1.1051 1.0596 1.0288 1.0839 1.0248 0.9028 0.9492
0.7518 0.8641 0.8959 0.9898 1.1620 1.0953 1.1295 0.8503 1.0063 1.2204 1.0709 0.9879 0.9682 1.0000 1.0000 0.6678
0.9337 0.8728 0.9278 0.9930 1.1152 1.0846 1.1019 0.9756 1.1017 0.9681 1.0724 0.9927 0.9912 0.8136 0.7980 0.9352
0.9034 0.9198 0.9383 1.0190 0.9819 1.0781 1.1235 1.1059 1.0737 1.0392 1.1260 0.9276 0.9479 1.0000 0.8230 0.7916
0.6911 0.7839 0.8906 0.9131 1.0011 1.1667 1.1029 1.0765 1.0787 1.0471 1.0970 1.1689 1.0381 0.8451 0.8855 0.7410
0.7554 0.8564 0.9494 0.9958 0.9681 1.0299 1.0846 1.0267 1.0537 0.9985 1.0287 1.0985 1.0116 0.9680 0.9284 0.8759
0.8852 0.7886 0.9009 0.8838 1.0456 1.1451 0.9639 1.1236 1.1020 1.1865 1.0265 1.0420 1.1196 0.9365 0.9014 0.9083
0.7180 0.8186 0.8293 0.8409 1.0116 1.0142 1.1304 1.0269 1.0187 1.1195 1.1110 1.0530 1.0426 1.0485 0.9563 0.9466
0.7028 1.0000 0.9032 0.8903 0.9492 1.1352 1.1386 1.0665 1.0397 1.1597 1.0811 0.9163 0.9802 0.9147 0.9047 0.9118
0.8910 0.8639 0.9863 0.8841 1.0480 1.1728 1.0125 1.1085 1.0872 1.2057 1.0106 1.1110 1.0000 0.9288 0.8778 0.7872
0.8901 0.8863 0.9145 0.9693 0.9281 1.0800 1.0603 1.0486 1.0391 0.9576 1.0624 1.1230 1.0579 1.0193 1.0207 0.9022
0.6065 0.7543 0.8938 0.9620 1.0000 1.0063 1.0191 1.0127 0.9918 1.0899 1.0251 1.0773 1.0037 0.9215 1.0000 0.7841
0.8511 0.7920 1.0015 0.9520 1.0872 1.1292 1.1502 0.9414 1.0632 1.1391 1.1492 1.0319 1.0748 0.9264 0.8872 0.8385
0.7696 0.7906 0.8724 0.9088 1.1639 1.0000 1.0522 1.2055 1.1114 1.0177 1.2262 0.9573 0.9639 0.9488 1.0238 0.9828
0.8651 0.9325 0.8819 0.9897 1.0820 1.1203 1.1801 1.2005 1.1508 1.1541 1.0618 0.9369 0.9459 0.8459 0.6931 0.6272
