0.7448 0.8084 0.8876 0.9099 1.0377 1.0754 1.0399 1.1739 1.1298 1.1559 1.0128 0.9815 1.0480 1.0230 0.8638 0.8685
0.8638 0.8692 0.9660 1.0389 1.1003 1.2311 1.2021 0.9572 1.0054 0.9327 1.1062 1.0004 0.9227 0.8413 0.9972 0.7724
0.6620 0.7178 0.9239 0.9302 0.9486 1.0674 1.1243 1.0735 1.0727 1.2002 1.0082 0.9748 0.9074 0.9291 0.9182 0.7308
0.6648 0.7495 0.8650 0.9797 0.9605 1.0827 1.0874 1.0100 0.9699 1.1597 1.1372 0.9713 1.0395 0.9010 0.9547 0.7671
0.7579 0.7936 0.8272 0.9060 1.0000 1.0324 1.0921 1.0406 1.1632 1.2111 1.0268 1.0389 0.9583 1.0500 0.9528 0.8400
0.8485 0.8683 0.8666 0.9528 1.1562 1.0873 1.1843 1.0893 1.1590 1.0884 1.0412 1.0244 0.9891 0.9221 0.8579 0.8642
0.7511 0.8291 0.8663 0.9333 1.0338 1.0434 1.1633 1.1440 1.0890 1.0661 1.0845 1.0356 0.9696 0.9131 0.8455 0.9881
0.9064 0.8105 0.8746 0.9521 1.0000 1.0851 1.1953 1.1155 1.0866 1.0348 1.1368 1.0779 1.0334 0.9256 0.8514 0.9207
0.8246 0.8839 0.8748 0.8918 1.0425 1.0214 1.1370 1.0471 1.0612 1.0966 1.0235 1.0887 0.9774 1.0284 0.9011 0.8441
0.7028 0.7742 0.8692 1.0050 1.0078 1.0358 1.0578 1.1211 0.9742 1.0097 1.1726 0.9364 0.9248 0.9603 1.0066 1.0084
0.7233 0.6657 0.7527 0.8084 0.9523 1.0507 1.1437 1.0293 1.0064 1.0458 1.0141 0.9511 1.0314 0.9839 0.8666 0.9754
0.7413 0.8567 0.9293 0.9825 1.1509 1.1408 1.1232 0.8692 1.0276 1.2290 1.0872 0.9761 0.9542 1.0000 1.0000 0.7050
0.9577 0.9087 0.9190 1.0097 1.1368 1.1037 1.1621 1.0186 1.1065 1.0160 1.0752 1.0199 1.0106 0.8381 0.8306 0.9703
0.9262 0.9161 0.9755 1.0076 0.9965 1.1033 1.1551 1.1160 1.0851 1.0271 1.1538 0.9277 0.9606 1.0000 0.8308 0.8178
0.6673 0.7542 0.8862 0.9054 1.0155 1.1934 1.0850 1.0438 1.0414 1.0421 1.1078 1.1274 1.0028 0.8449 0.8906 0.8154
0.7133 0.8181 0.9381 0.9998 0.9780 1.0346 1.0879 1.0521 1.0679 1.0050 1.0008 1.0631 0.9908 0.9668 0.9366 0.8816
0.8928 0.7739 0.8607 0.8796 1.0399 1.1791 0.9697 1.1664 1.1268 1.1772 1.0330 1.0314 1.1108 0.9339 0.9056 0.9175
0.7087 0.7941 0.7999 0.8259 1.0159 0.9936 1.1113 0.9848 0.9929 1.0985 1.0651 1.0615 1.0208 1.0507 0.9090 0.9261
0.6974 1.0000 0.9178 0.9246 0.9787 1.1343 1.1448 1.0515 1.0641 1.1541 1.0622 0.9004 0.9890 0.8976 0.8886 0.8919
0.8446 0.8265 0.9338 0.8539 1.0611 1.1744 1.0088 1.0602 1.0480 1.1516 1.0273 1.1284 1.0000 0.9657 0.9594 0.9184
0.8897 0.9068 0.8902 0.9603 0.9372 1.1097 1.0615 1.0232 1.0268 0.9574 1.0500 1.1140 0.9960 1.0072 1.0325 0.9480
0.6159 0.7724 0.9159 0.9869 1.0000 1.0662 1.0418 1.0520 1.0295 1.1004 1.0137 1.0581 0.9811 0.9221 1.0000 0.8299
0.8345 0.7847 0.9801 0.9476 1.0556 1.1598 1.1581 0.9331 1.0655 1.1211 1.1602 1.0441 1.0447 0.9336 0.8899 0.8436
0.7876 0.7921 0.8778 0.9446 1.2259 1.0000 1.0597 1.1785 1.0771 1.0384 1.2143 0.9525 0.9389 0.9404 0.9791 0.9883
0.8423 0.9312 0.8948 0.9798 1.1040 1.1275 1.1975 1.1748 1.1638 1.1426 1.0805 0.9679 0.9627 0.8921 0.7820 0.7646
