0.7567 0.8065 0.8843 0.9165 1.0495 1.0940 1.0459 1.1771 1.1403 1.1417 1.0036 0.9621 1.0569 1.0130 0.8606 0.8650
0.8665 0.8838 0.9998 1.0730 1.1226 1.2629 1.2087 0.9331 0.9669 0.9143 1.0782 0.9694 0.9263 0.8376 0.9908 0.7616
0.6629 0.7388 0.9241 0.9348 0.9614 1.1024 1.1138 1.0746 1.0496 1.2123 1.0046 0.9757 0.9083 0.9076 0.9115 0.7113
0.6647 0.7468 0.8653 0.9851 0.9750 1.0835 1.0963 1.0276 0.9693 1.1437 1.1249 0.9793 1.0378 0.8980 0.9399 0.7545
0.7562 0.8026 0.8366 0.9247 1.0000 1.0452 1.0878 1.0464 1.1424 1.2236 1.0202 1.0208 0.9509 1.0399 0.9662 0.8609
0.8432 0.8793 0.8871 0.9612 1.1555 1.1097 1.1686 1.0587 1.1489 1.0889 1.0509 1.0208 0.9657 0.9294 0.8624 0.8687
0.7375 0.8319 0.8721 0.9507 1.0469 1.0353 1.1359 1.1358 1.0984 1.0578 1.0764 1.0556 0.9801 0.9079 0.8423 0.9734
0.8854 0.8164 0.8725 0.9628 1.0000 1.0945 1.1791 1.0997 1.0691 1.0513 1.1225 1.0786 1.0343 0.9357 0.8539 0.9443
0.8055 0.8798 0.8823 0.8862 1.0318 1.0296 1.1282 1.0428 1.0722 1.1063 1.0385 1.0734 0.9797 1.0336 0.8945 0.8437
0.6854 0.7745 0.8807 1.0005 1.0137 1.0314 1.0561 1.1257 0.9728 0.9964 1.1587 0.9405 0.9060 0.9756 0.9959 1.0221
0.7354 0.6719 0.7743 0.8240 0.9783 1.0572 1.1559 1.0336 0.9953 1.0527 0.9922 0.9601 1.0248 0.9617 0.8653 0.9811
0.7428 0.8617 0.9054 0.9950 1.1818 1.1678 1.1482 0.8671 1.0158 1.2151 1.0707 0.9609 0.9342 1.0000 1.0000 0.6822
0.9547 0.9040 0.9452 1.0145 1.1601 1.1096 1.1517 0.9963 1.1264 1.0203 1.0601 1.0209 1.0013 0.8303 0.8163 0.9650
0.9375 0.9291 0.9787 1.0364 1.0155 1.1029 1.1487 1.1308 1.0812 1.0384 1.1210 0.9258 0.9351 1.0000 0.8217 0.7932
0.6807 0.7604 0.8805 0.9171 1.0278 1.2150 1.1146 1.0811 1.0456 1.0493 1.0455 1.0767 0.9511 0.8641 0.9016 0.8247
0.6968 0.8123 0.9039 0.9743 0.9804 1.0226 1.1059 1.0485 1.0703 0.9991 1.0059 1.0806 1.0107 0.9692 0.9414 0.8849
0.9011 0.7641 0.8768 0.8901 1.0502 1.2007 0.9660 1.1731 1.1236 1.1571 1.0383 1.0211 1.1121 0.9305 0.8863 0.9109
0.6952 0.8079 0.8030 0.8216 1.0030 0.9828 1.1327 1.0048 0.9864 1.1094 1.0851 1.0525 1.0079 1.0209 0.9127 0.9248
0.6849 1.0000 0.9102 0.9336 0.9688 1.1441 1.1306 1.0437 1.0589 1.1620 1.0707 0.9086 0.9912 0.8821 0.8902 0.9077
0.8320 0.8277 0.9461 0.8752 1.0618 1.1541 0.9983 1.0604 1.0528 1.1608 1.0122 1.1195 1.0000 0.9600 0.9689 0.9304
0.8681 0.8947 0.8987 0.9678 0.9355 1.1060 1.0460 1.0299 1.0152 0.9539 1.0306 1.1422 1.0070 1.0157 1.0275 0.9643
0.6322 0.7759 0.9126 0.9970 1.0000 1.0528 1.0591 1.0527 1.0142 1.0764 1.0113 1.0680 0.9850 0.9236 1.0000 0.8419
0.8498 0.7845 0.9888 0.9531 1.0542 1.1517 1.1499 0.9290 1.0572 1.1218 1.1544 1.0495 1.0507 0.9320 0.8880 0.8347
0.7698 0.7957 0.9007 0.9451 1.2353 1.0000 1.0763 1.1799 1.0883 1.0427 1.2217 0.9344 0.9343 0.9286 0.9852 0.9605
0.8295 0.9324 0.8832 0.9817 1.1003 1.1165 1.2108 1.1868 1.1502 1.1522 1.0663 0.9585 0.9738 0.9016 0.7782 0.7763
