1.3054 1.1874 1.1390 1.1573 1.0335 0.9737 1.0819 0.9145 1.1166 1.0905 0.8538 0.8195 0.9277 0.7690 0.7802 0.8276
1.0000 1.0627 1.0648 1.2680 1.1122 0.9985 0.9888 0.9863 0.9033 0.9994 0.9468 0.9143 0.9364 0.9873 0.8390 1.0000
1.2228 1.0833 0.9923 1.4838 0.9586 1.0218 1.0000 0.9301 0.9947 1.0513 1.0014 0.9060 1.0036 0.9683 0.9762 0.9410
1.1988 1.0673 1.0880 1.1383 1.0148 1.0405 1.1091 0.9729 1.0503 0.9678 0.9347 0.9397 0.8869 0.8809 0.8485 0.9383
1.4917 1.0878 1.0323 1.0485 0.9220 0.9571 0.9972 0.9549 0.7826 0.8866 1.0198 1.1164 0.9202 1.0515 1.1104 1.2949
1.0319 1.0610 0.9334 0.9950 0.9429 1.0232 1.1088 1.0152 0.8099 1.1203 0.8986 0.9971 0.9671 0.9301 0.9902 1.1430
1.2849 1.1159 1.0795 1.0566 1.0027 0.9378 0.9689 0.8890 0.8960 1.0295 0.9651 0.8814 0.9675 1.0605 1.0000 1.0409
1.1559 1.2060 0.9714 1.0861 1.0430 1.0933 1.1073 1.0630 1.1587 0.9283 0.9249 0.9028 0.8563 0.7611 0.8317 0.9213
0.7121 0.7481 0.9446 0.8021 0.8915 0.9828 0.8732 1.0839 1.0793 0.9616 1.1076 1.0503 1.1936 0.8427 1.2730 1.0411
0.9650 0.8724 0.8491 1.0760 1.0069 1.0008 0.9816 0.9795 0.9175 0.9741 0.9304 1.0021 1.0901 1.0548 1.1558 1.2984
0.6401 0.7778 0.8856 0.8538 0.9105 1.0022 0.9755 1.1345 1.0599 1.0107 0.9305 0.9921 1.0783 1.1357 0.9639 1.0699
1.2034 1.0645 1.1015 1.1572 1.0948 1.0717 1.0968 0.9894 1.0204 0.9008 0.8804 0.9146 0.9120 0.8622 0.9243 0.7930
1.0068 1.0247 1.0107 1.1147 1.0342 0.8895 0.8216 1.1712 0.9032 0.9891 1.1037 0.8618 0.9503 1.1042 0.9789 1.2225
1.0397 0.9699 1.0077 0.8135 0.9408 0.9662 0.9292 1.0934 0.9938 1.0006 1.0236 0.9757 1.0681 0.9689 1.0914 1.0836
1.3262 1.1294 0.9954 0.9875 1.0946 1.0887 1.0882 1.0924 1.0050 0.8025 0.9529 0.9423 0.9177 0.7010 0.6699 0.7184
0.9178 0.9645 1.0615 0.9141 0.9254 1.0304 1.0140 0.9901 1.0000 0.9182 1.0121 0.9108 1.0000 1.0935 1.1347 1.2971
1.0360 0.9401 1.0058 1.0000 0.9577 0.9854 1.0630 0.8944 0.9926 1.0690 1.0571 0.9990 0.9794 0.9886 1.0625 1.2383
1.2931 1.2519 0.9048 1.2338 0.9450 1.0015 1.1334 0.9401 0.8834 1.0000 1.0000 0.9601 1.0000 0.8754 0.9736 1.0039
1.3576 1.0089 1.3344 1.0300 0.8880 1.1511 1.0188 1.0180 1.0946 0.9562 0.9194 0.9474 0.8737 0.8384 0.8493 1.0382
1.0996 1.0500 1.1411 1.2008 0.9772 1.0435 0.9567 0.9809 1.0446 1.1447 0.9328 0.8467 0.8356 0.7656 0.5554 0.5235
1.4502 1.0489 1.0000 0.9987 1.1487 1.1316 0.9802 1.0114 1.0073 0.8141 0.9487 1.0877 0.9102 1.0571 0.9841 0.8839
0.5291 0.6582 0.9758 0.9503 0.9169 1.0432 1.0323 1.0142 1.0012 0.9860 1.0061 1.1290 1.1123 0.9172 0.9446 1.2767
1.1196 0.8726 0.9526 0.8686 0.8955 0.9248 0.9620 0.9906 1.0000 1.1952 0.9804 0.9651 1.0698 1.1783 1.0906 1.0276
0.9946 0.9513 0.8243 0.9564 0.8548 1.0011 0.8777 0.9216 1.1397 1.0098 1.0801 1.0987 1.0518 1.0153 0.5458 1.1432
1.5478 1.2728 1.1611 1.2381 1.1261 1.0964 1.1585 1.0146 0.9753 0.8003 0.9431 0.8461 0.9297 0.8005 0.7336 0.8620
