1.3128 1.2054 1.0714 1.1256 1.0152 0.9632 1.0909 0.8759 1.1116 1.1397 0.8697 0.8303 0.9155 0.8202 0.7941 0.8574
1.0000 1.0684 1.2145 1.2695 1.1489 1.0167 1.0884 0.9855 0.8817 0.9386 0.9099 0.8785 0.8784 0.9132 0.8141 1.0000
1.0650 0.9445 0.8906 1.3063 0.8940 0.9866 1.0000 0.9574 0.9758 1.0394 0.9978 0.9536 1.0302 1.0310 1.0680 1.1377
1.2876 1.1554 1.1280 1.1049 1.0000 1.0491 1.0889 0.9164 0.9920 0.9127 0.9073 0.9459 0.8537 0.9585 0.8237 0.9783
1.3379 1.0160 0.9459 1.0355 0.9618 0.9569 0.9957 0.9387 0.9093 0.9858 0.9617 1.1022 0.9040 1.0907 1.0839 1.3387
1.1481 1.0887 0.9614 1.1048 0.9677 1.0704 1.0734 0.9712 0.8879 1.0502 0.9497 0.9072 0.9063 0.8862 1.0119 1.0107
1.1960 1.0948 1.0625 1.0013 0.9605 0.9280 1.0200 0.9833 0.8773 1.0513 0.9712 0.8460 0.9713 1.0279 1.0000 1.0661
1.2881 1.2134 1.0972 1.0805 1.0965 1.0884 1.0853 0.9987 1.0900 0.9039 0.9223 0.8533 0.8323 0.7791 0.8081 0.8777
0.6840 0.7320 0.9132 0.7589 0.9430 0.9774 0.8636 1.0449 1.0525 0.9177 1.0421 1.0176 1.2127 0.9534 1.2387 1.1454
1.1064 0.9469 0.9236 1.1079 1.0171 0.9635 0.9489 1.0965 0.8770 0.9095 0.9314 0.9192 1.0428 1.0028 1.1185 1.1581
0.6547 0.7312 0.9026 0.8430 0.9404 0.9734 0.9436 1.0655 0.9804 0.9699 1.0801 0.9356 1.1709 1.1019 0.9743 1.1863
1.2625 1.0994 1.1347 1.1826 1.0388 1.1084 1.1311 0.9557 1.0114 0.8879 0.8565 0.8964 0.8851 0.8188 0.9080 0.8253
0.9731 0.8903 0.8688 0.9759 0.9050 0.8588 0.7921 1.1414 0.9408 1.0382 1.1593 0.9714 1.0824 1.1758 1.1204 1.4573
1.1084 1.0282 1.0862 0.9222 0.8513 0.9468 0.9897 1.0487 0.9650 0.9209 0.9915 0.9217 1.0366 0.9253 1.0911 1.1038
1.2561 1.1477 0.9678 0.9543 1.0262 1.0642 1.0031 1.0767 1.0076 0.8711 0.9561 0.9733 0.9583 0.7871 0.7620 0.8664
0.9749 0.9475 1.0213 0.9058 0.9330 1.0588 0.9714 1.0065 1.0000 0.9350 0.9693 1.0369 1.0000 1.0563 1.0750 1.2551
0.9514 0.9532 0.9410 1.0000 0.9533 0.9407 1.0155 1.0003 0.9967 1.0365 1.0595 1.0324 1.0318 1.0807 1.2473 1.3130
1.4174 1.3251 1.0346 1.2698 0.9597 0.9829 1.1202 0.9684 0.8714 1.0000 1.0000 0.9222 1.0000 0.8437 0.9313 0.9442
1.4858 1.0363 1.2169 0.9613 0.8216 1.1347 1.0333 0.9802 1.0757 0.9875 0.8962 1.0181 0.8798 0.8664 0.9314 1.0996
1.1339 1.0980 1.1627 1.1859 0.9955 1.0203 0.9757 0.9410 0.9947 1.0621 0.9235 0.8252 0.8393 0.7827 0.5386 0.5143
1.3061 0.9450 1.0000 0.9429 1.1518 1.0940 0.9134 0.9887 0.9824 0.9444 0.9270 1.0998 0.9234 1.0841 1.0267 1.0118
0.6271 0.7126 0.9638 0.9863 1.0507 1.0218 0.9980 0.9938 0.9248 1.0986 0.9662 1.0153 1.0301 0.9555 0.9956 1.2556
1.0405 0.8538 0.9118 0.9362 0.8496 0.9092 0.8734 0.9313 1.0000 1.1621 0.9698 0.9633 1.1374 1.2672 1.2744 1.4283
1.0027 1.0322 0.8473 1.0151 0.8922 1.0076 0.9091 0.9821 1.1224 0.9238 1.0423 1.0598 0.9844 1.0351 0.5458 1.0886
1.3031 1.1044 1.0142 1.0679 1.0554 1.0374 1.1167 1.0081 1.0069 0.8570 1.0182 0.9049 1.0225 0.8820 0.8793 0.9761
