1.2744 1.1737 1.2177 1.2722 1.1494 1.0603 1.1339 0.8951 1.0835 1.0770 0.9151 0.8084 0.8946 0.6946 0.7109 0.6514
1.0000 0.8573 0.8959 1.0614 1.0660 0.9618 1.0087 0.9969 0.9311 1.0998 1.0640 0.9863 1.0171 1.1722 0.9099 1.0000
1.3650 1.2477 1.3866 2.0255 1.1563 1.1893 1.0000 0.9236 1.0452 1.0326 0.8947 0.7506 0.8322 0.9091 0.7177 0.7595
0.9871 0.7806 0.9527 1.0507 0.9392 0.9890 1.0695 1.0196 1.1044 1.1068 1.0143 0.9607 1.0072 0.8838 0.9872 1.1464
1.5715 1.2026 1.1332 1.1002 0.9566 0.9914 1.1179 1.0353 0.8688 0.9679 1.1245 1.0317 0.8678 0.9257 1.0074 1.1127
0.8461 0.8854 0.7834 0.8873 0.8824 0.9561 1.1099 0.9917 0.8398 1.2475 0.9337 1.1794 1.0174 1.0695 1.0727 1.2668
1.5429 1.2487 1.1785 1.1692 1.1719 0.9361 0.9911 0.8480 0.8657 0.9497 0.8940 0.8465 0.8846 1.0088 1.0000 0.8443
0.9207 1.0812 0.8602 0.9732 0.9129 1.0664 1.1132 1.1166 1.1230 1.0173 0.9899 1.0355 0.9124 0.8308 0.9415 1.1185
0.8738 0.8323 1.0689 0.9423 0.9145 1.0464 0.9248 1.1535 1.1193 0.9847 1.1248 0.9945 1.0995 0.8004 1.0816 1.0979
0.8016 0.7579 0.8824 0.9032 0.9415 0.9867 0.9345 1.0275 0.9380 1.1260 0.9840 0.9961 1.2079 1.1429 1.1946 1.6764
0.5950 0.9436 0.9766 0.8895 0.8985 1.0718 1.0695 1.1662 1.1210 0.9939 0.8543 0.9717 0.9670 1.0145 0.8647 1.1594
0.9433 0.8648 0.9592 1.0062 0.9279 1.0309 1.1167 0.9354 1.0212 1.0027 1.0175 1.0809 1.0376 1.1022 1.1404 0.8492
1.0961 1.1408 1.1734 1.1943 1.1140 0.9864 0.9940 1.3718 0.8314 1.1065 1.0693 0.7602 0.7296 0.7802 0.7630 0.9126
0.9971 0.8144 1.0140 0.7947 0.8503 0.8511 0.8430 1.0386 0.9779 1.0279 1.0730 1.0089 1.0984 1.1024 1.2979 1.1404
1.4731 1.2693 1.0616 1.1435 1.1732 1.1521 1.1479 1.0989 0.9665 0.7343 0.9185 0.8486 0.7115 0.6184 0.6098 0.6473
0.7352 0.8844 0.8958 0.8366 0.8454 0.8871 1.0117 0.9863 1.0000 0.9704 1.1058 1.0363 1.0000 1.2852 1.3730 1.4601
1.1035 0.8833 1.0584 1.0000 0.9015 1.0357 1.0423 0.8880 0.9914 1.0856 1.0411 1.0236 0.9453 1.0193 1.0502 1.0626
0.9557 0.9641 0.7703 1.0696 0.7990 0.9026 1.1049 0.9181 0.9154 1.0000 1.0000 1.1240 1.0000 1.0596 1.1633 1.1951
1.4610 1.1428 1.6359 1.1990 1.0056 1.2429 1.0990 1.0722 1.0979 0.8384 0.8771 0.8421 0.7722 0.7070 0.7247 0.7596
0.8403 0.8892 1.0187 1.0261 0.9482 1.0254 1.0118 1.0984 1.1444 1.3984 1.0654 1.0114 1.1219 0.9260 0.6630 0.6006
1.4512 1.1407 1.0000 1.1321 1.1930 1.1697 1.0748 0.9783 0.9857 0.8542 0.9412 1.0649 0.8855 0.9685 0.9059 0.8025
0.6165 0.5756 0.8396 0.7293 0.7935 0.9384 1.0029 1.0596 1.0534 0.9778 1.1043 1.2976 1.2225 0.9869 1.0454 1.4111
1.0934 0.9638 1.0764 0.8376 1.0281 1.0421 1.0837 1.1312 1.0000 1.3757 1.0164 0.8855 0.8776 0.8206 0.7091 0.7188
0.7953 0.7369 0.7022 0.8111 0.7990 0.9023 0.8276 0.9320 1.1690 1.1369 1.1483 1.1593 1.2714 1.1921 0.5458 1.4459
1.3989 1.3341 1.2248 1.2572 1.3217 1.1762 1.1677 1.0300 0.9671 0.9345 0.9279 1.0283 0.9875 0.8756 0.7923 1.0330
