1.3625 1.2006 1.0438 1.0982 0.9812 0.9460 1.0671 0.8871 1.1067 1.1248 0.8456 0.8371 0.9255 0.8394 0.8001 0.9262
1.0000 1.1038 1.3293 1.2817 1.1368 0.9957 1.1061 0.9676 0.8764 0.9090 0.8681 0.8402 0.8628 0.8897 0.8247 1.0000
1.0377 0.9181 1.0384 1.1824 0.8492 0.9424 1.0000 0.9471 0.9734 1.0392 0.9300 0.9461 1.0362 1.1377 1.0440 1.2131
1.3522 1.2064 1.1986 1.1291 1.0206 1.0646 1.0824 0.9094 0.9529 0.8597 0.8933 0.9528 0.8090 0.9323 0.7786 0.9919
1.2344 0.9607 0.8946 1.0089 0.9607 1.0125 0.9973 0.9036 1.0138 1.1068 0.9580 1.0934 0.8929 1.0832 1.0449 1.2805
1.2530 1.0902 1.0239 1.1534 0.9914 1.0789 1.0468 0.9535 0.9262 0.9941 0.9956 0.8588 0.8697 0.8400 0.9993 0.9579
1.2020 1.1081 1.0567 1.0030 0.9488 0.9563 1.0140 0.9776 0.8940 1.0381 0.9468 0.8375 0.9763 1.0761 1.0000 1.0425
1.3821 1.2713 1.1883 1.1306 1.1478 1.0971 1.0556 1.0042 1.0806 0.8839 0.8772 0.8181 0.7916 0.7648 0.7294 0.7720
0.6654 0.7036 0.8783 0.7361 0.9415 0.9495 0.8349 1.0260 1.0002 0.8975 1.0334 0.9774 1.1923 1.0026 1.1727 1.2413
1.1470 0.9872 0.9989 1.0973 1.0137 0.9667 0.9484 1.2004 0.8818 0.8783 0.9413 0.8883 0.9968 0.9783 1.0659 1.0390
0.7050 0.7378 0.8941 0.8223 0.9789 0.9747 0.9209 1.0122 0.9603 0.9481 1.1087 0.9262 1.2209 1.1100 0.9626 1.3150
1.2793 1.1483 1.1979 1.2287 1.1034 1.1124 1.1180 0.9593 0.9852 0.8843 0.8419 0.8938 0.8459 0.7858 0.8242 0.7782
0.9741 0.8246 0.8042 0.9150 0.8514 0.9273 0.8418 1.0745 0.9522 1.1171 1.1858 1.0245 1.1017 1.1876 1.1469 1.5048
1.2447 1.0843 1.1544 1.0488 0.8544 1.0050 1.0469 1.0243 0.9476 0.8757 0.9277 0.8698 0.9955 0.8584 0.9975 1.0545
1.1375 1.1742 0.9420 0.9052 1.0392 1.0323 0.9855 1.0537 1.0019 0.9602 0.9572 0.9884 0.9639 0.8165 0.7920 0.9793
1.0625 0.9002 1.0591 0.9027 1.0095 1.0654 0.9713 1.0064 1.0000 0.9138 0.9339 1.1083 1.0000 0.9905 0.9777 1.1014
0.9379 0.9321 0.9062 1.0000 0.9864 0.9318 1.0241 1.1094 1.0066 1.0143 1.0394 0.9997 1.0408 1.0625 1.2334 1.2578
1.4946 1.3646 1.0622 1.2735 0.9841 0.9865 1.1256 0.9629 0.9114 1.0000 1.0000 0.8944 1.0000 0.8308 0.8943 0.8969
1.5115 1.0097 1.1469 0.9226 0.7885 1.1003 1.0263 0.9835 1.0685 1.0340 0.9393 1.0188 0.9072 0.8857 1.0005 1.1537
1.1776 1.1114 1.1423 1.2385 0.9801 1.0409 0.9488 0.9210 1.0072 1.0287 0.9037 0.8023 0.8132 0.7860 0.5321 0.5267
1.1985 0.9567 1.0000 0.9365 1.0952 1.0733 0.9123 1.0039 0.9782 1.0194 0.9179 1.0413 0.9077 1.0599 0.9902 1.0967
0.7376 0.7548 1.0024 0.9977 1.1025 1.0178 0.9780 0.9615 0.9501 1.0684 0.9787 0.9874 1.0022 0.9949 0.9860 1.2069
1.0292 0.8790 0.9077 0.9679 0.8371 0.9173 0.8678 0.9285 1.0000 1.1789 0.9617 0.9437 1.1765 1.3055 1.3792 1.7323
1.0253 1.0832 0.8942 1.0521 0.8994 0.9988 0.9616 1.0264 1.0963 0.9011 0.9858 1.0408 0.9292 1.0408 0.5458 1.0330
1.0548 0.9262 0.8611 0.8848 0.9435 0.9473 1.0270 0.9960 0.9785 0.8884 1.0376 1.0075 1.1287 1.0003 1.0661 1.2369
