1.3135 1.2201 1.3191 1.2953 1.1476 1.0500 1.1206 0.9390 1.0657 1.0646 0.9056 0.7830 0.8421 0.7306 0.6464 0.6528
1.0000 0.8342 0.9228 1.0021 1.0235 0.9324 1.0177 1.0061 0.8988 1.1010 1.0816 0.9905 1.0417 1.1805 0.9792 1.0000
1.3130 1.2311 1.3593 2.0647 1.1803 1.2124 1.0000 0.9121 1.0651 1.0619 0.8935 0.7745 0.8509 0.8882 0.7577 0.7970
0.9907 0.7715 0.9147 1.0527 0.9012 0.9709 1.0589 1.0389 1.1324 1.1145 0.9959 0.9893 1.0156 0.9119 0.9948 1.2416
1.5799 1.1304 1.1530 1.0963 1.0055 1.0640 1.1569 1.1362 0.8320 0.9947 1.1854 0.9037 0.9103 0.8960 0.9763 1.1222
0.7752 0.8834 0.6951 0.8787 0.8614 0.9881 1.2159 1.0346 0.8895 1.1910 0.9827 1.2056 1.0262 1.0597 1.1115 1.2752
1.6416 1.2613 1.2670 1.2068 1.1689 0.9438 0.9732 0.8459 0.8548 0.9115 0.8910 0.8330 0.8499 0.9970 1.0000 0.7977
0.9705 1.0328 0.8415 0.9601 0.8562 1.0012 1.0813 1.1479 1.1632 0.9722 0.9760 1.0799 0.9369 0.8658 1.0005 1.2099
0.8912 0.8499 1.1015 0.9599 0.9297 1.1042 0.9310 1.1133 1.1189 0.9840 1.0730 0.9841 1.0188 0.7935 1.0711 1.0819
0.8272 0.7151 0.9686 0.8798 0.9522 0.9545 0.9154 0.9728 0.9459 1.1107 0.9115 1.1052 1.3317 1.1003 1.2544 1.6351
0.6401 1.0370 1.0496 0.9645 0.9770 1.0992 1.0881 1.2044 1.1238 0.9905 0.8108 0.9149 0.9285 0.9625 0.7766 1.1573
0.9169 0.8703 0.9283 0.9715 0.9222 1.0030 1.0690 0.9547 1.0404 1.0178 1.0700 1.0770 1.0795 1.1047 1.1354 0.8368
1.1245 1.1846 1.1379 1.2442 1.1416 1.1077 1.0610 1.3624 0.8112 1.0803 1.0460 0.7188 0.7073 0.6914 0.7304 0.8058
1.0141 0.8547 1.0325 0.7908 0.8190 0.8431 0.8534 1.0168 0.9842 0.9798 1.0874 1.0132 1.0991 1.1050 1.2471 1.2028
1.5517 1.3176 1.0687 1.0921 1.1725 1.1270 1.1295 1.0615 0.9118 0.7246 0.9063 0.9028 0.7613 0.6357 0.6357 0.6691
0.7357 0.8959 0.9057 0.8364 0.8672 0.9377 1.0513 0.9473 1.0000 0.9441 1.0679 1.0264 1.0000 1.2988 1.3315 1.4597
1.1754 0.9423 1.1647 1.0000 0.9542 1.0297 1.0824 0.9164 0.9957 1.0577 0.9613 0.9303 0.8935 0.8972 0.9949 1.0226
1.0037 0.9386 0.7850 1.0291 0.7997 0.9085 1.1009 0.9622 0.9406 1.0000 1.0000 1.1432 1.0000 1.0506 1.1231 1.2200
1.4575 1.1634 1.6243 1.2357 0.9602 1.1901 1.0877 1.0617 1.0619 0.8915 0.9214 0.8293 0.7346 0.7399 0.7841 0.7737
0.8515 0.8773 1.0315 0.9818 0.9480 0.9706 1.0224 1.0407 1.1619 1.5331 1.1138 1.0202 0.9130 0.9551 0.6557 0.6048
1.5193 1.1455 1.0000 1.1434 1.2375 1.1673 1.0735 1.0252 0.9715 0.8185 0.9228 1.0429 0.8652 0.9208 0.8653 0.7846
0.6669 0.5682 0.8770 0.7259 0.8356 0.9844 1.0203 1.0514 1.0674 0.9619 1.0655 1.3038 1.1726 0.9769 1.0060 1.4078
1.0610 0.9620 1.0482 0.8712 0.9982 1.0460 1.1262 1.1614 1.0000 1.4097 1.0291 0.8769 0.8978 0.8077 0.6713 0.7746
0.8050 0.7807 0.7760 0.8830 0.8105 0.8984 0.8147 1.0002 1.1307 1.0651 1.0369 1.1609 1.2536 1.1773 0.5458 1.3858
1.5649 1.3602 1.1920 1.3614 1.2142 1.2066 1.1877 1.1476 0.9265 0.7982 0.9283 1.0051 0.9816 0.8694 0.9062 1.0343
