1.3443 1.1711 1.0379 1.0773 0.9587 0.9265 1.0557 0.8844 1.0986 1.1282 0.8456 0.8438 0.9295 0.8594 0.8037 0.9431
1.0000 1.0703 1.2992 1.2411 1.1097 0.9924 1.0871 0.9656 0.8719 0.8983 0.8710 0.8548 0.8739 0.8998 0.8300 1.0000
1.0537 0.9149 0.8299 1.1580 0.8511 0.9476 1.0000 0.9504 0.9718 1.0763 0.9779 0.9766 1.0752 1.2146 1.1102 1.2728
1.3782 1.2040 1.1860 1.1131 1.0103 1.0729 1.0677 0.9050 0.9534 0.8620 0.8857 0.9306 0.8084 0.9287 0.7722 0.9777
1.2532 0.9899 0.9134 1.0371 0.9764 1.0306 0.9864 0.9008 1.0361 1.1028 1.0064 1.0746 0.8672 1.0703 1.0205 1.2497
1.2343 1.0691 1.0017 1.1359 0.9735 1.0522 1.0462 0.9495 0.9278 0.9823 1.0112 0.8511 0.8627 0.8235 1.0126 0.9298
1.2009 1.0915 1.0417 0.9992 0.9403 0.9548 1.0202 0.9678 0.8845 1.0453 0.9681 0.8468 0.9804 1.0712 1.0000 1.0593
1.2970 1.1894 1.1399 1.0804 1.1143 1.0880 1.0623 1.0157 1.0668 0.8862 0.8988 0.8255 0.8166 0.7850 0.7680 0.8054
0.6472 0.7132 0.9029 0.7510 0.9637 0.9578 0.8442 1.0249 1.0131 0.8803 1.0283 0.9648 1.1904 1.0072 1.1668 1.2801
1.1509 1.0040 1.0105 1.0960 1.0072 0.9778 0.9456 1.1795 0.8866 0.8729 0.9337 0.8864 0.9800 0.9825 1.0451 1.0138
0.7402 0.7654 0.9052 0.8292 0.9870 0.9822 0.9102 1.0184 0.9657 0.9606 1.1144 0.9270 1.2384 1.1114 0.9608 1.3179
1.2343 1.1212 1.1535 1.2176 1.0815 1.1039 1.1405 0.9582 0.9940 0.8826 0.8321 0.8779 0.8528 0.7788 0.8210 0.7860
1.0230 0.8547 0.8251 0.8960 0.8659 0.9087 0.8452 1.0870 0.9596 1.1264 1.2087 1.0286 1.1184 1.2242 1.1795 1.5299
1.2162 1.0620 1.1285 1.0388 0.8578 0.9975 1.0385 1.0201 0.9379 0.8637 0.9257 0.8689 0.9880 0.8628 1.0133 1.0581
1.1363 1.1649 0.9341 0.9100 1.0444 1.0271 0.9836 1.0616 1.0070 0.9453 0.9651 0.9842 0.9693 0.8140 0.7846 0.9848
1.0480 0.8844 1.0528 0.9105 1.0024 1.0574 0.9748 0.9913 1.0000 0.9044 0.9212 1.1074 1.0000 0.9753 0.9797 1.1306
0.9502 0.9311 0.9264 1.0000 1.0128 0.9321 1.0200 1.1194 1.0145 1.0002 1.0490 0.9713 1.0452 1.0585 1.2403 1.2394
1.4473 1.3109 1.0503 1.2648 0.9820 1.0104 1.1261 0.9760 0.9143 1.0000 1.0000 0.8969 1.0000 0.8406 0.8945 0.9020
1.5063 0.9976 1.1499 0.9190 0.7938 1.1093 1.0245 0.9875 1.0849 1.0497 0.9053 1.0073 0.9104 0.8866 0.9962 1.1718
1.1400 1.1027 1.1230 1.2131 0.9803 1.0332 0.9438 0.9101 1.0006 1.0287 0.9130 0.8125 0.8459 0.7893 0.5405 0.5330
1.1569 0.9119 1.0000 0.9209 1.1076 1.0324 0.9340 1.0186 0.9775 1.0387 0.9446 1.0643 0.9144 1.0842 1.0007 1.1111
0.7183 0.7399 0.9685 0.9991 1.0809 1.0089 0.9872 0.9557 0.9361 1.0721 0.9672 0.9776 1.0270 0.9992 0.9973 1.1592
1.0738 0.9116 0.9411 1.0081 0.8624 0.9473 0.8770 0.9369 1.0000 1.1402 0.9274 0.9370 1.1527 1.2829 1.3685 1.7431
1.0365 1.0841 0.9009 1.0592 0.9068 0.9798 0.9773 1.0310 1.0992 0.8939 0.9773 1.0266 0.9245 1.0362 0.5458 1.0318
1.0833 0.9446 0.8894 0.9288 0.9361 0.9484 1.0697 0.9943 0.9615 0.9044 1.0227 1.0083 1.1190 0.9765 1.0812 1.2066
