0.7194 0.7713 0.8544 0.8950 1.0031 1.0844 1.0416 1.1751 1.1728 1.1757 1.0228 1.0135 1.0352 1.0250 0.8732 0.8766
0.8226 0.8302 0.9456 1.0408 1.0833 1.2227 1.2083 0.9673 1.0278 0.9656 1.0989 1.0028 0.9338 0.8704 1.0127 0.7704
0.6391 0.6950 0.9057 0.9024 0.9429 1.0802 1.1280 1.0770 1.0791 1.2478 1.0112 0.9587 0.9042 0.9234 0.9055 0.7347
0.6517 0.7296 0.8444 0.9442 0.9686 1.0706 1.1156 1.0495 1.0023 1.1715 1.1247 0.9700 1.0403 0.8879 0.9299 0.7560
0.6936 0.7468 0.7807 0.8958 1.0000 1.0044 1.0503 1.0665 1.1902 1.2319 1.0537 1.0388 0.9762 1.0540 0.9546 0.8673
0.8140 0.8411 0.8527 0.9414 1.1329 1.0788 1.1888 1.1010 1.1794 1.1289 1.0613 1.0191 0.9821 0.9293 0.8734 0.8661
0.7527 0.8210 0.8622 0.9304 1.0261 1.0385 1.1555 1.1585 1.1033 1.0868 1.0916 1.0387 0.9756 0.9258 0.8326 0.9518
0.8664 0.8062 0.8559 0.9275 1.0000 1.0874 1.1828 1.1174 1.1035 1.0792 1.1481 1.0939 1.0255 0.9386 0.8494 0.9213
0.8015 0.8642 0.8592 0.8655 1.0048 1.0191 1.1158 1.0379 1.1022 1.1240 1.0570 1.0992 0.9837 1.0471 0.9001 0.8574
0.6798 0.7394 0.8488 0.9377 0.9889 1.0043 1.0585 1.1179 0.9846 1.0573 1.1913 0.9758 0.9249 0.9785 0.9965 1.0083
0.7079 0.6365 0.7261 0.7964 0.9454 1.0355 1.1269 1.0360 1.0355 1.0758 1.0237 0.9607 1.0129 0.9788 0.8800 0.9459
0.7293 0.8240 0.9032 0.9799 1.1586 1.1480 1.1385 0.8899 1.0433 1.2414 1.0865 0.9708 0.9500 1.0000 1.0000 0.6968
0.9212 0.8802 0.8957 1.0151 1.1525 1.1137 1.1674 1.0267 1.1160 1.0654 1.0779 1.0141 1.0053 0.8406 0.8298 0.9523
0.8858 0.9022 0.9619 1.0107 0.9896 1.1088 1.1726 1.1353 1.1110 1.0651 1.1568 0.9256 0.9352 1.0000 0.8339 0.8019
0.6783 0.7375 0.8372 0.8843 0.9769 1.1766 1.0774 1.0489 1.0726 1.0858 1.0988 1.1244 1.0026 0.8769 0.9103 0.8330
0.6618 0.7932 0.9116 0.9963 0.9676 1.0367 1.1069 1.0397 1.0909 1.0039 1.0150 1.0566 0.9990 0.9674 0.9316 0.8767
0.8697 0.7847 0.8639 0.8807 1.0318 1.1602 0.9897 1.1751 1.1454 1.1889 1.0597 1.0254 1.0935 0.9302 0.8953 0.9065
0.6978 0.7591 0.7843 0.8031 1.0029 1.0079 1.1237 0.9896 0.9953 1.1068 1.0985 1.0637 1.0364 1.0385 0.8741 0.9075
0.6770 1.0000 0.8980 0.9075 0.9695 1.1213 1.1272 1.0740 1.0839 1.1808 1.0790 0.9049 0.9886 0.9105 0.8656 0.8906
0.8354 0.7964 0.9054 0.8444 1.0361 1.1441 1.0097 1.0791 1.0700 1.1869 1.0467 1.1206 1.0000 0.9857 0.9644 0.9213
0.8521 0.8734 0.8851 0.9723 0.9385 1.0966 1.0747 1.0479 1.0496 0.9850 1.0570 1.1172 1.0018 0.9770 0.9983 0.9575
0.6334 0.7769 0.9090 0.9836 1.0000 1.0619 1.0540 1.0582 1.0479 1.1075 1.0252 1.0555 0.9881 0.9097 1.0000 0.7990
0.8491 0.7795 0.9457 0.9485 1.0657 1.1610 1.1691 0.9713 1.0803 1.1385 1.1537 1.0129 1.0230 0.9239 0.9049 0.8355
0.7566 0.7729 0.8555 0.9336 1.2109 1.0000 1.0928 1.1781 1.1092 1.0692 1.2543 0.9471 0.9484 0.9374 0.9643 0.9607
0.8230 0.9153 0.8797 0.9674 1.0890 1.1116 1.1823 1.1842 1.2011 1.1968 1.1033 0.9812 0.9464 0.9028 0.7717 0.7460
