0.7261 0.7884 0.8468 0.8715 1.0346 1.0915 1.0593 1.1835 1.1716 1.1814 1.0367 1.0263 1.0415 1.0101 0.8493 0.8519
0.8288 0.8564 0.9407 1.0198 1.0863 1.2285 1.2099 0.9827 1.0547 0.9826 1.1109 1.0150 0.9293 0.8466 0.9789 0.7563
0.6482 0.7011 0.9194 0.9104 0.9603 1.0621 1.1484 1.0809 1.0873 1.2516 1.0257 0.9408 0.8825 0.9146 0.8884 0.7275
0.6570 0.7428 0.8361 0.9596 0.9717 1.0915 1.1085 1.0356 0.9960 1.1702 1.1441 0.9638 1.0573 0.8780 0.9191 0.7505
0.7222 0.7849 0.8168 0.9020 1.0000 1.0433 1.0722 1.0329 1.1631 1.2137 1.0805 1.0324 0.9975 1.0386 0.9143 0.8057
0.8221 0.8492 0.8702 0.9320 1.1336 1.0862 1.1728 1.1383 1.1955 1.1304 1.0458 1.0317 0.9717 0.9291 0.8471 0.8445
0.7649 0.7971 0.8590 0.9397 1.0301 1.0391 1.1714 1.1670 1.1203 1.1016 1.0965 1.0444 0.9682 0.9101 0.8269 0.9229
0.8784 0.7987 0.8594 0.9520 1.0000 1.1263 1.2080 1.1374 1.0960 1.0618 1.1547 1.0734 1.0134 0.9046 0.8371 0.8961
0.8221 0.8751 0.8432 0.8886 1.0129 1.0203 1.1277 1.0241 1.1056 1.1292 1.0370 1.1136 0.9736 1.0252 0.8829 0.8471
0.6820 0.7310 0.8519 0.9541 0.9593 1.0471 1.0476 1.1064 1.0493 1.0564 1.2113 1.0016 0.9183 0.9861 0.9841 0.9669
0.7208 0.6389 0.7369 0.7750 0.9550 1.0549 1.1286 1.0560 1.0266 1.0617 1.0292 0.9552 1.0133 0.9743 0.8462 0.9715
0.7389 0.8147 0.8931 0.9526 1.1516 1.1362 1.1208 0.8848 1.0572 1.2235 1.0931 0.9713 0.9610 1.0000 1.0000 0.7134
0.9455 0.8917 0.9029 1.0202 1.1369 1.1110 1.1917 1.0504 1.1411 1.0620 1.0438 1.0280 0.9698 0.8483 0.8116 0.9190
0.8927 0.8699 0.9610 0.9980 0.9996 1.1062 1.1678 1.1578 1.1247 1.0656 1.1688 0.9516 0.9385 1.0000 0.8209 0.7823
0.6822 0.7392 0.8854 0.9008 0.9886 1.1631 1.0596 1.0669 1.0672 1.0815 1.1073 1.1563 0.9925 0.8738 0.8648 0.7881
0.6685 0.7894 0.9154 0.9675 1.0125 1.0473 1.0917 1.0531 1.0832 1.0240 1.0231 1.0498 0.9844 0.9768 0.9327 0.8509
0.8559 0.7927 0.8767 0.8963 1.0458 1.1616 1.0121 1.1710 1.1585 1.1796 1.0633 1.0326 1.0635 0.9246 0.8713 0.8808
0.7183 0.7468 0.7870 0.8003 1.0024 1.0133 1.1136 1.0109 1.0056 1.1191 1.0634 1.0399 1.0090 1.0030 0.8724 0.8680
0.7024 1.0000 0.8896 0.9069 0.9860 1.1229 1.1420 1.0981 1.0901 1.1725 1.1034 0.9185 0.9543 0.8953 0.8551 0.8687
0.8171 0.8314 0.9196 0.8453 1.0268 1.1425 1.0039 1.0860 1.0771 1.1862 1.0656 1.1409 1.0000 0.9766 0.9452 0.9239
0.8492 0.8811 0.8727 0.9683 0.9716 1.1216 1.0861 1.0625 1.0454 0.9774 1.0629 1.1147 1.0086 0.9861 0.9925 0.9235
0.6109 0.7644 0.9003 0.9700 1.0000 1.0841 1.0490 1.0855 1.0455 1.1072 1.0547 1.0248 0.9721 0.9105 1.0000 0.7990
0.8636 0.7943 0.9378 0.9379 1.0760 1.1685 1.2079 0.9830 1.0887 1.1413 1.1489 1.0127 1.0225 0.9336 0.8770 0.8115
0.7482 0.7877 0.8677 0.9372 1.2154 1.0000 1.0953 1.2121 1.1095 1.0726 1.2468 0.9555 0.9337 0.9194 0.9464 0.9524
0.8453 0.9207 0.8824 0.9643 1.0777 1.1221 1.1729 1.1903 1.1843 1.1852 1.0976 0.9711 0.9602 0.8871 0.7923 0.7271
