1.3445 1.1961 1.0938 1.0901 0.9974 0.9620 1.0640 0.8849 1.1299 1.1159 0.8632 0.8290 0.9144 0.8071 0.8026 0.8906
1.0000 1.0852 1.2253 1.2650 1.1192 1.0120 1.0606 0.9681 0.8949 0.9387 0.9093 0.8748 0.8844 0.9357 0.8285 1.0000
1.0728 0.9185 0.8953 1.2914 0.8901 0.9869 1.0000 0.9274 0.9750 1.0513 0.9870 0.9348 1.0673 1.0584 1.0769 1.1697
1.2626 1.1765 1.1075 1.1241 0.9995 1.0417 1.1006 0.9203 0.9900 0.9207 0.9214 0.9475 0.8486 0.9387 0.8122 0.9737
1.3636 1.0277 0.9620 1.0666 0.9734 0.9702 1.0013 0.9195 0.9117 0.9707 0.9624 1.0760 0.9032 1.0857 1.0357 1.2891
1.1460 1.0908 0.9734 1.0873 0.9682 1.0479 1.0710 0.9859 0.8956 1.0564 0.9460 0.9101 0.8928 0.8867 1.0156 1.0267
1.2053 1.0785 1.0426 1.0086 0.9699 0.9669 1.0138 0.9682 0.8979 1.0397 0.9793 0.8342 0.9703 1.0677 1.0000 1.0293
1.2721 1.2096 1.0721 1.0848 1.0937 1.0635 1.0599 1.0289 1.1218 0.9203 0.9166 0.8533 0.8428 0.7831 0.8007 0.8733
0.6845 0.7362 0.9257 0.7774 0.9299 0.9561 0.8356 1.0516 1.0344 0.9230 1.0596 1.0046 1.2165 0.9577 1.2219 1.1824
1.0429 0.9385 0.9371 1.0753 0.9695 0.9488 0.9207 1.0907 0.9143 0.9237 0.9687 0.9343 1.0508 1.0297 1.1653 1.2061
0.6446 0.7324 0.8812 0.8338 0.9292 0.9969 0.9133 1.0217 1.0035 0.9741 1.0847 0.9488 1.1530 1.1313 0.9887 1.1815
1.2633 1.1177 1.1638 1.1791 1.0700 1.0933 1.1201 0.9608 1.0009 0.8535 0.8577 0.8912 0.8736 0.8379 0.8850 0.8270
1.0035 0.8628 0.8683 0.9576 0.9202 0.8987 0.8016 1.1321 0.9488 1.0452 1.1234 0.9643 1.0778 1.1670 1.1156 1.4855
1.1399 1.0534 1.0957 0.9241 0.8681 0.9759 0.9860 1.0337 0.9608 0.9212 0.9570 0.8953 1.0305 0.9181 1.0819 1.1243
1.2588 1.1756 0.9506 0.9578 1.0654 1.0680 1.0216 1.0494 0.9883 0.8538 0.9406 0.9511 0.9529 0.7877 0.7646 0.8860
0.9920 0.9518 1.0361 0.9058 0.9402 1.0497 0.9996 0.9905 1.0000 0.8978 0.9583 1.0260 1.0000 1.0400 1.0746 1.2395
0.9450 0.9264 0.9385 1.0000 0.9640 0.9471 1.0296 1.0232 0.9919 1.0206 1.0664 1.0113 1.0472 1.0873 1.2499 1.3159
1.4153 1.2967 1.0215 1.2052 0.9596 0.9823 1.1138 0.9760 0.8925 1.0000 1.0000 0.9306 1.0000 0.8579 0.9495 0.9618
1.4909 1.0268 1.2290 0.9746 0.8141 1.1457 1.0273 0.9679 1.0951 1.0025 0.8733 0.9918 0.8839 0.8606 0.9479 1.1185
1.1288 1.1265 1.1435 1.2036 0.9792 1.0303 0.9407 0.9385 1.0200 1.0615 0.9256 0.8284 0.8135 0.7547 0.5372 0.5155
1.3394 0.9949 1.0000 0.9686 1.1592 1.0782 0.9184 1.0324 0.9902 0.9482 0.9255 1.0713 0.8927 1.0579 1.0016 1.0160
0.6250 0.7031 0.9722 0.9624 1.0551 1.0248 0.9939 0.9727 0.9344 1.0678 0.9698 1.0220 1.0690 0.9657 0.9990 1.2785
1.0368 0.8544 0.9012 0.9520 0.8353 0.8928 0.8634 0.9345 1.0000 1.1289 0.9734 0.9242 1.1824 1.2424 1.3141 1.4520
1.0154 1.0278 0.8523 1.0168 0.8390 0.9714 0.8842 0.9854 1.1300 0.9412 1.0423 1.0680 0.9863 1.0779 0.5458 1.1140
1.3507 1.1044 1.0103 1.1006 1.0695 1.0499 1.1377 0.9685 0.9987 0.8423 1.0019 0.9052 0.9859 0.8887 0.8876 0.9889
