0.7213 0.7924 0.8444 0.8847 1.0223 1.0940 1.0491 1.1848 1.1562 1.1850 1.0453 1.0328 1.0394 1.0061 0.8543 0.8485
0.8279 0.8577 0.9320 1.0301 1.0944 1.2487 1.2154 0.9765 1.0532 0.9679 1.1140 1.0098 0.9220 0.8618 0.9655 0.7431
0.6565 0.7031 0.9078 0.9164 0.9434 1.0608 1.1534 1.1032 1.0900 1.2423 1.0277 0.9663 0.9015 0.8942 0.8773 0.7081
0.6660 0.7501 0.8412 0.9436 0.9729 1.0847 1.1026 1.0472 1.0208 1.1981 1.1325 0.9551 1.0256 0.8747 0.9058 0.7690
0.7194 0.7976 0.7851 0.8970 1.0000 1.0441 1.1065 1.0575 1.1667 1.2107 1.0337 1.0151 0.9990 1.0292 0.9283 0.8486
0.8241 0.8407 0.8724 0.9400 1.1133 1.0575 1.1758 1.1480 1.1640 1.1179 1.0607 1.0456 0.9731 0.9372 0.8694 0.8458
0.7923 0.7994 0.8542 0.9491 1.0154 1.0429 1.1727 1.1704 1.1130 1.1013 1.1038 1.0454 0.9671 0.9159 0.8262 0.9219
0.8755 0.7949 0.8550 0.9334 1.0000 1.1040 1.2259 1.1416 1.0771 1.0800 1.1625 1.0850 1.0113 0.9203 0.8400 0.8936
0.8121 0.8693 0.8267 0.8784 1.0042 1.0160 1.1270 1.0398 1.1102 1.1214 1.0540 1.1227 0.9802 1.0069 0.8986 0.8316
0.6988 0.7583 0.8509 0.9684 0.9764 1.0180 1.0439 1.0974 1.0035 1.0497 1.1959 0.9879 0.9323 0.9855 0.9903 0.9700
0.7171 0.6506 0.7302 0.8115 0.9490 1.0421 1.1233 1.0666 1.0399 1.0669 1.0433 0.9448 0.9999 0.9596 0.8462 0.9707
0.7495 0.8232 0.9126 0.9606 1.1494 1.1266 1.1335 0.8990 1.0491 1.1996 1.0921 0.9726 0.9364 1.0000 1.0000 0.6945
0.9251 0.8877 0.9089 1.0246 1.1473 1.1329 1.1813 1.0371 1.1525 1.0684 1.0695 1.0174 0.9700 0.8576 0.8130 0.8993
0.8914 0.8855 0.9442 1.0061 0.9971 1.1053 1.1845 1.1428 1.1182 1.0622 1.1677 0.9366 0.9294 1.0000 0.8245 0.7919
0.7164 0.7491 0.8688 0.9065 1.0080 1.1715 1.0781 1.0544 1.0732 1.0549 1.1061 1.1131 0.9616 0.8756 0.8740 0.8233
0.6535 0.7788 0.8920 0.9525 0.9897 1.0697 1.0924 1.0607 1.0857 1.0281 1.0260 1.0597 0.9863 0.9850 0.9191 0.8485
0.8529 0.7889 0.8812 0.9031 1.0228 1.1613 1.0109 1.1839 1.1690 1.1739 1.0666 1.0385 1.0832 0.9186 0.8703 0.8733
0.7100 0.7573 0.7901 0.8119 0.9911 1.0062 1.1255 1.0150 1.0244 1.1027 1.0646 1.0480 0.9831 1.0137 0.8675 0.8869
0.6867 1.0000 0.8715 0.9095 0.9725 1.1332 1.1403 1.0996 1.0867 1.1700 1.1075 0.9264 0.9633 0.8923 0.8627 0.8548
0.8226 0.8217 0.9051 0.8461 1.0483 1.1502 1.0284 1.0650 1.0815 1.1710 1.0540 1.1434 1.0000 0.9874 0.9308 0.9339
0.8453 0.8711 0.8721 0.9881 0.9863 1.1108 1.0807 1.0638 1.0432 0.9851 1.0710 1.1315 1.0001 0.9906 0.9849 0.9080
0.6107 0.7552 0.9014 0.9706 1.0000 1.0732 1.0579 1.0665 1.0660 1.1117 1.0295 1.0292 0.9873 0.9094 1.0000 0.8028
0.8733 0.8052 0.9280 0.9512 1.0695 1.1490 1.2051 0.9916 1.0912 1.1279 1.1615 1.0093 1.0347 0.9392 0.8701 0.8142
0.7477 0.8001 0.8725 0.9421 1.2218 1.0000 1.1046 1.2109 1.1195 1.0670 1.2347 0.9540 0.9304 0.9208 0.9422 0.9381
0.8402 0.9152 0.8795 0.9429 1.0950 1.1293 1.1675 1.1739 1.2172 1.1659 1.0969 0.9783 0.9644 0.8989 0.7654 0.7498
