0.7148 0.7743 0.8587 0.8759 1.0498 1.0925 1.0555 1.1796 1.1814 1.1773 1.0262 1.0289 1.0395 1.0113 0.8542 0.8479
0.8344 0.8456 0.9409 1.0217 1.0923 1.2235 1.2151 0.9872 1.0565 0.9747 1.1250 1.0231 0.9204 0.8498 0.9831 0.7718
0.6475 0.7005 0.9056 0.9137 0.9523 1.0734 1.1529 1.0862 1.0785 1.2419 1.0172 0.9564 0.8881 0.9208 0.8984 0.7276
0.6706 0.7374 0.8397 0.9736 0.9651 1.0729 1.1181 1.0418 1.0033 1.1726 1.1384 0.9754 1.0434 0.8735 0.9082 0.7607
0.7120 0.7729 0.8043 0.9076 1.0000 1.0299 1.0843 1.0419 1.1754 1.2166 1.0655 1.0293 0.9879 1.0550 0.9512 0.8248
0.8154 0.8364 0.8676 0.9339 1.1164 1.0794 1.1756 1.1517 1.1775 1.1389 1.0484 1.0544 0.9749 0.9368 0.8524 0.8415
0.7633 0.7973 0.8623 0.9390 1.0225 1.0359 1.1691 1.1610 1.1120 1.0895 1.1040 1.0453 0.9784 0.9133 0.8236 0.9366
0.8846 0.7991 0.8544 0.9426 1.0000 1.1176 1.2141 1.1361 1.1022 1.0737 1.1337 1.0809 1.0119 0.9201 0.8333 0.8866
0.8251 0.8636 0.8460 0.8698 1.0264 1.0151 1.1408 1.0242 1.0972 1.1314 1.0447 1.1075 0.9816 1.0298 0.8892 0.8501
0.6881 0.7281 0.8500 0.9678 0.9671 1.0352 1.0481 1.1133 1.0321 1.0390 1.1887 0.9993 0.9233 0.9826 0.9768 0.9799
0.7246 0.6446 0.7316 0.7796 0.9533 1.0498 1.1480 1.0461 1.0244 1.0571 1.0230 0.9573 1.0137 0.9824 0.8509 0.9780
0.7440 0.8205 0.9010 0.9780 1.1406 1.1287 1.1212 0.8805 1.0429 1.2084 1.1013 0.9765 0.9516 1.0000 1.0000 0.7250
0.9477 0.8820 0.9033 1.0136 1.1356 1.1167 1.1739 1.0498 1.1354 1.0560 1.0550 1.0226 0.9730 0.8569 0.8218 0.9300
0.8980 0.8724 0.9719 0.9971 0.9940 1.1174 1.1817 1.1437 1.1263 1.0683 1.1700 0.9409 0.9337 1.0000 0.8098 0.7843
0.6957 0.7408 0.8741 0.8977 1.0015 1.1495 1.0786 1.0618 1.0938 1.0931 1.1408 1.1548 0.9771 0.8575 0.8557 0.7617
0.6747 0.7982 0.9191 0.9654 0.9941 1.0407 1.0832 1.0529 1.0764 1.0228 1.0256 1.0646 0.9955 0.9824 0.9193 0.8511
0.8571 0.7987 0.8704 0.8974 1.0325 1.1687 1.0250 1.1733 1.1498 1.1706 1.0661 1.0318 1.0584 0.9250 0.8798 0.8874
0.7120 0.7500 0.7972 0.8061 1.0017 1.0038 1.1143 1.0064 1.0076 1.1095 1.0777 1.0358 1.0033 1.0158 0.8776 0.8730
0.7032 1.0000 0.8885 0.9104 0.9992 1.1342 1.1419 1.0944 1.0832 1.1629 1.0817 0.9186 0.9651 0.8888 0.8602 0.8668
0.8300 0.8307 0.9018 0.8402 1.0345 1.1513 1.0027 1.0739 1.0904 1.1829 1.0659 1.1304 1.0000 0.9988 0.9520 0.9188
0.8572 0.8829 0.8744 0.9678 0.9735 1.1152 1.0856 1.0490 1.0442 0.9824 1.0603 1.1243 1.0093 0.9940 0.9874 0.9305
0.6172 0.7631 0.8900 0.9601 1.0000 1.0693 1.0606 1.0866 1.0451 1.0993 1.0509 1.0438 0.9842 0.9112 1.0000 0.7992
0.8626 0.7953 0.9363 0.9230 1.0799 1.1654 1.1981 0.9804 1.0763 1.1494 1.1581 1.0155 1.0312 0.9391 0.8840 0.8139
0.7513 0.7905 0.8686 0.9369 1.2046 1.0000 1.0950 1.2079 1.1044 1.0727 1.2559 0.9537 0.9447 0.9197 0.9386 0.9388
0.8532 0.9300 0.8934 0.9716 1.0995 1.1354 1.1637 1.1849 1.1874 1.1823 1.0851 0.9700 0.9587 0.8873 0.7727 0.7224
