1.3200 1.1660 1.2294 1.2746 1.1126 1.0307 1.1395 0.9115 1.0495 1.0881 0.9239 0.8358 0.8924 0.7105 0.6737 0.6423
1.0000 0.8540 0.8772 1.0145 1.0477 0.9279 0.9664 0.9699 0.8926 1.1021 1.0872 1.0289 1.0642 1.2016 0.9520 1.0000
1.2553 1.2070 1.1389 1.9201 1.0844 1.1074 1.0000 0.9135 1.0244 0.9978 1.0144 0.8249 0.8823 1.0029 0.8064 0.8552
0.9821 0.7525 0.8977 1.0416 0.9170 0.9532 1.0383 0.9905 1.1058 1.1015 1.0161 0.9871 1.0433 0.9579 1.0566 1.2072
1.5987 1.1890 1.1292 1.0765 1.0552 1.0049 1.0620 1.0845 0.8101 0.9577 1.0541 1.0166 0.9420 0.9421 0.9792 1.1664
0.8552 0.9570 0.7713 0.9051 0.8923 1.0072 1.1554 0.9966 0.8401 1.1715 0.9124 1.1420 1.0384 1.0427 1.0698 1.2717
1.4992 1.1927 1.1588 1.1252 1.1616 0.9595 0.9817 0.8365 0.8747 0.9637 0.9083 0.8686 0.8979 1.0349 1.0000 0.8787
0.9611 1.0617 0.8467 0.9958 0.8994 1.0626 1.1359 1.1481 1.1627 1.0032 0.9791 1.0461 0.9100 0.8272 0.9337 1.0539
0.8248 0.8220 1.0691 0.9598 0.8827 1.0468 0.8945 1.1283 1.1246 0.9764 1.1068 1.0070 1.0818 0.8104 1.1351 1.0889
0.8335 0.7442 0.9140 0.9159 0.9436 0.9738 0.9620 0.9973 0.9185 1.0931 0.9123 1.0539 1.1632 1.0942 1.2020 1.5756
0.6193 0.9540 0.9817 0.9402 0.9312 1.0609 1.0536 1.2239 1.1061 1.0080 0.8418 0.9564 0.9538 1.0326 0.8344 1.1444
0.9445 0.8662 0.9694 0.9606 0.9116 1.0249 1.0980 0.9784 1.0074 1.0338 1.0281 1.0768 1.0361 1.1099 1.1466 0.8326
1.1134 1.1522 1.1090 1.2578 1.0793 1.0163 1.0116 1.3707 0.8099 1.1101 1.0603 0.7427 0.7393 0.7934 0.7532 0.9211
0.9373 0.8511 0.9861 0.7774 0.8589 0.8629 0.8472 1.0831 1.0071 1.0359 1.1039 1.0543 1.0987 1.1360 1.2439 1.1432
1.4975 1.2427 1.0378 1.1426 1.1397 1.1278 1.1607 1.1038 0.9512 0.7082 0.9045 0.8681 0.7496 0.6216 0.6391 0.6401
0.7652 0.9360 0.9267 0.8548 0.8760 0.9386 1.0419 0.9946 1.0000 0.9363 1.0855 0.9865 1.0000 1.2553 1.3304 1.4475
1.1704 0.9528 1.1834 1.0000 0.9551 1.0384 1.0278 0.9008 0.9851 1.0497 0.9877 0.9349 0.9062 0.9367 1.0094 1.0142
1.0076 1.0234 0.7953 1.1104 0.8436 0.9268 1.1558 0.9260 0.9137 1.0000 1.0000 1.1392 1.0000 0.9793 1.1020 1.1812
1.3533 1.0906 1.5620 1.2195 0.9794 1.1900 1.0781 1.0652 1.0776 0.8953 0.9217 0.8833 0.7935 0.7469 0.7118 0.7976
0.9217 0.9277 1.0505 1.0529 0.9640 1.0301 0.9556 1.0578 1.0940 1.2690 1.0576 0.9747 0.8945 0.9398 0.6937 0.6342
1.4198 1.1060 1.0000 1.0906 1.1977 1.1522 1.0842 1.0073 0.9955 0.8483 0.9516 1.0707 0.8919 0.9727 0.9215 0.8053
0.6630 0.5657 0.8909 0.7780 0.8575 0.9889 1.0304 1.0727 1.0476 0.9507 1.0475 1.2462 1.1716 0.9446 1.0106 1.3660
1.0997 0.9606 1.0808 0.8159 0.9751 1.0275 1.0955 1.1233 1.0000 1.3763 0.9925 0.8862 0.8905 0.8341 0.7100 0.7339
0.8148 0.7718 0.7246 0.8670 0.8205 0.9038 0.8119 0.9453 1.1431 1.0797 1.1142 1.1658 1.2904 1.1524 0.5458 1.3625
1.6150 1.3974 1.0975 1.3342 1.1856 1.2175 1.2541 1.0993 0.9222 0.8750 0.8872 0.8137 0.9247 0.7512 0.8776 0.9524
