1.5042 1.4092 1.2879 1.2946 1.0717 0.9887 1.1428 1.0064 0.9556 0.9764 0.7904 0.7975 0.8107 0.7626 0.6311 0.6322
1.0000 0.7761 1.0552 0.9963 0.8820 0.9108 1.1057 1.0132 1.0130 1.0855 1.0646 0.9026 0.9827 1.1354 1.0924 1.0000
1.2866 1.3281 1.5704 2.1063 1.0253 1.1282 1.0000 0.8023 1.0937 1.0198 0.8571 0.7709 0.9102 0.9235 0.7245 0.8326
1.0533 0.8776 0.8099 0.9961 0.8641 0.9449 0.9450 0.9104 1.0779 1.0359 1.0039 1.0600 0.9835 0.9832 1.0032 1.6322
1.3498 1.1535 1.2245 0.9232 1.0412 1.2373 1.1531 1.1771 0.9972 1.2607 1.1817 0.9858 0.9902 0.9138 0.9573 0.8693
0.8055 0.8596 0.7015 0.9113 0.8892 0.9557 1.1090 0.9745 0.9000 1.1061 1.0666 1.1810 1.1158 1.0803 1.1745 1.3683
1.6436 1.3579 1.2877 1.2073 1.1925 1.0484 1.0461 0.8933 0.8604 0.8125 0.8128 0.7548 0.7878 0.9527 1.0000 0.7602
0.9983 0.9423 1.0219 0.9322 0.8426 1.0242 1.0335 1.0933 1.1958 0.9486 0.9973 0.9985 0.9125 0.9407 1.0120 1.0858
1.0292 0.9334 1.1736 1.0420 1.0769 1.2882 0.9881 1.1645 1.0985 0.9159 1.0278 0.9348 0.9173 0.9032 0.9817 1.1121
1.0028 0.7922 1.1871 0.8657 0.9047 0.9376 0.8733 1.2682 0.9019 1.0214 0.9534 1.0205 1.0906 1.2071 1.2114 1.6200
0.6982 1.0849 1.1856 0.8301 1.0968 1.1199 1.0107 1.0373 0.9935 0.9395 0.8646 0.9071 1.0396 0.9086 0.7844 1.3872
0.8332 0.7910 0.9112 0.9126 0.8528 0.9203 1.0149 0.9253 0.9957 1.1221 1.0728 1.1124 1.1516 1.1790 1.1935 1.0090
1.1139 1.0615 0.9837 1.0472 1.0423 1.1541 1.1288 1.4247 0.7705 1.2495 1.0177 0.8054 0.8897 0.8584 0.7669 0.9272
1.1531 0.9505 1.1605 0.9054 0.7605 0.9215 0.8848 1.0300 1.0337 1.0576 1.0841 0.9994 1.0427 1.0127 1.0728 1.1304
1.4177 1.4595 1.0490 1.1349 1.2682 1.0661 1.0929 1.1012 0.9223 0.7744 0.8603 0.7714 0.6881 0.6366 0.6582 0.6846
0.7137 0.8707 0.8531 0.8016 0.8735 0.8610 0.9642 0.9283 1.0000 0.9286 1.1341 1.2480 1.0000 1.3833 1.4410 1.4651
1.0800 0.9460 1.1973 1.0000 1.0281 0.9912 1.0717 1.0596 0.9564 0.9280 0.9334 0.9715 0.9089 0.9458 1.1242 1.0294
0.8392 0.7993 0.8462 0.9069 0.8096 0.8084 1.0127 0.9856 0.9762 1.0000 1.0000 1.1860 1.0000 1.1773 1.1721 1.2842
1.6229 1.2681 1.6902 1.2198 0.9917 1.1287 1.0851 1.0626 0.9741 0.9115 0.8993 0.7718 0.6902 0.6674 0.8434 0.8451
0.8164 0.8214 1.0046 1.0186 0.9061 0.9577 1.0851 1.0312 1.2283 1.1287 1.0966 1.0116 1.0885 1.1090 0.6714 0.6733
1.3939 1.1052 1.0000 1.1026 1.1919 1.1485 1.0353 1.0441 0.9714 0.9854 0.8946 1.0135 0.8681 0.9593 0.8582 0.9681
0.7523 0.5703 0.7972 0.6581 0.8897 0.8924 0.9828 0.9267 0.9724 1.0484 1.0651 1.2966 1.2043 1.1518 1.1721 1.6076
0.9815 1.0763 1.0847 0.9212 0.9959 1.0407 1.1190 1.1278 1.0000 1.5653 0.9977 0.8617 0.8624 0.7296 0.6501 0.8812
0.7627 0.7523 0.8178 0.9144 0.8342 0.7924 0.8545 1.0213 1.1599 1.0178 1.1237 1.1221 1.2565 1.3058 0.6757 1.5156
1.3573 1.2802 1.1083 1.2255 1.1296 1.2578 1.2088 1.1136 0.9182 0.8368 0.9097 0.9242 0.9332 0.8593 0.6577 0.9194
