1.3105 1.1886 1.0556 1.0920 1.0050 0.9531 1.0681 0.8975 1.1317 1.1395 0.8761 0.8273 0.9398 0.8295 0.7800 0.9085
1.0000 1.0818 1.2709 1.2784 1.1564 1.0392 1.0779 0.9611 0.8752 0.9217 0.8829 0.8630 0.8760 0.9003 0.8297 1.0000
1.0560 0.9284 0.9134 1.2003 0.8821 0.9655 1.0000 0.9557 0.9959 1.0300 0.9559 0.9233 1.0353 1.1213 1.0830 1.1827
1.2681 1.1874 1.1516 1.1492 1.0221 1.0472 1.0852 0.9033 0.9698 0.9036 0.9142 0.9533 0.8312 0.9339 0.8111 0.9618
1.3038 0.9875 0.9345 1.0244 0.9536 0.9753 0.9858 0.8877 0.9440 1.0300 1.0021 1.1016 0.9016 1.0974 1.0445 1.3203
1.1789 1.0961 0.9841 1.0985 0.9454 1.0685 1.0585 0.9502 0.9072 1.0523 0.9835 0.8946 0.8916 0.8696 1.0324 0.9939
1.1806 1.0973 1.0450 0.9920 0.9493 0.9471 1.0121 0.9647 0.8698 1.0605 0.9845 0.8335 0.9856 1.0942 1.0000 1.0330
1.3524 1.2255 1.1066 1.0762 1.1217 1.1070 1.0437 0.9934 1.0957 0.9029 0.9122 0.8416 0.8224 0.7898 0.7736 0.8310
0.6643 0.7215 0.8990 0.7603 0.9382 0.9525 0.8304 1.0537 1.0514 0.9227 1.0814 1.0017 1.2143 0.9956 1.2174 1.2134
1.1142 0.9764 0.9490 1.0662 0.9891 0.9671 0.9498 1.1360 0.8763 0.9186 0.9526 0.8933 1.0288 1.0033 1.1082 1.1076
0.6585 0.7149 0.8896 0.8114 0.9509 0.9644 0.9236 1.0099 0.9926 0.9881 1.1032 0.9265 1.2357 1.0900 0.9716 1.2213
1.2442 1.1410 1.1583 1.2024 1.0811 1.1085 1.1151 0.9822 0.9970 0.8760 0.8483 0.8836 0.8808 0.8067 0.8688 0.8135
0.9979 0.8575 0.8281 0.9294 0.8814 0.8995 0.8002 1.0662 0.9596 1.0705 1.1686 0.9875 1.0978 1.1946 1.1424 1.4883
1.1453 1.0651 1.1011 0.9678 0.8583 0.9871 1.0114 1.0466 0.9685 0.9102 0.9583 0.9012 1.0140 0.9042 1.0376 1.0823
1.2116 1.1584 0.9459 0.9250 1.0439 1.0513 0.9970 1.0581 1.0098 0.9092 0.9697 0.9646 0.9600 0.7809 0.7612 0.9102
1.0199 0.9511 1.0532 0.9170 0.9899 1.0430 0.9741 0.9929 1.0000 0.9150 0.9374 1.0531 1.0000 1.0049 1.0323 1.1745
0.9583 0.9404 0.8981 1.0000 0.9843 0.9151 1.0281 1.0533 0.9844 1.0302 1.0614 1.0049 1.0581 1.0895 1.2848 1.2863
1.4950 1.3878 1.0431 1.2647 0.9447 0.9976 1.0783 0.9496 0.8984 1.0000 1.0000 0.9155 1.0000 0.8467 0.9251 0.9294
1.4732 1.0237 1.2133 0.9184 0.7913 1.1125 1.0191 0.9763 1.0925 1.0321 0.9163 0.9922 0.8981 0.8794 0.9657 1.1232
1.1573 1.1200 1.1609 1.2057 1.0041 1.0298 0.9504 0.9344 0.9946 1.0500 0.9145 0.8078 0.7834 0.7541 0.5198 0.5088
1.2461 0.9193 1.0000 0.9204 1.1061 1.0659 0.9121 1.0161 1.0054 1.0147 0.9449 1.0877 0.9246 1.0735 1.0029 1.0246
0.6379 0.7166 0.9613 0.9811 1.0899 1.0128 0.9889 0.9615 0.9374 1.0894 0.9642 1.0018 1.0417 0.9755 0.9942 1.2432
1.0455 0.8607 0.9127 0.9779 0.8478 0.9193 0.8613 0.9118 1.0000 1.0984 0.9462 0.9357 1.1438 1.2824 1.2919 1.5408
1.0080 1.0558 0.8616 1.0355 0.8734 0.9851 0.9297 0.9884 1.1327 0.9171 1.0146 1.0506 0.9581 1.0430 0.5458 1.0913
1.2773 1.0604 0.9972 1.0408 1.0465 1.0374 1.0781 0.9983 1.0296 0.8800 1.0208 0.9197 1.0186 0.9149 0.8947 0.9904
