1.3760 1.2177 1.0502 1.0933 0.9781 0.9360 1.0712 0.8845 1.0947 1.1270 0.8349 0.8365 0.9319 0.8483 0.7909 0.9194
1.0000 1.0896 1.3055 1.2634 1.1226 0.9964 1.1047 0.9688 0.8790 0.9065 0.8634 0.8565 0.8766 0.9131 0.8379 1.0000
1.0075 0.9013 0.9896 1.1789 0.8253 0.9458 1.0000 0.9591 0.9752 1.0789 0.9637 0.9777 1.0616 1.1978 1.0915 1.2496
1.3756 1.2240 1.1900 1.1413 1.0120 1.0636 1.0824 0.9187 0.9474 0.8660 0.8888 0.9449 0.8152 0.9264 0.7912 0.9816
1.2423 0.9831 0.9047 1.0243 0.9508 1.0125 0.9947 0.8944 1.0453 1.1198 0.8949 1.0896 0.8693 1.0803 1.0313 1.2770
1.2465 1.0960 1.0061 1.1612 0.9780 1.0731 1.0546 0.9571 0.9397 0.9890 1.0050 0.8498 0.8664 0.8216 1.0176 0.9427
1.2063 1.0983 1.0544 0.9878 0.9257 0.9538 1.0274 0.9808 0.8913 1.0476 0.9731 0.8379 0.9759 1.0530 1.0000 1.0505
1.3688 1.2214 1.1799 1.0854 1.1400 1.1023 1.0657 1.0066 1.0682 0.8756 0.8928 0.8241 0.8015 0.7892 0.7640 0.7982
0.6462 0.7034 0.8562 0.7207 0.9286 0.9351 0.8166 1.0225 1.0024 0.8834 1.0335 0.9623 1.2002 1.0180 1.1741 1.2899
1.1929 1.0375 1.0354 1.0930 1.0020 0.9708 0.9448 1.1977 0.8812 0.8630 0.9329 0.8688 0.9797 0.9757 1.0443 0.9979
0.7139 0.7284 0.8945 0.8277 0.9817 0.9756 0.9045 1.0094 0.9772 0.9493 1.1175 0.9197 1.2520 1.1079 0.9401 1.3266
1.2941 1.1418 1.1870 1.2296 1.0741 1.1117 1.1420 0.9877 0.9895 0.8832 0.8334 0.8733 0.8512 0.7833 0.8156 0.7833
1.0054 0.8176 0.7988 0.8815 0.8613 0.9188 0.8386 1.0887 0.9537 1.1192 1.1965 1.0358 1.1045 1.2058 1.1756 1.5252
1.2512 1.0846 1.1444 1.0444 0.8545 1.0098 1.0514 1.0178 0.9329 0.8640 0.9208 0.8608 0.9792 0.8684 1.0095 1.0779
1.1464 1.1592 0.9302 0.9031 1.0519 1.0584 0.9900 1.0648 1.0024 0.9598 0.9732 0.9941 0.9736 0.8126 0.7842 0.9554
1.0558 0.9195 1.0718 0.9075 0.9990 1.0567 0.9686 0.9955 1.0000 0.8917 0.9212 1.1039 1.0000 0.9737 0.9739 1.1318
0.9259 0.9271 0.9125 1.0000 1.0018 0.9442 1.0432 1.1171 1.0039 1.0078 1.0337 0.9941 1.0502 1.0731 1.2447 1.2331
1.4945 1.3546 1.0525 1.2877 0.9959 1.0099 1.1297 0.9956 0.9178 1.0000 1.0000 0.9006 1.0000 0.8435 0.8997 0.8986
1.5507 1.0130 1.1820 0.9107 0.8054 1.1141 1.0136 0.9794 1.0858 1.0439 0.9303 1.0085 0.9009 0.8889 0.9860 1.1536
1.1696 1.1145 1.1432 1.2178 0.9799 1.0329 0.9468 0.9120 0.9966 1.0287 0.9232 0.8125 0.8410 0.7931 0.5393 0.5441
1.1142 0.8680 1.0000 0.8653 1.0699 1.0184 0.9168 0.9981 0.9779 1.0667 0.9463 1.0618 0.9504 1.0718 0.9995 1.1131
0.7227 0.7210 0.9792 0.9941 1.0810 1.0037 0.9753 0.9589 0.9147 1.0943 0.9725 0.9985 1.0181 1.0017 0.9865 1.1717
1.0399 0.8845 0.9235 0.9845 0.8382 0.9315 0.8675 0.9168 1.0000 1.1387 0.9541 0.9587 1.1807 1.3078 1.4145 1.7985
1.0407 1.0896 0.9203 1.0673 0.9012 0.9961 0.9688 1.0215 1.0992 0.8919 0.9870 1.0226 0.9187 1.0186 0.5458 1.0374
1.0290 0.9044 0.8364 0.8780 0.9178 0.9436 1.0408 0.9820 0.9608 0.8913 1.0188 1.0267 1.1255 1.0197 1.0837 1.2560
