1.3275 1.2340 1.3388 1.2902 1.1383 1.0538 1.1183 0.9310 1.0886 1.0513 0.9046 0.7858 0.8486 0.7224 0.6531 0.6375
1.0000 0.8434 0.9051 1.0060 1.0430 0.9592 1.0326 1.0044 0.9104 1.1084 1.0799 0.9821 1.0230 1.1811 0.9743 1.0000
1.2709 1.1756 1.3859 2.0512 1.1190 1.1855 1.0000 0.9063 1.0952 1.0907 0.8938 0.7811 0.9223 0.9270 0.7685 0.8543
0.9817 0.7691 0.9225 1.0326 0.8790 0.9692 1.0496 1.0155 1.1429 1.1221 1.0186 0.9775 1.0213 0.9379 1.0164 1.2443
1.5640 1.1396 1.1208 1.0793 1.0387 1.0578 1.1502 1.1230 0.8586 0.9884 0.9998 0.9301 0.8613 0.8914 0.9472 1.1308
0.7836 0.8230 0.7048 0.8464 0.8385 0.9776 1.1840 0.9997 0.8640 1.1900 0.9806 1.2093 1.0351 1.0838 1.1433 1.3003
1.6363 1.2508 1.2600 1.2103 1.1884 0.9713 0.9746 0.8590 0.8731 0.9310 0.8789 0.8297 0.8211 0.9691 1.0000 0.7828
0.9775 1.0620 0.8742 0.9649 0.8706 1.0307 1.0988 1.1612 1.1599 0.9621 0.9553 1.0697 0.9105 0.8298 0.9713 1.1425
0.8892 0.8652 1.1180 0.9446 0.9448 1.0996 0.9404 1.1097 1.1270 0.9742 1.0885 0.9971 1.0513 0.8127 1.0744 1.1130
0.8378 0.7087 0.9427 0.8497 0.9105 0.9331 0.8934 0.9738 0.9384 1.1245 0.9158 1.0549 1.2731 1.1507 1.3087 1.6972
0.6390 1.0078 1.0345 0.9427 0.9751 1.1129 1.1032 1.1992 1.1170 1.0029 0.8190 0.9350 0.9325 0.9671 0.7857 1.1298
0.9065 0.8684 0.9148 0.9742 0.9407 1.0169 1.0608 0.9514 1.0147 1.0239 1.0481 1.0791 1.0841 1.1033 1.1340 0.8549
1.1096 1.1270 1.1008 1.2442 1.1269 1.0995 1.0720 1.3948 0.8217 1.1259 1.1125 0.7429 0.7182 0.7123 0.7258 0.8513
1.0221 0.8125 1.0437 0.8032 0.8255 0.8494 0.8696 1.0407 1.0225 0.9898 1.0887 1.0262 1.0816 1.0748 1.2113 1.1183
1.5448 1.3001 1.0706 1.0802 1.1670 1.1010 1.1545 1.0802 0.9261 0.7462 0.8697 0.8655 0.7396 0.6213 0.6181 0.6576
0.7384 0.8540 0.9049 0.8415 0.8779 0.9312 1.0360 0.9299 1.0000 0.9422 1.0820 1.0263 1.0000 1.3078 1.3235 1.4359
1.1785 0.9366 1.1375 1.0000 0.9527 1.0360 1.0718 0.9250 1.0170 1.0727 0.9557 0.9515 0.8984 0.8788 0.9703 1.0164
0.9515 0.9262 0.7983 1.0169 0.8066 0.9330 1.1213 0.9389 0.9370 1.0000 1.0000 1.1502 1.0000 1.0420 1.1277 1.2223
1.4212 1.1485 1.5816 1.1910 0.9519 1.1939 1.0789 1.0569 1.0586 0.8882 0.9504 0.8188 0.7399 0.7399 0.7780 0.7649
0.8852 0.8980 1.0423 0.9735 0.9603 0.9473 0.9988 1.0400 1.1603 1.5377 1.0919 1.0300 0.9827 0.9288 0.6860 0.6702
1.4593 1.1295 1.0000 1.1168 1.2194 1.1677 1.0559 1.0134 0.9756 0.8228 0.9429 1.0548 0.8737 0.9626 0.8924 0.7957
0.6625 0.5649 0.8564 0.7088 0.8297 0.9632 1.0116 1.0474 1.0436 0.9681 1.0704 1.3249 1.1913 0.9823 1.0566 1.4173
1.0718 0.9977 1.0543 0.8738 1.0036 1.0385 1.0807 1.1611 1.0000 1.4292 1.0184 0.8873 0.8747 0.7931 0.6531 0.7496
0.7957 0.7707 0.7551 0.8740 0.8192 0.8958 0.8359 0.9948 1.1576 1.0666 1.0483 1.1502 1.2312 1.1969 0.5458 1.3806
1.6285 1.4294 1.2066 1.4597 1.2764 1.2549 1.2400 1.1827 0.9032 0.8216 0.9100 0.9940 0.8966 0.7631 0.8301 1.0009
