0.7889 0.8360 0.9155 0.9650 1.0320 1.0760 1.0324 1.1579 1.0761 1.1629 0.9861 1.0301 1.0784 1.1086 0.9032 0.8696
0.8591 0.9090 1.0111 1.0457 1.1078 1.2147 1.1514 0.9526 0.9939 0.9166 1.0480 1.0174 0.9489 0.8698 1.0407 0.7943
0.7242 0.7831 0.9968 0.9826 0.9684 1.0950 1.0704 1.0613 1.0735 1.2275 0.9934 0.8797 0.9749 0.9431 0.9691 0.6502
0.7006 0.7842 0.8893 0.9587 0.9605 1.0793 1.1014 1.0128 0.9218 1.1462 1.1392 0.9489 1.0456 0.9381 0.9837 0.6217
0.7397 0.8312 0.8421 0.9065 1.0000 1.0397 1.0973 1.0125 1.1544 1.2300 1.0538 1.0281 1.0160 1.0812 1.0129 0.9317
0.8678 0.8935 0.8904 0.9905 1.1540 1.0759 1.1620 1.0247 1.1958 1.1430 1.0404 1.0180 0.9481 0.9370 0.8499 0.7970
0.7492 0.8477 0.9293 0.9879 1.0578 0.9919 1.1661 1.2139 1.1335 1.0077 1.0798 1.0446 1.0166 0.9106 0.8446 0.7719
0.9088 0.8489 0.9166 0.9911 1.0000 1.1539 1.2393 1.0713 1.0479 1.0567 1.1021 1.1007 1.0596 0.8527 0.8697 0.7852
0.8299 0.8956 0.8993 0.8852 1.0305 1.0403 1.1240 1.0255 1.0501 1.1210 1.0002 1.1235 0.9800 1.0578 0.9463 0.8154
0.6997 0.7517 0.8647 0.9852 0.9694 1.0410 1.0606 1.1102 0.9715 1.0375 1.1535 0.8676 0.8877 0.9939 1.0555 1.1077
0.7695 0.7222 0.7965 0.8845 0.9852 1.1090 1.1907 1.0783 1.0805 1.1532 1.0385 1.0161 1.1078 1.0168 0.8409 0.8759
0.7538 0.8825 0.9036 1.0455 1.2002 1.1724 1.1611 0.8699 0.9283 1.2400 1.0109 0.9179 0.9082 1.0000 1.0000 0.6422
0.9430 0.9021 0.9182 1.0287 1.1222 1.0804 1.1001 1.0012 1.0854 0.9729 1.0106 1.0378 0.9712 0.8136 0.7860 0.9162
0.9325 0.9172 0.9560 1.0108 0.9857 1.0562 1.1200 1.1178 1.0857 1.0491 1.1037 0.9135 0.9406 1.0000 0.8088 0.7251
0.7101 0.7642 0.8776 0.9222 0.9867 1.1568 1.0898 1.0776 1.0452 1.0562 1.0943 1.1278 1.0189 0.8222 0.9025 0.8450
0.6901 0.8700 0.9796 1.0164 0.9955 1.0747 1.0768 1.0100 1.0780 0.9650 1.0205 1.0716 0.9864 0.9451 0.9066 0.7516
0.8680 0.7433 0.9109 0.9142 1.0355 1.1763 0.9650 1.1634 1.1280 1.1859 1.0334 1.0579 1.1158 0.9151 0.8693 0.9227
0.7377 0.8475 0.9036 0.9084 1.0853 1.0215 1.1919 1.0476 1.0499 1.1530 1.1113 1.0101 0.8840 0.8522 0.9775 0.9328
0.7008 1.0000 0.9514 0.9346 0.9626 1.1737 1.1247 1.0180 1.0559 1.1579 1.0909 0.8906 0.9753 0.8714 0.8927 0.8922
0.8306 0.8616 0.9552 0.8507 1.0478 1.1633 0.9987 1.0600 1.0611 1.1400 0.9907 1.1220 1.0000 1.0092 0.9656 0.9430
0.9130 0.8959 0.8774 0.9525 0.9220 1.1047 1.0943 1.0897 1.0882 0.9554 1.0923 1.1141 1.0387 1.0115 0.9877 0.7379
0.6003 0.7921 0.9441 1.0108 1.0000 1.1270 1.1184 1.0905 1.0103 1.0295 1.0014 0.9837 0.8510 0.8282 1.0000 0.6058
0.8961 0.8346 0.9736 0.9485 1.0928 1.1060 1.1730 1.0096 1.0459 1.0948 1.1230 1.0247 1.0408 0.9346 0.9032 0.8035
0.7869 0.7978 0.8844 0.9767 1.2710 1.0000 1.1054 1.2449 1.1446 1.0461 1.2152 0.8225 0.9326 0.9210 0.9619 0.8838
0.8222 0.9221 0.8818 0.9739 1.1125 1.1016 1.2004 1.1886 1.1405 1.1455 1.0546 0.9015 0.9439 0.8565 0.7412 0.7579
