1.1683 1.1325 1.1741 1.2542 1.1199 1.0763 1.1458 0.9688 1.1954 1.1846 0.9289 0.7986 0.8878 0.6706 0.6639 0.6294
1.0000 0.8417 0.9145 1.0530 1.0769 0.9839 1.0605 1.0611 0.9850 1.1889 1.0541 0.9746 0.9534 1.0434 0.8158 1.0000
1.1710 1.1389 1.1185 1.8546 1.0413 1.1160 1.0000 0.9259 1.0514 1.0642 0.9955 0.8172 0.9021 0.8939 0.7807 0.7465
0.9828 0.7845 0.9231 1.0891 0.9257 0.9849 1.0656 0.9717 1.1009 1.1036 1.0197 0.9716 1.0396 0.9170 1.0089 1.1589
1.6730 1.2274 1.1756 1.1171 1.0044 1.0114 1.0687 0.9982 0.7973 0.8959 1.0073 0.9987 0.8580 0.9048 0.9319 1.1094
0.7917 0.8846 0.7341 0.9029 0.9112 1.0372 1.2025 1.1345 0.9877 1.3297 0.9906 1.1135 0.9586 0.9434 0.9690 1.1049
1.3308 1.1071 1.1045 1.0803 1.0896 0.9327 1.0035 0.9207 0.9568 1.0752 0.9898 0.8703 0.9192 0.9896 1.0000 0.7889
1.0037 1.1450 0.8786 1.0007 0.9724 1.0794 1.1339 1.1420 1.2173 0.9953 0.9995 0.9770 0.8464 0.7573 0.8871 0.9839
0.8276 0.8096 1.0236 0.8956 0.8420 1.0212 0.9191 1.1351 1.1463 0.9654 1.1493 1.0176 1.0828 0.7870 1.1311 1.0306
0.7766 0.6655 0.7799 0.9143 0.9064 0.9515 0.9699 1.0789 1.0651 1.2269 1.0114 1.0458 1.1495 1.0315 1.1201 1.4933
0.5391 0.7848 0.8336 0.8320 0.8801 1.0402 1.0945 1.2596 1.2452 1.1462 0.9589 0.9716 0.9822 0.9903 0.7969 0.9631
0.8867 0.8212 0.8952 0.9572 0.9502 1.0780 1.1875 1.0842 1.1744 1.1195 1.0517 1.0722 0.9887 0.9790 1.0111 0.7605
1.0365 1.1190 1.0741 1.1465 1.1205 0.9517 0.9778 1.3467 0.8791 1.1130 1.1191 0.8033 0.7336 0.8141 0.7659 0.9591
0.9130 0.7673 0.9360 0.7504 0.8316 0.9047 0.8586 1.1389 1.0542 1.0997 1.1174 1.0507 1.1139 1.0461 1.2076 1.0693
1.2411 1.0684 0.9308 1.0177 1.0974 1.0659 1.1267 1.2202 1.1543 0.9356 1.0246 0.8828 0.7461 0.5838 0.5803 0.6083
0.6997 0.7969 0.8558 0.8176 0.8310 0.9252 1.1130 1.1228 1.0000 1.1773 1.1840 1.0871 1.0000 1.1316 1.2022 1.3367
0.9517 0.7854 0.9784 1.0000 0.8752 0.9985 1.0470 1.0099 1.1419 1.2455 1.1228 1.0216 0.9259 0.8825 0.9196 0.9751
1.0149 1.0311 0.7544 1.1306 0.8450 0.9094 1.1535 0.9878 0.9181 1.0000 1.0000 1.1385 1.0000 0.9602 1.0864 1.1309
1.3052 1.0339 1.4948 1.1354 0.9297 1.1965 1.1234 1.1297 1.2249 0.9485 0.9507 0.8931 0.7742 0.7033 0.6874 0.7781
0.7153 0.7648 0.9607 0.9261 0.9173 1.0164 1.0625 1.2332 1.4172 1.4633 1.2105 0.9854 0.9100 0.7715 0.5886 0.5649
1.2602 1.0392 1.0000 0.9874 1.1868 1.1356 1.1124 1.1261 1.1027 0.9546 0.9660 1.0996 0.8507 0.9213 0.8406 0.7404
0.5698 0.5496 0.8075 0.7636 0.8066 0.9331 1.0785 1.1811 1.1764 1.0866 1.1071 1.2322 1.1019 0.8555 0.8851 1.1936
1.0841 0.9003 1.0347 0.8336 0.9717 1.0303 1.0342 1.1194 1.0000 1.3705 1.0410 0.9181 0.9419 0.9008 0.7751 0.7871
0.7271 0.7094 0.6746 0.8162 0.8010 0.9159 0.8971 1.0416 1.3450 1.2011 1.2037 1.1619 1.1746 1.0367 0.5458 1.1748
1.0436 0.9208 0.8638 0.9806 1.0761 1.1551 1.3140 1.4821 1.5102 1.2517 1.2389 0.9676 0.8169 0.6825 0.7113 0.6575
