1.3480 1.2480 1.2923 1.3275 1.1247 1.0488 1.0921 0.9205 1.0815 1.0648 0.8870 0.8166 0.8454 0.7102 0.6166 0.6272
1.0000 0.8123 0.8700 0.9678 1.0335 0.9609 1.0341 1.0009 0.9333 1.1176 1.0741 1.0052 1.0348 1.1712 0.9730 1.0000
1.3600 1.3043 1.2205 2.1057 1.0853 1.2133 1.0000 0.8907 1.1513 1.0281 0.9274 0.7336 0.8862 0.9533 0.7729 0.8267
0.9856 0.7591 0.8816 0.9929 0.9025 0.9532 0.9789 1.0020 1.1146 1.0914 1.0139 1.0038 1.0449 0.9511 1.0389 1.3130
1.4297 1.2406 1.1397 1.0784 1.0272 1.0865 1.1424 1.1641 0.8908 1.0355 1.1509 0.9729 0.9396 0.9380 0.9938 1.0337
0.7476 0.8027 0.6751 0.8543 0.8354 0.9631 1.1615 1.0254 0.8790 1.2153 0.9916 1.2325 1.0684 1.0779 1.1368 1.2765
1.5960 1.2798 1.2248 1.2007 1.1811 0.9553 0.9784 0.8503 0.8854 0.9176 0.8915 0.8318 0.8355 0.9917 1.0000 0.8193
0.9251 1.0129 0.8634 0.9527 0.8826 1.0583 1.1043 1.1448 1.1776 1.0129 1.0060 1.0611 0.8761 0.8373 0.9822 1.0771
0.9351 0.8826 1.1507 1.0242 0.9675 1.1202 0.9842 1.1547 1.1015 0.9588 1.0501 0.9861 1.0073 0.7729 1.0226 1.1471
0.8893 0.7234 0.8915 0.8375 0.9200 0.9537 0.9022 1.0331 0.8995 1.1490 0.9266 1.0471 1.2496 1.1617 1.2024 1.7114
0.6487 1.0298 1.0099 0.8897 0.9538 1.0950 1.0653 1.1615 1.0736 0.9860 0.8551 0.9363 0.9607 0.9535 0.8241 1.2408
0.9227 0.8676 0.9104 0.9719 0.9223 1.0155 1.0499 0.9381 1.0085 1.0040 1.0142 1.0929 1.0861 1.1156 1.1706 0.8599
1.1241 1.1475 1.1047 1.2408 1.1044 1.0776 1.0731 1.4446 0.7784 1.1321 1.1266 0.7574 0.7163 0.7482 0.7194 0.8524
1.0158 0.8554 1.0491 0.8204 0.8130 0.8677 0.8387 1.0475 1.0082 1.0629 1.1289 1.0342 1.0755 1.0934 1.2374 1.1185
1.5347 1.3616 1.1059 1.1148 1.1721 1.0968 1.1310 1.0477 0.9335 0.7418 0.8695 0.7951 0.7640 0.6533 0.6695 0.6661
0.7357 0.8294 0.8754 0.8221 0.8626 0.8853 1.0416 0.9690 1.0000 0.9438 1.1191 1.1106 1.0000 1.3234 1.3841 1.4794
1.2147 0.9375 1.1696 1.0000 0.9371 1.0286 1.0343 0.9294 0.9885 1.0239 0.9751 0.9401 0.8674 0.9305 1.0189 1.0101
0.9166 0.8659 0.7755 0.9844 0.8141 0.9090 1.1209 0.9320 0.9436 1.0000 1.0000 1.1696 1.0000 1.0778 1.1802 1.2295
1.4428 1.1615 1.6340 1.2547 0.9755 1.2246 1.1026 1.0815 1.0437 0.9023 0.9323 0.8156 0.7385 0.7310 0.7675 0.7763
0.8410 0.9031 0.9769 1.0048 0.9477 0.9716 0.9878 1.0278 1.1903 1.5460 1.0940 1.0091 1.0578 0.9927 0.6325 0.6295
1.4788 1.1387 1.0000 1.1282 1.2251 1.1726 1.1062 0.9946 0.9860 0.8720 0.9366 1.0327 0.8428 0.9932 0.8764 0.8111
0.6646 0.5460 0.8121 0.6752 0.8252 0.9331 1.0170 1.0638 1.0373 0.9748 1.0573 1.3021 1.1979 1.0093 1.0768 1.4266
1.0578 1.0211 1.1109 0.8579 0.9888 1.0378 1.1048 1.1267 1.0000 1.5050 0.9916 0.8661 0.8442 0.7670 0.6666 0.7628
0.7985 0.7333 0.7472 0.7893 0.7968 0.9109 0.8321 0.9548 1.1355 1.1068 1.1045 1.1392 1.2414 1.1683 0.5458 1.4815
1.5343 1.4371 1.1524 1.3956 1.1669 1.2561 1.3096 1.2136 0.9091 0.9013 0.7816 0.9068 0.8797 0.7966 0.8989 0.9722
