0.7472 0.7960 0.8625 0.8681 1.0078 1.0897 1.0402 1.1805 1.1721 1.1661 1.0427 1.0303 1.0424 1.0321 0.8581 0.8381
0.8399 0.8506 0.9396 1.0276 1.0872 1.2147 1.2109 1.0015 1.0570 0.9813 1.1147 0.9999 0.9241 0.8606 0.9552 0.7387
0.6590 0.6870 0.8947 0.9027 0.9498 1.0671 1.1468 1.0892 1.0963 1.2349 1.0243 0.9977 0.9004 0.9050 0.8719 0.6982
0.6699 0.7492 0.8535 0.9629 0.9732 1.0879 1.1208 1.0495 0.9959 1.1799 1.1483 0.9592 1.0239 0.8642 0.9010 0.7310
0.7133 0.7784 0.8184 0.8841 1.0000 1.0161 1.0948 1.0590 1.1256 1.2503 1.0887 1.0529 0.9712 1.0069 0.8976 0.7522
0.8284 0.8491 0.8787 0.9618 1.1231 1.0689 1.1786 1.1511 1.1829 1.1287 1.0724 1.0160 0.9457 0.9273 0.8460 0.8399
0.7690 0.7948 0.8529 0.9326 1.0086 1.0571 1.1814 1.1874 1.1170 1.1098 1.1109 1.0552 0.9602 0.9176 0.8069 0.9099
0.8652 0.8088 0.8639 0.9485 1.0000 1.1292 1.2181 1.1585 1.0626 1.0553 1.1631 1.1056 1.0124 0.9098 0.8242 0.8872
0.8100 0.8581 0.8443 0.8904 1.0094 1.0218 1.1332 1.0476 1.0962 1.1282 1.0644 1.1312 0.9642 1.0128 0.8831 0.8145
0.6786 0.7437 0.8376 0.9677 0.9873 1.0217 1.0548 1.0941 1.0236 1.0863 1.1976 1.0089 0.9252 0.9928 0.9499 0.9489
0.7369 0.6562 0.7424 0.7808 0.9428 1.0262 1.1416 1.0476 1.0572 1.0652 1.0345 0.9691 0.9965 0.9738 0.8421 0.9763
0.7477 0.8127 0.9210 0.9759 1.1537 1.1165 1.1265 0.8944 1.0677 1.2063 1.0817 0.9594 0.9265 1.0000 1.0000 0.6749
0.9468 0.8767 0.9296 1.0187 1.1351 1.1544 1.1788 1.0417 1.1421 1.0411 1.0655 1.0395 0.9622 0.8301 0.8137 0.8947
0.8884 0.8832 0.9671 1.0069 0.9979 1.1045 1.1645 1.1463 1.1205 1.0708 1.1810 0.9391 0.9360 1.0000 0.8149 0.7719
0.7010 0.7660 0.8912 0.9124 1.0276 1.1530 1.0625 1.0492 1.0438 1.0637 1.1674 1.1607 1.0117 0.8707 0.8459 0.7637
0.6832 0.8127 0.9340 0.9955 0.9925 1.0690 1.0866 1.0537 1.0906 1.0278 1.0298 1.0536 0.9845 0.9575 0.8893 0.8309
0.8518 0.8145 0.8701 0.9130 1.0406 1.1750 1.0131 1.1767 1.1347 1.1954 1.0784 1.0269 1.0620 0.9287 0.8613 0.8562
0.7345 0.7677 0.8109 0.8201 1.0066 1.0076 1.1118 1.0124 1.0209 1.0967 1.0816 1.0254 1.0228 1.0208 0.8491 0.8591
0.7104 1.0000 0.8834 0.9222 0.9960 1.1503 1.1412 1.1052 1.0839 1.1545 1.0894 0.9139 0.9581 0.8979 0.8454 0.8586
0.8374 0.8109 0.9353 0.8694 1.0275 1.1183 1.0094 1.1127 1.0804 1.2064 1.0657 1.1181 1.0000 0.9903 0.9107 0.8931
0.8532 0.8630 0.8813 0.9985 0.9658 1.1190 1.0927 1.0490 1.0618 1.0212 1.0673 1.1146 1.0129 0.9915 0.9689 0.8702
0.6182 0.7592 0.8911 0.9783 1.0000 1.0650 1.0671 1.0835 1.0656 1.1079 1.0489 1.0388 0.9884 0.9007 1.0000 0.7737
0.8596 0.7962 0.9379 0.9356 1.0767 1.1661 1.1815 0.9931 1.1040 1.1533 1.1646 1.0096 1.0228 0.9333 0.8450 0.8226
0.7575 0.8011 0.8751 0.9313 1.2073 1.0000 1.0910 1.2092 1.1121 1.0730 1.2319 0.9731 0.9499 0.9263 0.9446 0.9192
0.8566 0.9148 0.9049 0.9807 1.0861 1.1087 1.1462 1.1598 1.1617 1.1674 1.1118 0.9797 0.9548 0.9009 0.7791 0.7666
