0.6998 0.7581 0.8635 0.8903 1.0420 1.0870 1.0632 1.1809 1.1864 1.1641 1.0224 1.0216 1.0418 1.0078 0.8643 0.8520
0.8367 0.8510 0.9366 1.0306 1.0904 1.2243 1.2170 0.9889 1.0422 0.9733 1.1244 1.0055 0.9233 0.8520 0.9820 0.7764
0.6491 0.7114 0.9077 0.9154 0.9537 1.0833 1.1677 1.0956 1.0626 1.2209 1.0089 0.9643 0.9049 0.9049 0.8791 0.7446
0.6750 0.7312 0.8422 0.9718 0.9717 1.0690 1.1114 1.0508 1.0117 1.1779 1.1329 0.9702 1.0271 0.8770 0.8986 0.7587
0.7023 0.7621 0.8134 0.9172 1.0000 0.9947 1.0662 1.0556 1.1753 1.2082 1.0610 1.0227 0.9834 1.0435 0.9423 0.8547
0.8215 0.8395 0.8700 0.9504 1.1205 1.0794 1.1756 1.1475 1.1819 1.1285 1.0516 1.0401 0.9696 0.9342 0.8608 0.8326
0.7573 0.8007 0.8604 0.9328 1.0314 1.0379 1.1661 1.1730 1.1185 1.0913 1.1156 1.0432 0.9732 0.9134 0.8181 0.9260
0.8888 0.8063 0.8597 0.9393 1.0000 1.1155 1.2159 1.1204 1.0969 1.0907 1.1382 1.0898 0.9982 0.9221 0.8280 0.8900
0.8241 0.8532 0.8460 0.8691 1.0158 1.0190 1.1369 1.0267 1.0948 1.1371 1.0580 1.1134 0.9866 1.0265 0.8887 0.8489
0.6897 0.7446 0.8540 0.9673 0.9806 1.0234 1.0470 1.1060 1.0214 1.0597 1.1952 0.9913 0.9308 0.9830 0.9597 0.9966
0.7170 0.6582 0.7298 0.8008 0.9508 1.0436 1.1399 1.0542 1.0344 1.0697 1.0299 0.9528 0.9956 0.9779 0.8551 0.9699
0.7434 0.8330 0.9185 0.9802 1.1477 1.1162 1.1265 0.8857 1.0337 1.2115 1.0848 0.9690 0.9477 1.0000 1.0000 0.7161
0.9318 0.8818 0.9174 1.0051 1.1211 1.1189 1.1878 1.0415 1.1311 1.0641 1.0609 1.0202 0.9774 0.8597 0.8210 0.9465
0.8972 0.8844 0.9607 1.0002 0.9956 1.1049 1.1789 1.1437 1.1088 1.0568 1.1703 0.9387 0.9363 1.0000 0.8084 0.7997
0.7064 0.7483 0.8681 0.9305 0.9959 1.1511 1.0881 1.0546 1.0890 1.0763 1.1532 1.1311 0.9764 0.8638 0.8566 0.7640
0.6762 0.7918 0.9224 0.9748 0.9957 1.0404 1.0942 1.0637 1.0767 1.0127 1.0271 1.0728 0.9900 0.9759 0.9099 0.8412
0.8634 0.7933 0.8750 0.8950 1.0266 1.1628 1.0266 1.1805 1.1511 1.1760 1.0551 1.0323 1.0758 0.9219 0.8760 0.8858
0.7105 0.7557 0.7997 0.8169 1.0001 1.0014 1.1143 1.0102 1.0108 1.0911 1.0849 1.0423 0.9977 1.0285 0.8708 0.8553
0.7003 1.0000 0.8861 0.9093 0.9864 1.1514 1.1300 1.0917 1.0821 1.1689 1.0821 0.9232 0.9724 0.8870 0.8580 0.8653
0.8332 0.8278 0.8992 0.8405 1.0189 1.1524 1.0179 1.0687 1.0794 1.1899 1.0680 1.1231 1.0000 0.9913 0.9651 0.9296
0.8642 0.8901 0.8878 0.9794 0.9678 1.1017 1.0822 1.0457 1.0459 0.9980 1.0575 1.1274 0.9949 0.9947 0.9753 0.9250
0.6324 0.7611 0.9008 0.9495 1.0000 1.0753 1.0631 1.0948 1.0577 1.0883 1.0428 1.0464 0.9858 0.8977 1.0000 0.8099
0.8669 0.8062 0.9357 0.9264 1.0770 1.1562 1.1912 0.9867 1.0832 1.1359 1.1565 1.0282 1.0226 0.9449 0.8831 0.8230
0.7473 0.7877 0.8568 0.9399 1.2152 1.0000 1.0944 1.1895 1.1108 1.0746 1.2515 0.9538 0.9381 0.9252 0.9435 0.9324
0.8478 0.9123 0.8994 0.9466 1.1004 1.1426 1.1729 1.1795 1.2003 1.1827 1.0959 0.9680 0.9663 0.8899 0.7590 0.7345
