0.7504 0.7994 0.8847 0.9091 1.0393 1.0947 1.0605 1.1648 1.1318 1.1400 1.0295 0.9700 1.0441 1.0104 0.8707 0.8679
0.8793 0.8826 0.9815 1.0572 1.1048 1.2497 1.2081 0.9310 0.9938 0.9154 1.0760 0.9922 0.9186 0.8443 0.9979 0.7747
0.6717 0.7241 0.9350 0.9247 0.9564 1.0941 1.1270 1.0662 1.0522 1.2120 1.0063 0.9726 0.8987 0.9210 0.9127 0.7204
0.6788 0.7481 0.8812 0.9866 0.9745 1.0847 1.0936 1.0152 0.9754 1.1401 1.1323 0.9714 1.0359 0.9025 0.9350 0.7522
0.7678 0.8169 0.8423 0.9237 1.0000 1.0300 1.0880 1.0355 1.1489 1.2093 1.0308 1.0243 0.9497 1.0462 0.9549 0.8476
0.8583 0.8774 0.8771 0.9640 1.1640 1.0950 1.1641 1.0942 1.1761 1.0757 1.0499 1.0067 0.9774 0.9096 0.8539 0.8537
0.7383 0.8365 0.8746 0.9581 1.0396 1.0587 1.1406 1.1568 1.0950 1.0536 1.0706 1.0481 0.9696 0.9124 0.8258 0.9534
0.9050 0.8081 0.8814 0.9417 1.0000 1.0847 1.2010 1.1020 1.0827 1.0339 1.1439 1.0737 1.0263 0.9317 0.8462 0.9341
0.8141 0.8896 0.8874 0.8961 1.0345 1.0275 1.1429 1.0349 1.0714 1.1110 1.0306 1.0719 0.9777 1.0232 0.8812 0.8422
0.6988 0.7814 0.8864 1.0055 1.0239 1.0347 1.0597 1.1086 0.9842 1.0029 1.1648 0.9455 0.9198 0.9571 0.9863 1.0123
0.7422 0.6746 0.7662 0.8266 0.9678 1.0612 1.1452 1.0315 0.9919 1.0539 0.9996 0.9489 1.0234 0.9875 0.8665 0.9711
0.7549 0.8577 0.9135 0.9780 1.1720 1.1461 1.1237 0.8665 1.0327 1.2270 1.0762 0.9720 0.9485 1.0000 1.0000 0.7057
0.9696 0.9002 0.9064 1.0390 1.1442 1.1116 1.1581 0.9961 1.1167 1.0253 1.0534 1.0140 1.0059 0.8365 0.8329 0.9744
0.9289 0.9310 0.9783 1.0266 1.0022 1.0975 1.1648 1.1182 1.0725 1.0387 1.1342 0.9268 0.9515 1.0000 0.8181 0.8105
0.6746 0.7506 0.8857 0.9091 1.0238 1.1905 1.1036 1.0634 1.0397 1.0419 1.0893 1.1151 0.9844 0.8591 0.8880 0.8126
0.7291 0.8344 0.9367 0.9948 0.9960 1.0216 1.0812 1.0518 1.0531 0.9908 1.0188 1.0730 0.9918 0.9779 0.9281 0.8816
0.9001 0.7608 0.8761 0.8881 1.0484 1.2030 0.9640 1.1562 1.1270 1.1574 1.0333 1.0332 1.0996 0.9275 0.8900 0.9268
0.7040 0.8127 0.8149 0.8309 1.0270 0.9877 1.1224 0.9989 1.0020 1.1069 1.0753 1.0514 0.9998 1.0228 0.8946 0.9193
0.7033 1.0000 0.9152 0.9375 0.9882 1.1456 1.1422 1.0415 1.0586 1.1430 1.0656 0.9042 0.9767 0.8972 0.8914 0.8911
0.8519 0.8363 0.9409 0.8610 1.0488 1.1474 0.9872 1.0615 1.0367 1.1596 1.0244 1.1275 1.0000 0.9680 0.9757 0.9350
0.8954 0.8995 0.8959 0.9632 0.9300 1.0969 1.0560 1.0283 1.0201 0.9712 1.0446 1.1118 1.0047 1.0135 1.0198 0.9639
0.6371 0.7729 0.9203 0.9948 1.0000 1.0565 1.0527 1.0545 1.0121 1.0836 1.0129 1.0743 0.9849 0.9173 1.0000 0.8349
0.8434 0.7892 0.9901 0.9525 1.0487 1.1560 1.1585 0.9238 1.0598 1.1267 1.1399 1.0467 1.0525 0.9396 0.8871 0.8399
0.7737 0.7981 0.8781 0.9601 1.2190 1.0000 1.0681 1.1785 1.0899 1.0340 1.2096 0.9481 0.9337 0.9369 1.0004 0.9752
0.8432 0.9347 0.8958 0.9806 1.0999 1.1191 1.1929 1.1698 1.1671 1.1440 1.0567 0.9643 0.9598 0.9025 0.7825 0.7934
