0.7490 0.8013 0.8868 0.9093 1.0332 1.0987 1.0446 1.1559 1.1422 1.1520 1.0105 0.9498 1.0580 1.0211 0.8748 0.8718
0.8590 0.8594 0.9808 1.0613 1.1140 1.2603 1.2043 0.9336 0.9696 0.9070 1.0915 0.9852 0.9464 0.8485 1.0050 0.7763
0.6553 0.7323 0.9044 0.9257 0.9700 1.0900 1.1004 1.0621 1.0506 1.2126 1.0085 0.9738 0.9078 0.9319 0.9329 0.7361
0.6654 0.7441 0.8697 0.9783 0.9809 1.0851 1.0955 1.0271 0.9673 1.1368 1.1141 0.9849 1.0360 0.8929 0.9470 0.7534
0.7571 0.7996 0.8331 0.9212 1.0000 1.0519 1.0923 1.0503 1.1187 1.2080 1.0124 1.0249 0.9489 1.0549 0.9632 0.8666
0.8535 0.8920 0.8928 0.9550 1.1492 1.0955 1.1775 1.0722 1.1383 1.0820 1.0472 1.0045 0.9894 0.9177 0.8624 0.8727
0.7316 0.8302 0.8872 0.9496 1.0457 1.0457 1.1261 1.1336 1.0958 1.0547 1.0875 1.0485 0.9739 0.9067 0.8423 0.9735
0.9010 0.8222 0.8745 0.9580 1.0000 1.0857 1.1997 1.0911 1.0819 1.0356 1.1259 1.0759 1.0242 0.9369 0.8630 0.9302
0.8112 0.8801 0.8722 0.8991 1.0352 1.0284 1.1508 1.0338 1.0770 1.0985 1.0394 1.0577 0.9826 1.0285 0.8906 0.8520
0.6708 0.7638 0.8723 0.9903 1.0219 1.0289 1.0564 1.1099 0.9558 0.9980 1.1330 0.9381 0.9060 0.9813 1.0133 1.0396
0.7201 0.6663 0.7595 0.8156 0.9504 1.0310 1.1295 1.0230 0.9831 1.0403 0.9922 0.9544 1.0338 0.9937 0.8906 1.0122
0.7430 0.8506 0.8943 0.9863 1.1766 1.1410 1.1297 0.8682 1.0238 1.2193 1.0915 0.9897 0.9576 1.0000 1.0000 0.7087
0.9546 0.8972 0.9436 1.0012 1.1656 1.1056 1.1490 0.9992 1.1113 1.0231 1.0914 1.0194 1.0019 0.8413 0.8304 0.9763
0.9281 0.9242 0.9884 1.0220 1.0004 1.1174 1.1637 1.1208 1.0690 1.0353 1.1339 0.9362 0.9476 1.0000 0.8252 0.8018
0.6600 0.7447 0.8588 0.8983 1.0147 1.2007 1.0957 1.0784 1.0348 1.0322 1.0674 1.0934 0.9791 0.8689 0.9131 0.8572
0.7061 0.8026 0.9101 0.9816 0.9654 1.0324 1.0863 1.0435 1.0713 0.9898 1.0042 1.0703 1.0126 0.9813 0.9545 0.8980
0.8776 0.7616 0.8661 0.8880 1.0455 1.1890 0.9772 1.1596 1.1164 1.1562 1.0427 1.0417 1.1067 0.9393 0.8893 0.9429
0.6807 0.7885 0.7898 0.8306 0.9969 0.9923 1.1208 0.9942 0.9933 1.1069 1.0860 1.0459 1.0064 1.0157 0.9288 0.9304
0.6938 1.0000 0.8967 0.9296 0.9859 1.1264 1.1272 1.0323 1.0682 1.1470 1.0848 0.9018 0.9914 0.8981 0.8961 0.9166
0.8184 0.8035 0.9407 0.8571 1.0405 1.1326 0.9956 1.0580 1.0636 1.1456 1.0157 1.1236 1.0000 0.9685 1.0118 0.9627
0.8829 0.9040 0.9070 0.9624 0.9339 1.0797 1.0427 1.0379 1.0164 0.9234 1.0275 1.1416 1.0097 1.0169 1.0334 0.9860
0.6271 0.7758 0.9201 0.9974 1.0000 1.0395 1.0421 1.0371 1.0130 1.0842 1.0110 1.0757 1.0124 0.9301 1.0000 0.8506
0.8515 0.7878 0.9802 0.9527 1.0560 1.1445 1.1433 0.9392 1.0587 1.1262 1.1520 1.0417 1.0440 0.9266 0.8945 0.8501
0.7737 0.7921 0.8947 0.9556 1.2204 1.0000 1.0716 1.1825 1.0761 1.0343 1.2155 0.9288 0.9280 0.9345 1.0046 0.9910
0.8182 0.9237 0.8922 0.9729 1.1018 1.1195 1.1913 1.1711 1.1630 1.1336 1.0768 0.9606 0.9674 0.9080 0.8003 0.8130
