1.3035 1.1740 1.0854 1.0914 1.0437 0.9665 1.0863 0.8961 1.1224 1.1119 0.8737 0.8332 0.9221 0.8150 0.8226 0.8587
1.0000 1.0777 1.1690 1.2354 1.1511 0.9819 1.0510 0.9647 0.9011 0.9524 0.9148 0.9066 0.9134 0.9591 0.8224 1.0000
1.1119 0.9711 0.9407 1.3433 0.8918 1.0024 1.0000 0.9370 0.9737 1.0493 1.0106 0.9215 1.0524 1.0173 1.0693 1.1054
1.2518 1.1510 1.0988 1.1172 1.0226 1.0468 1.0952 0.9276 0.9948 0.9194 0.9132 0.9498 0.8567 0.9174 0.8502 0.9684
1.3677 1.0504 0.9736 1.0647 0.9291 0.9516 0.9933 0.8933 0.8612 0.9443 0.9574 1.1096 0.9270 1.0972 1.1024 1.3747
1.1490 1.1090 0.9633 1.0802 0.9430 1.0624 1.0472 0.9667 0.8455 1.0902 0.9055 0.9128 0.9218 0.9176 1.0361 1.0525
1.2544 1.0986 1.0840 1.0297 0.9566 0.9470 1.0132 0.9409 0.8962 1.0447 0.9634 0.8225 0.9896 1.0333 1.0000 1.0293
1.2606 1.2588 1.0638 1.0806 1.1075 1.0871 1.0815 1.0199 1.1115 0.8985 0.9188 0.8571 0.8204 0.7895 0.7729 0.8581
0.6753 0.7165 0.9218 0.7907 0.9292 0.9474 0.8392 1.0444 1.0602 0.9300 1.0856 1.0095 1.2534 0.9565 1.2598 1.0582
1.0355 0.9508 0.8923 1.0682 0.9825 0.9754 0.9716 1.0782 0.8656 0.9402 0.9229 0.9403 1.0896 1.0306 1.1162 1.2002
0.6266 0.7339 0.8666 0.8226 0.9067 0.9879 0.9409 1.0853 1.0426 0.9749 1.0309 0.9536 1.1803 1.1356 0.9827 1.1462
1.2192 1.1033 1.1361 1.1646 1.0794 1.1012 1.1188 0.9786 0.9977 0.8839 0.8636 0.9089 0.8796 0.8423 0.8946 0.8136
0.9908 0.9139 0.9042 1.0012 0.9416 0.8665 0.7803 1.1186 0.9450 1.0350 1.1018 0.9345 1.0652 1.1919 1.1113 1.4149
1.1001 1.0151 1.0393 0.8719 0.8689 0.9698 0.9574 1.0610 0.9664 0.9582 0.9696 0.9413 1.0266 0.9618 1.1050 1.1310
1.3064 1.1574 0.9762 0.9762 1.0516 1.0709 1.0323 1.0776 0.9962 0.8843 0.9543 0.9256 0.9227 0.7535 0.7381 0.8226
0.9860 0.9356 1.0217 0.9119 0.9415 1.0314 0.9683 0.9999 1.0000 0.9040 0.9586 1.0063 1.0000 1.0659 1.1058 1.3169
0.9704 0.9483 0.9780 1.0000 0.9491 0.9421 1.0301 0.9655 0.9825 1.0385 1.0592 1.0376 1.0423 1.0562 1.2104 1.3148
1.3519 1.3551 0.9941 1.2457 0.9573 0.9680 1.1132 0.9223 0.8812 1.0000 1.0000 0.9616 1.0000 0.8809 0.9621 0.9724
1.4026 1.0290 1.2352 0.9745 0.8172 1.1218 1.0053 1.0062 1.0750 0.9759 0.9413 0.9919 0.8958 0.8673 0.9390 1.0767
1.1171 1.0930 1.1473 1.1756 0.9842 1.0654 0.9481 0.9554 1.0194 1.0270 0.9097 0.8422 0.8074 0.7667 0.5449 0.5189
1.3813 1.0027 1.0000 0.9517 1.1292 1.0789 0.9054 1.0077 0.9637 0.9276 0.9201 1.0752 0.9217 1.0957 1.0252 0.9955
0.5782 0.6759 0.9885 0.9815 1.0020 1.0316 1.0060 0.9777 0.9494 1.0465 0.9779 1.0606 1.0610 0.9334 0.9894 1.2463
1.0575 0.8871 0.9302 0.9194 0.8591 0.9248 0.8802 0.9544 1.0000 1.1181 0.9513 0.9326 1.1489 1.2602 1.2536 1.3076
0.9985 1.0218 0.8505 1.0175 0.8706 0.9837 0.8972 0.9400 1.1222 0.9296 1.0329 1.0862 1.0075 1.0713 0.5458 1.1145
1.3505 1.1438 1.0346 1.0847 1.0837 1.0593 1.1138 0.9809 1.0125 0.8633 1.0198 0.9017 0.9798 0.8769 0.8897 0.9348
