1.3431 1.1874 1.0189 1.0804 0.9941 0.9581 1.0812 0.9025 1.1244 1.1526 0.8524 0.8281 0.9365 0.8434 0.7911 0.9162
1.0000 1.0893 1.3087 1.2751 1.1522 1.0005 1.1146 0.9786 0.8787 0.9190 0.8698 0.8501 0.8629 0.8912 0.8204 1.0000
1.0395 0.9046 0.9690 1.1618 0.8286 0.9313 1.0000 0.9360 0.9617 1.0388 0.9620 0.9528 1.0361 1.1676 1.0817 1.2868
1.3324 1.1961 1.1575 1.1513 1.0188 1.0674 1.1056 0.8917 0.9514 0.8777 0.8936 0.9485 0.8112 0.9210 0.7908 0.9800
1.2120 0.9418 0.8861 1.0236 0.9355 0.9998 0.9704 0.9091 1.0093 1.0694 0.9493 1.1003 0.8993 1.0710 1.0452 1.2987
1.2151 1.0834 1.0206 1.1319 0.9698 1.0745 1.0683 0.9426 0.8980 1.0243 0.9960 0.8739 0.8750 0.8325 1.0034 0.9704
1.2053 1.1192 1.0371 0.9900 0.9536 0.9518 1.0249 0.9659 0.8933 1.0491 0.9530 0.8323 0.9785 1.0742 1.0000 1.0496
1.3680 1.2208 1.1532 1.0967 1.1097 1.0867 1.0811 0.9885 1.0803 0.8890 0.8795 0.8301 0.8152 0.7847 0.7676 0.8469
0.6643 0.7109 0.8801 0.7368 0.9482 0.9674 0.8343 1.0203 1.0406 0.9145 1.0733 0.9952 1.1994 1.0128 1.2418 1.2286
1.1642 1.0172 0.9766 1.0860 0.9902 0.9599 0.9319 1.1401 0.8706 0.8780 0.9192 0.9012 1.0239 0.9912 1.0953 1.0912
0.6680 0.7304 0.8851 0.8039 0.9356 0.9588 0.8919 1.0706 1.0043 0.9532 1.0607 0.9070 1.2588 1.0944 0.9498 1.3201
1.2948 1.1453 1.1629 1.2187 1.0797 1.0965 1.1413 0.9720 1.0066 0.8790 0.8335 0.8634 0.8363 0.7986 0.8558 0.8072
1.0313 0.8544 0.8263 0.9126 0.8683 0.8956 0.8154 1.0236 0.9320 1.1166 1.1735 1.0082 1.0873 1.1820 1.1429 1.5397
1.2302 1.0888 1.1182 1.0244 0.8685 0.9986 1.0203 1.0455 0.9521 0.8734 0.9367 0.8781 0.9705 0.8747 0.9915 1.0833
1.2270 1.1961 0.9423 0.9178 1.0501 1.0364 0.9689 1.0486 0.9914 0.9175 0.9608 0.9469 0.9570 0.7952 0.7822 0.9427
1.0305 0.9383 1.0488 0.8975 0.9969 1.0574 0.9686 0.9785 1.0000 0.8960 0.9385 1.1105 1.0000 1.0046 1.0122 1.1829
0.9600 0.9510 0.9180 1.0000 0.9905 0.9434 1.0235 1.0723 0.9824 1.0085 1.0367 0.9924 1.0325 1.0723 1.2632 1.2751
1.5082 1.3602 1.0562 1.2877 0.9793 0.9785 1.1126 0.9659 0.8878 1.0000 1.0000 0.9032 1.0000 0.8323 0.9081 0.9289
1.4977 1.0231 1.2180 0.9020 0.7998 1.1122 1.0042 0.9962 1.0849 1.0333 0.8754 0.9988 0.8938 0.8768 0.9907 1.1380
1.1706 1.1247 1.1679 1.2039 0.9726 1.0392 0.9556 0.9309 1.0053 1.0820 0.8898 0.8033 0.8164 0.7697 0.5312 0.5188
1.2610 0.9022 1.0000 0.8968 1.1212 1.0348 0.9265 0.9955 0.9917 1.0452 0.9269 1.0987 0.9163 1.0539 1.0154 1.0729
0.7173 0.7470 0.9833 1.0124 1.1068 1.0107 0.9795 0.9348 0.9101 1.0869 0.9752 0.9724 1.0383 0.9876 1.0036 1.2304
1.0383 0.8696 0.8876 0.9348 0.8335 0.9092 0.8531 0.9116 1.0000 1.1397 0.9359 0.9462 1.1638 1.2902 1.3298 1.6588
1.0478 1.0847 0.8970 1.0327 0.8878 0.9696 0.9550 1.0144 1.1036 0.8996 1.0113 1.0272 0.9308 1.0377 0.5458 1.0762
1.1797 1.0135 0.9175 0.9704 0.9939 1.0058 1.0697 1.0068 0.9967 0.8867 1.0580 0.9538 1.0493 0.9315 0.9865 1.0789
