0.8362 0.8829 0.9240 0.9363 1.0134 1.0865 1.0327 1.1650 1.1592 1.1479 1.0156 0.8793 1.0933 1.0349 0.8755 0.9181
0.9358 0.9356 1.0684 1.0910 1.1740 1.2485 1.2285 0.8804 0.9268 0.8796 1.0623 0.9600 0.9357 0.8246 0.9756 0.7572
0.6884 0.8020 0.9363 0.9827 0.9901 1.1171 1.1159 1.0882 1.0802 1.2289 0.9965 0.9403 0.9142 0.9244 0.8989 0.6891
0.7141 0.7931 0.8957 0.9879 0.9854 1.0959 1.1237 1.0264 0.9810 1.1403 1.1216 0.9637 1.0197 0.9106 0.9100 0.7128
0.8152 0.8961 0.9073 0.9121 1.0000 1.0970 1.1461 1.0723 1.1260 1.2270 0.9980 0.9797 0.9435 1.0342 0.9350 0.8294
0.8820 0.9359 0.9506 0.9828 1.1377 1.1273 1.1650 1.0176 1.1788 1.1025 1.0440 0.9604 0.9592 0.9119 0.8327 0.8186
0.7700 0.8857 0.9355 0.9615 1.0269 1.0344 1.1307 1.1204 1.1141 1.0811 1.1014 1.0536 0.9399 0.8544 0.8141 0.9505
0.9634 0.8381 0.9011 0.9724 1.0000 1.1027 1.1722 1.0563 1.0990 1.0723 1.1284 1.0450 1.0311 0.9043 0.8067 0.8595
0.8297 0.9273 0.8746 0.9434 1.0363 1.0044 1.1460 1.0293 1.1289 1.1303 1.0714 1.0368 0.9599 1.0369 0.8603 0.8006
0.7430 0.8355 0.9507 1.0820 1.0409 1.0941 1.0590 1.1499 0.9588 1.0411 1.1288 0.8687 0.8590 0.9787 0.9641 0.9476
0.8146 0.7558 0.8583 0.8824 1.0197 1.1103 1.1977 1.0683 1.0522 1.1251 1.0307 1.0014 1.0473 0.9747 0.8659 0.8751
0.7905 0.8643 0.9130 1.0267 1.1436 1.1054 1.1136 0.8942 1.0117 1.2059 1.0483 0.9519 0.9312 1.0000 1.0000 0.6317
0.9419 0.8833 0.9479 0.9976 1.1582 1.0711 1.0959 0.9223 1.0954 1.0304 1.0591 0.9356 1.0069 0.7793 0.7586 0.9328
0.9249 0.9752 0.9665 0.9899 0.9752 1.1288 1.1578 1.0516 1.0678 1.0118 1.0876 0.9192 0.9233 1.0000 0.8129 0.7680
0.7029 0.8110 0.8893 0.9317 1.0304 1.1919 1.1009 1.0631 1.0422 1.0649 1.1226 1.1063 1.0218 0.8065 0.8802 0.8022
0.8032 0.9256 0.9601 1.0519 1.0070 1.0562 1.0779 1.0385 1.0607 0.9942 1.0309 1.0397 0.9477 0.9265 0.8814 0.8118
0.9197 0.7623 0.8782 0.8637 1.1237 1.2278 1.0088 1.1421 1.0596 1.1813 1.0128 1.0361 1.1180 0.8962 0.8590 0.8849
0.7163 0.8954 0.8355 0.8491 1.0528 1.0071 1.1503 1.0465 1.0418 1.1546 1.1064 1.0170 0.9896 0.9835 0.9391 0.8956
0.7422 1.0000 0.9327 0.9110 0.9801 1.1782 1.1588 1.0553 1.0331 1.1323 1.1060 0.9122 0.9571 0.8952 0.8907 0.8706
0.9048 0.9136 1.0079 0.9080 1.0916 1.2107 0.9779 1.0915 1.1055 1.1500 0.9570 1.0712 1.0000 0.9105 0.9100 0.8006
0.9294 0.9506 0.9374 0.9960 0.9197 1.1176 1.0652 1.0739 1.0326 0.9691 1.0432 1.0936 0.9975 0.9988 0.9747 0.8494
0.6453 0.8024 0.9326 0.9747 1.0000 1.0148 1.0259 1.0356 1.0187 1.0733 0.9995 1.0504 0.9950 0.8840 1.0000 0.7790
0.8210 0.8040 1.0252 1.0233 1.0723 1.1529 1.1524 0.9162 1.0900 1.1631 1.1593 1.0272 1.0640 0.8963 0.8460 0.8067
0.8453 0.8182 0.8930 0.9798 1.2411 1.0000 1.0953 1.1770 1.0948 1.0196 1.1532 0.9388 0.9418 0.8781 0.9537 0.9670
0.8495 0.9986 0.8820 1.0069 1.1178 1.0969 1.1574 1.1631 1.1469 1.1476 1.0373 0.9537 0.9272 0.8351 0.7018 0.6776
