1.3216 1.1684 1.0632 1.0988 1.0026 0.9575 1.0586 0.8949 1.1151 1.1382 0.8724 0.8391 0.9499 0.8132 0.8030 0.9057
1.0000 1.0866 1.2672 1.2706 1.1288 1.0173 1.0824 0.9564 0.8946 0.9265 0.8832 0.8798 0.8822 0.9083 0.8213 1.0000
1.0391 0.9077 0.9183 1.1811 0.8687 0.9655 1.0000 0.9419 0.9952 1.0386 0.9612 0.9382 1.0382 1.1245 1.0655 1.1941
1.2579 1.1879 1.1498 1.1316 1.0050 1.0495 1.0959 0.8989 0.9888 0.8963 0.9135 0.9646 0.8197 0.9377 0.8032 0.9689
1.2875 1.0163 0.9205 1.0154 0.9616 0.9878 0.9903 0.8988 0.9437 1.0429 0.9375 1.0860 0.8853 1.1044 1.0665 1.3232
1.1811 1.0793 0.9767 1.1100 0.9705 1.0578 1.0590 0.9767 0.9166 1.0461 0.9672 0.8880 0.8852 0.8734 1.0215 0.9980
1.1664 1.0966 1.0411 0.9744 0.9577 0.9681 1.0148 0.9714 0.9011 1.0491 0.9621 0.8269 0.9744 1.0843 1.0000 1.0436
1.3661 1.2155 1.1511 1.0841 1.0835 1.1009 1.0354 0.9926 1.0897 0.8952 0.9183 0.8427 0.8156 0.7877 0.7703 0.8342
0.6673 0.7171 0.8986 0.7496 0.9398 0.9648 0.8387 1.0491 1.0423 0.9071 1.0646 1.0147 1.2110 0.9912 1.2125 1.2268
1.1009 0.9762 0.9676 1.1039 1.0019 0.9745 0.9571 1.1463 0.8715 0.9078 0.9504 0.8839 1.0313 0.9800 1.1068 1.0920
0.6825 0.7174 0.8981 0.8300 0.9617 0.9873 0.9061 1.0124 0.9830 0.9673 1.0693 0.9189 1.2344 1.0969 0.9837 1.2176
1.2555 1.1588 1.1686 1.1911 1.0615 1.0955 1.1321 0.9857 1.0192 0.8741 0.8369 0.8631 0.8561 0.8162 0.8684 0.8110
1.0371 0.8856 0.8529 0.9525 0.9179 0.9156 0.7835 0.9401 0.9331 0.9796 1.1439 0.9881 1.1435 1.2146 1.1788 1.5330
1.1804 1.0859 0.9944 0.9512 0.8891 1.0113 1.0254 1.0426 0.9637 0.9008 0.9467 0.9019 1.0024 0.9031 1.0462 1.1188
1.2309 1.1756 0.9490 0.9217 1.0409 1.0520 0.9997 1.0744 0.9878 0.9039 0.9518 0.9557 0.9517 0.7588 0.7732 0.9253
0.9943 0.9427 1.0505 0.9027 0.9799 1.0517 0.9791 0.9995 1.0000 0.9313 0.9630 1.0363 1.0000 1.0265 1.0315 1.1953
0.9321 0.9229 0.9198 1.0000 0.9654 0.9265 1.0407 1.0770 0.9826 1.0290 1.0575 1.0077 1.0459 1.0918 1.2794 1.2752
1.4492 1.3426 1.0428 1.2375 0.9698 0.9894 1.1181 0.9691 0.9138 1.0000 1.0000 0.8934 1.0000 0.8553 0.8999 0.9249
1.4639 1.0164 1.2114 0.9202 0.7837 1.1111 1.0013 0.9896 1.0877 1.0253 0.8941 1.0068 0.8838 0.8902 0.9717 1.1535
1.1610 1.1287 1.1528 1.1988 0.9922 1.0398 0.9512 0.9308 1.0109 1.0457 0.9055 0.8128 0.8084 0.7549 0.5335 0.5095
1.2542 0.9429 1.0000 0.9368 1.1199 1.0680 0.9281 1.0216 0.9679 0.9996 0.9332 1.0930 0.8973 1.0601 0.9843 1.0447
0.5461 0.7340 1.0117 0.9798 1.0852 1.0335 0.9769 0.9451 0.9294 1.0819 0.9691 0.9976 1.0311 0.9676 0.9911 1.2204
1.0229 0.8582 0.9035 0.9618 0.8314 0.8985 0.8786 0.9168 1.0000 1.1233 0.9627 0.9456 1.1578 1.2805 1.3361 1.5966
1.0389 1.0669 0.8925 1.0410 0.8778 0.9818 0.9344 0.9974 1.1177 0.9272 0.9956 1.0374 0.9423 1.0362 0.5458 1.0762
1.2220 1.0689 0.9513 1.0037 1.0258 1.0408 1.0773 1.0080 1.0468 0.8956 1.0444 0.9363 1.0228 0.9313 0.9396 1.0040
