0.7112 0.7704 0.8486 0.8786 1.0305 1.0861 1.0538 1.1732 1.1607 1.1682 1.0220 1.0343 1.0560 1.0147 0.8605 0.8735
0.8305 0.8406 0.9490 1.0439 1.0834 1.2473 1.2197 0.9792 1.0370 0.9640 1.1090 1.0032 0.9235 0.8688 0.9820 0.7679
0.6446 0.6982 0.8991 0.9112 0.9606 1.0925 1.1517 1.0823 1.0769 1.2465 1.0205 0.9604 0.9010 0.9028 0.8758 0.7078
0.6508 0.7436 0.8406 0.9632 0.9818 1.0748 1.1167 1.0534 1.0146 1.1605 1.1153 0.9670 1.0265 0.8791 0.9163 0.7523
0.6993 0.7654 0.7822 0.9030 1.0000 1.0246 1.0597 1.0508 1.1593 1.2386 1.0604 1.0414 0.9733 1.0364 0.9751 0.8435
0.8181 0.8354 0.8589 0.9470 1.1478 1.0739 1.1821 1.1349 1.1755 1.1156 1.0638 1.0169 0.9847 0.9258 0.8653 0.8519
0.7597 0.8133 0.8566 0.9394 1.0312 1.0369 1.1908 1.1671 1.1013 1.0853 1.0935 1.0373 0.9794 0.9234 0.8172 0.9260
0.8760 0.7936 0.8451 0.9258 1.0000 1.1130 1.2228 1.1311 1.0855 1.0807 1.1581 1.0919 1.0159 0.9242 0.8383 0.8912
0.8099 0.8723 0.8414 0.8670 1.0169 1.0371 1.1222 1.0404 1.1003 1.1319 1.0392 1.1148 0.9703 1.0227 0.8932 0.8479
0.6920 0.7442 0.8600 0.9500 0.9714 1.0250 1.0702 1.1145 1.0127 1.0572 1.1772 0.9916 0.9178 0.9915 0.9810 0.9732
0.7168 0.6546 0.7368 0.7992 0.9549 1.0440 1.1294 1.0459 1.0346 1.0772 1.0289 0.9745 1.0132 0.9683 0.8476 0.9575
0.7306 0.8108 0.9222 0.9726 1.1434 1.1449 1.1229 0.9093 1.0470 1.2067 1.0894 0.9540 0.9516 1.0000 1.0000 0.7039
0.9267 0.8844 0.9037 1.0057 1.1259 1.1233 1.1773 1.0442 1.1293 1.0577 1.0715 1.0153 0.9768 0.8460 0.8484 0.9483
0.8965 0.8814 0.9588 0.9994 0.9878 1.1037 1.1693 1.1428 1.1108 1.0624 1.1744 0.9427 0.9348 1.0000 0.8225 0.8058
0.7013 0.7244 0.8432 0.8998 1.0049 1.1471 1.0700 1.0665 1.0795 1.0991 1.1145 1.1243 0.9882 0.8762 0.8676 0.8272
0.6681 0.7952 0.8957 0.9637 0.9930 1.0460 1.0971 1.0618 1.0865 1.0101 1.0031 1.0691 0.9916 0.9869 0.9214 0.8663
0.8577 0.7890 0.8633 0.8985 1.0392 1.1648 1.0024 1.1870 1.1607 1.1736 1.0531 1.0264 1.0943 0.9294 0.8845 0.8797
0.6934 0.7514 0.7881 0.8113 0.9982 1.0065 1.1024 1.0010 1.0177 1.1094 1.0659 1.0422 1.0187 1.0198 0.8634 0.8897
0.6918 1.0000 0.8826 0.9086 0.9683 1.1339 1.1450 1.0868 1.0788 1.1608 1.1022 0.9332 0.9746 0.8918 0.8762 0.8580
0.8256 0.8211 0.8944 0.8447 1.0394 1.1347 0.9963 1.0613 1.0932 1.1790 1.0597 1.1145 1.0000 1.0111 0.9800 0.9308
0.8363 0.8833 0.8878 0.9801 0.9570 1.1018 1.0750 1.0617 1.0430 0.9893 1.0577 1.1266 1.0123 0.9730 0.9930 0.9223
0.6406 0.7646 0.8884 0.9615 1.0000 1.0664 1.0775 1.0770 1.0444 1.0946 1.0391 1.0482 0.9851 0.9052 1.0000 0.8086
0.8645 0.7934 0.9259 0.9446 1.0656 1.1581 1.1934 0.9752 1.0866 1.1437 1.1494 1.0255 1.0376 0.9523 0.8930 0.8066
0.7342 0.7930 0.8532 0.9444 1.2145 1.0000 1.1023 1.1869 1.1151 1.0800 1.2283 0.9633 0.9487 0.9284 0.9623 0.9491
0.8283 0.9078 0.8745 0.9801 1.1085 1.1077 1.1718 1.1665 1.2022 1.1900 1.1040 0.9736 0.9545 0.9069 0.7809 0.7510
