0.7202 0.7705 0.8568 0.8895 1.0128 1.0997 1.0441 1.1662 1.1667 1.1810 1.0204 1.0209 1.0272 1.0237 0.8554 0.8823
0.8260 0.8360 0.9494 1.0391 1.0926 1.2473 1.2206 0.9688 1.0288 0.9615 1.1002 0.9927 0.9258 0.8561 0.9892 0.7690
0.6473 0.7049 0.9012 0.9136 0.9525 1.0857 1.1247 1.0767 1.0835 1.2448 1.0151 0.9692 0.9055 0.9077 0.8938 0.7263
0.6469 0.7277 0.8367 0.9582 0.9750 1.0628 1.1108 1.0494 0.9982 1.1665 1.1312 0.9799 1.0415 0.8851 0.9256 0.7638
0.7014 0.7665 0.7890 0.8838 1.0000 1.0078 1.0705 1.0489 1.1872 1.2383 1.0531 1.0391 0.9701 1.0372 0.9446 0.8638
0.8092 0.8350 0.8630 0.9480 1.1269 1.0902 1.1813 1.1225 1.1838 1.1101 1.0605 1.0337 0.9733 0.9327 0.8659 0.8667
0.7341 0.7943 0.8460 0.9240 1.0270 1.0330 1.1832 1.1512 1.1088 1.0953 1.0990 1.0518 0.9852 0.9230 0.8308 0.9441
0.8649 0.7982 0.8553 0.9318 1.0000 1.0920 1.2017 1.1249 1.1134 1.0794 1.1427 1.0807 1.0253 0.9265 0.8526 0.9164
0.8006 0.8630 0.8484 0.8676 1.0059 1.0242 1.1256 1.0374 1.1031 1.1308 1.0518 1.1085 0.9798 1.0344 0.9037 0.8481
0.6871 0.7367 0.8272 0.9533 0.9855 1.0277 1.0490 1.1155 0.9973 1.0432 1.1787 0.9722 0.9149 0.9885 1.0002 0.9994
0.7200 0.6553 0.7411 0.8022 0.9585 1.0390 1.1273 1.0369 1.0394 1.0726 1.0263 0.9640 1.0143 0.9777 0.8653 0.9382
0.7339 0.8256 0.9178 0.9831 1.1594 1.1337 1.1236 0.8872 1.0521 1.2308 1.0915 0.9739 0.9558 1.0000 1.0000 0.7239
0.9128 0.8721 0.8923 1.0162 1.1379 1.1181 1.1798 1.0302 1.1333 1.0672 1.0751 1.0212 0.9943 0.8309 0.8396 0.9475
0.8952 0.8944 0.9527 0.9967 0.9978 1.0956 1.1735 1.1394 1.1128 1.0704 1.1629 0.9452 0.9386 1.0000 0.8286 0.7984
0.6809 0.7225 0.8223 0.8897 0.9775 1.1583 1.0930 1.0713 1.0700 1.0939 1.1140 1.1410 1.0065 0.8696 0.8837 0.7949
0.6783 0.8101 0.9223 0.9954 0.9712 1.0363 1.0824 1.0517 1.0905 1.0156 1.0038 1.0684 0.9934 0.9674 0.9301 0.8682
0.8688 0.7802 0.8569 0.8852 1.0391 1.1642 0.9830 1.1748 1.1504 1.1831 1.0625 1.0220 1.1012 0.9282 0.8937 0.9069
0.6925 0.7600 0.7808 0.8070 1.0095 1.0172 1.1062 0.9989 1.0031 1.1142 1.0934 1.0729 1.0278 1.0263 0.8828 0.8930
0.6808 1.0000 0.8940 0.9219 0.9591 1.1275 1.1366 1.0649 1.0707 1.1623 1.0880 0.9139 0.9925 0.9012 0.8756 0.8956
0.8362 0.8134 0.9070 0.8298 1.0219 1.1457 1.0062 1.0764 1.0886 1.1986 1.0623 1.1114 1.0000 0.9747 0.9551 0.9229
0.8587 0.8755 0.8853 0.9675 0.9483 1.0900 1.0859 1.0583 1.0516 0.9757 1.0607 1.1113 1.0138 0.9655 0.9963 0.9466
0.6399 0.7743 0.8961 0.9593 1.0000 1.0640 1.0634 1.0798 1.0446 1.0969 1.0387 1.0563 0.9976 0.9011 1.0000 0.7981
0.8649 0.7887 0.9381 0.9395 1.0733 1.1560 1.1835 0.9742 1.0760 1.1275 1.1636 1.0077 1.0218 0.9333 0.8922 0.8260
0.7549 0.7856 0.8686 0.9341 1.2029 1.0000 1.0922 1.2015 1.1129 1.0819 1.2358 0.9452 0.9419 0.9272 0.9556 0.9571
0.8322 0.9209 0.8821 0.9639 1.0771 1.1001 1.1825 1.1766 1.2015 1.1900 1.1070 0.9907 0.9505 0.8933 0.7652 0.7514
