1.3326 1.2627 1.2741 1.2704 1.1351 1.0338 1.0768 0.9679 1.0331 1.0504 0.8862 0.8089 0.8636 0.7460 0.6499 0.6462
1.0000 0.7732 0.9155 0.9335 0.9501 0.9163 1.0529 1.0244 0.9843 1.1092 1.0717 0.9873 1.0323 1.2479 1.0479 1.0000
1.3453 1.3043 1.3358 2.0353 1.1302 1.2485 1.0000 0.8718 1.1026 1.0913 0.8547 0.7746 0.9070 0.9426 0.8372 0.8337
0.9395 0.7552 0.8207 0.9528 0.8172 0.9413 0.9401 0.9772 1.1250 1.1041 1.0523 1.0479 1.0673 1.0004 1.0449 1.5058
1.2953 1.1605 1.0623 1.1002 0.9424 1.0516 1.2531 1.1756 0.9546 1.0970 1.1553 0.9873 1.0050 0.9385 0.9829 0.9682
0.7654 0.7821 0.6956 0.8375 0.8563 0.9409 1.2020 1.0199 0.9012 1.1602 0.9848 1.2428 1.0997 1.0909 1.1220 1.3173
1.6702 1.3223 1.2815 1.2380 1.1968 0.9657 1.0117 0.8592 0.8740 0.8599 0.8367 0.7615 0.8166 0.9607 1.0000 0.7883
0.8998 0.8967 0.9090 0.9306 0.8553 1.0005 1.0894 1.2017 1.2127 0.9951 0.9897 1.0613 0.8991 0.8992 1.0232 1.1276
0.9737 0.8988 1.1581 1.0569 0.9852 1.1803 1.0057 1.1346 1.1203 0.9819 1.0511 0.9593 0.9793 0.8383 1.0262 1.2357
0.9718 0.7503 0.9749 0.8346 0.9041 0.9742 0.8582 1.0165 0.9214 1.0625 0.9976 1.0796 1.2572 1.1546 1.2420 1.7027
0.6882 1.0553 1.1021 0.9246 1.0154 1.1968 1.0600 1.1891 1.0882 0.9480 0.8390 0.8960 0.9688 0.8794 0.8073 1.2857
0.8245 0.7891 0.8897 0.8997 0.8540 0.9556 1.0033 0.9361 1.0076 1.1073 1.1108 1.1500 1.1186 1.1869 1.2206 0.9444
1.1783 1.2214 1.1174 1.2607 1.1338 1.2292 1.0568 1.4800 0.8235 1.1198 1.0477 0.7600 0.7560 0.7255 0.6834 0.7937
1.0021 0.8606 1.0302 0.7999 0.7535 0.9009 0.8459 1.0227 1.0280 1.0757 1.1252 1.0567 1.0896 1.0858 1.2080 1.0908
1.5695 1.4546 1.0777 1.2235 1.2128 1.0625 1.1258 1.0772 0.8995 0.8121 0.8115 0.7551 0.6683 0.6978 0.6438 0.6319
0.6953 1.0049 0.8367 0.8085 0.8378 0.8787 0.9371 0.9559 1.0000 0.9421 1.1475 1.1695 1.0000 1.3790 1.4447 1.5707
1.1828 0.9429 1.1910 1.0000 0.9432 1.0436 1.0491 0.9458 0.9595 0.9936 0.9331 0.9487 0.8815 0.8942 1.0411 0.9715
0.8407 0.9026 0.8000 1.0177 0.8403 0.8864 1.0592 0.9716 0.9968 1.0000 1.0000 1.1637 1.0000 1.0669 1.1373 1.1569
1.4961 1.1673 1.6652 1.2213 0.9380 1.1781 1.0938 1.0550 1.0118 0.9343 0.9054 0.8027 0.7173 0.7134 0.8094 0.8167
0.8108 0.8408 1.0773 0.9577 0.9762 0.9724 1.0445 1.0565 1.2167 1.4459 1.1032 1.0025 1.1551 1.0586 0.7127 0.6156
1.4574 1.1124 1.0000 1.1116 1.1649 1.1305 1.0565 0.9762 0.9643 0.8994 0.9318 1.0544 0.8634 1.0201 0.9159 0.9186
0.6885 0.5860 0.8452 0.6546 0.8454 0.9457 1.0310 0.9936 1.0480 0.9985 1.0860 1.2932 1.2538 1.0385 1.0223 1.4612
1.0205 1.0035 1.0659 0.9088 1.0386 1.0762 1.1410 1.1459 1.0000 1.4805 0.9969 0.8418 0.8199 0.7292 0.6022 0.7313
0.7348 0.7396 0.6966 0.7821 0.7317 0.8037 0.7747 0.9450 1.1374 1.1079 1.1787 1.2053 1.2942 1.3210 1.5420 1.5397
1.3639 1.4201 1.1091 1.2269 1.1223 1.2494 1.4263 1.1054 0.9171 0.9578 0.9265 0.9765 0.8864 0.8146 0.7774 0.8780
