0.7394 0.7971 0.8614 0.8848 1.0234 1.0774 1.0409 1.1762 1.1504 1.1707 1.0181 1.0023 1.0456 1.0228 0.8652 0.8801
0.8493 0.8444 0.9675 1.0321 1.0945 1.2158 1.2049 0.9648 1.0234 0.9493 1.1056 1.0031 0.9295 0.8571 0.9918 0.7718
0.6558 0.7022 0.9209 0.9188 0.9613 1.0889 1.1194 1.0734 1.0734 1.2223 0.9997 0.9704 0.9012 0.9149 0.9222 0.7270
0.6584 0.7373 0.8523 0.9644 0.9814 1.0931 1.1077 1.0243 0.9788 1.1616 1.1333 0.9652 1.0351 0.8953 0.9366 0.7505
0.7147 0.7670 0.8053 0.8939 1.0000 1.0335 1.0816 1.0626 1.1827 1.2131 1.0286 1.0402 0.9609 1.0480 0.9431 0.8663
0.8326 0.8542 0.8593 0.9401 1.1486 1.0861 1.1807 1.1011 1.1603 1.1128 1.0533 1.0273 0.9798 0.9304 0.8626 0.8667
0.7531 0.8087 0.8640 0.9417 1.0403 1.0391 1.1520 1.1598 1.1053 1.0768 1.0830 1.0482 0.9885 0.9174 0.8357 0.9399
0.8942 0.8163 0.8665 0.9415 1.0000 1.0912 1.1819 1.1114 1.0935 1.0772 1.1447 1.0823 1.0121 0.9178 0.8550 0.9164
0.8142 0.8662 0.8702 0.8708 1.0194 1.0156 1.1247 1.0491 1.0810 1.1169 1.0412 1.0918 0.9898 1.0305 0.9107 0.8402
0.6847 0.7575 0.8652 0.9735 1.0103 1.0225 1.0545 1.1334 0.9919 1.0227 1.1717 0.9538 0.9079 0.9509 0.9958 1.0083
0.7243 0.6588 0.7511 0.7893 0.9632 1.0473 1.1416 1.0329 1.0159 1.0629 1.0103 0.9602 1.0156 0.9842 0.8583 0.9671
0.7558 0.8420 0.9159 0.9756 1.1515 1.1421 1.1429 0.8734 1.0340 1.2361 1.0845 0.9645 0.9441 1.0000 1.0000 0.6939
0.9300 0.8837 0.8988 1.0100 1.1450 1.1178 1.1662 1.0142 1.1198 1.0396 1.0632 1.0295 0.9958 0.8516 0.8383 0.9734
0.9075 0.8940 0.9673 1.0229 0.9945 1.1051 1.1619 1.1209 1.0928 1.0497 1.1493 0.9431 0.9459 1.0000 0.8449 0.8078
0.6709 0.7419 0.8576 0.9020 1.0006 1.1915 1.0803 1.0529 1.0494 1.0521 1.1004 1.1259 0.9948 0.8633 0.8968 0.8306
0.6852 0.7943 0.9077 0.9940 0.9807 1.0376 1.0885 1.0440 1.0867 1.0112 1.0048 1.0714 1.0013 0.9760 0.9301 0.8703
0.8724 0.7691 0.8701 0.8880 1.0307 1.1692 0.9754 1.1753 1.1365 1.1761 1.0521 1.0368 1.1071 0.9338 0.8867 0.9219
0.6922 0.7761 0.7973 0.8237 0.9986 0.9984 1.1216 1.0087 0.9973 1.1241 1.0944 1.0574 1.0103 1.0140 0.8936 0.9062
0.6825 1.0000 0.8914 0.9222 0.9779 1.1289 1.1207 1.0483 1.0642 1.1747 1.0852 0.9225 0.9903 0.8960 0.8793 0.8989
0.8302 0.8180 0.9174 0.8566 1.0257 1.1330 1.0246 1.0547 1.0651 1.1678 1.0442 1.1290 1.0000 0.9835 0.9674 0.9239
0.8763 0.8945 0.8936 0.9564 0.9481 1.0968 1.0446 1.0373 1.0426 0.9617 1.0563 1.1156 1.0062 0.9938 1.0201 0.9547
0.6327 0.7761 0.9118 0.9792 1.0000 1.0714 1.0596 1.0615 1.0304 1.1007 1.0077 1.0620 0.9777 0.9183 1.0000 0.8173
0.8397 0.7828 0.9602 0.9426 1.0642 1.1586 1.1737 0.9459 1.0755 1.1350 1.1481 1.0315 1.0448 0.9331 0.8827 0.8368
0.7637 0.7861 0.8716 0.9499 1.2130 1.0000 1.0853 1.1824 1.0956 1.0566 1.2352 0.9311 0.9424 0.9488 0.9726 0.9597
0.8300 0.9112 0.8891 0.9665 1.0951 1.0998 1.1805 1.1737 1.1743 1.1703 1.0972 0.9730 0.9657 0.9137 0.7865 0.7916
