1.3088 1.1466 1.0331 1.0799 0.9714 0.9426 1.0496 0.8847 1.0931 1.1368 0.8382 0.8450 0.9325 0.8360 0.7988 0.9273
1.0000 1.0632 1.2746 1.2657 1.1225 0.9878 1.0838 0.9610 0.8860 0.9276 0.8631 0.8513 0.8490 0.8827 0.8207 1.0000
1.0577 0.9223 0.9585 1.2255 0.8794 0.9749 1.0000 0.9715 0.9782 1.0508 0.9829 0.9619 1.0340 1.1713 1.0657 1.2691
1.3193 1.1650 1.1489 1.1193 0.9820 1.0553 1.0574 0.8961 0.9622 0.8711 0.8838 0.9357 0.8087 0.9365 0.7847 0.9695
1.2520 0.9609 0.9146 1.0272 0.9777 0.9904 0.9900 0.9050 1.0158 1.0696 1.0105 1.0954 0.8950 1.1178 1.0584 1.3249
1.2053 1.0703 1.0003 1.1173 0.9718 1.0502 1.0456 0.9577 0.9103 1.0032 0.9974 0.8741 0.8878 0.8507 1.0042 0.9475
1.2115 1.0864 1.0472 0.9908 0.9509 0.9624 1.0244 0.9693 0.8893 1.0578 0.9727 0.8522 0.9626 1.0448 1.0000 1.0590
1.3106 1.1808 1.1185 1.0652 1.0751 1.0693 1.0396 0.9884 1.0656 0.8898 0.8866 0.8433 0.8028 0.7885 0.7642 0.8144
0.6882 0.7411 0.9036 0.7844 0.9670 0.9946 0.8585 1.0490 1.0266 0.9084 1.0478 0.9791 1.2110 1.0264 1.2234 1.2274
1.1111 0.9659 0.9642 1.1074 1.0062 0.9699 0.9605 1.1511 0.8974 0.9042 0.9361 0.9031 1.0025 0.9812 1.0737 1.0524
0.6863 0.7410 0.8937 0.8009 0.9584 0.9792 0.9153 1.0523 1.0043 0.9590 1.0951 0.9280 1.2314 1.1146 0.9719 1.3301
1.2174 1.1076 1.1402 1.1641 1.0589 1.0690 1.1102 0.9426 0.9983 0.8829 0.8582 0.8825 0.8615 0.7947 0.8398 0.7943
1.0283 0.8566 0.8311 0.9443 0.8968 0.9096 0.8382 1.0348 0.9451 1.1323 1.1988 1.0342 1.1072 1.2172 1.1508 1.5514
1.2134 1.0797 1.1069 1.0101 0.8728 0.9900 1.0251 1.0403 0.9500 0.8917 0.9291 0.8812 0.9697 0.8663 1.0020 1.0711
1.1738 1.1691 0.9210 0.9274 1.0375 1.0183 0.9879 1.0639 0.9924 0.9322 0.9718 0.9490 0.9535 0.8034 0.7805 0.9352
1.0339 0.9381 1.0483 0.8967 0.9990 1.0688 0.9665 0.9996 1.0000 0.9079 0.9272 1.1114 1.0000 1.0086 0.9928 1.1536
0.9529 0.9380 0.9287 1.0000 0.9850 0.9441 1.0439 1.1075 1.0065 1.0168 1.0373 0.9988 1.0342 1.0686 1.2343 1.2662
1.4454 1.3179 1.0028 1.2174 0.9670 0.9796 1.1032 0.9559 0.9126 1.0000 1.0000 0.9109 1.0000 0.8399 0.9076 0.9217
1.4914 1.0077 1.1641 0.9115 0.7892 1.0987 1.0202 0.9838 1.0826 1.0366 0.9000 1.0240 0.8994 0.8770 1.0030 1.1630
1.1496 1.0979 1.1381 1.1888 0.9848 1.0143 0.9396 0.9171 0.9891 1.0686 0.9205 0.8094 0.8041 0.7667 0.5261 0.5145
1.2799 0.9512 1.0000 0.9258 1.1191 1.1167 0.9213 1.0205 0.9784 1.0466 0.9291 1.0599 0.9109 1.0207 0.9719 1.0501
0.7593 0.7599 0.9987 0.9805 1.1198 1.0221 0.9794 0.9619 0.9305 1.1035 0.9678 0.9799 1.0236 0.9813 0.9798 1.1965
1.0782 0.9277 0.9324 1.0006 0.8743 0.9384 0.8703 0.9329 1.0000 1.1524 0.9486 0.9372 1.1488 1.2572 1.3312 1.7214
1.0373 1.0893 0.8972 1.0523 0.8835 0.9771 0.9446 0.9991 1.0998 0.8937 1.0097 1.0423 0.9362 1.0290 0.5458 1.0422
1.1536 0.9995 0.9172 0.9690 0.9675 0.9953 1.0678 1.0167 0.9973 0.8816 1.0475 0.9632 1.0643 0.9471 1.0197 1.1344
