1.4426 1.3886 1.3241 1.3691 1.0765 0.9831 1.1377 1.0024 1.0190 0.9941 0.7896 0.8166 0.8133 0.7654 0.6554 0.6603
1.0000 0.7399 0.8988 0.9143 0.8977 0.9145 1.0519 0.9755 1.0269 1.0977 1.0976 0.9857 1.0548 1.2164 1.1184 1.0000
1.3279 1.3908 1.5061 2.0008 1.1437 1.1183 1.0000 0.7796 1.1935 1.0332 0.9028 0.7792 0.9901 0.9568 0.7539 0.9526
0.9985 0.7862 0.8018 0.9910 0.8921 0.9158 0.9580 0.9233 1.0911 0.9909 1.0286 1.0603 1.0324 1.0029 1.0474 1.5838
1.2945 1.0784 1.1482 0.8995 0.9299 0.9658 1.2563 1.2508 0.9529 1.2011 1.2159 1.0437 0.9746 1.0325 1.0803 1.0657
0.7494 0.9455 0.7003 0.8967 0.8910 1.0079 1.1489 1.0485 0.9339 1.1475 1.0429 1.2866 1.1057 1.0373 1.1615 1.3424
1.7234 1.3957 1.3505 1.2288 1.2056 1.0211 1.0410 0.8950 0.8793 0.8052 0.8066 0.7381 0.7639 0.9051 1.0000 0.7546
0.9368 0.8932 0.9370 0.8958 0.8485 1.0018 1.0488 1.1168 1.1975 1.0117 0.9860 1.0590 0.9381 0.9582 1.0602 1.2290
0.9857 0.9832 1.1907 1.0829 1.0375 1.2515 0.9420 1.1368 1.1097 0.9739 1.0291 0.9287 0.9428 0.9159 0.9993 1.2304
0.9913 0.7851 1.0031 0.8547 0.9201 0.9433 0.8496 1.1865 0.8967 1.0724 0.9375 1.0666 1.1457 1.1277 1.2422 1.5684
0.7046 1.1225 1.2141 0.8583 1.1576 1.1737 1.0589 1.0470 1.1177 0.9403 0.8514 0.8666 0.9453 0.8683 0.7217 1.3764
0.8085 0.8045 0.8950 0.8805 0.7931 0.9103 1.0042 0.8789 0.9989 1.1103 1.1144 1.1528 1.1776 1.2624 1.2401 1.0408
1.2009 1.0876 1.1409 1.1168 1.1171 1.2484 1.1744 1.5482 0.7536 1.2410 1.0229 0.7436 0.8347 0.8750 0.7258 0.8243
1.1181 0.9576 1.0831 0.9109 0.7988 0.9308 0.8382 1.0509 1.0273 1.0356 1.1193 0.9911 1.0427 1.0132 1.1006 1.1143
1.4466 1.4858 1.1223 1.1822 1.3223 1.1314 1.1635 1.0854 0.9032 0.7858 0.8628 0.8099 0.6866 0.7314 0.6501 0.6485
0.6663 0.8889 0.8564 0.7684 0.8595 0.8451 0.9661 0.9125 1.0000 0.9419 1.1837 1.1531 1.0000 1.3487 1.3963 1.4410
1.1587 0.8953 1.2640 1.0000 1.0009 1.0418 1.0987 1.0623 0.9507 0.9373 0.9202 0.9607 0.8649 0.8961 1.0337 0.9465
0.8153 0.8289 0.7728 0.9238 0.8138 0.8240 1.0482 0.9290 0.9824 1.0000 1.0000 1.2174 1.0000 1.1922 1.1729 1.2837
1.5953 1.2786 1.7213 1.2007 0.9791 1.1996 1.1173 1.0697 1.0360 0.9453 0.8553 0.7656 0.7175 0.6874 0.8703 0.8491
0.8294 0.8096 1.1245 1.0582 0.9390 0.9023 1.0586 1.1038 1.3187 1.2387 1.3269 1.1434 1.0300 1.2088 0.8150 0.8469
1.5161 1.2875 1.0000 1.1708 1.2251 1.2255 1.0728 1.0216 1.0331 0.9423 0.8905 0.9933 0.9005 0.9474 0.8944 0.9629
0.7720 0.6811 0.8115 0.6919 0.8970 0.8813 1.0189 0.9685 1.0607 1.0064 1.0304 1.2712 1.2210 1.1449 1.1290 1.5598
1.0249 1.0784 1.0635 0.9239 1.0128 1.0437 1.1578 1.1602 1.0000 1.4810 1.0038 0.8504 0.8701 0.7085 0.6196 0.8097
0.7477 0.7769 0.8301 0.9192 0.8267 0.8677 0.8340 1.0285 1.1098 1.0520 1.1025 1.0793 1.2095 1.2382 0.6321 1.4604
1.5177 1.4257 1.2727 1.4120 1.0966 1.3205 1.3866 1.2517 0.9165 1.0157 0.9158 0.9806 0.8108 0.8485 0.9716 0.8859
