1.3778 1.3241 1.3096 1.3223 1.1186 1.0442 1.1234 0.9974 1.0122 0.9736 0.8103 0.7868 0.8701 0.7424 0.6599 0.6427
1.0000 0.7773 0.9357 0.9402 0.9497 0.9112 1.0743 0.9941 0.9987 1.1082 1.0676 0.9470 1.0071 1.2238 1.0645 1.0000
1.3688 1.3271 1.4323 2.0727 1.0729 1.2141 1.0000 0.8171 1.1042 1.0051 0.9064 0.7723 0.8750 0.9228 0.7132 0.8008
0.9668 0.7715 0.8494 1.0042 0.8396 0.9237 0.9646 0.9057 1.1276 1.0468 1.0310 1.0002 1.0923 0.9908 1.0092 1.5759
1.2604 1.1100 1.0549 1.0465 0.9804 1.0605 1.3703 1.1846 0.9348 1.1866 1.3012 1.0026 0.9699 0.9596 1.0379 0.9361
0.7925 0.8481 0.6964 0.8360 0.8177 0.9630 1.1180 0.9748 0.9085 1.1475 1.0266 1.3326 1.1940 1.1450 1.2243 1.4319
1.7574 1.4181 1.3418 1.2228 1.2010 1.0082 0.9802 0.8567 0.8679 0.8232 0.8065 0.7571 0.7886 0.9593 1.0000 0.8145
0.9499 0.9131 0.9184 0.8882 0.8373 1.0110 1.0375 1.1392 1.2036 1.0201 1.0350 1.0419 0.9236 0.8969 1.0673 1.1585
1.0694 1.0153 1.2831 1.1419 1.0315 1.2693 1.0130 1.1163 1.0956 0.9668 1.0551 0.9402 0.9984 0.8302 0.9763 1.0840
0.9420 0.8415 1.1196 0.8472 0.9573 1.0285 0.9943 1.1174 0.9513 1.0623 0.9511 1.0100 1.2350 1.1499 1.1619 1.6491
0.7177 1.1379 1.1684 0.9039 1.0839 1.1751 1.0182 1.1523 1.1025 0.9477 0.8467 0.8820 0.9840 0.8589 0.7879 1.2954
0.8278 0.8033 0.9001 0.9161 0.8276 0.9113 1.0295 0.9087 0.9734 1.1026 1.0914 1.1434 1.1251 1.2241 1.2508 0.9735
1.2379 1.2743 1.0830 1.1912 1.0675 1.2168 1.1366 1.4846 0.7539 1.1447 1.0548 0.7475 0.7833 0.7647 0.6429 0.7817
1.0518 0.8964 1.0438 0.8406 0.7625 0.8868 0.8283 1.0267 1.1008 1.0989 1.1132 1.0229 1.1024 1.0680 1.0810 1.0899
1.4776 1.3867 1.0744 1.1301 1.2631 1.1477 1.1259 1.1754 0.9445 0.8206 0.8777 0.7660 0.6854 0.6794 0.7120 0.6430
0.6975 0.9565 0.8829 0.8234 0.8510 0.8450 0.9747 0.9128 1.0000 0.9206 1.1243 1.1383 1.0000 1.3719 1.3859 1.4802
1.1484 0.9180 1.2106 1.0000 0.9555 1.0155 1.0903 0.9807 0.9684 0.9827 0.9306 0.9613 0.8879 0.9618 1.0441 0.9303
0.8526 0.8751 0.8044 0.9306 0.8252 0.8421 1.0160 0.9543 0.9837 1.0000 1.0000 1.2390 1.0000 1.1634 1.2153 1.2550
1.6528 1.3177 1.8720 1.3001 1.0302 1.2233 1.1180 1.0689 0.9718 0.9109 0.8380 0.7562 0.6771 0.6394 0.7657 0.7380
0.7902 0.7995 1.1455 1.0253 0.9437 0.9947 1.0417 1.1279 1.2908 1.3398 1.1527 1.0432 1.1422 1.1463 0.8215 0.6944
1.4615 1.1957 1.0000 1.0642 1.2433 1.1837 1.0949 1.0651 1.0376 0.8993 0.9119 1.0053 0.8510 0.9385 0.8289 0.8686
0.6946 0.6536 0.8296 0.6458 0.8153 0.9072 0.9949 0.9539 1.0600 0.9938 1.0676 1.3404 1.2789 1.1166 1.1547 1.5434
1.0769 1.0866 1.0924 0.9306 1.0202 1.0656 1.2157 1.1804 1.0000 1.4666 0.9702 0.8306 0.8512 0.7173 0.5753 0.7398
0.7260 0.8041 0.8183 0.8990 0.7739 0.8421 0.8197 1.0089 1.1322 1.0551 1.0865 1.1783 1.2833 1.2572 21.7759 1.4885
1.5545 1.5812 1.1729 1.2882 1.0555 1.3050 1.3177 1.1852 0.9891 0.8797 0.9076 0.9745 0.8339 0.8344 0.7012 0.9046
