1.2597 1.1636 1.0834 1.1656 1.0247 0.9916 1.0705 0.9055 1.1467 1.1406 0.8858 0.8406 0.9433 0.7789 0.7753 0.8252
1.0000 1.0674 1.1123 1.2917 1.1301 1.0007 1.0091 0.9709 0.8998 0.9678 0.9290 0.8940 0.9141 0.9709 0.8462 1.0000
1.1829 0.9922 0.9617 1.4386 0.9523 1.0385 1.0000 0.9583 0.9979 1.0835 1.0346 0.9225 0.9953 0.9717 0.9728 0.9672
1.2010 1.1011 1.1092 1.1305 1.0117 1.0658 1.1187 0.9256 0.9861 0.9283 0.9226 0.9695 0.8751 0.9096 0.8362 0.9790
1.3456 1.0560 0.9762 1.0209 0.9218 0.9318 0.9798 0.9727 0.8141 0.9230 1.0506 1.1090 0.9305 1.0965 1.1182 1.2978
1.0717 1.0712 0.9488 1.0112 0.9332 1.0825 1.1186 0.9925 0.8532 1.1231 0.9279 0.9721 0.9275 0.9267 0.9684 1.0725
1.2332 1.1098 1.0934 1.0595 0.9903 0.9202 0.9894 0.8980 0.8946 1.0560 0.9893 0.8303 0.9717 1.0116 1.0000 1.0301
1.2055 1.2191 1.0018 1.0790 1.0810 1.1036 1.0797 1.0222 1.1106 0.9324 0.9478 0.8997 0.8424 0.7786 0.8320 0.8796
0.7013 0.7552 0.9489 0.7922 0.9062 0.9264 0.8595 1.0697 1.0781 0.9360 1.0835 1.0360 1.2274 0.8916 1.2658 1.0565
1.0049 0.9237 0.8562 1.0901 1.0106 1.0077 0.9606 0.9911 0.8809 0.9609 0.9363 0.9234 1.0800 1.0549 1.1472 1.3109
0.6462 0.7655 0.8963 0.8678 0.9256 0.9916 0.9470 1.0842 1.0433 0.9916 0.9919 0.9608 1.1234 1.1070 1.0013 1.0954
1.2122 1.0503 1.1235 1.1635 1.0538 1.1235 1.1243 1.0086 1.0179 0.8791 0.8711 0.9136 0.8928 0.8551 0.9121 0.7912
0.9831 1.0022 0.9616 1.0534 0.9948 0.8773 0.8111 1.1445 0.9166 0.9654 1.0756 0.8780 1.0075 1.1507 1.0528 1.3430
1.0472 0.9618 1.0008 0.8048 0.8616 0.9680 0.9300 1.0707 0.9790 0.9953 1.0574 0.9465 1.0949 0.9850 1.1160 1.1252
1.2759 1.1431 1.0026 0.9910 1.0728 1.0893 1.0759 1.0721 1.0058 0.8184 0.9694 0.9335 0.9154 0.7066 0.6791 0.7457
0.9238 0.9604 1.0596 0.9254 0.9040 1.0275 1.0035 1.0241 1.0000 0.9190 0.9836 0.9315 1.0000 1.0912 1.1353 1.2860
0.9875 0.9515 0.9784 1.0000 0.9572 0.9804 1.0553 0.9277 1.0062 1.0694 1.0629 1.0055 1.0191 0.9825 1.1386 1.2565
1.3351 1.2948 0.9657 1.2818 0.9601 1.0044 1.1137 0.9469 0.8762 1.0000 1.0000 0.9611 1.0000 0.8581 0.9712 0.9512
1.3802 1.0180 1.3121 0.9921 0.8498 1.1392 1.0217 1.0099 1.0669 0.9969 0.8842 0.9804 0.8814 0.8655 0.8970 1.0609
1.1186 1.1034 1.1574 1.1922 1.0108 1.0502 0.9616 0.9434 1.0059 1.0943 0.9204 0.8374 0.8006 0.7623 0.5474 0.5143
1.4090 1.0134 1.0000 0.9923 1.1435 1.0857 0.9629 0.9751 0.9888 0.8633 0.9348 1.1053 0.9422 1.0811 1.0091 0.9285
0.5447 0.6732 0.9464 0.9581 0.9358 1.0156 1.0213 1.0136 0.9794 1.0470 0.9981 1.0761 1.1191 0.9292 0.9579 1.2642
1.0820 0.8891 0.9282 0.8903 0.8772 0.9394 0.9514 0.9866 1.0000 1.1621 0.9643 0.9362 1.1044 1.2134 1.1663 1.1435
1.0088 0.9716 0.8175 0.9803 0.8622 0.9844 0.8956 0.9009 1.1317 0.9986 1.0673 1.0894 1.0304 1.0429 0.5458 1.1576
1.3886 1.1446 1.0631 1.1673 1.1301 1.0961 1.1697 1.0232 1.0087 0.8374 0.9886 0.8462 0.9346 0.8109 0.7887 0.8769
