0.8185 0.8476 0.8980 0.9281 1.0490 1.1118 1.0793 1.2025 1.0692 1.1667 0.9763 1.0457 1.0691 1.0775 0.8514 0.8155
0.8513 0.8963 1.0133 1.0646 1.1308 1.2254 1.1971 0.9475 0.9553 0.9223 1.0896 0.9817 0.9751 0.8406 1.0140 0.7538
0.7053 0.7676 0.9965 0.9634 0.9808 1.1460 1.0460 1.1068 1.0398 1.2776 1.0099 0.8621 0.9614 0.9114 0.9429 0.5813
0.6691 0.7918 0.9035 0.9926 1.0126 1.1199 1.1684 1.0890 0.9117 1.0923 1.1730 0.9267 1.0022 0.8548 0.9142 0.5698
0.7238 0.8316 0.8702 0.9170 1.0000 1.0756 1.1473 1.0593 1.1569 1.2381 1.0521 1.0164 1.0044 1.0452 0.9656 0.8231
0.8800 0.8826 0.8769 0.9861 1.1663 1.0682 1.1667 0.9627 1.2097 1.1305 1.0673 1.0252 1.0056 0.9168 0.8477 0.8077
0.7198 0.8755 0.9345 0.9338 1.0636 0.9607 1.2061 1.2334 1.0686 0.9859 1.0870 1.0141 0.9729 0.9891 0.8556 0.8209
0.9147 0.8426 0.8910 0.9561 1.0000 1.1220 1.2344 1.0863 1.1086 1.0835 1.0507 1.1405 1.0703 0.8775 0.8369 0.7653
0.8531 0.9147 0.8815 0.8965 1.0492 1.0382 1.1261 1.0225 1.0783 1.1168 1.0447 1.0856 1.0020 1.0562 0.8999 0.7350
0.7141 0.7898 0.8892 1.0057 0.9844 1.0473 1.1024 1.1310 0.9787 1.0424 1.1832 0.8458 0.8569 0.9908 1.0244 1.0198
0.7964 0.7126 0.8091 0.8325 1.0025 1.1312 1.2015 1.0356 1.0354 1.1527 1.0122 1.0375 1.1026 1.0335 0.8664 0.8679
0.7898 0.9013 0.8907 1.0338 1.1787 1.1910 1.1832 0.9107 0.9282 1.2007 0.9877 0.9110 0.9006 1.0000 1.0000 0.6193
0.9507 0.9067 0.9220 1.0261 1.1251 1.0588 1.0931 0.9272 1.0763 0.9746 1.0243 1.0273 1.0124 0.8594 0.7993 0.9654
0.9294 0.9175 0.9395 1.0048 0.9852 1.0788 1.1486 1.0986 1.0573 1.0023 1.1202 0.9204 0.9753 1.0000 0.8194 0.7295
0.6746 0.7714 0.8492 0.8949 1.0019 1.1715 1.0910 1.0819 1.0245 1.0424 1.1128 1.1415 1.0511 0.8428 0.9322 0.8364
0.6980 0.8642 0.9608 1.0138 1.0121 1.0636 1.0998 0.9624 1.1064 0.9278 0.9916 1.0695 1.0537 0.9617 0.9041 0.7646
0.8997 0.7047 0.8492 0.8395 1.0339 1.1870 0.9744 1.1925 1.1222 1.1713 1.0494 1.0556 1.1654 0.9529 0.8509 0.9355
0.7264 0.8752 0.8639 0.8400 1.0616 0.9768 1.2464 1.0897 1.0283 1.1466 1.1279 1.0099 0.9181 0.8843 0.9365 0.9611
0.7035 1.0000 0.9524 0.9057 0.9769 1.1294 1.1371 0.9586 1.0772 1.1704 1.1006 0.9015 1.0149 0.8929 0.8989 0.8900
0.8334 0.8565 0.9611 0.8478 1.0573 1.1838 0.9910 1.0699 1.0278 1.1510 1.0166 1.1560 1.0000 0.9749 0.9847 0.8737
0.9241 0.9280 0.9172 0.9354 0.8873 1.1375 1.0581 1.0807 1.0822 0.9510 1.0784 1.1666 1.0128 1.0264 0.9791 0.7128
0.6403 0.8555 0.9666 1.0128 1.0000 1.1275 1.0795 1.0884 0.9657 1.0109 0.9808 1.0395 0.8833 0.8416 1.0000 0.6168
0.8581 0.8499 0.9910 0.9566 1.0798 1.1173 1.1825 0.9348 1.0441 1.0902 1.1256 1.0556 1.0885 0.9766 0.8706 0.7838
0.8009 0.8258 0.8789 0.9726 1.2631 1.0000 1.0858 1.1536 1.1309 1.0643 1.2357 0.8539 0.9563 0.9598 0.9545 0.8486
0.8373 0.9099 0.8667 0.9578 1.1231 1.0913 1.1662 1.1659 1.1070 1.1553 1.0856 0.9202 0.9940 0.8842 0.7440 0.7629
