0.7395 0.7983 0.8621 0.8887 1.0378 1.0764 1.0547 1.1765 1.1374 1.1687 1.0202 0.9907 1.0399 1.0164 0.8731 0.8704
0.8584 0.8658 0.9667 1.0352 1.0958 1.2353 1.2078 0.9665 1.0063 0.9326 1.0955 1.0016 0.9243 0.8433 0.9970 0.7698
0.6673 0.7169 0.9270 0.9247 0.9512 1.0864 1.1282 1.0795 1.0725 1.2079 1.0045 0.9681 0.9033 0.9255 0.9046 0.7319
0.6718 0.7465 0.8673 0.9671 0.9772 1.0868 1.1020 1.0158 0.9688 1.1456 1.1303 0.9704 1.0468 0.8952 0.9452 0.7568
0.7549 0.8044 0.8360 0.9215 1.0000 1.0378 1.1070 1.0555 1.1662 1.2127 1.0204 1.0260 0.9681 1.0320 0.9282 0.8284
0.8461 0.8673 0.8712 0.9513 1.1495 1.1041 1.1802 1.0932 1.1619 1.0925 1.0386 1.0162 0.9709 0.9348 0.8607 0.8582
0.7611 0.8313 0.8670 0.9363 1.0407 1.0284 1.1548 1.1583 1.0894 1.0648 1.0902 1.0380 0.9816 0.9092 0.8345 0.9758
0.8909 0.8064 0.8691 0.9543 1.0000 1.0943 1.2029 1.1091 1.0746 1.0502 1.1280 1.0909 1.0286 0.9215 0.8495 0.9251
0.8219 0.8741 0.8619 0.8844 1.0255 1.0314 1.1317 1.0418 1.0733 1.1020 1.0290 1.0855 0.9881 1.0344 0.9179 0.8454
0.6833 0.7453 0.8541 0.9873 1.0027 1.0264 1.0379 1.1045 0.9706 1.0067 1.1484 0.9572 0.9310 0.9769 1.0180 1.0268
0.7160 0.6488 0.7466 0.8061 0.9434 1.0472 1.1586 1.0280 1.0110 1.0501 1.0165 0.9592 1.0217 0.9890 0.8575 0.9759
0.7385 0.8452 0.9305 0.9915 1.1794 1.1416 1.1287 0.8629 1.0319 1.2283 1.0789 0.9691 0.9472 1.0000 1.0000 0.6984
0.9479 0.9069 0.9054 1.0161 1.1449 1.1024 1.1532 1.0173 1.1117 1.0270 1.0716 1.0239 0.9971 0.8374 0.8381 0.9743
0.9123 0.9115 0.9618 1.0043 0.9926 1.0913 1.1657 1.1363 1.0795 1.0541 1.1404 0.9313 0.9592 1.0000 0.8432 0.8098
0.6772 0.7404 0.8706 0.9169 1.0045 1.2059 1.0845 1.0548 1.0381 1.0449 1.0944 1.1128 0.9929 0.8454 0.9040 0.8285
0.7012 0.8200 0.9388 0.9982 0.9875 1.0349 1.0813 1.0394 1.0710 1.0145 1.0036 1.0745 0.9873 0.9742 0.9251 0.8713
0.8935 0.7644 0.8734 0.8832 1.0365 1.1704 0.9746 1.1723 1.1267 1.1684 1.0451 1.0297 1.1076 0.9320 0.8996 0.9234
0.7056 0.7946 0.8006 0.8244 1.0171 0.9989 1.1150 0.9951 0.9920 1.1017 1.0723 1.0573 1.0338 1.0207 0.9021 0.9183
0.6949 1.0000 0.9083 0.9303 0.9830 1.1386 1.1280 1.0520 1.0660 1.1512 1.0743 0.8992 0.9895 0.8991 0.8826 0.8993
0.8251 0.8130 0.9451 0.8441 1.0538 1.1591 1.0142 1.0680 1.0480 1.1586 1.0264 1.1197 1.0000 0.9633 0.9732 0.9432
0.8754 0.8997 0.8806 0.9537 0.9462 1.1062 1.0654 1.0292 1.0288 0.9507 1.0532 1.1140 1.0016 1.0009 1.0326 0.9676
0.6255 0.7712 0.9120 0.9957 1.0000 1.0685 1.0591 1.0583 1.0240 1.0944 1.0062 1.0472 0.9857 0.9142 1.0000 0.8324
0.8343 0.7776 0.9739 0.9473 1.0566 1.1516 1.1545 0.9402 1.0675 1.1294 1.1640 1.0281 1.0449 0.9416 0.8897 0.8509
0.7808 0.7882 0.8793 0.9490 1.2232 1.0000 1.0761 1.1735 1.0967 1.0543 1.2115 0.9432 0.9395 0.9397 0.9759 0.9771
0.8383 0.9346 0.8876 0.9682 1.1011 1.1139 1.1932 1.1796 1.1770 1.1616 1.0748 0.9662 0.9675 0.8955 0.7814 0.7649
