1.3520 1.2059 1.0703 1.1101 0.9902 0.9380 1.0723 0.8905 1.1167 1.1479 0.8616 0.8280 0.9368 0.8045 0.7964 0.8850
1.0000 1.0517 1.2465 1.2494 1.1143 0.9993 1.0914 0.9804 0.8787 0.9364 0.9058 0.8930 0.9007 0.9356 0.8242 1.0000
1.0696 0.9267 0.8870 1.2613 0.8699 0.9874 1.0000 0.9449 0.9691 1.0479 0.9800 0.9437 1.0554 1.0976 1.0596 1.1993
1.2867 1.1446 1.1661 1.1520 1.0132 1.0535 1.0854 0.8938 0.9907 0.8994 0.9013 0.9703 0.8310 0.9313 0.7947 0.9719
1.3207 0.9978 0.9365 1.0330 0.9425 0.9741 0.9891 0.9118 0.9334 1.0135 0.9857 1.0962 0.8931 1.1213 1.0450 1.2996
1.1799 1.0875 0.9767 1.1278 0.9679 1.0653 1.0624 0.9615 0.9108 1.0401 0.9561 0.8931 0.8874 0.8690 1.0120 1.0118
1.1809 1.0912 1.0595 0.9974 0.9633 0.9608 1.0338 0.9904 0.8654 1.0406 0.9647 0.8239 0.9558 1.0832 1.0000 1.0259
1.3030 1.1936 1.0996 1.0773 1.0925 1.1097 1.0666 1.0001 1.0950 0.9189 0.9258 0.8477 0.8250 0.8027 0.7828 0.8278
0.6664 0.7369 0.9057 0.7680 0.9551 0.9672 0.8533 1.0299 1.0137 0.8940 1.0698 1.0115 1.2279 0.9876 1.2329 1.1540
1.1327 0.9609 0.9469 1.0929 1.0086 0.9503 0.9641 1.0908 0.8598 0.9052 0.9387 0.9088 1.0305 1.0122 1.1219 1.1621
0.6609 0.7414 0.8840 0.8287 0.9433 0.9740 0.9396 1.0198 0.9695 0.9803 1.0620 0.9116 1.2087 1.1298 0.9835 1.2232
1.2438 1.1108 1.1587 1.2054 1.0700 1.1068 1.1286 0.9653 1.0141 0.8903 0.8432 0.8999 0.8677 0.8217 0.8465 0.8101
0.9856 0.8596 0.8313 0.9293 0.8760 0.8910 0.7976 1.1083 0.9492 1.0743 1.1692 1.0243 1.0993 1.1891 1.1341 1.4719
1.1321 1.0407 1.1192 0.9540 0.8545 0.9926 1.0049 1.0293 0.9688 0.9279 0.9614 0.9067 1.0281 0.9012 1.0471 1.0984
1.2447 1.1760 0.9409 0.9316 1.0381 1.0490 1.0007 1.0635 1.0042 0.8970 0.9515 0.9639 0.9584 0.7798 0.7459 0.8996
1.0039 0.9571 1.0450 0.8874 0.9790 1.0526 0.9637 0.9906 1.0000 0.9360 0.9706 1.0468 1.0000 1.0190 1.0413 1.2002
0.9322 0.9538 0.9345 1.0000 0.9643 0.9334 1.0542 1.0560 0.9829 1.0088 1.0514 1.0046 1.0439 1.0955 1.2920 1.3245
1.4547 1.3390 1.0173 1.2570 0.9660 0.9766 1.1135 0.9622 0.8975 1.0000 1.0000 0.9222 1.0000 0.8573 0.9282 0.9329
1.4849 1.0105 1.1961 0.9429 0.8158 1.1088 1.0219 0.9791 1.0928 0.9991 0.8853 1.0149 0.9042 0.8767 0.9622 1.1324
1.1542 1.1333 1.1396 1.2195 0.9967 1.0237 0.9646 0.9264 1.0074 1.0667 0.9082 0.8061 0.8037 0.7486 0.5355 0.5148
1.2731 0.9572 1.0000 0.9416 1.1185 1.0374 0.9324 1.0078 0.9565 0.9962 0.9411 1.0745 0.8986 1.0805 1.0137 1.0623
0.6579 0.7119 0.9829 0.9793 1.0734 0.9812 0.9797 0.9714 0.9339 1.1048 0.9603 1.0070 1.0478 0.9842 0.9917 1.2483
1.0272 0.8695 0.9140 0.9483 0.8549 0.9318 0.8853 0.9413 1.0000 1.1288 0.9298 0.9310 1.1257 1.2722 1.3161 1.5106
1.0231 1.0312 0.8463 1.0213 0.8730 0.9711 0.9310 0.9916 1.1362 0.9214 1.0032 1.0551 0.9800 1.0518 0.5458 1.0866
1.2927 1.0993 1.0060 1.0660 1.0723 1.0449 1.1094 1.0057 1.0033 0.8609 0.9999 0.9106 0.9963 0.8996 0.8989 0.9838
