1.3699 1.2090 1.0313 1.0983 0.9747 0.9447 1.0647 0.8895 1.0981 1.1309 0.8381 0.8348 0.9329 0.8417 0.8048 0.9226
1.0000 1.1087 1.3266 1.2759 1.1427 1.0009 1.0973 0.9622 0.8775 0.9005 0.8459 0.8527 0.8729 0.9068 0.8392 1.0000
1.0410 0.9030 1.0981 1.1562 0.8277 0.9432 1.0000 0.9586 0.9468 1.0390 0.9339 0.9354 1.0312 1.1626 1.0515 1.2316
1.3685 1.2150 1.1864 1.1477 1.0057 1.0672 1.0789 0.9129 0.9503 0.8662 0.8897 0.9461 0.8125 0.9330 0.7852 0.9807
1.2384 0.9911 0.9152 1.0329 0.9514 1.0134 0.9771 0.8995 1.0384 1.1158 0.9247 1.1008 0.8588 1.0492 1.0271 1.2442
1.2939 1.1070 1.0360 1.1585 0.9878 1.0726 1.0622 0.9681 0.9371 0.9768 1.0000 0.8383 0.8604 0.8030 0.9772 0.9080
1.2167 1.1167 1.0623 0.9861 0.9283 0.9538 1.0187 0.9775 0.8899 1.0461 0.9766 0.8360 0.9841 1.0596 1.0000 1.0482
1.4058 1.2439 1.1856 1.0883 1.1569 1.1212 1.0507 1.0069 1.0610 0.8857 0.8774 0.8154 0.7933 0.7811 0.7525 0.7923
0.6586 0.7061 0.8803 0.7369 0.9244 0.9435 0.8213 1.0186 1.0096 0.8797 1.0286 0.9534 1.2004 1.0092 1.1822 1.2985
1.1843 1.0150 1.0264 1.0936 1.0003 0.9614 0.9399 1.1989 0.8768 0.8620 0.9318 0.8754 0.9913 1.0005 1.0660 1.0163
0.7179 0.7388 0.8840 0.8163 0.9659 0.9871 0.9035 1.0159 0.9670 0.9458 1.1121 0.9277 1.2499 1.1057 0.9506 1.3221
1.3064 1.1687 1.1942 1.2340 1.0711 1.1028 1.1360 0.9812 0.9898 0.8788 0.8315 0.8802 0.8557 0.7883 0.8157 0.7908
1.0060 0.8076 0.7940 0.8810 0.8463 0.9216 0.8379 1.0845 0.9821 1.1157 1.1842 1.0008 1.1014 1.2138 1.1673 1.4997
1.2918 1.0928 1.1623 1.0541 0.8602 1.0119 1.0445 1.0153 0.9320 0.8544 0.9174 0.8521 0.9776 0.8671 1.0152 1.0769
1.1419 1.1677 0.9292 0.9000 1.0491 1.0488 1.0002 1.0676 1.0047 0.9589 0.9696 0.9890 0.9780 0.8164 0.7753 0.9785
1.0604 0.9243 1.0289 0.9072 1.0298 1.0598 0.9676 0.9854 1.0000 0.8872 0.9212 1.1023 1.0000 0.9698 0.9675 1.1195
0.9076 0.9279 0.9199 1.0000 0.9943 0.9527 1.0316 1.1083 0.9927 1.0125 1.0309 1.0036 1.0538 1.0795 1.2483 1.2660
1.5276 1.3776 1.0684 1.2891 0.9913 1.0002 1.1214 0.9875 0.9165 1.0000 1.0000 0.9014 1.0000 0.8434 0.9179 0.8892
1.5267 1.0163 1.1834 0.9329 0.8096 1.1045 1.0230 0.9852 1.0948 1.0374 0.9121 1.0142 0.8967 0.8918 0.9762 1.1461
1.1686 1.1183 1.1602 1.2184 0.9803 1.0342 0.9489 0.9140 1.0001 1.0287 0.9064 0.8034 0.8303 0.7920 0.5287 0.5241
1.2291 0.9740 1.0000 0.9407 1.1275 1.0406 0.9068 0.9934 0.9718 1.0219 0.8987 1.0270 0.8985 1.0904 1.0040 1.1481
0.7527 0.7479 1.0085 1.0089 1.1347 1.0102 0.9749 0.9579 0.9207 1.0829 0.9630 0.9848 1.0037 0.9675 0.9852 1.1602
1.0436 0.8701 0.9244 0.9814 0.8354 0.9205 0.8623 0.9235 1.0000 1.1383 0.9555 0.9801 1.2060 1.3208 1.4219 1.8159
1.0346 1.0915 0.9004 1.0665 0.8941 0.9884 0.9675 1.0243 1.1074 0.9031 0.9894 1.0330 0.9299 1.0442 0.5458 1.0338
1.0323 0.9033 0.8440 0.8735 0.9182 0.9333 1.0549 0.9784 0.9651 0.8855 1.0244 1.0203 1.1235 1.0141 1.0997 1.2717
