1.3088 1.1742 1.0666 1.1021 1.0071 0.9526 1.0680 0.9094 1.1398 1.1383 0.8595 0.8270 0.9395 0.8239 0.7781 0.9058
1.0000 1.0781 1.2685 1.2798 1.1578 1.0431 1.0747 0.9573 0.8743 0.9336 0.8870 0.8608 0.8769 0.9036 0.8283 1.0000
1.0716 0.9292 0.9490 1.1828 0.8815 0.9788 1.0000 0.9663 0.9904 1.0354 0.9573 0.9253 1.0365 1.1025 1.0708 1.1848
1.2701 1.2023 1.1517 1.1667 1.0426 1.0642 1.1006 0.8869 0.9762 0.8888 0.8979 0.9345 0.8284 0.9229 0.7951 0.9508
1.3301 0.9976 0.9394 1.0430 0.9610 0.9863 0.9917 0.8627 0.9324 1.0383 0.9754 1.0786 0.8949 1.0990 1.0575 1.3271
1.1650 1.0932 0.9772 1.1092 0.9723 1.0844 1.0803 0.9809 0.9121 1.0528 0.9643 0.9002 0.8823 0.8531 1.0081 0.9690
1.1793 1.0894 1.0453 0.9851 0.9485 0.9572 1.0114 0.9744 0.8900 1.0631 0.9843 0.8340 0.9716 1.0878 1.0000 1.0285
1.3308 1.2306 1.1172 1.0672 1.1185 1.1175 1.0379 0.9991 1.0936 0.9019 0.9173 0.8391 0.8238 0.7877 0.7789 0.8326
0.6654 0.7292 0.8929 0.7654 0.9439 0.9527 0.8344 1.0541 1.0393 0.9151 1.0599 1.0058 1.2144 0.9965 1.2383 1.1676
1.1337 0.9912 0.9664 1.0824 1.0080 0.9710 0.9571 1.1299 0.8674 0.8989 0.9358 0.8759 1.0328 1.0017 1.1003 1.0868
0.6657 0.7146 0.8917 0.8134 0.9563 0.9776 0.9223 1.0049 0.9854 0.9821 1.0790 0.9341 1.2395 1.0998 0.9647 1.2339
1.2912 1.1323 1.1497 1.1740 1.0607 1.1122 1.0980 0.9647 0.9966 0.8971 0.8533 0.8941 0.8752 0.8105 0.8712 0.8202
0.9835 0.8668 0.8201 0.9401 0.8802 0.8998 0.7905 1.0737 0.9789 1.0532 1.1608 0.9949 1.0932 1.1888 1.1351 1.5117
1.1322 1.0652 1.0814 0.9898 0.8624 0.9877 0.9989 1.0482 0.9799 0.9190 0.9623 0.9070 1.0027 0.9097 1.0379 1.0709
1.2179 1.1500 0.9490 0.9271 1.0428 1.0525 0.9931 1.0731 1.0117 0.9101 0.9662 0.9678 0.9598 0.7722 0.7463 0.9026
1.0272 0.9582 1.0473 0.9124 0.9982 1.0606 0.9735 1.0016 1.0000 0.9042 0.9302 1.0667 1.0000 1.0017 1.0218 1.1688
0.9557 0.9367 0.8867 1.0000 0.9769 0.9058 1.0390 1.0440 0.9754 1.0383 1.0619 1.0255 1.0552 1.0954 1.2899 1.2992
1.4422 1.3644 1.0359 1.2676 0.9614 0.9956 1.0927 0.9644 0.9028 1.0000 1.0000 0.9179 1.0000 0.8405 0.9260 0.9200
1.4764 1.0180 1.2255 0.9165 0.8005 1.1219 1.0213 0.9850 1.0896 1.0369 0.9209 0.9962 0.8843 0.8602 0.9515 1.1203
1.1806 1.1240 1.1591 1.2171 0.9866 1.0345 0.9448 0.9251 0.9962 1.0153 0.9092 0.8090 0.7838 0.7633 0.5259 0.5037
1.2692 0.9681 1.0000 0.9598 1.1560 1.0743 0.9157 1.0067 0.9926 0.9950 0.9317 1.0685 0.8865 1.0578 1.0029 1.0221
0.6355 0.7144 0.9569 0.9951 1.0968 1.0245 0.9940 0.9657 0.9505 1.0820 0.9702 0.9962 1.0335 0.9625 0.9889 1.2349
1.0514 0.8467 0.9059 0.9759 0.8594 0.9207 0.8713 0.9079 1.0000 1.0871 0.9502 0.9441 1.1521 1.2800 1.3095 1.5673
1.0304 1.0640 0.8811 1.0352 0.8823 1.0064 0.9340 0.9892 1.1243 0.9212 0.9954 1.0191 0.9619 1.0310 0.5458 1.0777
1.2675 1.1161 0.9655 1.0371 1.0512 1.0329 1.1063 0.9990 1.0237 0.8741 1.0261 0.9335 1.0195 0.9174 0.9201 0.9927
