1.2677 1.1757 1.0841 1.1210 1.0364 0.9984 1.0677 0.8982 1.1306 1.1460 0.8731 0.8489 0.9436 0.7864 0.7854 0.8404
1.0000 1.0557 1.1187 1.2356 1.1355 0.9924 1.0667 0.9726 0.8778 0.9955 0.9135 0.9067 0.9144 0.9854 0.8419 1.0000
1.1193 1.0102 0.9414 1.3795 0.9479 1.0159 1.0000 0.9599 0.9907 1.0564 1.0231 0.9477 1.0138 0.9898 0.9982 0.9743
1.2595 1.1014 1.0948 1.1719 0.9928 1.0606 1.1238 0.9542 0.9998 0.9304 0.9335 0.9338 0.8619 0.9104 0.8361 0.9341
1.3841 1.0766 0.9905 1.0473 0.9505 0.9444 0.9898 0.9641 0.8423 0.9340 1.0502 1.0756 0.9095 1.0629 1.0920 1.2993
1.0808 1.0944 0.9442 1.0510 0.9697 1.0542 1.0895 0.9986 0.8315 1.1004 0.8950 0.9619 0.9445 0.9334 0.9764 1.0676
1.2478 1.1388 1.0893 1.0308 0.9694 0.9359 0.9960 0.8908 0.9131 1.0393 0.9509 0.8419 0.9866 1.0309 1.0000 1.0235
1.2347 1.2536 1.0448 1.0998 1.0754 1.1029 1.0571 1.0205 1.1082 0.9019 0.8982 0.8452 0.8281 0.7725 0.8217 0.9115
0.6960 0.7292 0.9594 0.7848 0.9156 0.9495 0.8600 1.0548 1.0724 0.9471 1.1160 1.0042 1.2030 0.8849 1.2527 1.1123
0.9922 0.9040 0.8607 1.0842 0.9824 0.9907 0.9519 1.0123 0.8989 0.9468 0.9437 0.9637 1.0927 1.0463 1.1389 1.2485
0.6350 0.7582 0.8537 0.8357 0.9077 0.9818 0.9494 1.1208 1.0332 0.9908 0.9587 0.9678 1.1596 1.1627 0.9861 1.1308
1.2211 1.1083 1.1201 1.1823 1.0643 1.0860 1.1531 0.9779 1.0006 0.8917 0.8648 0.8946 0.8839 0.8510 0.9093 0.7931
0.9688 0.9727 0.9624 1.0587 0.9759 0.8550 0.7835 1.1162 0.9252 0.9733 1.1151 0.8980 1.0350 1.1643 1.0978 1.3879
1.0682 0.9794 1.0359 0.8277 0.8826 0.9710 0.9431 1.0861 0.9670 0.9599 1.0212 0.9599 1.0663 0.9713 1.1285 1.1246
1.3212 1.1758 1.0194 0.9770 1.0735 1.0902 1.0476 1.0551 0.9867 0.8183 0.9708 0.9360 0.8984 0.7392 0.7163 0.7930
0.9221 0.9795 1.0568 0.8968 0.9051 1.0702 1.0099 0.9756 1.0000 0.9313 1.0180 0.9318 1.0000 1.0959 1.1269 1.2815
0.9758 0.9328 0.9753 1.0000 0.9701 0.9492 1.0161 0.9388 1.0136 1.0678 1.0587 1.0227 1.0402 1.0404 1.1293 1.3001
1.3874 1.3559 0.9626 1.2614 0.9615 1.0115 1.1578 0.9466 0.8901 1.0000 1.0000 0.9479 1.0000 0.8243 0.9155 0.9762
1.3982 1.0201 1.3122 0.9823 0.8513 1.1443 1.0268 0.9874 1.0728 0.9744 0.8808 0.9888 0.8871 0.8605 0.8914 1.0714
1.1778 1.0849 1.1515 1.1892 0.9941 1.0267 0.9158 0.9519 1.0373 1.1150 0.9149 0.8312 0.8241 0.7697 0.5569 0.5219
1.3908 1.0010 1.0000 0.9531 1.1429 1.0607 0.9311 0.9869 1.0001 0.8610 0.9578 1.1216 0.9403 1.0830 1.0002 0.9635
0.5356 0.6876 0.9789 0.9689 0.9505 1.0152 1.0178 0.9658 0.9768 1.0424 0.9941 1.0851 1.1256 0.9374 0.9637 1.2807
1.0820 0.8765 0.9015 0.8878 0.8629 0.9467 0.9009 0.9706 1.0000 1.2153 0.9603 0.9579 1.0985 1.2523 1.2042 1.1775
0.9796 0.9816 0.8021 0.9869 0.8693 0.9949 0.9323 0.9373 1.1234 0.9645 1.0553 1.1211 1.0138 1.0426 0.5458 1.1164
1.4243 1.1078 1.0831 1.1430 1.1094 1.1213 1.1858 1.0239 1.0255 0.8599 1.0051 0.8658 0.9448 0.8391 0.7622 0.8326
