0.7443 0.7981 0.8684 0.8680 1.0145 1.0988 1.0415 1.1773 1.1736 1.1652 1.0369 1.0271 1.0430 1.0250 0.8522 0.8440
0.8421 0.8514 0.9463 1.0272 1.0813 1.2145 1.2179 0.9915 1.0458 0.9834 1.1106 1.0021 0.9261 0.8614 0.9570 0.7357
0.6547 0.6891 0.8884 0.9061 0.9501 1.0568 1.1477 1.0966 1.0975 1.2403 1.0273 0.9920 0.8999 0.9008 0.8729 0.7067
0.6760 0.7492 0.8560 0.9517 0.9726 1.0908 1.1196 1.0587 0.9954 1.1896 1.1507 0.9610 1.0253 0.8613 0.9023 0.7247
0.7220 0.7751 0.8210 0.8868 1.0000 1.0235 1.1146 1.0715 1.1328 1.2213 1.0833 1.0533 0.9489 1.0088 0.8903 0.7750
0.8291 0.8439 0.8807 0.9620 1.1196 1.0611 1.1827 1.1484 1.1829 1.1244 1.0760 1.0173 0.9478 0.9325 0.8470 0.8426
0.7676 0.7926 0.8524 0.9333 1.0093 1.0550 1.1862 1.1851 1.1184 1.1027 1.1113 1.0524 0.9650 0.9120 0.8037 0.9189
0.8671 0.8071 0.8583 0.9446 1.0000 1.1311 1.2238 1.1599 1.0537 1.0587 1.1649 1.1064 1.0137 0.9125 0.8205 0.8835
0.8133 0.8574 0.8431 0.8958 1.0073 1.0256 1.1387 1.0403 1.1114 1.1262 1.0622 1.1291 0.9651 1.0094 0.8775 0.8186
0.6792 0.7496 0.8441 0.9788 0.9797 1.0293 1.0706 1.1056 1.0322 1.0855 1.1972 1.0107 0.9184 0.9921 0.9391 0.9329
0.7306 0.6564 0.7372 0.7762 0.9454 1.0277 1.1430 1.0417 1.0553 1.0694 1.0423 0.9712 0.9941 0.9699 0.8412 0.9645
0.7479 0.8165 0.9229 0.9781 1.1532 1.1166 1.1213 0.9003 1.0599 1.2105 1.0886 0.9553 0.9249 1.0000 1.0000 0.6771
0.9413 0.8819 0.9292 1.0176 1.1430 1.1554 1.1795 1.0396 1.1464 1.0440 1.0728 1.0255 0.9668 0.8255 0.8156 0.8835
0.8825 0.8876 0.9622 1.0127 0.9927 1.1046 1.1648 1.1467 1.1276 1.0644 1.1800 0.9563 0.9340 1.0000 0.8095 0.7786
0.6897 0.7651 0.8822 0.8839 1.0278 1.1614 1.0791 1.0487 1.0515 1.0749 1.1616 1.1692 1.0010 0.8666 0.8302 0.7618
0.6863 0.8109 0.9327 1.0009 0.9952 1.0618 1.0858 1.0539 1.0930 1.0265 1.0309 1.0613 0.9826 0.9537 0.8869 0.8289
0.8532 0.8100 0.8635 0.9120 1.0382 1.1734 1.0130 1.1792 1.1429 1.1931 1.0833 1.0294 1.0587 0.9337 0.8590 0.8518
0.7247 0.7678 0.8090 0.8148 1.0041 1.0123 1.1113 1.0106 1.0231 1.0970 1.0833 1.0270 1.0190 1.0151 0.8522 0.8581
0.7083 1.0000 0.8838 0.9205 0.9859 1.1592 1.1459 1.1106 1.0750 1.1509 1.0973 0.9158 0.9582 0.8970 0.8484 0.8497
0.8432 0.8135 0.9452 0.8769 1.0269 1.1241 1.0043 1.0905 1.0782 1.2048 1.0691 1.1169 1.0000 0.9851 0.9133 0.8869
0.8534 0.8686 0.8739 0.9921 0.9740 1.1141 1.0845 1.0604 1.0632 1.0227 1.0715 1.1154 1.0088 0.9901 0.9702 0.8704
0.6158 0.7578 0.8989 0.9729 1.0000 1.0621 1.0704 1.0786 1.0681 1.1122 1.0538 1.0390 0.9856 0.8961 1.0000 0.7595
0.8657 0.7973 0.9408 0.9425 1.0587 1.1598 1.1805 0.9995 1.1041 1.1584 1.1716 1.0092 1.0131 0.9310 0.8435 0.8172
0.7490 0.7966 0.8718 0.9283 1.2072 1.0000 1.0963 1.2111 1.1168 1.0743 1.2398 0.9749 0.9438 0.9247 0.9405 0.9146
0.8578 0.9150 0.9066 0.9840 1.0999 1.1058 1.1527 1.1599 1.1642 1.1679 1.1075 0.9819 0.9500 0.8910 0.7696 0.7664
