1.3282 1.1910 1.0879 1.1192 1.0132 0.9901 1.0791 0.8963 1.1182 1.1235 0.8468 0.8168 0.9141 0.7974 0.8062 0.8671
1.0000 1.0780 1.1982 1.2699 1.1699 0.9974 1.0596 0.9949 0.8887 0.9304 0.9012 0.8951 0.8808 0.9389 0.8086 1.0000
1.1120 0.9453 0.9265 1.3388 0.8995 0.9862 1.0000 0.9341 0.9897 1.0511 0.9877 0.9351 1.0461 1.0357 1.0697 1.1221
1.2703 1.1409 1.1227 1.1276 0.9924 1.0440 1.0822 0.9222 1.0024 0.9137 0.9211 0.9369 0.8487 0.9463 0.8407 0.9790
1.3913 1.0268 0.9518 1.0484 0.9401 0.9339 1.0067 0.9226 0.8781 0.9372 0.9959 1.1105 0.9259 1.1146 1.1106 1.3376
1.1259 1.0959 0.9696 1.0695 0.9717 1.0436 1.0588 0.9994 0.8793 1.0860 0.9326 0.9266 0.9133 0.9088 0.9946 1.0407
1.2053 1.1306 1.0670 0.9878 0.9727 0.9448 1.0146 0.9537 0.8683 1.0651 1.0011 0.8316 0.9417 1.0232 1.0000 1.0517
1.2596 1.2154 1.0681 1.0852 1.0960 1.0879 1.0712 1.0163 1.1102 0.9051 0.9450 0.8450 0.8241 0.7886 0.8055 0.8716
0.6914 0.7325 0.9247 0.7790 0.9279 0.9617 0.8599 1.0663 1.0387 0.9227 1.0732 1.0101 1.1875 0.9443 1.2590 1.1650
1.0698 0.9563 0.9049 1.1100 1.0123 0.9681 0.9700 1.1024 0.8956 0.9254 0.9010 0.9175 1.0462 1.0105 1.1025 1.1641
0.6375 0.7389 0.8606 0.8191 0.9184 0.9895 0.9534 1.0659 0.9977 1.0087 1.0328 0.9378 1.1553 1.1404 1.0003 1.1695
1.2448 1.1364 1.1309 1.1840 1.0638 1.0747 1.1187 0.9698 0.9814 0.9029 0.8513 0.9152 0.8938 0.8311 0.8879 0.8149
0.9822 0.8858 0.8720 0.9679 0.9342 0.8661 0.7881 1.1547 0.9260 1.0330 1.1192 0.9463 1.0929 1.1838 1.1021 1.4605
1.0950 1.0238 1.0743 0.8737 0.8731 0.9593 0.9791 1.0517 0.9979 0.9444 0.9844 0.9317 1.0329 0.9554 1.0951 1.1078
1.2934 1.1533 0.9785 0.9766 1.0636 1.0431 1.0018 1.0924 0.9978 0.8406 0.9430 0.9611 0.9308 0.7900 0.7659 0.8503
0.9782 0.9437 1.0592 0.8947 0.9435 1.0340 0.9883 0.9947 1.0000 0.9072 0.9514 1.0211 1.0000 1.0542 1.0746 1.2856
0.9801 0.9509 0.9898 1.0000 0.9842 0.9381 1.0385 0.9860 0.9656 1.0184 1.0342 1.0034 1.0354 1.0768 1.2301 1.3469
1.4143 1.3403 0.9796 1.2455 0.9602 0.9767 1.1295 0.9378 0.8838 1.0000 1.0000 0.9445 1.0000 0.8397 0.9486 0.9697
1.4825 1.0253 1.2127 0.9642 0.8281 1.1424 1.0366 0.9924 1.0942 0.9988 0.9191 0.9908 0.8855 0.8520 0.9149 1.0808
1.1375 1.0958 1.1740 1.1946 0.9782 1.0218 0.9328 0.9226 1.0208 1.0714 0.9456 0.8378 0.8429 0.7669 0.5624 0.5171
1.3679 0.9856 1.0000 0.9465 1.1559 1.0941 0.9335 1.0005 0.9740 0.9104 0.9211 1.0746 0.8962 1.0471 1.0274 1.0031
0.6309 0.7211 0.9871 0.9919 1.0262 1.0329 1.0026 0.9905 0.9516 1.0519 0.9601 1.0438 1.0670 0.9109 0.9758 1.2335
1.0457 0.8711 0.9095 0.9194 0.8521 0.9021 0.8884 0.9553 1.0000 1.1403 0.9791 0.9413 1.1424 1.2580 1.3036 1.3680
0.9949 1.0478 0.8495 1.0310 0.8760 0.9829 0.9142 0.9604 1.1217 0.9158 1.0360 1.0543 0.9917 1.0500 0.5458 1.1143
1.3516 1.1135 1.0256 1.0968 1.0763 1.0494 1.1499 1.0070 0.9983 0.8509 0.9989 0.8778 0.9705 0.8867 0.8686 0.9243
