1.3471 1.1728 1.0909 1.1264 1.0013 0.9546 1.0611 0.8900 1.1359 1.1343 0.8371 0.8382 0.9439 0.7982 0.7988 0.8764
1.0000 1.0866 1.1771 1.2603 1.1756 1.0104 1.0376 0.9862 0.8810 0.9461 0.8997 0.9042 0.8864 0.9216 0.8307 1.0000
1.1505 0.9939 0.9503 1.3763 0.8992 0.9949 1.0000 0.9201 0.9787 1.0746 0.9956 0.9481 1.0293 1.0095 1.0338 1.0662
1.2514 1.1385 1.1035 1.1342 1.0067 1.0602 1.1069 0.9116 0.9792 0.9168 0.9361 0.9443 0.8535 0.9184 0.8523 0.9706
1.3954 1.0452 0.9689 1.0578 0.9528 0.9699 0.9813 0.9396 0.8747 0.9433 1.0318 1.0996 0.9046 1.0822 1.0823 1.2902
1.1212 1.0765 0.9554 1.0644 0.9445 1.0670 1.0743 1.0006 0.8776 1.1032 0.9298 0.9380 0.9191 0.9143 0.9817 1.0446
1.2563 1.1203 1.0686 1.0313 0.9610 0.9122 0.9856 0.9398 0.9013 1.0409 0.9816 0.8428 0.9887 1.0301 1.0000 1.0523
1.2330 1.2579 1.0537 1.0736 1.0949 1.1067 1.0712 1.0061 1.0675 0.8979 0.8916 0.8630 0.8439 0.7895 0.8289 0.8961
0.6862 0.7193 0.9240 0.7724 0.9115 0.9498 0.8623 1.0637 1.0728 0.9437 1.1210 1.0028 1.2398 0.9185 1.2560 1.0675
1.0554 0.9479 0.9001 1.1021 1.0025 0.9564 0.9516 1.0429 0.8702 0.9320 0.9048 0.9299 1.0719 1.0112 1.1489 1.2589
0.6437 0.7512 0.8427 0.8110 0.8975 0.9788 0.9270 1.0950 1.0387 0.9790 1.0313 0.9461 1.2105 1.1320 0.9941 1.1555
1.2274 1.0794 1.1215 1.1869 1.0477 1.1321 1.1152 0.9781 0.9986 0.9295 0.8573 0.9022 0.8641 0.8219 0.9222 0.8158
1.0194 0.9550 0.9077 1.0206 0.9491 0.8767 0.7817 1.0927 0.9464 0.9804 1.1144 0.9067 1.0587 1.1691 1.1101 1.4311
1.0713 0.9943 1.0407 0.8464 0.8575 0.9666 0.9743 1.0728 0.9962 0.9361 1.0027 0.9693 1.0356 0.9721 1.0966 1.1009
1.3210 1.1729 0.9963 0.9903 1.0686 1.0746 1.0278 1.0473 0.9855 0.8456 0.9570 0.9360 0.9186 0.7626 0.7425 0.8365
0.9766 0.9252 1.0298 0.8990 0.9432 1.0141 0.9831 0.9901 1.0000 0.9384 0.9860 0.9798 1.0000 1.0803 1.0971 1.2748
0.9907 0.9494 0.9816 1.0000 0.9661 0.9652 1.0297 0.9736 1.0022 1.0232 1.0538 1.0136 1.0432 1.0174 1.1971 1.3164
1.3826 1.3331 0.9973 1.2642 0.9592 0.9795 1.1284 0.9117 0.8779 1.0000 1.0000 0.9441 1.0000 0.8543 0.9575 0.9681
1.4466 1.0333 1.2579 0.9835 0.8300 1.1303 1.0112 1.0067 1.1041 0.9900 0.8965 0.9878 0.8843 0.8563 0.9224 1.0723
1.1279 1.0947 1.1692 1.2048 0.9897 1.0392 0.9250 0.9587 0.9902 1.0886 0.9198 0.8253 0.7973 0.7913 0.5469 0.5244
1.4243 0.9911 1.0000 0.9832 1.1765 1.1316 0.9429 1.0218 0.9704 0.8966 0.9293 1.0773 0.9039 1.0510 0.9968 0.9677
0.5685 0.7162 0.9762 0.9949 0.9726 1.0305 1.0071 0.9738 0.9681 1.0745 0.9831 1.0539 1.0607 0.9443 0.9809 1.2242
1.0664 0.8862 0.9357 0.9172 0.8791 0.9303 0.8912 0.9601 1.0000 1.1452 0.9451 0.9518 1.1022 1.2372 1.2315 1.2597
1.0040 1.0003 0.8541 1.0322 0.8682 1.0147 0.9353 0.9643 1.1491 0.9415 1.0385 1.0697 0.9834 1.0263 0.5458 1.0834
1.3674 1.1065 1.0321 1.0844 1.0824 1.0154 1.1021 0.9811 1.0148 0.8416 0.9853 0.8859 0.9663 0.9059 0.8815 0.9662
