1.3463 1.1903 1.0495 1.0931 0.9764 0.9463 1.0716 0.8969 1.1088 1.1319 0.8496 0.8552 0.9324 0.8306 0.8025 0.9289
1.0000 1.1001 1.3268 1.2607 1.1346 0.9899 1.0922 0.9509 0.8849 0.9106 0.8709 0.8530 0.8744 0.9057 0.8452 1.0000
1.0090 0.8790 0.9288 1.1465 0.8456 0.9487 1.0000 0.9501 0.9872 1.0619 0.9468 0.9612 1.0464 1.1804 1.0794 1.2397
1.3372 1.2144 1.1771 1.1309 1.0101 1.0541 1.0811 0.8905 0.9489 0.8646 0.8949 0.9579 0.8129 0.9383 0.7906 1.0001
1.2303 0.9765 0.9040 1.0266 0.9699 1.0075 0.9765 0.9016 1.0075 1.0848 0.9542 1.0885 0.9009 1.1041 1.0497 1.3046
1.2597 1.1230 1.0388 1.1552 0.9893 1.0914 1.0532 0.9483 0.9139 0.9814 0.9883 0.8364 0.8559 0.8135 1.0014 0.9382
1.1889 1.0837 1.0447 0.9886 0.9547 0.9508 1.0280 0.9748 0.8954 1.0429 0.9703 0.8500 0.9914 1.0615 1.0000 1.0404
1.3572 1.2363 1.1711 1.1047 1.1484 1.1019 1.0553 0.9964 1.0863 0.8943 0.8973 0.8304 0.8016 0.7761 0.7555 0.8052
0.6580 0.7223 0.8817 0.7437 0.9257 0.9454 0.8263 1.0393 1.0083 0.9030 1.0369 0.9712 1.1920 1.0056 1.1940 1.2163
1.1680 1.0180 1.0198 1.1034 0.9870 0.9695 0.9465 1.1830 0.8766 0.8705 0.9303 0.8925 0.9983 0.9715 1.0546 1.0367
0.6884 0.7466 0.8921 0.8289 0.9747 0.9796 0.9128 1.0291 0.9620 0.9554 1.1151 0.9347 1.2073 1.1214 0.9511 1.3050
1.2657 1.1431 1.1903 1.2210 1.0959 1.1144 1.1392 0.9714 1.0030 0.8822 0.8471 0.8875 0.8504 0.7865 0.8217 0.7876
0.9928 0.8240 0.8202 0.9001 0.8688 0.9292 0.8464 1.0828 0.9322 1.1056 1.1846 1.0135 1.1188 1.1868 1.1498 1.5080
1.2400 1.0964 1.1449 1.0610 0.8558 1.0014 1.0439 1.0293 0.9400 0.8719 0.9355 0.8713 0.9818 0.8671 0.9978 1.0577
1.1455 1.1629 0.9334 0.9065 1.0352 1.0512 0.9905 1.0659 1.0015 0.9470 0.9517 0.9852 0.9681 0.8169 0.7968 0.9917
1.0454 0.8855 1.0660 0.9094 0.9949 1.0714 0.9820 1.0070 1.0000 0.9111 0.9344 1.1239 1.0000 0.9851 0.9834 1.1137
0.9344 0.9261 0.9138 1.0000 0.9970 0.9302 1.0281 1.1000 1.0168 0.9968 1.0529 1.0030 1.0339 1.0668 1.2350 1.2385
1.4948 1.3445 1.0590 1.2878 0.9867 0.9835 1.1179 0.9639 0.9099 1.0000 1.0000 0.9036 1.0000 0.8393 0.9009 0.9089
1.4991 1.0095 1.1508 0.9173 0.8047 1.1138 1.0191 0.9807 1.0697 1.0499 0.8922 1.0075 0.9004 0.8910 0.9898 1.1678
1.1823 1.1236 1.1506 1.2124 0.9748 1.0417 0.9445 0.9143 0.9980 1.0287 0.8994 0.8135 0.8432 0.7780 0.5300 0.5309
1.1741 0.9601 1.0000 0.9351 1.0867 1.0794 0.8984 1.0087 0.9645 1.0452 0.9358 1.0602 0.9143 1.0785 0.9976 1.1139
0.7457 0.7739 1.0067 1.0030 1.1102 1.0285 0.9948 0.9847 0.9466 1.0616 0.9786 0.9739 0.9945 0.9576 0.9486 1.1647
1.0466 0.8971 0.9262 0.9885 0.8747 0.9312 0.8693 0.9206 1.0000 1.1470 0.9448 0.9283 1.1495 1.2662 1.3454 1.7258
1.0334 1.0700 0.8895 1.0504 0.9037 0.9977 0.9575 1.0188 1.0917 0.9028 0.9853 1.0398 0.9301 1.0181 0.5458 1.0382
1.1055 0.9545 0.8827 0.9351 0.9365 0.9765 1.0381 0.9800 0.9840 0.8833 1.0359 0.9822 1.0920 0.9715 1.0608 1.1942
