1.2781 1.1828 1.0974 1.1194 1.0380 1.0107 1.0664 0.8957 1.1254 1.1228 0.8728 0.8433 0.9480 0.7811 0.7835 0.8294
1.0000 1.0446 1.1072 1.2482 1.1308 0.9964 1.0624 0.9606 0.8835 1.0054 0.9276 0.9082 0.9180 0.9913 0.8356 1.0000
1.1188 1.0118 0.9333 1.3777 0.9409 1.0152 1.0000 0.9419 0.9936 1.0522 1.0224 0.9456 1.0178 0.9920 1.0068 0.9999
1.2529 1.0921 1.0783 1.1502 1.0022 1.0719 1.1198 0.9564 1.0102 0.9384 0.9399 0.9407 0.8634 0.9132 0.8341 0.9293
1.4084 1.0697 0.9925 1.0573 0.9545 0.9388 1.0052 0.9532 0.8336 0.9298 1.0187 1.0708 0.8996 1.0792 1.0983 1.3046
1.1040 1.0967 0.9571 1.0494 0.9721 1.0669 1.0937 1.0045 0.8280 1.1014 0.8853 0.9539 0.9352 0.9131 0.9754 1.0729
1.2421 1.1297 1.0911 1.0206 0.9725 0.9313 1.0083 0.8985 0.9201 1.0366 0.9601 0.8464 0.9891 1.0351 1.0000 1.0174
1.2328 1.2487 1.0257 1.0970 1.0597 1.0960 1.0566 1.0336 1.1075 0.9122 0.9138 0.8632 0.8294 0.7750 0.8087 0.9138
0.6915 0.7366 0.9476 0.7911 0.9252 0.9520 0.8632 1.0599 1.0602 0.9470 1.1121 1.0179 1.2138 0.8845 1.2561 1.0887
0.9814 0.9108 0.8456 1.0798 0.9804 0.9843 0.9427 1.0213 0.8928 0.9569 0.9479 0.9901 1.0887 1.0816 1.1386 1.2824
0.6409 0.7648 0.8491 0.8418 0.9081 0.9865 0.9491 1.1239 1.0307 0.9916 0.9573 0.9617 1.1514 1.1729 0.9900 1.1366
1.2109 1.1022 1.1118 1.1883 1.0684 1.0774 1.1599 0.9728 1.0025 0.8885 0.8759 0.9064 0.8806 0.8537 0.9095 0.7950
0.9646 0.9787 0.9611 1.0598 0.9741 0.8474 0.7704 1.1136 0.9380 0.9702 1.1277 0.8969 1.0439 1.1646 1.1013 1.3880
1.0546 0.9783 1.0283 0.8242 0.8882 0.9688 0.9416 1.0850 0.9774 0.9653 1.0275 0.9641 1.0660 0.9689 1.1125 1.1028
1.3149 1.1685 1.0041 0.9797 1.0722 1.0942 1.0608 1.0548 0.9966 0.8231 0.9656 0.9429 0.9134 0.7395 0.7061 0.7885
0.9428 0.9475 1.0566 0.9063 0.9094 1.0674 1.0069 0.9691 1.0000 0.9264 1.0043 0.9242 1.0000 1.0936 1.1325 1.2845
0.9625 0.9278 0.9605 1.0000 0.9585 0.9513 1.0198 0.9448 1.0151 1.0728 1.0590 1.0309 1.0391 1.0416 1.1252 1.2903
1.3424 1.3324 0.9606 1.2605 0.9564 1.0057 1.1603 0.9391 0.8920 1.0000 1.0000 0.9491 1.0000 0.8309 0.9368 0.9754
1.4006 1.0253 1.2966 0.9817 0.8550 1.1472 1.0270 1.0036 1.0731 0.9836 0.8926 0.9807 0.8828 0.8576 0.8944 1.0629
1.1698 1.0941 1.1594 1.1997 0.9996 1.0366 0.9288 0.9539 1.0201 1.0377 0.9024 0.8148 0.7826 0.7509 0.5438 0.5241
1.3754 1.0275 1.0000 0.9732 1.1724 1.0676 0.9470 0.9957 0.9867 0.8625 0.9591 1.1124 0.9371 1.0681 0.9903 0.9615
0.5437 0.6923 0.9983 0.9646 0.9559 1.0196 1.0213 0.9757 0.9664 1.0313 0.9813 1.0801 1.1079 0.9449 0.9733 1.2940
1.0968 0.8887 0.9269 0.8908 0.8709 0.9401 0.9155 0.9805 1.0000 1.1799 0.9542 0.9517 1.0961 1.2374 1.1869 1.1675
0.9783 0.9872 0.8003 0.9888 0.8548 1.0012 0.9249 0.9213 1.1214 0.9671 1.0476 1.1289 1.0290 1.0478 0.5458 1.1267
1.4127 1.1111 1.0459 1.1118 1.0667 1.0792 1.1733 1.0090 1.0361 0.8576 1.0085 0.9006 0.9738 0.8773 0.8088 0.8511
