1.3684 1.2110 1.0563 1.0933 0.9974 0.9458 1.0646 0.8759 1.1111 1.1370 0.8423 0.8377 0.9269 0.8173 0.7814 0.9264
1.0000 1.0926 1.3342 1.2819 1.1376 1.0048 1.1058 0.9717 0.8999 0.9123 0.8769 0.8456 0.8495 0.8737 0.8016 1.0000
1.0424 0.9155 0.8848 1.1774 0.8388 0.9650 1.0000 0.9537 0.9818 1.0412 0.9538 0.9589 1.0304 1.1588 1.0555 1.2589
1.3292 1.2183 1.1639 1.1476 1.0375 1.0621 1.1005 0.9002 0.9671 0.8834 0.8782 0.9472 0.8063 0.9206 0.7682 0.9511
1.2369 0.9710 0.9148 1.0448 0.9784 1.0056 0.9710 0.9066 1.0207 1.0750 1.0131 1.0909 0.8886 1.0543 1.0237 1.2721
1.2352 1.0883 1.0181 1.1405 0.9821 1.0658 1.0688 0.9658 0.9229 0.9917 1.0003 0.8526 0.8643 0.8254 1.0059 0.9457
1.1612 1.0902 1.0263 1.0017 0.9463 0.9574 1.0389 0.9815 0.9093 1.0455 0.9825 0.8398 0.9900 1.0148 1.0000 1.0297
1.3552 1.2258 1.1532 1.0930 1.1308 1.0996 1.0425 1.0155 1.0650 0.9132 0.9017 0.8208 0.8212 0.7872 0.7629 0.8209
0.6370 0.6944 0.8566 0.7310 0.9179 0.9504 0.8226 1.0317 1.0309 0.9019 1.0651 0.9879 1.2085 1.0118 1.1904 1.2178
1.1296 0.9881 0.9941 1.1081 0.9908 0.9602 0.9342 1.1928 0.8974 0.8749 0.9492 0.8989 0.9884 0.9781 1.0657 1.0607
0.7128 0.7443 0.9066 0.8152 0.9698 0.9722 0.8976 1.0236 0.9774 0.9469 1.1045 0.9258 1.1969 1.1225 0.9565 1.3408
1.2583 1.1376 1.1935 1.2142 1.0972 1.1127 1.1346 0.9791 0.9947 0.8637 0.8544 0.8783 0.8632 0.7981 0.8241 0.7857
0.9916 0.8273 0.8073 0.9043 0.8726 0.9091 0.8376 1.0645 0.9620 1.1083 1.2061 1.0150 1.1267 1.2014 1.1513 1.5121
1.2282 1.0917 1.1299 1.0396 0.8578 0.9893 1.0344 1.0283 0.9584 0.8733 0.9430 0.8679 0.9770 0.8741 1.0146 1.0687
1.1400 1.1656 0.9248 0.9161 1.0385 1.0528 0.9844 1.0633 1.0061 0.9454 0.9488 0.9812 0.9733 0.8098 0.7894 0.9725
1.0466 0.9013 1.0451 0.9335 1.0017 1.0500 0.9635 0.9972 1.0000 0.9064 0.9359 1.1174 1.0000 0.9996 0.9959 1.1206
0.9261 0.9309 0.9251 1.0000 0.9827 0.9348 1.0189 1.0932 1.0117 1.0192 1.0649 0.9912 1.0333 1.0729 1.2185 1.2084
1.4743 1.3555 1.0510 1.2954 0.9907 0.9844 1.1247 0.9562 0.9039 1.0000 1.0000 0.8681 1.0000 0.8282 0.8917 0.8969
1.4897 1.0159 1.1550 0.8997 0.7698 1.1156 1.0243 0.9734 1.0721 1.0478 0.9250 1.0149 0.9099 0.9018 0.9972 1.1516
1.1763 1.1219 1.1703 1.2061 0.9780 1.0452 0.9452 0.9250 1.0081 1.0589 0.9039 0.7981 0.8260 0.7614 0.5226 0.5214
1.2083 0.9086 1.0000 0.8957 1.1647 1.0598 0.9124 1.0013 0.9910 1.0513 0.9357 1.0678 0.8999 1.0835 0.9932 1.1081
0.7244 0.7182 0.9595 0.9824 1.0986 0.9965 1.0012 0.9609 0.9432 1.0893 0.9808 0.9943 1.0124 0.9777 1.0118 1.1822
1.0223 0.8582 0.9108 0.9732 0.8446 0.9301 0.8655 0.9306 1.0000 1.1450 0.9585 0.9473 1.1765 1.2659 1.3550 1.7060
1.0516 1.0834 0.8934 1.0453 0.8904 0.9663 0.9325 1.0054 1.1210 0.9003 1.0015 1.0461 0.9273 1.0399 0.5458 1.0453
1.1068 0.9414 0.8882 0.9229 0.9391 0.9569 0.9943 0.9873 0.9932 0.8816 1.0485 0.9972 1.1005 0.9930 1.0660 1.1857
