0.7234 0.7681 0.8603 0.8763 1.0139 1.0838 1.0664 1.1733 1.1759 1.1947 1.0345 1.0190 1.0298 1.0177 0.8570 0.8569
0.8274 0.8392 0.9390 1.0261 1.0901 1.2342 1.2258 0.9763 1.0495 0.9596 1.1102 0.9978 0.9294 0.8579 0.9946 0.7712
0.6360 0.7008 0.9085 0.9007 0.9693 1.0869 1.1352 1.0740 1.0863 1.2331 1.0132 0.9611 0.8974 0.9173 0.8900 0.7314
0.6502 0.7356 0.8416 0.9551 0.9671 1.0565 1.1080 1.0534 1.0043 1.1726 1.1276 0.9762 1.0409 0.8835 0.9193 0.7633
0.7088 0.7767 0.7976 0.9016 1.0000 1.0166 1.0504 1.0599 1.2043 1.2485 1.0586 1.0359 0.9765 1.0114 0.9185 0.8248
0.8158 0.8422 0.8555 0.9399 1.1344 1.0783 1.1757 1.1375 1.1798 1.1393 1.0620 1.0212 0.9692 0.9230 0.8610 0.8650
0.7626 0.8067 0.8422 0.9195 1.0110 1.0394 1.1659 1.1680 1.1032 1.0912 1.0901 1.0541 0.9832 0.9364 0.8321 0.9592
0.8551 0.7878 0.8550 0.9319 1.0000 1.0823 1.2100 1.1276 1.1149 1.0901 1.1554 1.0912 1.0166 0.9297 0.8256 0.9219
0.8121 0.8677 0.8555 0.8546 1.0078 1.0284 1.1080 1.0262 1.0968 1.1322 1.0454 1.1011 0.9821 1.0540 0.9022 0.8697
0.6757 0.7354 0.8381 0.9349 0.9879 1.0023 1.0433 1.0985 0.9986 1.0586 1.1799 0.9841 0.9248 0.9838 1.0099 1.0306
0.7255 0.6556 0.7382 0.7953 0.9671 1.0471 1.1258 1.0555 1.0293 1.0713 1.0347 0.9654 0.9939 0.9658 0.8547 0.9545
0.7446 0.8315 0.9018 0.9577 1.1482 1.1448 1.1155 0.8675 1.0392 1.2317 1.1026 0.9706 0.9491 1.0000 1.0000 0.7149
0.9479 0.8894 0.9040 1.0260 1.1443 1.1082 1.1665 1.0369 1.1323 1.0667 1.0532 1.0211 0.9905 0.8498 0.8260 0.9369
0.8898 0.8893 0.9585 0.9943 0.9829 1.0905 1.1660 1.1373 1.1117 1.0720 1.1723 0.9500 0.9409 1.0000 0.8274 0.8098
0.6957 0.7332 0.8450 0.8857 0.9724 1.1558 1.0717 1.0608 1.0819 1.0827 1.1310 1.1434 1.0131 0.8637 0.8755 0.8064
0.6785 0.8119 0.9333 0.9876 0.9723 1.0246 1.0863 1.0554 1.0786 1.0048 1.0174 1.0649 0.9980 0.9755 0.9372 0.8517
0.8571 0.7886 0.8744 0.8988 1.0408 1.1614 0.9966 1.1663 1.1530 1.1705 1.0669 1.0337 1.0793 0.9256 0.8764 0.8978
0.6952 0.7504 0.7835 0.8084 0.9890 0.9967 1.1117 0.9911 0.9922 1.1112 1.0875 1.0549 1.0245 1.0269 0.8716 0.8873
0.6806 1.0000 0.8859 0.9018 0.9810 1.1211 1.1212 1.0733 1.0753 1.1645 1.0907 0.9198 0.9867 0.9017 0.8781 0.9073
0.8191 0.7934 0.9123 0.8172 1.0330 1.1485 1.0041 1.0788 1.0714 1.1787 1.0701 1.1318 1.0000 0.9948 0.9688 0.9672
0.8454 0.8798 0.8791 0.9798 0.9589 1.1059 1.0911 1.0571 1.0527 0.9716 1.0566 1.1216 1.0007 0.9745 1.0000 0.9388
0.6121 0.7657 0.8965 0.9643 1.0000 1.0700 1.0617 1.0809 1.0458 1.1027 1.0440 1.0454 0.9959 0.8954 1.0000 0.7985
0.8593 0.7991 0.9474 0.9377 1.0724 1.1556 1.1831 0.9857 1.0903 1.1387 1.1644 1.0278 1.0337 0.9412 0.8760 0.7980
0.7546 0.7871 0.8522 0.9388 1.2075 1.0000 1.0953 1.1995 1.1061 1.0670 1.2429 0.9530 0.9392 0.9338 0.9586 0.9491
0.8428 0.9216 0.8738 0.9460 1.0833 1.1010 1.1867 1.1800 1.1821 1.1835 1.1004 0.9734 0.9600 0.8876 0.7888 0.7726
