1.2988 1.1592 1.1000 1.1261 1.0174 0.9664 1.0568 0.9063 1.1443 1.1313 0.8663 0.8196 0.9072 0.8062 0.8054 0.8723
1.0000 1.0688 1.1591 1.2956 1.1707 1.0048 1.0800 0.9771 0.8881 0.9394 0.8995 0.8851 0.9027 0.9106 0.8256 1.0000
1.0966 0.9567 0.9514 1.3446 0.9070 1.0085 1.0000 0.9576 0.9854 1.0541 0.9907 0.9360 1.0286 1.0152 1.0503 1.1062
1.2662 1.1564 1.1233 1.1391 1.0099 1.0498 1.0919 0.9169 0.9814 0.9113 0.9248 0.9402 0.8445 0.9450 0.8284 0.9579
1.3642 1.0174 0.9530 1.0533 0.9538 0.9656 0.9909 0.9149 0.8983 0.9549 0.9801 1.1204 0.9084 1.0864 1.0691 1.3185
1.1551 1.0801 0.9626 1.0855 0.9670 1.0578 1.0649 0.9789 0.8780 1.0783 0.9269 0.9139 0.9151 0.9036 0.9863 1.0283
1.2228 1.1111 1.0701 0.9968 0.9563 0.9426 1.0033 0.9451 0.8842 1.0555 0.9762 0.8503 0.9685 1.0298 1.0000 1.0717
1.2816 1.2444 1.0979 1.0888 1.1260 1.0938 1.0781 1.0190 1.1129 0.8787 0.9216 0.8418 0.8086 0.7526 0.7956 0.8570
0.6807 0.7378 0.9283 0.7908 0.9238 0.9367 0.8501 1.0593 1.0575 0.9219 1.0663 1.0058 1.2135 0.9666 1.2694 1.0968
1.0725 0.9482 0.9157 1.0694 0.9881 0.9733 0.9586 1.0812 0.8947 0.8973 0.9449 0.9220 1.0508 1.0271 1.1350 1.1996
0.6411 0.7388 0.8577 0.8229 0.9115 0.9835 0.9442 1.0792 1.0248 0.9906 1.0485 0.9224 1.1702 1.1203 1.0118 1.1692
1.2683 1.0810 1.1209 1.1674 1.0738 1.0969 1.1281 0.9740 0.9968 0.9025 0.8601 0.9340 0.8866 0.8285 0.8838 0.8031
0.9882 0.8796 0.8549 0.9720 0.9199 0.8767 0.7888 1.1576 0.9379 1.0515 1.1570 0.9603 1.0751 1.1915 1.0914 1.4215
1.0954 1.0328 1.0880 0.8646 0.8553 0.9537 1.0031 1.0525 0.9829 0.9298 0.9737 0.9151 1.0515 0.9550 1.1065 1.1004
1.2559 1.1460 0.9766 0.9787 1.0489 1.0719 1.0293 1.0803 0.9782 0.8627 0.9643 0.9368 0.9345 0.7708 0.7646 0.8414
0.9947 0.9413 1.0581 0.8883 0.9218 1.0504 0.9890 0.9906 1.0000 0.9005 0.9563 1.0085 1.0000 1.0575 1.0996 1.2809
0.9544 0.9100 0.9596 1.0000 0.9613 0.9345 1.0516 0.9931 0.9802 1.0465 1.0633 1.0216 1.0561 1.0568 1.2445 1.3078
1.4025 1.3735 1.0308 1.2545 0.9695 0.9776 1.0971 0.9607 0.8819 1.0000 1.0000 0.9344 1.0000 0.8524 0.9457 0.9624
1.4980 1.0491 1.2240 0.9656 0.8324 1.1352 1.0168 0.9808 1.0858 0.9923 0.8896 0.9907 0.8804 0.8782 0.9279 1.1209
1.1313 1.0990 1.1662 1.2040 0.9935 1.0494 0.9556 0.9136 1.0258 1.0577 0.9159 0.8379 0.8148 0.7461 0.5437 0.5248
1.2910 0.9546 1.0000 0.9378 1.1426 1.0558 0.9034 0.9982 0.9823 0.9527 0.9376 1.1078 0.9232 1.1150 1.0167 1.0168
0.6344 0.7193 0.9833 1.0040 1.0226 1.0229 0.9736 0.9784 0.9750 1.0563 0.9684 1.0246 1.0753 0.9259 0.9964 1.2280
1.0408 0.8797 0.9095 0.9436 0.8412 0.9357 0.8932 0.9314 1.0000 1.1591 0.9616 0.9341 1.1239 1.2269 1.2647 1.3858
0.9967 1.0380 0.8615 1.0230 0.8864 1.0038 0.9163 0.9627 1.1377 0.9411 1.0389 1.0631 0.9668 1.0290 0.5458 1.1004
1.3107 1.1134 1.0236 1.0657 1.0520 1.0441 1.1101 1.0037 1.0095 0.8650 1.0054 0.8989 1.0196 0.8724 0.8783 0.9482
