1.2768 1.1377 1.0337 1.0860 0.9919 0.9412 1.0597 0.9066 1.1078 1.1497 0.8461 0.8315 0.9283 0.8326 0.7967 0.9300
1.0000 1.0608 1.2631 1.2839 1.1192 0.9988 1.0890 0.9661 0.8857 0.9192 0.8675 0.8484 0.8672 0.8902 0.8199 1.0000
1.0436 0.8870 0.9173 1.1931 0.8542 0.9539 1.0000 0.9619 0.9749 1.0463 0.9772 0.9561 1.0421 1.1762 1.0685 1.2871
1.2576 1.1295 1.1383 1.1227 0.9864 1.0696 1.0805 0.8860 0.9615 0.8720 0.8991 0.9508 0.8216 0.9513 0.7850 0.9823
1.2636 0.9859 0.9172 1.0249 0.9733 0.9838 0.9755 0.9047 1.0216 1.0727 0.9669 1.0967 0.8948 1.0995 1.0472 1.3061
1.1630 1.0615 1.0069 1.1213 0.9882 1.0708 1.0600 0.9653 0.9250 1.0072 1.0052 0.8634 0.8728 0.8337 0.9935 0.9390
1.1736 1.0925 1.0502 0.9708 0.9353 0.9406 1.0345 0.9709 0.8888 1.0448 0.9760 0.8573 0.9918 1.0435 1.0000 1.0766
1.3372 1.1895 1.1307 1.0803 1.1067 1.0767 1.0662 1.0035 1.0756 0.9021 0.9122 0.8345 0.7943 0.7750 0.7565 0.8039
0.6918 0.7197 0.8929 0.7632 0.9535 0.9684 0.8219 1.0211 1.0217 0.8838 1.0406 0.9891 1.1990 1.0167 1.2182 1.2298
1.1279 0.9888 0.9871 1.1159 1.0171 0.9697 0.9528 1.1769 0.8898 0.8842 0.9231 0.8837 0.9801 0.9735 1.0462 1.0446
0.6821 0.7437 0.9075 0.7855 0.9619 0.9694 0.9014 1.0618 0.9955 0.9601 1.0968 0.9343 1.2231 1.1106 0.9612 1.3433
1.2204 1.0684 1.1581 1.1822 1.0751 1.0699 1.1157 0.9600 0.9959 0.8966 0.8519 0.8931 0.8582 0.7863 0.8375 0.8047
1.0345 0.8615 0.8308 0.9372 0.8909 0.9256 0.8348 1.0392 0.9342 1.1325 1.1852 1.0333 1.1104 1.2087 1.1420 1.5648
1.1800 1.0630 1.0981 1.0080 0.8607 0.9897 1.0305 1.0258 0.9481 0.8838 0.9338 0.8756 0.9805 0.8790 1.0192 1.0800
1.1858 1.1509 0.9283 0.9208 1.0360 1.0287 0.9828 1.0702 0.9943 0.9417 0.9696 0.9615 0.9643 0.8260 0.7879 0.9521
1.0324 0.9396 1.0575 0.8982 1.0006 1.0583 0.9635 0.9889 1.0000 0.9069 0.9264 1.1169 1.0000 1.0052 0.9816 1.1596
0.9468 0.9508 0.9320 1.0000 0.9774 0.9256 1.0150 1.1120 0.9952 1.0135 1.0443 1.0087 1.0564 1.0923 1.2606 1.2721
1.4331 1.3165 0.9998 1.2324 0.9668 0.9924 1.1238 0.9692 0.9205 1.0000 1.0000 0.9019 1.0000 0.8451 0.9042 0.9053
1.4904 1.0070 1.1693 0.9027 0.7832 1.1121 1.0253 0.9771 1.0820 1.0363 0.9009 1.0259 0.9023 0.8841 0.9919 1.1522
1.1772 1.1019 1.1491 1.2159 0.9893 1.0252 0.9494 0.9097 0.9878 1.0409 0.8917 0.7933 0.7977 0.7562 0.5205 0.5093
1.3019 0.9822 1.0000 0.9570 1.1276 1.0691 0.9120 1.0297 0.9901 1.0530 0.9134 1.0520 0.8845 1.0518 0.9581 1.0468
0.7690 0.7682 0.9853 0.9895 1.1099 1.0102 0.9689 0.9656 0.9272 1.0920 0.9747 0.9701 1.0266 0.9855 0.9800 1.1876
1.0526 0.8973 0.9141 0.9799 0.8514 0.9329 0.8588 0.9288 1.0000 1.1798 0.9478 0.9562 1.1690 1.3043 1.3579 1.7221
1.0237 1.0776 0.8875 1.0518 0.8983 0.9890 0.9595 1.0134 1.1022 0.9036 1.0193 1.0245 0.9145 1.0273 0.5458 1.0323
1.1414 0.9808 0.9022 0.9615 0.9703 0.9933 1.0657 1.0088 0.9823 0.8722 1.0445 0.9563 1.0756 0.9611 1.0231 1.1433
