0.7092 0.7779 0.8520 0.8794 1.0419 1.0820 1.0619 1.1761 1.1751 1.1829 1.0390 1.0130 1.0377 1.0161 0.8607 0.8472
0.8540 0.8597 0.9338 1.0293 1.0792 1.2232 1.2119 0.9926 1.0498 0.9679 1.1341 1.0118 0.9142 0.8527 0.9815 0.7454
0.6599 0.6964 0.9078 0.9125 0.9494 1.0894 1.1490 1.0914 1.0705 1.2333 1.0275 0.9463 0.9035 0.9109 0.8808 0.7218
0.6657 0.7329 0.8462 0.9400 0.9704 1.0922 1.1105 1.0383 1.0242 1.2065 1.1476 0.9637 1.0185 0.8753 0.8881 0.7395
0.6991 0.7930 0.8057 0.9275 1.0000 1.0413 1.0975 1.0585 1.1744 1.2219 1.0385 1.0124 0.9603 1.0184 0.9291 0.8221
0.8371 0.8567 0.8716 0.9485 1.1153 1.0811 1.1574 1.1536 1.1609 1.1204 1.0596 1.0249 0.9593 0.9267 0.8628 0.8598
0.7798 0.7998 0.8505 0.9453 1.0173 1.0580 1.1660 1.1691 1.1164 1.1044 1.1079 1.0562 0.9712 0.9186 0.8084 0.9172
0.8812 0.8015 0.8576 0.9324 1.0000 1.1104 1.2067 1.1238 1.0704 1.0967 1.1659 1.0914 1.0098 0.9044 0.8367 0.9086
0.8184 0.8647 0.8529 0.8723 1.0202 1.0025 1.1331 1.0386 1.0952 1.1338 1.0398 1.1169 0.9727 1.0221 0.8978 0.8363
0.6901 0.7588 0.8728 0.9765 0.9854 1.0193 1.0365 1.1170 1.0340 1.0377 1.1974 0.9985 0.9246 0.9948 0.9730 0.9668
0.7248 0.6501 0.7510 0.7937 0.9595 1.0499 1.1167 1.0577 1.0387 1.0763 1.0353 0.9692 0.9918 0.9589 0.8570 0.9585
0.7528 0.8162 0.9157 0.9644 1.1501 1.1361 1.1352 0.8999 1.0658 1.2062 1.0740 0.9563 0.9418 1.0000 1.0000 0.6858
0.9300 0.8827 0.9100 1.0162 1.1325 1.1349 1.1860 1.0475 1.1462 1.0663 1.0342 1.0116 0.9817 0.8538 0.8141 0.9205
0.8980 0.8793 0.9601 1.0078 1.0001 1.0826 1.1760 1.1362 1.1259 1.0670 1.1696 0.9471 0.9267 1.0000 0.8266 0.7931
0.6879 0.7155 0.8535 0.9111 1.0042 1.1632 1.0980 1.0825 1.0538 1.0701 1.0872 1.1058 0.9747 0.8783 0.8973 0.8201
0.6672 0.7797 0.8946 0.9598 0.9926 1.0606 1.0937 1.0747 1.1016 1.0102 1.0282 1.0815 1.0042 0.9726 0.8941 0.8431
0.8423 0.7940 0.8927 0.9130 1.0359 1.1589 1.0201 1.1776 1.1636 1.1703 1.0745 1.0437 1.0683 0.9216 0.8690 0.8574
0.7159 0.7516 0.7867 0.7986 0.9944 1.0121 1.1260 0.9988 1.0107 1.1072 1.0541 1.0384 1.0109 1.0130 0.8584 0.8918
0.6968 1.0000 0.8795 0.9237 0.9783 1.1261 1.1495 1.0979 1.0824 1.1491 1.1135 0.9288 0.9631 0.9053 0.8655 0.8545
0.8335 0.8322 0.9054 0.8462 1.0427 1.1320 1.0042 1.0439 1.0764 1.1935 1.0744 1.1478 1.0000 0.9695 0.9460 0.9400
0.8527 0.8799 0.8739 0.9849 0.9822 1.1056 1.0744 1.0499 1.0705 0.9866 1.0626 1.1242 1.0129 0.9980 0.9868 0.8861
0.6133 0.7573 0.9055 0.9681 1.0000 1.0743 1.0829 1.0649 1.0564 1.0931 1.0203 1.0323 0.9916 0.9080 1.0000 0.7910
0.8920 0.7972 0.9375 0.9401 1.0667 1.1742 1.1948 0.9846 1.0848 1.1453 1.1566 1.0216 1.0130 0.9346 0.8621 0.8179
0.7362 0.7836 0.8670 0.9248 1.2151 1.0000 1.0934 1.2016 1.1229 1.0917 1.2336 0.9865 0.9401 0.9305 0.9559 0.9306
0.8223 0.9148 0.8919 0.9590 1.0934 1.1155 1.1836 1.1808 1.1611 1.1713 1.1198 0.9652 0.9641 0.9101 0.7728 0.7777
