1.2599 1.1313 1.1342 1.2268 1.0688 1.0396 1.1208 0.9158 1.1265 1.0790 0.9137 0.8368 0.8969 0.7297 0.7630 0.7209
1.0000 1.0082 0.9858 1.1643 1.1375 0.9915 0.9956 0.9788 0.8861 1.0622 0.9685 0.9543 0.9592 1.0399 0.8470 1.0000
1.2593 1.1296 1.1689 1.6111 1.0393 1.0679 1.0000 0.8921 1.0251 1.0454 1.0060 0.8698 0.9461 0.9461 0.8545 0.8568
1.1247 0.9399 1.0105 1.1740 1.0399 1.0436 1.1359 0.9834 1.0399 1.0066 0.9736 0.9148 0.9264 0.8611 0.8709 0.9910
1.5200 1.1082 1.0892 1.0571 0.9479 0.9656 1.0002 0.9913 0.7675 0.8553 0.9951 1.1300 0.9334 1.0246 1.0306 1.1795
0.9801 1.0479 0.8567 0.9465 0.8720 1.0386 1.1253 0.9888 0.8420 1.1748 0.9224 1.0573 0.9861 0.9954 0.9817 1.1545
1.3753 1.1206 1.1530 1.0831 1.0419 0.9090 0.9688 0.8812 0.8929 0.9907 0.9766 0.8738 0.9526 1.0575 1.0000 0.9824
1.0867 1.2447 0.8866 1.0646 1.0093 1.0520 1.1336 1.0979 1.1184 0.9193 0.9323 0.9382 0.8584 0.7724 0.8779 0.9627
0.7757 0.7943 1.0326 0.8765 0.8752 0.9974 0.8709 1.1306 1.0942 0.9461 1.1407 1.0061 1.1615 0.7799 1.2408 0.9616
0.8686 0.8180 0.8209 1.0316 0.9719 0.9707 0.9993 0.9701 0.9056 1.0602 0.9348 0.9835 1.1701 1.0736 1.2135 1.4223
0.6133 0.8131 0.9063 0.9090 0.8893 1.0567 1.0152 1.1534 1.0974 1.0226 0.8900 0.9968 1.0119 1.0752 0.9448 1.0462
1.0983 0.9813 1.0523 1.1083 1.0017 1.0854 1.1628 0.9557 1.0139 0.9357 0.9344 0.9713 0.9708 0.9459 1.0092 0.7826
1.0060 1.0979 1.0982 1.1862 1.0927 0.9176 0.8603 1.2703 0.9047 1.0106 1.1180 0.7736 0.8318 0.9615 0.8938 1.0496
0.9728 0.8854 0.9538 0.7524 0.9111 0.8976 0.8402 1.1199 0.9838 1.0551 1.0770 1.0376 1.1133 1.0250 1.1765 1.1023
1.4423 1.1525 1.0208 1.0493 1.0930 1.1081 1.1294 1.1120 1.0246 0.7487 0.9209 0.9021 0.8902 0.6516 0.6437 0.6832
0.8289 0.9205 1.0292 0.9225 0.8810 1.0167 1.0394 1.0171 1.0000 0.9349 1.0380 0.9168 1.0000 1.1396 1.1954 1.3418
1.0604 0.9470 1.0486 1.0000 0.9247 0.9910 1.0700 0.8477 1.0042 1.0842 1.0367 1.0438 0.9755 0.9582 1.0346 1.0914
1.1937 1.2301 0.9072 1.2219 0.8956 0.9775 1.1543 0.9073 0.8659 1.0000 1.0000 1.0075 1.0000 0.9071 1.0148 1.0650
1.3524 1.0510 1.3651 1.0858 0.8836 1.1941 1.0880 1.0373 1.1512 0.9111 0.9125 0.9683 0.8444 0.7636 0.7879 0.9298
1.0161 1.0742 1.1412 1.1532 1.0088 1.0072 0.9661 1.0241 1.0665 0.9716 0.9634 0.8691 0.8189 0.7857 0.5990 0.5384
1.4479 1.0510 1.0000 1.0592 1.1918 1.1596 0.9898 1.0318 1.0044 0.8297 0.9515 1.1021 0.9032 1.0055 0.9262 0.8293
0.5653 0.5866 0.9292 0.8714 0.8771 0.9903 1.0427 1.0603 1.0182 0.9730 1.0302 1.1751 1.1671 0.9383 0.9482 1.2872
1.1265 0.9070 0.9907 0.8315 0.9741 0.9867 1.0003 1.0549 1.0000 1.2304 0.9813 0.9378 1.0197 1.0504 0.9501 0.8500
0.8999 0.8376 0.7627 0.9157 0.8526 1.0066 0.8588 0.9202 1.1511 1.0425 1.0825 1.1561 1.1475 1.0635 0.5458 1.2083
1.5188 1.4334 1.1938 1.2823 1.1952 1.1849 1.2453 0.9812 0.9650 0.8062 0.9329 0.8417 0.9254 0.8265 0.7699 0.8514
