0.7023 0.7578 0.8661 0.8950 1.0430 1.0909 1.0678 1.1857 1.1811 1.1653 1.0200 1.0187 1.0317 1.0035 0.8627 0.8526
0.8357 0.8526 0.9383 1.0300 1.0872 1.2340 1.2074 0.9904 1.0314 0.9750 1.1173 0.9972 0.9289 0.8535 0.9848 0.7748
0.6468 0.7112 0.9117 0.9110 0.9575 1.0798 1.1679 1.0969 1.0676 1.2164 1.0089 0.9623 0.9092 0.8970 0.8673 0.7527
0.6683 0.7266 0.8441 0.9668 0.9773 1.0766 1.1119 1.0522 1.0134 1.1744 1.1236 0.9645 1.0325 0.8832 0.8976 0.7470
0.7092 0.7742 0.8271 0.9116 1.0000 0.9963 1.0490 1.0329 1.1831 1.2113 1.0594 1.0203 0.9768 1.0327 0.9230 0.8579
0.8246 0.8433 0.8753 0.9531 1.1270 1.0833 1.1775 1.1421 1.1976 1.1257 1.0478 1.0244 0.9691 0.9245 0.8634 0.8308
0.7535 0.7982 0.8539 0.9307 1.0370 1.0465 1.1681 1.1822 1.1193 1.0890 1.1198 1.0390 0.9701 0.9145 0.8175 0.9190
0.8899 0.8042 0.8635 0.9442 1.0000 1.1113 1.2194 1.1204 1.0947 1.0860 1.1507 1.0907 0.9962 0.9158 0.8256 0.8912
0.8235 0.8595 0.8474 0.8738 1.0155 1.0380 1.1261 1.0296 1.0928 1.1317 1.0539 1.1174 0.9772 1.0234 0.8836 0.8457
0.6851 0.7374 0.8504 0.9606 0.9717 1.0269 1.0592 1.1069 1.0323 1.0768 1.1992 0.9832 0.9260 0.9845 0.9584 0.9909
0.7165 0.6634 0.7264 0.8122 0.9485 1.0453 1.1324 1.0596 1.0451 1.0690 1.0257 0.9525 0.9874 0.9741 0.8591 0.9607
0.7433 0.8298 0.9182 0.9688 1.1513 1.1196 1.1303 0.8903 1.0434 1.2106 1.0823 0.9707 0.9460 1.0000 1.0000 0.7091
0.9368 0.8879 0.9176 1.0055 1.1193 1.1165 1.1947 1.0362 1.1301 1.0649 1.0541 1.0143 0.9791 0.8547 0.8231 0.9470
0.9021 0.8850 0.9614 0.9996 1.0047 1.1011 1.1806 1.1479 1.1072 1.0471 1.1625 0.9356 0.9370 1.0000 0.8117 0.7993
0.6996 0.7488 0.8642 0.9374 0.9917 1.1608 1.0807 1.0499 1.0848 1.0549 1.1492 1.1253 0.9866 0.8718 0.8555 0.7734
0.6806 0.7906 0.9241 0.9866 1.0140 1.0499 1.0957 1.0652 1.0796 1.0008 1.0221 1.0776 0.9843 0.9665 0.9035 0.8366
0.8666 0.7866 0.8769 0.8912 1.0324 1.1600 1.0189 1.1801 1.1544 1.1838 1.0537 1.0322 1.0864 0.9219 0.8680 0.8785
0.7151 0.7579 0.7950 0.8168 1.0037 1.0030 1.1072 1.0193 1.0101 1.0965 1.0799 1.0431 0.9961 1.0295 0.8679 0.8424
0.7045 1.0000 0.8852 0.9164 0.9839 1.1563 1.1303 1.0927 1.0769 1.1682 1.0926 0.9188 0.9697 0.8860 0.8558 0.8659
0.8400 0.8292 0.9152 0.8488 1.0247 1.1514 1.0187 1.0704 1.0604 1.1833 1.0559 1.1271 1.0000 0.9851 0.9629 0.9244
0.8636 0.8886 0.8924 0.9827 0.9619 1.0962 1.0862 1.0528 1.0460 1.0032 1.0530 1.1264 0.9952 0.9890 0.9744 0.9236
0.6406 0.7622 0.9066 0.9514 1.0000 1.0840 1.0579 1.0949 1.0568 1.0814 1.0464 1.0382 0.9809 0.8992 1.0000 0.8123
0.8680 0.8079 0.9303 0.9327 1.0758 1.1478 1.1975 0.9916 1.0910 1.1337 1.1486 1.0278 1.0218 0.9493 0.8801 0.8286
0.7427 0.7827 0.8518 0.9449 1.2218 1.0000 1.0976 1.1886 1.1079 1.0725 1.2509 0.9593 0.9389 0.9287 0.9453 0.9354
0.8327 0.9083 0.8969 0.9383 1.0903 1.1317 1.1728 1.1691 1.1949 1.1979 1.1045 0.9787 0.9665 0.8902 0.7673 0.7452
