0.7121 0.7744 0.8486 0.8751 1.0434 1.0719 1.0676 1.1793 1.1842 1.1752 1.0391 1.0086 1.0418 1.0184 0.8640 0.8475
0.8563 0.8579 0.9345 1.0270 1.0825 1.2131 1.2122 0.9948 1.0509 0.9751 1.1366 1.0120 0.9130 0.8510 0.9790 0.7477
0.6617 0.6975 0.9155 0.9105 0.9561 1.0936 1.1521 1.0898 1.0699 1.2349 1.0243 0.9463 0.8956 0.9178 0.8784 0.7176
0.6638 0.7331 0.8523 0.9451 0.9707 1.0899 1.1138 1.0395 1.0195 1.1940 1.1458 0.9669 1.0202 0.8761 0.8874 0.7278
0.7019 0.8023 0.8142 0.9295 1.0000 1.0368 1.0954 1.0514 1.1534 1.2155 1.0447 1.0206 0.9532 1.0216 0.9284 0.8031
0.8439 0.8570 0.8675 0.9534 1.1178 1.0922 1.1545 1.1554 1.1667 1.1240 1.0609 1.0178 0.9536 0.9243 0.8559 0.8556
0.7726 0.8012 0.8546 0.9445 1.0270 1.0652 1.1632 1.1670 1.1147 1.1014 1.1074 1.0598 0.9668 0.9186 0.8050 0.9061
0.8850 0.8084 0.8603 0.9359 1.0000 1.1151 1.2067 1.1181 1.0727 1.0936 1.1681 1.0908 1.0036 0.8991 0.8330 0.9079
0.8205 0.8642 0.8622 0.8771 1.0179 1.0018 1.1305 1.0429 1.0878 1.1419 1.0416 1.1126 0.9707 1.0271 0.8894 0.8311
0.6881 0.7641 0.8777 0.9884 0.9894 1.0170 1.0395 1.1207 1.0391 1.0428 1.2070 1.0042 0.9140 0.9930 0.9664 0.9662
0.7280 0.6500 0.7589 0.7887 0.9594 1.0511 1.1235 1.0520 1.0433 1.0776 1.0351 0.9724 0.9915 0.9601 0.8588 0.9592
0.7550 0.8207 0.9202 0.9689 1.1491 1.1351 1.1338 0.8963 1.0637 1.2094 1.0694 0.9539 0.9410 1.0000 1.0000 0.6895
0.9331 0.8819 0.9177 1.0145 1.1237 1.1250 1.1910 1.0490 1.1397 1.0673 1.0302 1.0169 0.9793 0.8533 0.8135 0.9282
0.8988 0.8837 0.9637 1.0068 1.0015 1.0812 1.1679 1.1398 1.1147 1.0663 1.1741 0.9518 0.9267 1.0000 0.8231 0.7939
0.6856 0.7167 0.8573 0.9189 1.0020 1.1567 1.0999 1.0816 1.0530 1.0708 1.0912 1.1104 0.9757 0.8774 0.9039 0.8108
0.6714 0.7824 0.8978 0.9634 0.9925 1.0570 1.0991 1.0811 1.0994 1.0106 1.0329 1.0791 1.0036 0.9674 0.8920 0.8381
0.8446 0.7975 0.8983 0.9123 1.0428 1.1523 1.0221 1.1767 1.1557 1.1679 1.0743 1.0422 1.0641 0.9235 0.8681 0.8599
0.7172 0.7507 0.7904 0.8013 0.9949 1.0157 1.1234 0.9968 1.0142 1.1018 1.0599 1.0370 1.0110 1.0164 0.8526 0.8879
0.6974 1.0000 0.8891 0.9239 0.9820 1.1270 1.1483 1.0975 1.0840 1.1494 1.1067 0.9281 0.9627 0.9072 0.8601 0.8527
0.8448 0.8375 0.9105 0.8548 1.0333 1.1309 1.0056 1.0502 1.0733 1.2021 1.0776 1.1450 1.0000 0.9589 0.9390 0.9268
0.8587 0.8864 0.8763 0.9828 0.9780 1.1070 1.0704 1.0416 1.0705 0.9942 1.0648 1.1229 1.0132 0.9952 0.9802 0.8868
0.6133 0.7576 0.9085 0.9683 1.0000 1.0802 1.0788 1.0710 1.0556 1.0904 1.0196 1.0301 0.9910 0.9070 1.0000 0.7927
0.8923 0.8052 0.9409 0.9367 1.0652 1.1805 1.1926 0.9791 1.0870 1.1455 1.1526 1.0269 1.0079 0.9301 0.8567 0.8189
0.7402 0.7827 0.8683 0.9297 1.2176 1.0000 1.0880 1.1968 1.1203 1.0909 1.2287 0.9877 0.9388 0.9315 0.9570 0.9310
0.8313 0.9198 0.8935 0.9596 1.0832 1.1092 1.1890 1.1860 1.1547 1.1749 1.1237 0.9607 0.9652 0.9064 0.7766 0.7685
