0.7220 0.7663 0.8518 0.8832 1.0109 1.1027 1.0519 1.1663 1.1660 1.1834 1.0215 1.0214 1.0242 1.0279 0.8590 0.8843
0.8246 0.8323 0.9471 1.0394 1.0898 1.2470 1.2229 0.9741 1.0292 0.9661 1.0960 0.9934 0.9248 0.8583 0.9874 0.7711
0.6470 0.7042 0.8985 0.9092 0.9554 1.0838 1.1221 1.0798 1.0814 1.2454 1.0178 0.9678 0.9081 0.9092 0.8932 0.7270
0.6458 0.7270 0.8370 0.9544 0.9731 1.0600 1.1100 1.0467 1.0005 1.1661 1.1354 0.9789 1.0373 0.8928 0.9261 0.7702
0.6969 0.7646 0.7855 0.8805 1.0000 1.0048 1.0658 1.0499 1.1815 1.2421 1.0516 1.0324 0.9755 1.0469 0.9482 0.8670
0.8074 0.8310 0.8634 0.9461 1.1271 1.0936 1.1822 1.1159 1.1877 1.1128 1.0559 1.0340 0.9725 0.9335 0.8683 0.8736
0.7319 0.7916 0.8483 0.9228 1.0273 1.0295 1.1808 1.1534 1.1093 1.0920 1.0987 1.0558 0.9885 0.9232 0.8299 0.9457
0.8662 0.7946 0.8567 0.9327 1.0000 1.0925 1.2025 1.1227 1.1184 1.0808 1.1455 1.0791 1.0237 0.9233 0.8538 0.9151
0.8033 0.8650 0.8473 0.8668 1.0015 1.0236 1.1216 1.0364 1.1077 1.1331 1.0517 1.1116 0.9793 1.0344 0.9070 0.8552
0.6895 0.7340 0.8328 0.9516 0.9875 1.0276 1.0488 1.1119 1.0043 1.0378 1.1703 0.9728 0.9128 0.9909 0.9983 1.0004
0.7158 0.6545 0.7427 0.8066 0.9581 1.0395 1.1229 1.0355 1.0408 1.0744 1.0260 0.9630 1.0161 0.9805 0.8635 0.9347
0.7343 0.8273 0.9163 0.9789 1.1592 1.1257 1.1240 0.8927 1.0540 1.2318 1.0934 0.9759 0.9552 1.0000 1.0000 0.7248
0.9107 0.8704 0.8927 1.0130 1.1372 1.1134 1.1816 1.0259 1.1376 1.0671 1.0764 1.0245 0.9969 0.8348 0.8402 0.9467
0.8942 0.8912 0.9497 0.9962 0.9995 1.0963 1.1701 1.1380 1.1090 1.0724 1.1711 0.9456 0.9431 1.0000 0.8255 0.8011
0.6817 0.7242 0.8164 0.8811 0.9728 1.1596 1.0957 1.0701 1.0681 1.0960 1.1198 1.1493 1.0074 0.8710 0.8827 0.8004
0.6823 0.8127 0.9236 1.0010 0.9718 1.0342 1.0751 1.0552 1.0883 1.0096 1.0036 1.0708 0.9943 0.9672 0.9293 0.8689
0.8678 0.7789 0.8637 0.8837 1.0356 1.1585 0.9817 1.1735 1.1569 1.1880 1.0644 1.0224 1.1014 0.9267 0.8918 0.9047
0.6933 0.7615 0.7825 0.8081 1.0115 1.0182 1.1036 0.9964 0.9968 1.1119 1.0942 1.0754 1.0292 1.0275 0.8839 0.8967
0.6806 1.0000 0.8895 0.9218 0.9618 1.1228 1.1308 1.0677 1.0698 1.1599 1.0885 0.9155 0.9936 0.9026 0.8790 0.8975
0.8369 0.8118 0.9126 0.8345 1.0254 1.1426 1.0028 1.0782 1.0879 1.2015 1.0590 1.1095 1.0000 0.9711 0.9517 0.9242
0.8591 0.8724 0.8819 0.9654 0.9461 1.0905 1.0888 1.0584 1.0490 0.9758 1.0601 1.1146 1.0168 0.9699 0.9961 0.9431
0.6344 0.7731 0.8944 0.9579 1.0000 1.0665 1.0627 1.0820 1.0458 1.0918 1.0400 1.0556 0.9998 0.9011 1.0000 0.7954
0.8615 0.7900 0.9379 0.9404 1.0695 1.1595 1.1829 0.9774 1.0774 1.1308 1.1646 1.0093 1.0151 0.9328 0.8919 0.8242
0.7534 0.7855 0.8686 0.9370 1.2047 1.0000 1.0940 1.1994 1.1140 1.0796 1.2397 0.9474 0.9423 0.9240 0.9521 0.9544
0.8259 0.9200 0.8865 0.9575 1.0740 1.1000 1.1796 1.1756 1.2016 1.1927 1.1094 0.9942 0.9472 0.8974 0.7660 0.7571
