0.7418 0.8006 0.8694 0.8815 1.0241 1.1063 1.0765 1.1653 1.1684 1.1917 1.0533 1.0091 1.0093 1.0100 0.8541 0.8502
0.8583 0.8636 0.9810 1.0511 1.0984 1.2258 1.2164 0.9622 1.0467 0.9646 1.1145 0.9828 0.9211 0.8517 0.9457 0.7339
0.6701 0.6905 0.9178 0.9074 0.9544 1.0719 1.1526 1.0669 1.0864 1.2405 1.0391 0.9799 0.8859 0.9117 0.8701 0.7289
0.6785 0.7651 0.8526 0.9590 0.9709 1.0745 1.1224 1.0490 1.0105 1.1868 1.1485 0.9591 1.0181 0.8888 0.8853 0.7462
0.7223 0.7673 0.8358 0.8948 1.0000 1.0017 1.0877 1.0732 1.1566 1.2443 1.0687 1.0605 0.9760 1.0174 0.9375 0.7820
0.8158 0.8492 0.8681 0.9498 1.1278 1.0669 1.1946 1.1598 1.1795 1.1355 1.0789 1.0158 0.9507 0.9224 0.8357 0.8422
0.7727 0.8051 0.8534 0.9300 1.0198 1.0775 1.1762 1.1904 1.1006 1.1057 1.1042 1.0522 0.9611 0.9114 0.8108 0.9152
0.8649 0.8016 0.8529 0.9403 1.0000 1.1245 1.2197 1.1597 1.0232 1.0569 1.1799 1.1061 1.0103 0.9171 0.8189 0.8978
0.8179 0.8593 0.8582 0.8976 1.0164 1.0155 1.1246 1.0608 1.0976 1.1249 1.0728 1.1124 0.9561 1.0143 0.8589 0.8402
0.6852 0.7769 0.8706 0.9785 0.9976 1.0611 1.1064 1.0901 1.0208 1.0662 1.1949 1.0011 0.9059 0.9777 0.9254 0.8934
0.7281 0.6517 0.7406 0.7736 0.9362 1.0173 1.1337 1.0467 1.0530 1.0724 1.0512 0.9663 0.9917 0.9588 0.8224 1.0243
0.7335 0.8195 0.9092 0.9851 1.1557 1.1180 1.1357 0.8980 1.0722 1.1972 1.0857 0.9662 0.9306 1.0000 1.0000 0.6979
0.9387 0.8975 0.9280 1.0215 1.1466 1.1596 1.1835 1.0400 1.1378 1.0396 1.0759 1.0183 0.9505 0.8276 0.8033 0.8892
0.9005 0.9206 0.9724 1.0077 1.0059 1.1014 1.1791 1.1411 1.1103 1.0613 1.1387 0.9408 0.9078 1.0000 0.8017 0.7706
0.7154 0.7458 0.8726 0.9225 1.0192 1.1646 1.0698 1.0378 1.0462 1.0780 1.1809 1.1672 1.0348 0.8516 0.8283 0.7427
0.7008 0.8233 0.9457 1.0267 0.9870 1.0657 1.0800 1.0575 1.0843 1.0000 1.0282 1.0607 0.9858 0.9588 0.8936 0.8346
0.8511 0.7975 0.8645 0.8931 1.0319 1.1592 1.0247 1.1571 1.1396 1.2028 1.0884 1.0452 1.0749 0.9173 0.8673 0.8763
0.7187 0.7640 0.7963 0.8109 1.0053 0.9926 1.1176 1.0127 1.0079 1.1137 1.0840 1.0349 0.9983 1.0122 0.8567 0.8587
0.6930 1.0000 0.8783 0.9290 0.9844 1.1561 1.1535 1.1123 1.0668 1.1735 1.1140 0.9142 0.9522 0.9009 0.8354 0.8438
0.8472 0.8397 0.9033 0.8588 1.0427 1.1291 0.9984 1.0899 1.0831 1.1915 1.0793 1.1290 1.0000 1.0065 0.9034 0.9110
0.8736 0.8716 0.8878 0.9803 0.9689 1.1093 1.0794 1.0529 1.0668 1.0192 1.0766 1.1244 1.0153 0.9899 0.9562 0.8798
0.6118 0.7663 0.9019 0.9775 1.0000 1.0655 1.0548 1.0720 1.0741 1.1177 1.0116 1.0531 1.0016 0.9042 1.0000 0.7933
0.8984 0.8140 0.9323 0.9553 1.0702 1.2021 1.1932 0.9847 1.0912 1.1494 1.1759 1.0092 1.0139 0.9196 0.8355 0.7999
0.7644 0.7904 0.8634 0.9378 1.2120 1.0000 1.0968 1.2004 1.1211 1.0880 1.2350 0.9791 0.9476 0.9266 0.9323 0.9088
0.8646 0.9143 0.8998 0.9461 1.0963 1.0908 1.1689 1.1625 1.1910 1.1656 1.0866 0.9812 0.9839 0.9166 0.7597 0.7482
