1.3097 1.1902 1.0717 1.1253 1.0143 0.9616 1.0887 0.8806 1.1258 1.1510 0.8625 0.8257 0.9147 0.8207 0.7928 0.8609
1.0000 1.0626 1.2138 1.2709 1.1503 1.0236 1.0706 0.9865 0.8774 0.9416 0.9134 0.8848 0.8817 0.9126 0.8227 1.0000
1.0798 0.9357 0.8917 1.3138 0.8904 0.9815 1.0000 0.9546 0.9792 1.0474 1.0006 0.9540 1.0318 1.0341 1.0755 1.1250
1.2984 1.1707 1.1352 1.1007 1.0052 1.0523 1.0944 0.9146 0.9968 0.8951 0.9046 0.9321 0.8469 0.9516 0.8208 0.9821
1.3520 1.0068 0.9386 1.0278 0.9541 0.9451 0.9919 0.9439 0.9130 0.9866 0.9691 1.1037 0.9040 1.0929 1.0914 1.3284
1.1327 1.0803 0.9448 1.0989 0.9712 1.0718 1.0623 0.9845 0.8805 1.0620 0.9578 0.9129 0.9113 0.8987 1.0107 1.0073
1.1830 1.0910 1.0567 0.9971 0.9643 0.9333 1.0141 0.9799 0.8894 1.0583 0.9663 0.8477 0.9711 1.0309 1.0000 1.0596
1.3023 1.2189 1.1069 1.0716 1.1030 1.0930 1.0913 1.0013 1.0862 0.9016 0.8999 0.8464 0.8265 0.7689 0.8100 0.8738
0.6824 0.7391 0.9101 0.7677 0.9363 0.9778 0.8510 1.0484 1.0591 0.9151 1.0478 1.0155 1.2025 0.9551 1.2353 1.1506
1.1101 0.9384 0.9355 1.0964 1.0210 0.9823 0.9502 1.0801 0.8895 0.9089 0.9282 0.9200 1.0290 1.0028 1.1258 1.1672
0.6548 0.7329 0.8961 0.8421 0.9301 0.9792 0.9384 1.0475 0.9875 0.9591 1.0793 0.9358 1.1731 1.1072 0.9855 1.2092
1.2561 1.1080 1.1408 1.1878 1.0422 1.0991 1.1276 0.9514 1.0240 0.8870 0.8485 0.8951 0.8799 0.8281 0.9046 0.8227
0.9778 0.8889 0.8679 0.9896 0.9159 0.8633 0.7993 1.1553 0.9335 1.0435 1.1658 0.9493 1.0710 1.1701 1.1113 1.4401
1.1128 1.0326 1.0852 0.9109 0.8562 0.9508 0.9921 1.0547 0.9615 0.9187 0.9894 0.9295 1.0295 0.9240 1.0940 1.1045
1.2657 1.1522 0.9605 0.9606 1.0244 1.0678 1.0072 1.0825 1.0082 0.8646 0.9499 0.9617 0.9478 0.7747 0.7571 0.8668
0.9731 0.9455 1.0298 0.8998 0.9353 1.0615 0.9639 1.0085 1.0000 0.9249 0.9740 1.0353 1.0000 1.0576 1.0824 1.2650
0.9560 0.9593 0.9548 1.0000 0.9639 0.9482 1.0296 1.0079 0.9914 1.0283 1.0480 1.0147 1.0213 1.0846 1.2354 1.3100
1.4184 1.3321 1.0401 1.2727 0.9665 0.9810 1.1263 0.9817 0.8764 1.0000 1.0000 0.9223 1.0000 0.8301 0.9311 0.9311
1.4877 1.0247 1.2277 0.9624 0.8242 1.1419 1.0337 0.9845 1.0683 0.9963 0.8832 1.0035 0.8898 0.8595 0.9381 1.1009
1.1184 1.0985 1.1541 1.1834 0.9908 1.0117 0.9687 0.9454 1.0102 1.0502 0.9219 0.8318 0.8503 0.7916 0.5514 0.5237
1.3115 0.9610 1.0000 0.9430 1.1705 1.0762 0.9134 0.9822 0.9758 0.9440 0.9254 1.1098 0.9104 1.0734 1.0363 1.0061
0.6203 0.7127 0.9682 0.9904 1.0380 1.0204 0.9945 0.9983 0.9329 1.0947 0.9685 1.0292 1.0381 0.9505 0.9904 1.2486
1.0426 0.8633 0.9158 0.9444 0.8579 0.9075 0.8804 0.9318 1.0000 1.1273 0.9616 0.9570 1.1100 1.2505 1.2782 1.4146
1.0054 1.0375 0.8529 1.0079 0.9036 0.9975 0.9107 0.9830 1.1218 0.9131 1.0311 1.0496 0.9913 1.0308 0.5458 1.1084
1.3356 1.1403 1.0327 1.0559 1.0609 1.0482 1.1218 0.9938 0.9994 0.8639 1.0072 0.8950 1.0203 0.8711 0.8820 0.9857
