0.7359 0.7721 0.8567 0.8858 1.0221 1.0971 1.0531 1.1811 1.1735 1.1935 1.0299 1.0109 1.0392 1.0210 0.8570 0.8569
0.8295 0.8473 0.9481 1.0318 1.0899 1.2461 1.2177 0.9732 1.0424 0.9670 1.1031 0.9990 0.9312 0.8620 0.9907 0.7529
0.6341 0.7027 0.9136 0.9132 0.9694 1.0934 1.1326 1.0769 1.0819 1.2311 1.0154 0.9600 0.8947 0.9120 0.8878 0.7280
0.6502 0.7446 0.8441 0.9550 0.9726 1.0670 1.1126 1.0510 0.9989 1.1633 1.1224 0.9695 1.0413 0.8812 0.9159 0.7644
0.7157 0.7801 0.8072 0.9085 1.0000 0.9997 1.0648 1.0625 1.2044 1.2569 1.0727 1.0438 0.9714 1.0353 0.9241 0.8127
0.8201 0.8485 0.8654 0.9491 1.1307 1.0841 1.1799 1.1409 1.1800 1.1231 1.0607 1.0158 0.9743 0.9167 0.8542 0.8507
0.7694 0.8053 0.8496 0.9253 1.0128 1.0427 1.1697 1.1623 1.0974 1.0909 1.0895 1.0500 0.9790 0.9324 0.8365 0.9606
0.8591 0.7900 0.8639 0.9376 1.0000 1.0836 1.2175 1.1294 1.1089 1.0822 1.1514 1.0852 1.0214 0.9348 0.8260 0.9123
0.8132 0.8718 0.8644 0.8569 1.0205 1.0221 1.1052 1.0275 1.0891 1.1175 1.0378 1.1077 0.9760 1.0613 0.8922 0.8773
0.6905 0.7532 0.8395 0.9537 0.9961 1.0113 1.0451 1.0892 0.9899 1.0703 1.1826 0.9774 0.9101 0.9846 1.0176 1.0287
0.7263 0.6536 0.7436 0.7917 0.9705 1.0522 1.1263 1.0567 1.0297 1.0700 1.0336 0.9659 1.0003 0.9614 0.8471 0.9618
0.7396 0.8253 0.9019 0.9616 1.1497 1.1541 1.1208 0.8659 1.0331 1.2309 1.0990 0.9653 0.9443 1.0000 1.0000 0.6934
0.9564 0.8974 0.9057 1.0359 1.1386 1.1140 1.1698 1.0330 1.1214 1.0736 1.0491 1.0107 0.9889 0.8595 0.8371 0.9301
0.9010 0.8990 0.9660 0.9992 0.9920 1.0949 1.1699 1.1447 1.0981 1.0741 1.1699 0.9458 0.9340 1.0000 0.8167 0.7937
0.6984 0.7336 0.8479 0.9102 0.9838 1.1577 1.0654 1.0663 1.0605 1.0776 1.1346 1.1247 1.0042 0.8644 0.8774 0.8129
0.6821 0.8109 0.9300 0.9815 0.9875 1.0409 1.0929 1.0446 1.0798 1.0028 1.0149 1.0557 0.9857 0.9796 0.9361 0.8595
0.8634 0.7968 0.8748 0.8982 1.0506 1.1652 0.9970 1.1729 1.1523 1.1654 1.0563 1.0307 1.0734 0.9195 0.8792 0.8981
0.7030 0.7425 0.7838 0.8069 0.9972 1.0004 1.1125 0.9849 0.9826 1.1120 1.0722 1.0402 1.0163 1.0311 0.8779 0.8996
0.6855 1.0000 0.8938 0.9058 0.9766 1.1134 1.1318 1.0663 1.0760 1.1672 1.0813 0.9227 0.9871 0.9020 0.8807 0.9004
0.8171 0.7984 0.9057 0.8209 1.0226 1.1601 1.0236 1.0789 1.0712 1.1864 1.0748 1.1292 1.0000 0.9942 0.9655 0.9540
0.8543 0.8931 0.8854 0.9722 0.9663 1.1110 1.0910 1.0580 1.0627 0.9682 1.0527 1.1192 0.9987 0.9727 0.9930 0.9274
0.6166 0.7652 0.8997 0.9738 1.0000 1.0842 1.0628 1.0802 1.0496 1.0994 1.0422 1.0380 0.9888 0.8915 1.0000 0.7877
0.8690 0.8024 0.9506 0.9404 1.0698 1.1549 1.1832 0.9845 1.0947 1.1277 1.1670 1.0239 1.0388 0.9344 0.8812 0.7986
0.7591 0.7909 0.8577 0.9507 1.2148 1.0000 1.0972 1.1949 1.0915 1.0627 1.2420 0.9546 0.9398 0.9385 0.9587 0.9436
0.8459 0.9271 0.8873 0.9537 1.0967 1.0888 1.1911 1.1764 1.1735 1.1862 1.1010 0.9625 0.9662 0.9000 0.7850 0.7623
