0.7901 0.8193 0.9037 0.9110 1.0031 1.0532 1.0209 1.1421 1.1497 1.1599 1.0250 0.9488 1.1260 1.0841 0.9160 0.9399
0.8877 0.8955 1.0074 1.0632 1.1019 1.2220 1.1918 0.9393 0.9817 0.9228 1.0708 1.0352 0.9561 0.8619 0.9927 0.7955
0.6670 0.7408 0.9155 0.9437 0.9557 1.0790 1.1332 1.0571 1.0840 1.2253 1.0148 1.0037 0.9496 0.9454 0.9290 0.7442
0.6935 0.7432 0.8606 0.9464 0.9330 1.0606 1.0918 1.0163 0.9610 1.1759 1.1271 1.0140 1.0876 0.9365 0.9878 0.7763
0.7738 0.8762 0.8094 0.8779 1.0000 1.0433 1.0627 1.0552 1.1877 1.2243 1.0588 1.0559 1.0240 1.0494 0.9758 0.8453
0.8759 0.8957 0.8914 0.9608 1.1188 1.0631 1.1509 1.0710 1.1712 1.1035 1.0652 0.9960 0.9916 0.9392 0.8750 0.8352
0.7541 0.8394 0.8750 0.9403 0.9988 1.0262 1.1308 1.1315 1.0956 1.1038 1.1082 1.0582 0.9841 0.8980 0.8338 0.9724
0.9019 0.8157 0.8823 0.9247 1.0000 1.0803 1.1917 1.0771 1.1073 1.0569 1.1530 1.0785 1.0446 0.9432 0.8406 0.9014
0.8218 0.8935 0.8707 0.8785 0.9933 1.0142 1.1563 1.0357 1.0763 1.1361 1.0577 1.1055 1.0121 1.0357 0.9024 0.8484
0.7023 0.8026 0.9166 1.0157 1.0189 1.0431 1.0636 1.1607 1.0098 1.0434 1.1510 0.9420 0.9157 0.9467 0.9651 0.9283
0.7664 0.7337 0.8055 0.8566 0.9864 1.0911 1.1663 1.0665 1.0598 1.1057 1.0597 1.0310 1.0847 1.0306 0.9056 0.9469
0.7517 0.8627 0.8971 0.9922 1.1601 1.0917 1.1287 0.8508 1.0058 1.2215 1.0724 0.9890 0.9698 1.0000 1.0000 0.6714
0.9353 0.8759 0.9287 0.9921 1.1177 1.0799 1.0992 0.9790 1.1059 0.9671 1.0718 0.9911 0.9907 0.8188 0.7973 0.9312
0.9042 0.9194 0.9365 1.0197 0.9871 1.0786 1.1218 1.1070 1.0712 1.0372 1.1271 0.9265 0.9490 1.0000 0.8251 0.7961
0.6924 0.7857 0.8895 0.9149 1.0024 1.1618 1.0976 1.0760 1.0812 1.0409 1.0998 1.1724 1.0408 0.8491 0.8810 0.7482
0.7519 0.8555 0.9498 0.9946 0.9653 1.0307 1.0825 1.0254 1.0544 0.9990 1.0305 1.0997 1.0135 0.9678 0.9291 0.8728
0.8807 0.7933 0.8952 0.8814 1.0414 1.1448 0.9645 1.1259 1.1020 1.1860 1.0293 1.0395 1.1224 0.9386 0.9036 0.9069
0.7149 0.8182 0.8284 0.8420 1.0110 1.0142 1.1253 1.0278 1.0178 1.1196 1.1107 1.0567 1.0508 1.0503 0.9588 0.9480
0.7015 1.0000 0.9021 0.8872 0.9491 1.1298 1.1408 1.0671 1.0419 1.1605 1.0795 0.9189 0.9821 0.9179 0.9061 0.9174
0.8952 0.8591 0.9849 0.8845 1.0520 1.1714 1.0089 1.1110 1.0884 1.2085 1.0122 1.1096 1.0000 0.9250 0.8805 0.7914
0.8907 0.8919 0.9199 0.9679 0.9282 1.0814 1.0633 1.0468 1.0348 0.9554 1.0612 1.1235 1.0578 1.0206 1.0174 0.9018
0.6051 0.7549 0.8919 0.9608 1.0000 1.0051 1.0185 1.0152 0.9924 1.0908 1.0269 1.0788 1.0033 0.9224 1.0000 0.7824
0.8538 0.7935 1.0019 0.9494 1.0909 1.1303 1.1490 0.9412 1.0603 1.1418 1.1505 1.0326 1.0717 0.9260 0.8888 0.8386
0.7704 0.7899 0.8699 0.9098 1.1615 1.0000 1.0546 1.2031 1.1066 1.0169 1.2236 0.9584 0.9677 0.9495 1.0256 0.9903
0.8699 0.9303 0.8823 0.9819 1.0829 1.1233 1.1843 1.2034 1.1557 1.1543 1.0620 0.9338 0.9449 0.8478 0.6957 0.6210
