0.8278 0.8545 0.9339 0.9346 1.0215 1.0761 1.0344 1.1682 1.1663 1.1570 1.0325 0.9026 1.0937 1.0333 0.8894 0.8860
0.9199 0.9302 1.0335 1.0972 1.1621 1.2328 1.2056 0.8857 0.9578 0.8971 1.0730 0.9753 0.9502 0.8417 0.9674 0.7599
0.6829 0.7865 0.9351 0.9637 0.9717 1.0967 1.1232 1.0630 1.0732 1.2404 1.0167 0.9669 0.9350 0.9343 0.9059 0.6990
0.7056 0.7816 0.8824 0.9695 0.9670 1.0907 1.1098 1.0087 0.9775 1.1491 1.1228 0.9933 1.0464 0.9177 0.9397 0.7241
0.8061 0.9058 0.8932 0.9058 1.0000 1.0900 1.1346 1.0648 1.1372 1.2485 1.0296 1.0260 0.9746 1.0164 0.9266 0.7734
0.8804 0.9284 0.9418 0.9677 1.1289 1.1105 1.1584 1.0342 1.1550 1.1028 1.0474 0.9844 0.9673 0.9297 0.8424 0.8202
0.7737 0.8507 0.9328 0.9692 1.0181 1.0316 1.1119 1.1170 1.1011 1.0917 1.1035 1.0676 0.9607 0.8662 0.8263 0.9448
0.9387 0.8392 0.8842 0.9536 1.0000 1.0974 1.1654 1.0543 1.1407 1.0842 1.1629 1.0457 1.0293 0.9119 0.8290 0.8836
0.8302 0.9171 0.8694 0.9196 1.0211 1.0023 1.1526 1.0281 1.1119 1.1291 1.0693 1.0691 0.9828 1.0237 0.8796 0.8205
0.7321 0.8358 0.9429 1.0756 1.0129 1.0630 1.0606 1.1495 0.9796 1.0550 1.1528 0.9084 0.8903 0.9613 0.9464 0.9200
0.7901 0.7337 0.8355 0.8761 1.0082 1.1138 1.1798 1.0742 1.0639 1.1274 1.0393 1.0071 1.0491 0.9860 0.8720 0.8888
0.7895 0.8549 0.9036 1.0069 1.1736 1.1116 1.1176 0.8796 1.0111 1.2035 1.0452 0.9494 0.9416 1.0000 1.0000 0.6107
0.9320 0.8764 0.9366 0.9933 1.1463 1.0990 1.0974 0.9549 1.0939 1.0088 1.0628 0.9588 0.9944 0.7977 0.7696 0.9207
0.9316 0.9360 0.9493 1.0070 0.9714 1.0895 1.1630 1.0794 1.0784 1.0195 1.1054 0.9279 0.9342 1.0000 0.8067 0.7513
0.7016 0.8096 0.8965 0.9417 1.0174 1.1868 1.1009 1.0822 1.0532 1.0553 1.1108 1.1328 0.9974 0.8150 0.8646 0.7745
0.8074 0.8870 0.9400 1.0124 0.9857 1.0530 1.0716 1.0338 1.0575 1.0182 1.0324 1.0662 0.9642 0.9538 0.9208 0.8320
0.8938 0.7610 0.8895 0.8769 1.0687 1.2049 0.9959 1.1565 1.0878 1.2020 1.0224 1.0602 1.1133 0.9053 0.8581 0.8807
0.7040 0.8608 0.8268 0.8575 1.0407 1.0253 1.1274 1.0226 1.0505 1.1516 1.1077 1.0477 1.0014 0.9823 0.9552 0.9002
0.7276 1.0000 0.9268 0.9069 0.9859 1.1729 1.1304 1.0459 1.0532 1.1464 1.1058 0.9112 0.9665 0.8906 0.8786 0.8690
0.8762 0.9209 1.0098 0.8875 1.0855 1.1972 0.9952 1.0801 1.1004 1.1661 0.9872 1.1031 1.0000 0.9194 0.8917 0.7852
0.9141 0.9205 0.9260 0.9873 0.9264 1.1131 1.0570 1.0682 1.0341 0.9648 1.0499 1.1011 1.0331 1.0079 0.9852 0.8629
0.6409 0.7798 0.9149 0.9863 1.0000 1.0223 1.0158 1.0170 1.0111 1.0787 0.9962 1.0696 0.9822 0.9056 1.0000 0.7625
0.8405 0.8054 1.0119 0.9978 1.0816 1.1511 1.1548 0.9201 1.0953 1.1707 1.1476 1.0360 1.0668 0.8879 0.8541 0.7963
0.8170 0.8017 0.8968 0.9665 1.2012 1.0000 1.0816 1.1808 1.1141 1.0206 1.1982 0.9423 0.9425 0.9048 0.9758 0.9627
0.8506 0.9391 0.8884 0.9897 1.1071 1.0974 1.1477 1.1601 1.1696 1.1549 1.0620 0.9462 0.9346 0.8501 0.7226 0.6839
