0.8492 0.9841 0.9499 0.9618 1.0661 1.1225 1.0650 1.2034 1.1257 1.1664 0.9901 0.9173 1.0397 1.0004 0.7700 0.7969
0.9258 0.9609 1.0702 1.1276 1.2027 1.2874 1.2323 0.8691 0.9244 0.8642 1.0916 0.9450 0.9078 0.7821 0.9420 0.7144
0.6877 0.8174 0.9663 0.9874 1.0627 1.1998 1.0619 1.1143 1.0494 1.2400 0.9576 0.8659 0.8951 0.8861 0.9413 0.6042
0.7007 0.8250 0.9176 1.0607 1.0556 1.1144 1.1627 1.0822 0.9570 1.0985 1.1470 0.9365 0.9614 0.8408 0.8373 0.6176
0.7797 0.8881 0.9141 0.9185 1.0000 1.1017 1.1538 1.0617 1.1532 1.2275 0.9980 0.9615 0.9495 1.0492 0.9516 0.8285
0.8522 0.9629 0.9598 1.0203 1.2007 1.1500 1.2047 0.9847 1.2239 1.1186 1.0637 0.9633 0.9258 0.8585 0.7586 0.7519
0.7689 0.9078 0.9649 0.9921 1.1172 1.0232 1.1947 1.1741 1.1156 1.0512 1.0531 1.0221 0.9573 0.8171 0.7797 0.8207
0.9967 0.8619 0.9341 1.0008 1.0000 1.1517 1.1902 1.0457 1.1023 1.1055 1.0874 1.0633 1.0169 0.8748 0.7478 0.8076
0.8365 0.9545 0.9176 0.9550 1.0782 1.0566 1.1944 1.0407 1.1235 1.1132 1.0254 0.9794 0.9636 0.9791 0.7966 0.7184
0.7750 0.8196 0.9492 1.0936 1.0583 1.1189 1.0840 1.1774 0.9470 1.0196 1.1394 0.8018 0.8185 0.9833 1.0123 0.9681
0.8431 0.7639 0.8801 0.8715 1.0936 1.1725 1.2375 1.0751 1.0428 1.1042 1.0039 1.0011 1.0205 0.9433 0.8246 0.8059
0.8033 0.8782 0.8874 1.0422 1.1617 1.1690 1.1861 0.9472 0.9744 1.2062 0.9743 0.9043 0.8580 1.0000 1.0000 0.5702
0.9430 0.9224 0.9115 1.0205 1.1696 1.0782 1.1303 0.9009 1.0987 1.0206 1.0204 0.9452 0.9868 0.7802 0.7055 0.8927
0.9536 0.9768 0.9768 1.0192 0.9925 1.1347 1.1609 1.0698 1.0607 0.9912 1.0686 0.9126 0.8732 1.0000 0.8105 0.6985
0.6900 0.8153 0.8536 0.9046 1.0863 1.2685 1.0922 1.1012 1.0255 1.0505 1.1193 1.1591 0.9941 0.8403 0.8598 0.7642
0.7576 0.9243 0.9472 1.0878 1.0434 1.0207 1.0946 0.9966 1.1220 0.9653 0.9865 1.0278 1.0112 0.9232 0.8485 0.7548
0.9342 0.7166 0.8643 0.8695 1.1202 1.2532 0.9998 1.2151 1.0797 1.1257 1.0045 1.0149 1.1273 0.8869 0.7936 0.9262
0.7129 0.9535 0.8452 0.8526 1.0697 1.0091 1.2102 1.1483 1.0361 1.1786 1.0910 0.9781 0.9262 0.9052 0.8877 0.8505
0.7572 1.0000 0.9527 0.9315 1.0123 1.1490 1.1470 1.0195 1.0898 1.1956 1.1120 0.8623 0.9883 0.8718 0.8591 0.8111
0.8849 0.8816 1.0191 0.9184 1.0805 1.2288 0.9916 1.1161 1.0757 1.1510 0.9746 1.1252 1.0000 0.8868 0.9085 0.7607
0.9334 0.9698 0.9288 0.9781 0.8983 1.1227 1.0618 1.0864 1.0579 0.9662 1.0497 1.1817 0.9747 0.9803 0.9440 0.7939
0.6584 0.8405 0.9740 1.0335 1.0000 1.0410 1.0524 1.0422 1.0148 1.0450 0.9371 1.0371 0.9583 0.8654 1.0000 0.7379
0.7957 0.8132 1.0233 1.0486 1.0457 1.1774 1.1747 0.9061 1.1037 1.1636 1.1484 1.0249 1.0618 0.9032 0.8209 0.8010
0.8693 0.8638 0.9350 1.0134 1.2722 1.0000 1.1177 1.1776 1.1091 1.0151 1.2192 0.8661 0.8853 0.8535 0.9294 0.8702
0.8442 0.9397 0.8502 1.0236 1.1462 1.1141 1.2471 1.1653 1.1363 1.1846 1.0786 0.9021 0.9255 0.8186 0.6817 0.6714
