1.2848 1.1525 1.0674 1.1522 1.0358 0.9744 1.0691 0.9171 1.1273 1.1244 0.8732 0.8498 0.9428 0.7894 0.7983 0.8424
1.0000 1.0560 1.1259 1.2198 1.1309 0.9885 1.0357 0.9739 0.8842 0.9857 0.9312 0.9031 0.9310 0.9959 0.8660 1.0000
1.1478 1.0067 0.9664 1.4147 0.9481 1.0483 1.0000 0.9704 0.9758 1.0662 1.0136 0.9271 1.0133 0.9688 1.0074 0.9909
1.2427 1.1051 1.1050 1.1455 0.9870 1.0380 1.1103 0.9424 0.9999 0.9307 0.9463 0.9492 0.8659 0.9244 0.8425 0.9611
1.3778 1.0684 0.9755 1.0319 0.9441 0.9494 0.9607 0.9506 0.8419 0.9124 0.9851 1.1081 0.9171 1.0679 1.0918 1.2938
1.0810 1.0757 0.9484 1.0628 0.9716 1.0579 1.1042 0.9957 0.8298 1.1048 0.8934 0.9507 0.9397 0.9201 0.9863 1.0606
1.2551 1.1564 1.0834 1.0390 0.9725 0.9433 0.9849 0.8982 0.8893 1.0494 0.9436 0.8521 0.9962 1.0233 1.0000 1.0273
1.2335 1.2298 1.0318 1.0912 1.0961 1.1132 1.0824 1.0340 1.1323 0.9170 0.8960 0.8557 0.8269 0.7763 0.8209 0.8815
0.7029 0.7303 0.9706 0.7980 0.9289 0.9554 0.8657 1.0414 1.0800 0.9436 1.1063 1.0160 1.1734 0.8916 1.2399 1.0972
1.0091 0.9007 0.8730 1.1001 0.9837 0.9952 0.9706 1.0120 0.9072 0.9541 0.9521 0.9773 1.0914 1.0267 1.1296 1.2294
0.6337 0.7496 0.8671 0.8575 0.9317 0.9942 0.9562 1.1063 1.0342 0.9771 0.9748 0.9672 1.1621 1.1443 0.9737 1.1261
1.2319 1.0894 1.1341 1.1720 1.0534 1.1190 1.1296 0.9868 1.0143 0.8954 0.8569 0.8854 0.8868 0.8429 0.9022 0.8015
0.9979 0.9791 0.9693 1.0618 0.9894 0.8652 0.7823 1.1067 0.9176 0.9509 1.1194 0.8989 1.0282 1.1598 1.0848 1.3761
1.0555 0.9705 1.0147 0.7923 0.8698 0.9577 0.9461 1.0701 0.9696 0.9510 1.0295 0.9649 1.0741 0.9965 1.1286 1.1345
1.3271 1.1513 0.9890 0.9638 1.0709 1.0876 1.0349 1.0970 0.9703 0.8255 0.9757 0.9490 0.9242 0.7573 0.7312 0.7888
0.9276 0.9641 1.0581 0.8887 0.9199 1.0686 1.0105 0.9886 1.0000 0.9407 1.0045 0.9388 1.0000 1.0759 1.1144 1.2864
0.9938 0.9515 0.9715 1.0000 0.9733 0.9573 1.0195 0.9325 0.9899 1.0594 1.0666 1.0220 1.0545 1.0127 1.1637 1.3047
1.3864 1.3523 0.9579 1.2731 0.9774 0.9990 1.1303 0.9474 0.8844 1.0000 1.0000 0.9472 1.0000 0.8329 0.9147 1.0022
1.4106 1.0215 1.3151 0.9952 0.8386 1.1305 1.0307 0.9830 1.0791 0.9782 0.8725 0.9929 0.8917 0.8631 0.9212 1.0693
1.1253 1.0804 1.1515 1.1968 0.9851 1.0379 0.9492 0.9584 1.0145 1.0608 0.9308 0.8349 0.8018 0.7706 0.5585 0.5164
1.3800 1.0015 1.0000 0.9731 1.1691 1.0816 0.9504 1.0125 1.0105 0.8943 0.9483 1.1247 0.9332 1.0516 0.9833 0.9393
0.5280 0.6929 0.9599 0.9795 0.9605 1.0192 1.0243 0.9732 0.9978 1.0565 0.9985 1.0704 1.1150 0.9097 0.9564 1.2368
1.0344 0.8806 0.8987 0.8941 0.8723 0.9505 0.9099 0.9804 1.0000 1.2293 0.9520 0.9477 1.0893 1.2442 1.1715 1.1762
1.0115 0.9796 0.8115 1.0014 0.8705 0.9764 0.9299 0.9292 1.1327 0.9376 1.0469 1.1037 1.0167 1.0530 0.5458 1.1202
1.3704 1.1460 1.1020 1.1812 1.0895 1.0698 1.1447 1.0061 0.9793 0.8103 0.9997 0.8404 0.9605 0.8580 0.7908 0.8897
