1.2823 1.1452 1.0659 1.1558 1.0270 0.9832 1.0665 0.9242 1.1243 1.1210 0.8813 0.8578 0.9412 0.7864 0.7787 0.8399
1.0000 1.0445 1.1191 1.2230 1.1300 0.9931 1.0366 0.9897 0.9050 0.9868 0.9329 0.8904 0.9331 0.9758 0.8329 1.0000
1.1278 0.9940 0.9457 1.3791 0.9141 1.0180 1.0000 0.9537 0.9660 1.0673 0.9945 0.9141 0.9998 0.9905 1.0244 1.0216
1.2257 1.0844 1.1066 1.1225 0.9917 1.0571 1.1171 0.9259 0.9909 0.9434 0.9519 0.9561 0.8664 0.9177 0.8481 0.9672
1.4021 1.0470 1.0071 1.0381 0.9482 0.9356 0.9701 0.9403 0.8525 0.9268 0.9955 1.1041 0.9362 1.0839 1.0880 1.2721
1.1023 1.0763 0.9656 1.0492 0.9667 1.0549 1.0944 0.9799 0.8359 1.1096 0.8868 0.9541 0.9330 0.9232 0.9974 1.0612
1.2647 1.1428 1.0858 1.0394 0.9853 0.9424 0.9846 0.9258 0.8946 1.0660 0.9395 0.8517 0.9736 1.0185 1.0000 1.0158
1.2498 1.2163 1.0150 1.0899 1.1161 1.1201 1.0901 1.0215 1.0994 0.9232 0.9127 0.8645 0.8212 0.7787 0.8000 0.8668
0.6988 0.7352 0.9619 0.8001 0.9163 0.9642 0.8716 1.0550 1.0925 0.9417 1.1152 1.0254 1.2003 0.8944 1.2235 1.0459
1.0281 0.9191 0.8875 1.0803 1.0091 0.9827 0.9707 1.0351 0.8769 0.9506 0.9296 0.9454 1.1044 1.0361 1.1158 1.2396
0.6433 0.7498 0.8561 0.8399 0.9238 0.9861 0.9368 1.0826 1.0297 0.9799 0.9990 0.9495 1.1748 1.1500 0.9907 1.1418
1.2399 1.0742 1.1368 1.1770 1.0580 1.1180 1.1377 0.9990 1.0051 0.9127 0.8594 0.8917 0.8666 0.8404 0.8952 0.7957
0.9874 0.9965 0.9420 1.0367 0.9795 0.8797 0.7612 1.1102 0.9234 0.9197 1.1308 0.9194 1.0470 1.1750 1.0979 1.4056
1.0622 1.0069 1.0384 0.8265 0.8780 0.9715 0.9613 1.0773 0.9893 0.9408 1.0167 0.9468 1.0397 0.9765 1.1089 1.1203
1.3424 1.1649 0.9883 0.9930 1.0912 1.0939 1.0642 1.0995 0.9599 0.8158 0.9480 0.9276 0.8896 0.7344 0.6994 0.7640
0.9470 0.9606 1.0601 0.9137 0.9208 1.0581 1.0035 0.9794 1.0000 0.9386 0.9828 0.9455 1.0000 1.0552 1.1128 1.2880
0.9779 0.9653 0.9776 1.0000 0.9805 0.9820 1.0465 0.9427 1.0142 1.0466 1.0512 1.0054 1.0198 0.9907 1.1467 1.2787
1.3813 1.3459 0.9508 1.2647 0.9502 0.9864 1.1376 0.9474 0.8875 1.0000 1.0000 0.9466 1.0000 0.8540 0.9425 0.9573
1.4092 1.0196 1.3110 1.0044 0.8314 1.1314 1.0254 0.9998 1.0804 0.9784 0.8908 0.9821 0.8842 0.8634 0.8985 1.0630
1.1139 1.1120 1.1336 1.1850 0.9908 1.0526 0.9601 0.9479 1.0054 1.1280 0.9449 0.8277 0.8247 0.7724 0.5623 0.5141
1.3998 1.0112 1.0000 0.9667 1.1693 1.0946 0.9583 1.0100 1.0039 0.8966 0.9441 1.1000 0.9070 1.0574 0.9532 0.9509
0.5377 0.6941 0.9548 0.9924 0.9689 1.0226 1.0103 0.9901 0.9853 1.0696 1.0064 1.0695 1.0992 0.9003 0.9342 1.2425
1.0665 0.8871 0.9187 0.8976 0.8893 0.9616 0.9024 0.9727 1.0000 1.1717 0.9525 0.9414 1.0911 1.2389 1.1709 1.1697
1.0067 0.9768 0.8111 0.9991 0.8671 0.9824 0.9102 0.9436 1.1510 0.9513 1.0569 1.0798 1.0192 1.0466 0.5458 1.1224
1.4357 1.1192 1.0317 1.1393 1.1227 1.0966 1.1680 1.0433 1.0392 0.8637 1.0401 0.8853 0.9499 0.8158 0.7724 0.8244
