1.3524 1.1920 1.0342 1.0945 0.9913 0.9351 1.0806 0.8944 1.1056 1.1403 0.8401 0.8425 0.9200 0.8295 0.8132 0.9306
1.0000 1.0919 1.3077 1.2610 1.1318 1.0047 1.0936 0.9618 0.8896 0.9258 0.8847 0.8479 0.8641 0.8960 0.8382 1.0000
1.0376 0.9082 0.9366 1.1934 0.8489 0.9437 1.0000 0.9633 0.9914 1.0605 0.9456 0.9523 1.0393 1.1452 1.0548 1.2259
1.3533 1.2153 1.1580 1.1490 1.0045 1.0584 1.1018 0.9016 0.9604 0.8735 0.8934 0.9382 0.8057 0.9203 0.7925 0.9772
1.2689 0.9734 0.8907 1.0226 0.9515 0.9890 0.9732 0.9191 1.0121 1.0701 0.9793 1.0868 0.8888 1.0829 1.0666 1.3050
1.1948 1.0842 0.9965 1.1239 0.9709 1.0607 1.0599 0.9749 0.9107 1.0175 0.9933 0.8592 0.8919 0.8379 1.0111 0.9851
1.1958 1.0786 1.0354 0.9975 0.9554 0.9457 1.0235 0.9871 0.9001 1.0504 0.9678 0.8298 0.9751 1.0618 1.0000 1.0490
1.3734 1.2430 1.1447 1.0996 1.1042 1.1004 1.0551 0.9894 1.0720 0.8865 0.8904 0.8216 0.8027 0.7827 0.7583 0.8328
0.6779 0.7124 0.8651 0.7547 0.9530 0.9601 0.8326 1.0335 1.0551 0.9214 1.0794 0.9912 1.2130 1.0203 1.2207 1.1994
1.1664 1.0144 1.0098 1.1175 1.0066 0.9887 0.9517 1.1558 0.8594 0.8559 0.8957 0.8788 0.9907 0.9763 1.0761 1.0931
0.6734 0.7394 0.9013 0.8189 0.9566 0.9463 0.8893 1.0714 1.0235 0.9428 1.0611 0.9038 1.2541 1.0710 0.9583 1.3055
1.2628 1.1401 1.1741 1.1928 1.0821 1.1045 1.1285 0.9851 1.0139 0.8827 0.8409 0.8915 0.8439 0.8074 0.8379 0.8038
0.9958 0.8268 0.8021 0.9103 0.8630 0.9052 0.8260 1.0276 0.9408 1.1354 1.1756 1.0253 1.1178 1.2059 1.1480 1.5389
1.2160 1.0616 1.1013 1.0121 0.8465 0.9992 1.0366 1.0354 0.9686 0.8855 0.9624 0.8815 0.9823 0.8856 1.0041 1.0768
1.2106 1.1711 0.9349 0.9000 1.0394 1.0390 0.9881 1.0570 1.0097 0.9337 0.9564 0.9720 0.9502 0.8114 0.7777 0.9351
1.0477 0.9277 1.0583 0.9127 0.9884 1.0459 0.9598 0.9949 1.0000 0.8892 0.9306 1.0870 1.0000 1.0150 1.0053 1.1726
0.9597 0.9406 0.9340 1.0000 0.9880 0.9318 1.0326 1.0898 0.9775 1.0144 1.0254 0.9869 1.0424 1.0828 1.2522 1.2736
1.4859 1.3448 1.0271 1.2798 0.9765 0.9709 1.1133 0.9523 0.8999 1.0000 1.0000 0.8989 1.0000 0.8534 0.9183 0.9235
1.4811 1.0146 1.1935 0.9207 0.7993 1.1044 0.9954 0.9856 1.0825 1.0335 0.9026 1.0105 0.8959 0.8803 0.9900 1.1419
1.1750 1.1304 1.1689 1.2181 0.9851 1.0375 0.9492 0.9247 0.9873 0.9736 0.8981 0.8016 0.7962 0.7718 0.5359 0.5311
1.3144 0.9814 1.0000 0.9732 1.1355 1.0848 0.9305 1.0246 0.9887 1.0166 0.9019 1.0311 0.8615 1.0234 0.9729 1.0651
0.7408 0.7284 0.9739 0.9918 1.0915 1.0111 0.9723 0.9439 0.9423 1.0715 0.9713 0.9774 1.0371 1.0054 1.0149 1.2426
1.0321 0.8818 0.8930 0.9430 0.8395 0.9332 0.8529 0.9190 1.0000 1.1369 0.9379 0.9531 1.1552 1.2919 1.3692 1.6867
1.0233 1.0792 0.9024 1.0490 0.8890 0.9772 0.9545 0.9988 1.0972 0.9005 1.0151 1.0299 0.9308 1.0275 0.5458 1.0546
1.1669 1.0018 0.9341 0.9684 0.9844 0.9916 1.0694 1.0028 1.0021 0.8860 1.0520 0.9691 1.0520 0.9500 1.0010 1.1067
