1.4676 1.4227 1.3135 1.3585 1.1061 0.9975 1.1568 1.0006 0.9679 0.9757 0.7968 0.7942 0.7946 0.7420 0.6430 0.6145
1.0000 0.8048 1.0341 1.0054 0.9220 0.9358 1.0936 1.0072 0.9853 1.0880 1.0535 0.8939 0.9683 1.1526 1.0619 1.0000
1.4550 1.3851 1.5424 2.0405 1.0958 1.1683 1.0000 0.8590 1.0627 1.0615 0.8072 0.7802 0.8456 0.9097 0.8364 0.8095
1.0362 0.8427 0.8020 0.9574 0.8150 0.9296 0.9124 0.9157 1.1130 1.0156 1.0354 1.0768 0.9914 0.9820 1.0837 1.6197
1.2591 1.0659 1.1333 1.0263 1.1267 1.1423 1.2607 1.1969 0.9772 1.1651 1.2445 1.0426 0.9574 1.0033 0.9899 0.9132
0.7759 0.8583 0.7149 0.8659 0.8629 0.9247 1.1361 1.0429 0.9550 1.1224 1.0497 1.2313 1.1219 1.0518 1.1332 1.3000
1.7285 1.4532 1.3438 1.2472 1.1860 1.0286 1.0489 0.8836 0.8503 0.8107 0.7936 0.7520 0.7437 0.9681 1.0000 0.7596
1.0025 0.9023 0.9790 0.9193 0.8489 1.0388 1.0603 1.0986 1.2143 0.9777 1.0088 1.0308 0.9270 0.9370 1.0260 1.1095
1.0784 1.0210 1.2922 1.0822 1.1042 1.2822 0.9815 1.1370 1.1268 0.9382 1.0615 0.9090 0.9083 0.9311 0.9877 1.0825
1.0616 0.8296 1.0865 0.8305 0.9207 0.9891 0.8865 1.1149 0.8876 1.0390 0.9513 1.0503 1.1433 1.1956 1.0926 1.5996
0.7352 1.1322 1.2021 0.8437 1.1365 1.1388 1.0797 1.0413 1.0758 0.9118 0.8835 0.8570 1.0019 0.8517 0.7524 1.3749
0.7840 0.7811 0.8774 0.8762 0.8300 0.9208 1.0186 0.9119 1.0215 1.1546 1.1214 1.1169 1.1275 1.2056 1.2116 1.0175
1.0945 1.0663 0.9980 1.0413 1.0669 1.1734 1.1308 1.4698 0.7820 1.2261 1.0123 0.7667 0.8048 0.7613 0.7137 0.9530
1.1121 0.9219 1.1723 0.9092 0.7758 0.9156 0.9029 1.0124 1.0593 1.0586 1.0849 0.9855 1.0393 0.9577 0.9980 0.9821
1.4392 1.4349 1.0948 1.1921 1.2185 1.0830 1.1109 1.0750 0.9629 0.8050 0.8584 0.7843 0.6577 0.5946 0.6252 0.6244
0.7256 0.8578 0.8983 0.8214 0.8794 0.8612 0.9806 0.9375 1.0000 0.9114 1.1818 1.2260 1.0000 1.3571 1.3750 1.4325
1.1488 0.9259 1.2242 1.0000 1.0423 0.9954 1.0831 1.0714 0.9356 0.9343 0.9198 0.9373 0.8609 0.9051 1.0880 0.9274
0.7800 0.7730 0.8201 0.9026 0.8149 0.8203 1.0366 0.9769 0.9986 1.0000 1.0000 1.2222 1.0000 1.1780 1.1760 1.2863
1.6374 1.3057 1.7127 1.2052 1.0050 1.1606 1.0947 1.0655 0.9944 0.9360 0.8275 0.8201 0.7076 0.7101 0.8249 0.8104
0.7707 0.8288 0.9853 1.0079 0.8821 0.9875 1.0279 1.0169 1.3057 1.1582 1.1972 0.9825 1.1004 1.1354 0.7100 0.6689
1.3452 1.1085 1.0000 1.0110 1.1618 1.1323 1.0154 1.0077 0.9989 0.9567 0.9278 1.0512 0.8652 0.9474 0.9088 0.9558
0.7789 0.5984 0.7921 0.6486 0.8848 0.8779 0.9970 0.9516 0.9988 1.0406 1.0934 1.2820 1.2024 1.1649 1.1199 1.6094
1.0304 1.0507 1.1057 0.9633 1.0264 1.0479 1.1329 1.1310 1.0000 1.5239 0.9573 0.8215 0.8373 0.6782 0.6254 0.8342
0.7436 0.7074 0.7546 0.8861 0.7969 0.7949 0.8292 1.0155 1.2113 1.0799 1.1314 1.0942 1.2724 1.3658 0.6924 1.4736
1.5217 1.2628 1.1647 1.2234 1.2290 1.3327 1.3237 1.2821 1.0430 0.8725 0.8323 0.9746 0.9303 0.7732 0.7497 0.8307
