0.7392 0.7962 0.8623 0.8869 1.0367 1.0783 1.0548 1.1745 1.1406 1.1717 1.0207 0.9937 1.0403 1.0183 0.8707 0.8680
0.8553 0.8634 0.9714 1.0374 1.0959 1.2401 1.2147 0.9664 1.0059 0.9303 1.0941 0.9971 0.9248 0.8432 0.9902 0.7659
0.6631 0.7166 0.9238 0.9294 0.9554 1.0872 1.1279 1.0777 1.0702 1.2154 1.0012 0.9675 0.9036 0.9190 0.9017 0.7267
0.6722 0.7474 0.8628 0.9694 0.9789 1.0891 1.1020 1.0182 0.9724 1.1499 1.1276 0.9709 1.0428 0.8942 0.9426 0.7562
0.7464 0.7947 0.8304 0.9193 1.0000 1.0380 1.1130 1.0581 1.1699 1.2120 1.0202 1.0301 0.9671 1.0295 0.9384 0.8298
0.8453 0.8696 0.8690 0.9506 1.1439 1.1016 1.1842 1.0947 1.1644 1.0943 1.0396 1.0204 0.9726 0.9351 0.8592 0.8570
0.7610 0.8212 0.8668 0.9357 1.0404 1.0250 1.1521 1.1615 1.0919 1.0684 1.0895 1.0440 0.9879 0.9117 0.8380 0.9665
0.8916 0.8048 0.8703 0.9525 1.0000 1.0973 1.2011 1.1016 1.0757 1.0527 1.1360 1.0922 1.0308 0.9197 0.8493 0.9222
0.8183 0.8681 0.8595 0.8799 1.0209 1.0296 1.1379 1.0471 1.0742 1.1043 1.0351 1.0902 0.9858 1.0286 0.9174 0.8447
0.6850 0.7478 0.8555 0.9769 1.0085 1.0260 1.0445 1.1044 0.9774 1.0176 1.1553 0.9537 0.9253 0.9727 1.0158 1.0213
0.7173 0.6508 0.7455 0.8052 0.9423 1.0483 1.1586 1.0286 1.0085 1.0515 1.0198 0.9614 1.0219 0.9849 0.8547 0.9755
0.7423 0.8454 0.9251 0.9939 1.1791 1.1479 1.1353 0.8705 1.0262 1.2290 1.0712 0.9611 0.9429 1.0000 1.0000 0.6946
0.9412 0.9079 0.9067 1.0153 1.1415 1.1041 1.1559 1.0177 1.1145 1.0280 1.0698 1.0236 0.9935 0.8434 0.8376 0.9763
0.9106 0.9103 0.9638 1.0103 0.9895 1.0900 1.1660 1.1407 1.0812 1.0490 1.1407 0.9371 0.9574 1.0000 0.8461 0.8005
0.6835 0.7433 0.8702 0.9145 1.0024 1.2051 1.0902 1.0555 1.0387 1.0501 1.0936 1.1122 0.9900 0.8474 0.9037 0.8248
0.7022 0.8177 0.9306 1.0000 0.9864 1.0375 1.0818 1.0445 1.0773 1.0085 1.0024 1.0738 0.9940 0.9740 0.9217 0.8679
0.8894 0.7616 0.8747 0.8833 1.0346 1.1706 0.9847 1.1722 1.1311 1.1688 1.0525 1.0299 1.1063 0.9284 0.8924 0.9212
0.7013 0.7902 0.7996 0.8258 1.0120 0.9944 1.1205 0.9989 0.9906 1.1032 1.0793 1.0609 1.0318 1.0191 0.8969 0.9163
0.6897 1.0000 0.9045 0.9265 0.9862 1.1392 1.1238 1.0488 1.0636 1.1587 1.0802 0.9028 0.9901 0.8924 0.8806 0.9033
0.8247 0.8144 0.9366 0.8377 1.0499 1.1551 1.0185 1.0740 1.0499 1.1630 1.0352 1.1208 1.0000 0.9645 0.9751 0.9408
0.8776 0.8945 0.8834 0.9496 0.9421 1.1044 1.0688 1.0396 1.0383 0.9538 1.0538 1.1143 1.0027 0.9952 1.0252 0.9628
0.6292 0.7707 0.9142 0.9943 1.0000 1.0658 1.0588 1.0595 1.0225 1.0973 1.0063 1.0485 0.9878 0.9148 1.0000 0.8278
0.8393 0.7803 0.9717 0.9430 1.0555 1.1562 1.1557 0.9393 1.0701 1.1354 1.1613 1.0282 1.0446 0.9416 0.8855 0.8504
0.7766 0.7866 0.8728 0.9483 1.2258 1.0000 1.0789 1.1740 1.1026 1.0551 1.2158 0.9425 0.9427 0.9405 0.9725 0.9716
0.8409 0.9339 0.8837 0.9665 1.0961 1.1092 1.1877 1.1836 1.1802 1.1643 1.0788 0.9671 0.9661 0.8944 0.7781 0.7679
