0.8295 0.8570 0.9002 0.9302 1.0479 1.1047 1.0765 1.1979 1.0745 1.1597 0.9776 1.0392 1.0642 1.0652 0.8549 0.8279
0.8583 0.9094 1.0131 1.0647 1.1311 1.2174 1.1977 0.9365 0.9578 0.9193 1.0939 0.9792 0.9823 0.8363 1.0219 0.7715
0.6982 0.7703 0.9877 0.9645 0.9798 1.1356 1.0316 1.1120 1.0357 1.2816 1.0073 0.8527 0.9556 0.9260 0.9739 0.6084
0.6675 0.7942 0.9044 0.9956 1.0056 1.1107 1.1558 1.0839 0.9177 1.0931 1.1687 0.9286 1.0071 0.8693 0.9330 0.5943
0.7411 0.8418 0.8776 0.9210 1.0000 1.0650 1.1256 1.0548 1.1617 1.2329 1.0463 1.0008 0.9956 1.0388 0.9888 0.8468
0.8793 0.8869 0.8884 0.9779 1.1553 1.0707 1.1718 0.9586 1.2150 1.1322 1.0651 1.0327 1.0022 0.9149 0.8448 0.8080
0.7239 0.8823 0.9471 0.9343 1.0667 0.9528 1.2145 1.2399 1.0650 0.9929 1.0851 1.0073 0.9693 0.9689 0.8515 0.8290
0.9257 0.8479 0.8958 0.9662 1.0000 1.1094 1.2311 1.0818 1.1160 1.0888 1.0524 1.1369 1.0564 0.8746 0.8358 0.7702
0.8491 0.9108 0.8850 0.9027 1.0494 1.0405 1.1309 1.0203 1.0857 1.1138 1.0501 1.0715 1.0006 1.0460 0.8903 0.7416
0.7172 0.7900 0.8853 1.0116 0.9902 1.0498 1.1080 1.1391 0.9789 1.0468 1.1847 0.8372 0.8518 0.9975 1.0191 1.0281
0.8032 0.7228 0.8206 0.8381 1.0154 1.1235 1.2018 1.0320 1.0386 1.1463 1.0040 1.0358 1.0906 1.0283 0.8674 0.8642
0.7942 0.9015 0.8877 1.0392 1.1704 1.1882 1.1925 0.9119 0.9353 1.1919 0.9795 0.9122 0.8993 1.0000 1.0000 0.6181
0.9502 0.9128 0.9197 1.0240 1.1207 1.0508 1.0915 0.9222 1.0756 0.9815 1.0256 1.0137 1.0099 0.8576 0.7964 0.9749
0.9287 0.9226 0.9470 1.0060 0.9829 1.0772 1.1432 1.1100 1.0573 0.9903 1.1227 0.9131 0.9713 1.0000 0.8332 0.7373
0.6671 0.7725 0.8422 0.8953 0.9925 1.1714 1.0897 1.0897 1.0308 1.0512 1.1100 1.1378 1.0550 0.8433 0.9393 0.8468
0.6961 0.8707 0.9708 1.0196 1.0140 1.0491 1.0974 0.9638 1.1064 0.9317 0.9996 1.0607 1.0596 0.9568 0.9005 0.7653
0.9026 0.7048 0.8394 0.8346 1.0462 1.1820 0.9756 1.1920 1.1202 1.1662 1.0553 1.0421 1.1689 0.9518 0.8507 0.9455
0.7251 0.8807 0.8581 0.8300 1.0552 0.9716 1.2481 1.0860 1.0297 1.1547 1.1206 1.0085 0.9256 0.8961 0.9424 0.9682
0.7095 1.0000 0.9646 0.8937 0.9596 1.1178 1.1308 0.9617 1.0799 1.1725 1.1052 0.8970 1.0178 0.8958 0.9102 0.8917
0.8464 0.8711 0.9708 0.8564 1.0695 1.1801 0.9973 1.0705 1.0400 1.1432 1.0147 1.1489 1.0000 0.9549 0.9915 0.8630
0.9352 0.9345 0.9296 0.9338 0.8847 1.1363 1.0448 1.0803 1.0733 0.9490 1.0728 1.1674 1.0045 1.0258 0.9874 0.7394
0.6508 0.8662 0.9787 1.0235 1.0000 1.1099 1.0577 1.0822 0.9685 1.0209 0.9685 1.0459 0.8919 0.8544 1.0000 0.6423
0.8594 0.8428 0.9978 0.9603 1.0683 1.1196 1.1838 0.9246 1.0450 1.0954 1.1280 1.0490 1.0804 0.9766 0.8693 0.8059
0.8156 0.8422 0.8855 0.9747 1.2678 1.0000 1.0898 1.1433 1.1171 1.0572 1.2251 0.8409 0.9541 0.9574 0.9536 0.8687
0.8456 0.9174 0.8743 0.9717 1.1178 1.0886 1.1630 1.1659 1.1122 1.1544 1.0765 0.9196 0.9881 0.8779 0.7411 0.7641
