1.3694 1.1888 1.0486 1.0982 0.9821 0.9379 1.0695 0.8968 1.0904 1.1246 0.8400 0.8432 0.9305 0.8551 0.7943 0.9374
1.0000 1.0713 1.3412 1.2464 1.1161 0.9821 1.0874 0.9542 0.8817 0.9160 0.8649 0.8613 0.8771 0.9318 0.8716 1.0000
0.9897 0.8683 0.9932 1.1799 0.8200 0.9290 1.0000 0.9362 0.9606 1.0266 0.9271 0.9618 1.0452 1.1944 1.1070 1.2539
1.3584 1.2026 1.1593 1.1224 1.0033 1.0591 1.0963 0.9192 0.9578 0.8744 0.9001 0.9455 0.8227 0.9453 0.7904 1.0063
1.2484 0.9920 0.9128 1.0196 0.9563 1.0345 1.0186 0.9193 1.0294 1.0937 0.8737 1.0599 0.8713 1.0665 0.9912 1.2390
1.2323 1.0671 1.0063 1.1408 0.9798 1.0645 1.0560 0.9529 0.9566 0.9916 1.0213 0.8553 0.8768 0.8492 1.0255 0.9493
1.2104 1.1081 1.0520 0.9903 0.9561 0.9553 1.0186 0.9663 0.8782 1.0630 0.9520 0.8247 0.9653 1.0772 1.0000 1.0384
1.3353 1.1971 1.1738 1.1054 1.1072 1.1083 1.0535 0.9998 1.0800 0.8928 0.8758 0.8381 0.8090 0.8012 0.7876 0.8256
0.6473 0.7111 0.8772 0.7268 0.9174 0.9428 0.8218 0.9997 0.9868 0.8788 0.9932 0.9735 1.1820 1.0194 1.1714 1.2499
1.1800 1.0040 1.0311 1.0899 0.9910 0.9764 0.9314 1.2053 0.8732 0.8490 0.9231 0.8682 0.9819 0.9849 1.0446 1.0215
0.7080 0.7311 0.9059 0.8151 0.9867 0.9861 0.9023 1.0217 0.9664 0.9429 1.1081 0.9039 1.2674 1.0830 0.9687 1.3155
1.2831 1.1458 1.2013 1.1904 1.0882 1.1133 1.1375 0.9757 1.0093 0.8748 0.8303 0.8543 0.8650 0.7922 0.8378 0.7846
1.0107 0.8168 0.8043 0.9017 0.8601 0.9210 0.8584 1.0569 0.9634 1.1172 1.2009 1.0048 1.1151 1.1958 1.1932 1.5409
1.2968 1.0935 1.1030 1.0435 0.8561 1.0128 1.0557 1.0209 0.9386 0.8517 0.9203 0.8431 0.9695 0.8589 1.0169 1.0868
1.1430 1.1861 0.9278 0.9117 1.0603 1.0287 0.9882 1.0743 1.0139 0.9570 0.9536 0.9653 0.9598 0.8042 0.8063 0.9691
1.0653 0.8987 1.0338 0.9055 1.0099 1.0588 0.9681 0.9937 1.0000 0.9109 0.9212 1.0969 1.0000 0.9879 0.9867 1.1162
0.9453 0.9257 0.9209 1.0000 1.0061 0.9327 1.0443 1.1225 0.9916 0.9894 1.0283 0.9886 1.0614 1.0688 1.2695 1.1927
1.4741 1.3076 1.0693 1.2698 1.0040 0.9991 1.1234 0.9822 0.9260 1.0000 1.0000 0.9061 1.0000 0.8341 0.8952 0.8775
1.5291 1.0029 1.2050 0.9405 0.8074 1.1143 1.0218 0.9902 1.0757 1.0347 0.9046 1.0003 0.8742 0.8956 1.0011 1.1328
1.1415 1.1227 1.1437 1.2172 0.9772 1.0521 0.9560 0.9055 1.0127 1.0287 0.8986 0.8282 0.8359 0.7973 0.5376 0.5818
1.1936 1.0282 1.0000 0.9719 1.0905 1.0511 0.9150 1.0038 0.9804 1.0274 0.8821 0.9999 0.9383 1.0408 1.0297 1.1263
0.7686 0.7444 0.9811 1.0100 1.1302 1.0350 0.9878 0.9644 0.9569 1.0687 0.9672 0.9817 1.0152 0.9909 1.0195 1.2510
1.0079 0.9038 0.9331 0.9908 0.8685 0.9563 0.8866 0.9280 1.0000 1.1180 0.9294 0.9374 1.1554 1.3159 1.3534 1.7406
1.0448 1.1014 0.9107 1.0574 0.8715 0.9985 0.9627 1.0301 1.1014 0.9219 0.9816 1.0177 0.9270 1.0409 0.5458 1.0451
1.0305 0.8854 0.8500 0.8834 0.8967 0.9525 1.0416 0.9823 0.9730 0.8842 1.0171 1.0171 1.1178 1.0010 1.1081 1.2812
