1.3289 1.1958 1.0358 1.0875 1.0038 0.9549 1.0720 0.8907 1.1347 1.1558 0.8718 0.8300 0.9165 0.8071 0.8001 0.9120
1.0000 1.0595 1.2392 1.2724 1.1431 0.9994 1.0578 0.9630 0.9071 0.9381 0.9044 0.8803 0.8879 0.9205 0.8406 1.0000
1.0623 0.9075 0.9211 1.2913 0.8655 0.9602 1.0000 0.9276 0.9955 1.0474 0.9815 0.9550 1.0685 1.0926 1.0661 1.1736
1.2653 1.1493 1.1034 1.1423 1.0076 1.0861 1.0993 0.9080 0.9791 0.9200 0.9232 0.9472 0.8345 0.9451 0.8208 0.9758
1.3041 0.9992 0.9259 1.0266 0.9486 0.9720 1.0076 0.9306 0.9232 1.0020 0.9862 1.0904 0.9102 1.0805 1.0760 1.2896
1.1626 1.1131 0.9920 1.1035 0.9728 1.0640 1.0420 0.9758 0.8833 1.0364 0.9534 0.8855 0.9104 0.8897 1.0135 1.0159
1.2058 1.1052 1.0475 1.0119 0.9371 0.9604 1.0050 0.9610 0.8908 1.0610 0.9557 0.8511 0.9489 1.0848 1.0000 1.0477
1.3291 1.2352 1.1283 1.0962 1.1100 1.0656 1.0426 1.0241 1.1069 0.8963 0.8927 0.8368 0.8121 0.7777 0.8013 0.8434
0.6652 0.7185 0.9082 0.7425 0.9112 0.9620 0.8317 1.0481 1.0348 0.9199 1.0810 1.0180 1.2283 0.9791 1.2549 1.1580
1.0896 0.9586 0.9371 1.0921 1.0299 0.9652 0.9657 1.1010 0.9039 0.9058 0.9371 0.9201 1.0155 0.9827 1.1084 1.1523
0.6730 0.7482 0.9104 0.8390 0.9496 0.9752 0.9448 1.0485 1.0034 0.9917 1.0434 0.9293 1.1664 1.1031 0.9575 1.1968
1.2466 1.1198 1.1594 1.2155 1.0727 1.0786 1.1246 0.9719 1.0266 0.8708 0.8439 0.8640 0.8532 0.8317 0.8917 0.8297
1.0003 0.8637 0.8543 0.9412 0.8914 0.8978 0.7966 1.1454 0.9207 1.0280 1.1671 0.9595 1.0895 1.1747 1.1389 1.5111
1.1390 1.0347 1.0993 0.9445 0.8662 0.9744 1.0078 1.0416 0.9643 0.9071 0.9645 0.8946 1.0299 0.9176 1.0780 1.1083
1.2432 1.1465 0.9565 0.9533 1.0638 1.0974 1.0229 1.0815 0.9824 0.8543 0.9361 0.9504 0.9487 0.7562 0.7302 0.8794
0.9634 0.9496 1.0586 0.8954 0.9613 1.0717 0.9826 1.0109 1.0000 0.9113 0.9775 1.0335 1.0000 1.0232 1.0609 1.2024
0.9386 0.9445 0.9328 1.0000 0.9410 0.9382 1.0279 1.0206 0.9929 1.0413 1.0565 1.0186 1.0677 1.0776 1.2560 1.3099
1.3892 1.3323 1.0167 1.2383 0.9532 1.0027 1.1343 0.9744 0.8955 1.0000 1.0000 0.9192 1.0000 0.8347 0.9221 0.9592
1.5062 1.0230 1.1876 0.9395 0.8172 1.1280 1.0139 0.9742 1.1071 1.0115 0.9042 1.0130 0.8910 0.8705 0.9460 1.1060
1.1645 1.1075 1.1321 1.2108 0.9984 1.0380 0.9304 0.9242 1.0172 1.0009 0.9209 0.8156 0.8316 0.7647 0.5536 0.5159
1.3189 0.9573 1.0000 0.9363 1.1260 1.0693 0.9144 1.0101 0.9890 0.9482 0.9328 1.0709 0.9049 1.0638 0.9943 1.0422
0.6408 0.7304 0.9697 0.9776 1.0504 1.0348 1.0088 0.9470 0.9217 1.0742 0.9644 1.0461 1.0618 0.9746 0.9778 1.2582
1.0334 0.8546 0.9091 0.9671 0.8523 0.9288 0.8890 0.9449 1.0000 1.1373 0.9515 0.9243 1.1110 1.2349 1.2677 1.4703
1.0288 1.0532 0.8547 1.0199 0.8819 0.9885 0.9082 0.9726 1.1101 0.9129 1.0242 1.0495 0.9832 1.0474 0.5458 1.1125
1.3281 1.1243 1.0227 1.0794 1.0606 1.0676 1.0948 0.9769 1.0066 0.8464 1.0083 0.8715 0.9975 0.9012 0.8723 0.9719
