0.7969 0.8562 0.9131 0.9470 1.0563 1.1187 1.0568 1.2142 1.0748 1.2077 0.9885 1.0553 1.0613 1.0461 0.8301 0.7653
0.8562 0.9196 1.0203 1.0590 1.1129 1.2083 1.1885 0.9840 0.9788 0.9591 1.0783 0.9977 0.9395 0.8227 0.9611 0.7191
0.7132 0.7737 0.9779 0.9744 0.9792 1.1325 1.0723 1.1094 1.0821 1.2828 1.0162 0.8722 0.9487 0.8841 0.9104 0.5762
0.6491 0.7574 0.8776 0.9709 0.9899 1.1106 1.1543 1.0815 0.9401 1.1274 1.1663 0.9399 0.9934 0.8515 0.9236 0.5622
0.7017 0.8106 0.8376 0.9105 1.0000 1.0532 1.1317 1.0694 1.1963 1.2510 1.0863 1.0319 1.0058 1.0336 0.9572 0.8393
0.8713 0.8849 0.8742 0.9831 1.1601 1.0509 1.1494 0.9902 1.1935 1.1206 1.0530 1.0384 0.9927 0.9307 0.8660 0.8296
0.7239 0.8659 0.9294 0.9613 1.0483 0.9665 1.1634 1.1901 1.0928 0.9789 1.0929 1.0458 0.9922 1.0002 0.8614 0.8089
0.9351 0.8500 0.9323 0.9714 1.0000 1.1433 1.2206 1.0624 1.0897 1.0573 1.0769 1.1261 1.0666 0.8693 0.8513 0.7677
0.8554 0.9100 0.9001 0.8852 1.0426 1.0312 1.1170 1.0189 1.0666 1.1220 1.0336 1.1041 0.9974 1.0540 0.9155 0.7270
0.7083 0.7680 0.8774 0.9990 0.9891 1.0362 1.0967 1.1235 0.9956 1.0428 1.1834 0.8570 0.8698 0.9886 1.0264 1.0087
0.7903 0.7213 0.8060 0.8695 1.0046 1.1223 1.2065 1.0488 1.0505 1.1639 1.0172 1.0167 1.0947 1.0164 0.8463 0.8763
0.7877 0.8986 0.9054 1.0330 1.2017 1.1748 1.1818 0.8963 0.9226 1.2159 0.9778 0.9005 0.8984 1.0000 1.0000 0.6389
0.9502 0.9064 0.9200 1.0464 1.1182 1.0953 1.1122 0.9413 1.0866 0.9512 0.9948 1.0466 0.9855 0.8400 0.8162 0.9637
0.9452 0.9235 0.9562 1.0267 0.9930 1.0710 1.1420 1.0845 1.0420 1.0350 1.1004 0.9066 0.9596 1.0000 0.8112 0.7337
0.6851 0.7653 0.8483 0.8952 0.9931 1.1748 1.0842 1.0894 1.0321 1.0326 1.0923 1.1388 1.0255 0.8450 0.9175 0.8443
0.6946 0.8642 0.9836 1.0099 1.0022 1.0518 1.0829 0.9649 1.0846 0.9281 1.0139 1.0879 1.0401 0.9831 0.9079 0.7460
0.8905 0.7321 0.8829 0.8886 1.0354 1.1747 0.9538 1.1796 1.1243 1.1710 1.0443 1.0722 1.1426 0.9380 0.8508 0.9184
0.7386 0.8690 0.8955 0.8885 1.0811 0.9929 1.2277 1.0806 1.0329 1.1393 1.1169 1.0032 0.9059 0.8665 0.9366 0.9328
0.7178 1.0000 0.9704 0.9268 0.9711 1.1484 1.1268 0.9751 1.0640 1.1604 1.1007 0.9037 1.0062 0.8878 0.8871 0.8739
0.8375 0.8646 0.9674 0.8556 1.0527 1.1805 1.0002 1.0688 1.0399 1.1287 1.0089 1.1469 1.0000 0.9864 0.9733 0.8960
0.9708 0.9691 0.9416 0.9604 0.9165 1.1386 1.0695 1.0731 1.0596 0.9430 1.0634 1.1161 1.0087 1.0012 0.9587 0.6955
0.6474 0.8720 1.0019 1.0462 1.0000 1.1878 1.0896 1.0784 0.9630 0.9981 0.9755 0.9934 0.8531 0.8167 1.0000 0.5903
0.8861 0.8480 0.9995 0.9571 1.1196 1.1153 1.1636 0.9578 1.0444 1.0840 1.1229 1.0427 1.0697 0.9610 0.8719 0.7692
0.7964 0.8265 0.8952 1.0034 1.2806 1.0000 1.0775 1.1872 1.1495 1.0413 1.2435 0.8337 0.9505 0.9404 0.9430 0.8413
0.8147 0.9071 0.8619 0.9659 1.1260 1.0866 1.1665 1.1827 1.1188 1.1475 1.0791 0.9349 0.9802 0.8733 0.7660 0.7613
