0.7393 0.7958 0.8654 0.8879 1.0352 1.0794 1.0522 1.1728 1.1424 1.1725 1.0200 0.9954 1.0419 1.0209 0.8678 0.8667
0.8536 0.8609 0.9746 1.0391 1.0961 1.2416 1.2189 0.9655 1.0061 0.9300 1.0954 0.9941 0.9249 0.8434 0.9850 0.7636
0.6590 0.7159 0.9208 0.9330 0.9584 1.0856 1.1267 1.0755 1.0686 1.2201 0.9989 0.9682 0.9045 0.9146 0.9023 0.7222
0.6705 0.7480 0.8586 0.9727 0.9785 1.0904 1.1004 1.0191 0.9751 1.1557 1.1269 0.9709 1.0389 0.8943 0.9419 0.7567
0.7391 0.7849 0.8243 0.9146 1.0000 1.0373 1.1149 1.0585 1.1732 1.2113 1.0212 1.0353 0.9647 1.0312 0.9485 0.8330
0.8443 0.8706 0.8664 0.9494 1.1411 1.0970 1.1874 1.0954 1.1654 1.0958 1.0411 1.0250 0.9766 0.9339 0.8578 0.8579
0.7596 0.8127 0.8663 0.9351 1.0389 1.0246 1.1517 1.1619 1.0945 1.0717 1.0881 1.0484 0.9911 0.9143 0.8421 0.9604
0.8943 0.8047 0.8718 0.9507 1.0000 1.0981 1.1980 1.0972 1.0784 1.0540 1.1434 1.0911 1.0321 0.9185 0.8494 0.9194
0.8159 0.8649 0.8593 0.8772 1.0196 1.0263 1.1427 1.0518 1.0737 1.1060 1.0393 1.0944 0.9831 1.0236 0.9146 0.8437
0.6886 0.7537 0.8588 0.9712 1.0137 1.0270 1.0520 1.1080 0.9836 1.0265 1.1640 0.9480 0.9199 0.9662 1.0120 1.0141
0.7196 0.6549 0.7457 0.8040 0.9434 1.0498 1.1561 1.0291 1.0064 1.0527 1.0217 0.9618 1.0228 0.9813 0.8537 0.9746
0.7458 0.8467 0.9208 0.9938 1.1739 1.1521 1.1403 0.8771 1.0215 1.2300 1.0670 0.9562 0.9408 1.0000 1.0000 0.6923
0.9367 0.9078 0.9087 1.0134 1.1380 1.1063 1.1596 1.0182 1.1159 1.0274 1.0690 1.0231 0.9929 0.8486 0.8363 0.9769
0.9107 0.9090 0.9674 1.0154 0.9877 1.0910 1.1650 1.1407 1.0840 1.0420 1.1428 0.9413 0.9557 1.0000 0.8470 0.7947
0.6861 0.7468 0.8713 0.9110 1.0019 1.2022 1.0935 1.0544 1.0402 1.0537 1.0950 1.1142 0.9887 0.8497 0.9019 0.8211
0.7032 0.8141 0.9233 1.0010 0.9840 1.0393 1.0835 1.0499 1.0823 1.0031 1.0014 1.0717 0.9995 0.9728 0.9211 0.8670
0.8853 0.7609 0.8738 0.8829 1.0335 1.1720 0.9911 1.1718 1.1345 1.1707 1.0567 1.0305 1.1055 0.9262 0.8877 0.9189
0.6979 0.7861 0.7987 0.8268 1.0076 0.9905 1.1241 1.0009 0.9898 1.1048 1.0844 1.0642 1.0278 1.0215 0.8939 0.9152
0.6857 1.0000 0.9021 0.9226 0.9879 1.1384 1.1227 1.0464 1.0619 1.1656 1.0830 0.9066 0.9905 0.8874 0.8799 0.9049
0.8269 0.8172 0.9278 0.8350 1.0467 1.1533 1.0217 1.0762 1.0522 1.1657 1.0423 1.1231 1.0000 0.9667 0.9746 0.9352
0.8812 0.8918 0.8871 0.9472 0.9382 1.1033 1.0698 1.0467 1.0453 0.9571 1.0541 1.1144 1.0026 0.9919 1.0198 0.9560
0.6309 0.7710 0.9164 0.9917 1.0000 1.0640 1.0562 1.0598 1.0224 1.1004 1.0069 1.0511 0.9882 0.9164 1.0000 0.8237
0.8430 0.7834 0.9706 0.9398 1.0547 1.1608 1.1580 0.9382 1.0721 1.1386 1.1586 1.0300 1.0447 0.9401 0.8821 0.8484
0.7739 0.7855 0.8676 0.9475 1.2275 1.0000 1.0791 1.1750 1.1044 1.0538 1.2202 0.9429 0.9451 0.9415 0.9705 0.9683
0.8428 0.9319 0.8818 0.9663 1.0926 1.1070 1.1843 1.1854 1.1807 1.1642 1.0837 0.9681 0.9646 0.8941 0.7764 0.7712
