1.5328 1.3814 1.3448 1.3150 1.0588 0.9702 1.1465 0.9966 0.9499 0.9849 0.7809 0.7685 0.7912 0.7383 0.6168 0.6571
1.0000 0.8172 1.0366 1.0319 0.9434 0.9358 1.1267 0.9987 0.9719 1.0944 1.0576 0.8608 0.9208 1.1105 1.0797 1.0000
1.2763 1.3392 1.4799 2.1781 0.9840 1.1531 1.0000 0.8073 1.1012 1.0526 0.8910 0.8775 0.9047 0.9985 0.7305 0.8666
1.1009 0.8996 0.7931 0.9907 0.8349 0.9633 0.9593 0.8892 1.0955 1.0133 1.0117 1.0837 0.9578 0.9777 0.9739 1.5303
1.2323 1.1507 1.1433 0.8689 0.9378 1.0347 1.1943 1.1550 1.0016 1.2412 1.2510 1.0108 0.9927 0.9906 0.9978 0.9487
0.8075 0.8299 0.7453 0.9150 0.9055 0.9889 1.1057 0.9684 0.9378 1.0815 1.0693 1.1612 1.0662 1.0532 1.2058 1.2598
1.5903 1.3762 1.3101 1.2042 1.1975 1.0588 1.0480 0.8806 0.8822 0.8366 0.8026 0.7546 0.7863 0.9351 1.0000 0.7793
0.9943 0.9496 1.0265 0.9401 0.8631 1.0583 1.0318 1.1309 1.2052 0.9770 1.0226 0.9982 0.9058 0.9380 0.9841 1.0564
1.0037 0.9229 1.2132 1.0914 1.0895 1.2362 0.9814 1.1976 1.0999 0.8933 0.9954 0.9591 0.9392 0.9436 1.0063 1.1076
1.0156 0.7908 1.1412 0.8874 0.9124 0.9795 0.8846 1.2002 0.9053 1.0446 0.9476 0.9380 1.0922 1.0868 1.1190 1.5362
0.7180 1.0588 1.2000 0.8256 1.1178 1.1620 0.9972 1.0472 1.0227 0.9189 0.9044 0.8532 1.0322 0.8815 0.7759 1.3647
0.8231 0.7963 0.9091 0.9307 0.8456 0.9353 1.0054 0.9134 0.9903 1.0826 1.0587 1.1317 1.1300 1.2274 1.2344 1.0212
1.1564 1.0815 0.9890 1.0853 0.9827 1.1510 1.0886 1.4302 0.7849 1.2462 1.0562 0.8173 0.8133 0.8409 0.8567 0.9169
1.1281 0.9607 1.1553 0.9325 0.7294 0.9292 0.8486 0.9919 1.0415 1.0324 1.0747 0.9912 1.0355 0.9941 1.0783 1.0587
1.4140 1.4697 1.0193 1.1297 1.2428 1.1302 1.0844 1.1251 0.9939 0.7748 0.8622 0.7520 0.7296 0.6989 0.6461 0.7001
0.7226 0.9108 0.8618 0.7803 0.8932 0.8702 0.9805 0.9075 1.0000 0.9377 1.1327 1.2728 1.0000 1.3769 1.3962 1.4384
1.0733 0.9231 1.1887 1.0000 1.0116 0.9749 1.0534 1.0530 0.9707 0.9243 0.9474 0.9541 0.9236 0.9755 1.1446 0.9949
0.8061 0.8008 0.8151 0.8928 0.7901 0.7788 1.0027 0.9891 0.9790 1.0000 1.0000 1.1995 1.0000 1.2042 1.1946 1.3108
1.6759 1.2809 1.6852 1.2521 0.9941 1.1585 1.1045 1.0531 0.9873 0.9339 0.8576 0.7702 0.7063 0.6453 0.8763 0.8719
0.8157 0.8620 1.1238 1.0432 0.9013 1.0145 1.0709 0.9881 1.1905 1.0961 1.0825 1.0239 1.0565 1.1026 0.6542 0.6442
1.3825 1.1211 1.0000 1.1059 1.1970 1.1633 1.0385 1.0938 0.9565 0.9654 0.8831 0.9886 0.8411 0.9195 0.8597 0.9695
0.7742 0.5551 0.7946 0.6996 0.9269 0.9093 0.9595 0.9341 1.0044 1.0099 1.0534 1.2447 1.2078 1.1619 1.1476 1.5344
0.9668 1.0667 1.0677 0.9153 0.9920 1.0224 1.1070 1.1529 1.0000 1.4754 1.0158 0.9120 0.8735 0.7804 0.7086 0.9496
0.7364 0.7581 0.8218 0.9002 0.8383 0.8089 0.8597 1.0847 1.1315 1.0012 1.0737 1.1462 1.2627 1.2662 0.6670 1.4267
1.2653 1.3066 1.1458 1.1806 1.0862 1.2906 1.2016 1.1248 0.9555 0.8538 0.8563 0.9645 0.9692 0.8482 0.7139 0.8922
