0.7394 0.7959 0.8686 0.8888 1.0317 1.0796 1.0469 1.1719 1.1453 1.1725 1.0183 0.9978 1.0444 1.0236 0.8650 0.8685
0.8516 0.8558 0.9764 1.0395 1.0960 1.2379 1.2205 0.9643 1.0094 0.9333 1.0988 0.9933 0.9255 0.8460 0.9812 0.7631
0.6545 0.7129 0.9182 0.9338 0.9620 1.0841 1.1239 1.0728 1.0683 1.2241 0.9972 0.9696 0.9052 0.9104 0.9072 0.7188
0.6665 0.7468 0.8534 0.9750 0.9780 1.0922 1.0996 1.0200 0.9781 1.1627 1.1282 0.9701 1.0341 0.8951 0.9406 0.7564
0.7284 0.7719 0.8151 0.9059 1.0000 1.0360 1.1109 1.0595 1.1776 1.2106 1.0238 1.0414 0.9617 1.0371 0.9570 0.8417
0.8413 0.8684 0.8625 0.9465 1.1400 1.0902 1.1894 1.0962 1.1649 1.0997 1.0442 1.0302 0.9818 0.9321 0.8576 0.8613
0.7567 0.8038 0.8656 0.9357 1.0371 1.0272 1.1519 1.1613 1.0987 1.0752 1.0852 1.0524 0.9934 0.9175 0.8454 0.9522
0.8975 0.8069 0.8725 0.9478 1.0000 1.0971 1.1920 1.0961 1.0838 1.0591 1.1504 1.0879 1.0297 0.9170 0.8507 0.9161
0.8132 0.8626 0.8611 0.8742 1.0191 1.0211 1.1438 1.0556 1.0740 1.1098 1.0432 1.0980 0.9816 1.0197 0.9106 0.8419
0.6920 0.7612 0.8638 0.9671 1.0185 1.0275 1.0599 1.1167 0.9912 1.0344 1.1738 0.9425 0.9127 0.9560 1.0051 1.0058
0.7230 0.6606 0.7474 0.8002 0.9483 1.0514 1.1507 1.0299 1.0056 1.0554 1.0212 0.9613 1.0225 0.9787 0.8538 0.9725
0.7511 0.8476 0.9159 0.9900 1.1637 1.1541 1.1458 0.8823 1.0191 1.2322 1.0666 0.9532 0.9402 1.0000 1.0000 0.6908
0.9317 0.9036 0.9092 1.0110 1.1357 1.1105 1.1643 1.0177 1.1174 1.0283 1.0679 1.0234 0.9936 0.8542 0.8351 0.9768
0.9108 0.9048 0.9716 1.0215 0.9874 1.0950 1.1633 1.1363 1.0886 1.0358 1.1464 0.9453 0.9526 1.0000 0.8470 0.7916
0.6855 0.7499 0.8704 0.9060 1.0022 1.1973 1.0943 1.0520 1.0431 1.0564 1.0978 1.1185 0.9883 0.8543 0.8992 0.8196
0.7014 0.8070 0.9138 1.0004 0.9808 1.0406 1.0861 1.0545 1.0878 0.9993 1.0011 1.0696 1.0048 0.9717 0.9227 0.8672
0.8790 0.7618 0.8722 0.8831 1.0316 1.1732 0.9939 1.1722 1.1380 1.1741 1.0595 1.0318 1.1052 0.9255 0.8837 0.9171
0.6935 0.7803 0.7975 0.8269 1.0014 0.9884 1.1270 1.0037 0.9900 1.1098 1.0913 1.0665 1.0205 1.0234 0.8913 0.9126
0.6812 1.0000 0.8983 0.9186 0.9876 1.1361 1.1217 1.0449 1.0604 1.1744 1.0852 0.9135 0.9906 0.8840 0.8791 0.9048
0.8299 0.8205 0.9176 0.8371 1.0400 1.1485 1.0257 1.0731 1.0566 1.1683 1.0488 1.1263 1.0000 0.9724 0.9722 0.9271
0.8842 0.8902 0.8920 0.9468 0.9361 1.1016 1.0656 1.0515 1.0507 0.9613 1.0547 1.1144 1.0025 0.9896 1.0155 0.9488
0.6326 0.7723 0.9177 0.9866 1.0000 1.0637 1.0538 1.0602 1.0239 1.1035 1.0077 1.0556 0.9863 0.9189 1.0000 0.8188
0.8454 0.7864 0.9684 0.9377 1.0553 1.1653 1.1632 0.9385 1.0746 1.1405 1.1540 1.0323 1.0447 0.9369 0.8790 0.8439
0.7700 0.7843 0.8634 0.9470 1.2269 1.0000 1.0797 1.1774 1.1038 1.0528 1.2271 0.9413 0.9471 0.9437 0.9690 0.9638
0.8419 0.9261 0.8819 0.9668 1.0900 1.1044 1.1804 1.1847 1.1793 1.1646 1.0907 0.9699 0.9631 0.8975 0.7771 0.7780
