0.7350 0.8041 0.8637 0.8756 1.0261 1.1045 1.0678 1.1663 1.1657 1.1906 1.0534 1.0084 1.0183 1.0157 0.8502 0.8623
0.8561 0.8574 0.9729 1.0459 1.0940 1.2195 1.2157 0.9679 1.0349 0.9759 1.1126 0.9921 0.9217 0.8541 0.9510 0.7344
0.6651 0.6965 0.9160 0.9137 0.9578 1.0613 1.1587 1.0722 1.0884 1.2409 1.0348 0.9769 0.8838 0.9112 0.8649 0.7199
0.6762 0.7567 0.8555 0.9618 0.9784 1.0782 1.1195 1.0524 1.0120 1.1861 1.1510 0.9533 1.0199 0.8870 0.8765 0.7410
0.7364 0.7841 0.8296 0.9008 1.0000 1.0027 1.1003 1.0829 1.1745 1.2444 1.0599 1.0440 0.9743 1.0235 0.9312 0.7765
0.8253 0.8472 0.8706 0.9526 1.1216 1.0671 1.1907 1.1636 1.1810 1.1360 1.0762 1.0192 0.9506 0.9193 0.8397 0.8395
0.7706 0.8019 0.8569 0.9264 1.0222 1.0788 1.1874 1.1914 1.1041 1.1008 1.1037 1.0517 0.9574 0.9044 0.8085 0.9129
0.8689 0.8054 0.8518 0.9350 1.0000 1.1298 1.2246 1.1592 1.0257 1.0621 1.1759 1.1048 1.0069 0.9211 0.8164 0.8908
0.8119 0.8574 0.8576 0.8956 1.0117 1.0207 1.1261 1.0569 1.1015 1.1191 1.0747 1.1084 0.9612 1.0130 0.8588 0.8381
0.6882 0.7652 0.8868 0.9799 1.0022 1.0621 1.1047 1.0981 1.0219 1.0783 1.1981 0.9958 0.9018 0.9671 0.9289 0.8986
0.7218 0.6508 0.7409 0.7713 0.9442 1.0288 1.1312 1.0409 1.0535 1.0747 1.0546 0.9673 0.9860 0.9558 0.8216 1.0138
0.7377 0.8203 0.9146 0.9789 1.1601 1.1177 1.1284 0.9015 1.0676 1.2002 1.0899 0.9614 0.9259 1.0000 1.0000 0.6985
0.9368 0.8952 0.9277 1.0183 1.1561 1.1465 1.1858 1.0415 1.1463 1.0456 1.0807 1.0203 0.9517 0.8237 0.8063 0.8832
0.9074 0.9224 0.9716 1.0002 1.0009 1.1059 1.1789 1.1427 1.1118 1.0643 1.1400 0.9355 0.9120 1.0000 0.7958 0.7703
0.6994 0.7561 0.8615 0.9123 1.0231 1.1704 1.0745 1.0462 1.0607 1.0792 1.1751 1.1597 1.0184 0.8530 0.8318 0.7413
0.6990 0.8209 0.9419 1.0218 0.9933 1.0621 1.0842 1.0650 1.0887 1.0071 1.0300 1.0602 0.9822 0.9561 0.8837 0.8245
0.8552 0.7978 0.8638 0.8941 1.0347 1.1605 1.0216 1.1681 1.1445 1.2008 1.0889 1.0433 1.0717 0.9181 0.8575 0.8721
0.7143 0.7578 0.8000 0.8133 1.0005 0.9956 1.1170 1.0203 1.0106 1.1133 1.0880 1.0317 0.9995 1.0109 0.8560 0.8559
0.6992 1.0000 0.8777 0.9285 0.9849 1.1657 1.1516 1.1146 1.0645 1.1664 1.1102 0.9116 0.9504 0.9004 0.8402 0.8453
0.8561 0.8358 0.9060 0.8784 1.0465 1.1322 1.0141 1.0917 1.0758 1.1907 1.0715 1.1199 1.0000 0.9873 0.8991 0.9005
0.8697 0.8716 0.8860 0.9777 0.9673 1.1064 1.0693 1.0594 1.0674 1.0292 1.0789 1.1275 1.0057 0.9893 0.9624 0.8815
0.6076 0.7692 0.8999 0.9676 1.0000 1.0645 1.0552 1.0769 1.0718 1.1142 1.0194 1.0518 0.9987 0.9054 1.0000 0.7884
0.8960 0.8148 0.9303 0.9554 1.0640 1.1974 1.1921 0.9944 1.0921 1.1513 1.1746 1.0112 1.0133 0.9212 0.8341 0.8038
0.7656 0.7910 0.8606 0.9362 1.2051 1.0000 1.0980 1.2036 1.1263 1.0898 1.2388 0.9754 0.9432 0.9232 0.9327 0.9100
0.8671 0.9136 0.9008 0.9564 1.0948 1.0924 1.1643 1.1670 1.1878 1.1732 1.0970 0.9845 0.9728 0.9058 0.7568 0.7423
