1.3895 1.1984 1.0292 1.0946 0.9643 0.9312 1.0508 0.8927 1.0955 1.1279 0.8338 0.8486 0.9299 0.8598 0.8173 0.9422
1.0000 1.1015 1.3638 1.2747 1.1268 0.9881 1.1040 0.9538 0.8788 0.9083 0.8556 0.8430 0.8646 0.8870 0.8376 1.0000
1.0397 0.9003 0.8134 1.1918 0.8457 0.9559 1.0000 0.9598 1.0115 1.0322 0.9480 0.9798 1.0496 1.1845 1.0738 1.2561
1.3762 1.2392 1.1839 1.1441 1.0322 1.0536 1.0940 0.9151 0.9515 0.8629 0.8938 0.9476 0.8133 0.9356 0.7891 1.0003
1.2453 1.0024 0.9073 1.0292 0.9827 1.0316 0.9938 0.9063 1.0351 1.1092 0.9320 1.0566 0.8709 1.0700 1.0137 1.2546
1.2548 1.0811 1.0084 1.1451 0.9873 1.0750 1.0538 0.9573 0.9428 0.9775 1.0141 0.8494 0.8651 0.8371 1.0236 0.9540
1.2118 1.0991 1.0543 0.9864 0.9555 0.9467 1.0216 0.9795 0.8819 1.0411 0.9493 0.8133 0.9646 1.0513 1.0000 1.0541
1.3832 1.2284 1.1862 1.1014 1.1437 1.1112 1.0701 0.9917 1.0679 0.8905 0.8920 0.8218 0.7901 0.7717 0.7375 0.7991
0.6424 0.6965 0.8735 0.7329 0.9406 0.9479 0.8095 1.0160 1.0063 0.8681 0.9974 0.9573 1.1911 1.0166 1.1811 1.2490
1.1646 1.0040 1.0097 1.0720 0.9963 0.9709 0.9458 1.2104 0.8770 0.8456 0.9323 0.8770 0.9878 0.9881 1.0503 1.0153
0.7018 0.7278 0.9011 0.8060 0.9837 0.9710 0.9010 0.9985 0.9642 0.9503 1.1055 0.9084 1.2658 1.1036 0.9553 1.3131
1.2946 1.1410 1.1765 1.2298 1.0811 1.1060 1.1344 0.9604 0.9924 0.8805 0.8404 0.8818 0.8385 0.7856 0.8230 0.7955
1.0066 0.8105 0.7921 0.8743 0.8385 0.9188 0.8322 1.0653 0.9626 1.1282 1.1805 1.0323 1.1241 1.2192 1.2199 1.5549
1.2760 1.0947 1.1380 1.0615 0.8412 1.0125 1.0322 1.0231 0.9386 0.8542 0.9338 0.8638 0.9742 0.8536 1.0212 1.0931
1.1333 1.1702 0.9367 0.9119 1.0447 1.0299 0.9804 1.0663 1.0092 0.9694 0.9579 0.9640 0.9622 0.7974 0.8387 0.9604
1.0729 0.8924 1.1220 0.9115 1.0246 1.0418 0.9505 0.9828 1.0000 0.9020 0.9212 1.1141 1.0000 0.9917 0.9818 1.1321
0.9279 0.9365 0.9213 1.0000 1.0036 0.9319 1.0351 1.1134 1.0872 0.9949 1.0387 0.9916 1.0482 1.0670 1.2738 1.2361
1.4969 1.3413 1.0584 1.2719 0.9708 0.9875 1.1158 0.9820 0.9363 1.0000 1.0000 0.9070 1.0000 0.8432 0.8885 0.8898
1.5407 1.0157 1.1727 0.9000 0.7890 1.1153 0.9951 0.9779 1.0789 1.0444 0.9210 1.0247 0.9006 0.8924 0.9986 1.1763
1.1739 1.1288 1.1654 1.2197 0.9735 1.0385 0.9381 0.9093 0.9915 1.0287 0.9070 0.8076 0.8371 0.7879 0.5324 0.5368
1.1859 0.9569 1.0000 0.9260 1.1143 1.0524 0.9030 0.9848 0.9462 1.0413 0.8917 1.0780 0.8665 1.0907 1.0209 1.1382
0.7717 0.7633 0.9930 1.0066 1.1203 1.0198 0.9978 0.9544 0.9206 1.0716 0.9537 0.9886 1.0146 0.9936 1.0025 1.1772
1.0522 0.9110 0.9723 1.0068 0.8616 0.9367 0.8735 0.9067 1.0000 1.0911 0.9199 0.9439 1.1637 1.2884 1.3923 1.7852
1.0478 1.1209 0.9154 1.0716 0.9025 0.9904 0.9732 1.0343 1.0989 0.8907 0.9834 1.0114 0.9185 1.0361 0.5458 1.0420
1.0446 0.8734 0.8529 0.8880 0.9143 0.9410 1.1014 0.9954 0.9557 0.9043 1.0104 1.0381 1.1417 1.0208 1.0849 1.2585
