1.5171 1.4044 1.3425 1.3129 1.0568 0.9624 1.1409 0.9994 0.9700 0.9748 0.7975 0.7810 0.7948 0.7542 0.6255 0.6508
1.0000 0.8035 1.0285 1.0100 0.9414 0.9312 1.1021 0.9858 0.9831 1.0798 1.0580 0.8822 0.9264 1.1225 1.0844 1.0000
1.3900 1.3514 1.5158 2.1697 1.0110 1.2046 1.0000 0.8058 1.0678 1.0433 0.8566 0.8508 0.9013 0.9573 0.6974 0.7991
1.0790 0.8965 0.7954 0.9913 0.8292 0.9591 0.9694 0.8967 1.0968 1.0037 1.0237 1.0739 0.9547 0.9835 0.9866 1.5338
1.2510 1.1764 1.1623 0.8327 1.0260 0.9940 1.2078 1.1389 0.9970 1.2394 1.2022 1.0312 0.9567 0.9806 0.9839 0.9247
0.8020 0.8512 0.7324 0.9112 0.8717 0.9809 1.1244 0.9747 0.9153 1.0933 1.0712 1.1654 1.0943 1.0527 1.2140 1.2593
1.6276 1.3897 1.3291 1.2064 1.1908 1.0523 1.0406 0.8802 0.8752 0.8288 0.8030 0.7467 0.7875 0.9236 1.0000 0.7807
0.9936 0.9376 1.0309 0.9419 0.8612 1.0386 1.0301 1.1196 1.1989 0.9659 1.0386 0.9995 0.9255 0.9341 0.9858 1.0622
1.0205 0.9515 1.2341 1.1249 1.0883 1.2527 0.9570 1.1952 1.1184 0.9157 0.9946 0.9584 0.9426 0.9662 1.0193 1.0993
1.0241 0.7910 1.1132 0.8806 0.9048 0.9985 0.8889 1.1879 0.9022 1.0286 0.9560 0.9859 1.0677 1.1059 1.1063 1.5115
0.7255 1.0763 1.2192 0.8155 1.1257 1.1530 1.0073 1.0275 1.0323 0.9229 0.8924 0.8342 1.0684 0.8708 0.7709 1.3661
0.8063 0.7936 0.8873 0.9299 0.8466 0.9466 0.9994 0.9110 0.9973 1.1047 1.0768 1.1299 1.1525 1.2218 1.2118 1.0189
1.1497 1.0619 0.9573 1.0964 0.9729 1.1611 1.0821 1.4200 0.7680 1.2415 1.0719 0.8240 0.8215 0.8562 0.8570 0.9683
1.1075 0.9564 1.1319 0.9298 0.7300 0.9252 0.8584 1.0087 1.0410 1.0493 1.0981 1.0106 1.0286 1.0029 1.1176 1.0695
1.3775 1.4464 1.0144 1.1291 1.2155 1.1194 1.0657 1.1359 0.9798 0.7737 0.8616 0.7502 0.7357 0.6946 0.6422 0.6942
0.7343 0.9240 0.8822 0.7931 0.8981 0.8855 1.0049 0.9145 1.0000 0.9148 1.1163 1.2516 1.0000 1.3423 1.3647 1.4265
1.0795 0.9237 1.1932 1.0000 1.0306 0.9789 1.0537 1.0486 0.9654 0.9250 0.9462 0.9506 0.9047 0.9366 1.1163 0.9403
0.7949 0.8085 0.8222 0.8837 0.7734 0.7673 1.0107 0.9816 0.9735 1.0000 1.0000 1.2053 1.0000 1.1932 1.2023 1.2957
1.6475 1.3264 1.6638 1.2587 1.0404 1.1771 1.0770 1.0223 1.0079 0.9294 0.8454 0.7694 0.6956 0.6362 0.8660 0.8298
0.8132 0.8657 1.1253 1.0607 0.8896 1.0169 1.0679 0.9960 1.2067 1.1034 1.0648 1.0153 1.0653 1.1005 0.6652 0.6623
1.3936 1.1384 1.0000 1.0658 1.1890 1.1524 1.0263 1.0428 0.9441 0.9520 0.8905 1.0093 0.8311 0.9382 0.8951 0.9761
0.7531 0.5569 0.8026 0.7011 0.9339 0.9134 0.9603 0.9439 1.0024 1.0120 1.0350 1.2532 1.2008 1.1502 1.1510 1.5224
0.9932 1.0696 1.0827 0.9215 0.9990 1.0220 1.1051 1.1517 1.0000 1.4698 0.9974 0.9139 0.8912 0.7731 0.7002 0.9303
0.7448 0.7594 0.7992 0.9136 0.8384 0.8100 0.8497 1.0834 1.1342 0.9933 1.0684 1.0981 1.2587 1.2708 0.6682 1.4424
1.3059 1.2800 1.1177 1.1970 1.1135 1.2776 1.2264 1.1172 0.9334 0.8648 0.8383 0.9918 0.9657 0.8795 0.7220 0.9133
