1.2247 1.1435 1.1694 1.1915 1.0586 1.0284 1.1064 0.9033 1.1641 1.1044 0.9286 0.8211 0.9271 0.7210 0.7604 0.7157
1.0000 0.9817 0.9189 1.1545 1.1128 0.9594 0.9869 0.9569 0.8999 1.0847 1.0253 0.9858 0.9933 1.0718 0.8656 1.0000
1.2402 1.1046 1.0549 1.7033 1.0602 1.0685 1.0000 0.9491 1.0535 1.0889 1.0304 0.8623 0.9518 0.9208 0.8289 0.8162
1.0872 0.9197 1.0273 1.1580 1.0215 1.0430 1.1306 0.9827 1.0562 0.9986 0.9586 0.9101 0.9446 0.8641 0.9103 1.0238
1.5084 1.1190 1.1407 1.0974 0.9545 1.0084 1.0181 0.9930 0.7723 0.8528 1.0025 1.1022 0.9024 0.9600 0.9639 1.1402
0.9348 1.0136 0.8415 0.9382 0.9062 1.0523 1.1039 1.0249 0.8443 1.1983 0.9342 1.0818 0.9964 0.9881 0.9738 1.1536
1.3995 1.1684 1.1713 1.0763 1.0581 0.9200 0.9470 0.8671 0.9146 0.9923 0.9453 0.8688 0.9198 1.0550 1.0000 0.9519
1.0531 1.2095 0.9029 1.0168 0.9942 1.0525 1.0874 1.0913 1.1521 0.9552 0.9595 0.9679 0.8721 0.7822 0.9058 0.9977
0.7822 0.7911 1.0186 0.8600 0.8568 0.9775 0.8595 1.1384 1.1170 0.9254 1.1311 1.0339 1.1648 0.7911 1.2455 1.0356
0.8722 0.7661 0.7680 0.9829 0.9636 0.9937 0.9900 0.9292 0.9201 1.0651 0.9474 1.0460 1.1931 1.0917 1.2190 1.4530
0.5888 0.8176 0.9245 0.8965 0.9028 1.0310 1.0260 1.1473 1.0770 1.0206 0.8560 0.9817 1.0291 1.0977 0.9518 1.0551
1.0493 0.9872 1.0250 1.0916 1.0221 1.0994 1.1577 0.9755 1.0485 0.9487 0.9454 0.9744 0.9208 0.9420 0.9974 0.7821
1.0167 1.1291 1.1142 1.1718 1.0838 0.9411 0.8784 1.2676 0.8780 1.0134 1.1146 0.7739 0.8224 0.9523 0.8705 1.0573
0.9476 0.8466 0.9601 0.7505 0.8833 0.8984 0.8386 1.1309 1.0172 1.0581 1.0766 1.0448 1.1042 1.0566 1.1951 1.1336
1.3903 1.1712 1.0068 1.0396 1.0704 1.1452 1.1185 1.0779 1.0208 0.7311 0.9366 0.8905 0.8644 0.6751 0.6366 0.7051
0.8358 0.9137 1.0287 0.8979 0.8691 0.9836 1.0335 1.0221 1.0000 0.9153 1.0399 0.9600 1.0000 1.1553 1.2012 1.4019
1.0653 0.9084 1.0295 1.0000 0.9164 1.0004 1.0493 0.8595 1.0188 1.1140 1.0571 1.0367 1.0164 0.9475 1.0428 1.1222
1.1587 1.1625 0.8686 1.2124 0.8889 0.9506 1.1396 0.9093 0.8981 1.0000 1.0000 1.0525 1.0000 0.9225 1.0178 1.0617
1.3846 1.0862 1.4309 1.1012 0.9051 1.1867 1.1096 1.0499 1.1484 0.8937 0.8767 0.9301 0.8255 0.7680 0.7530 0.9064
0.9987 1.0467 1.1514 1.1424 1.0020 1.0251 0.9363 1.0077 1.0916 1.2466 0.9733 0.8734 0.8596 0.7916 0.5695 0.5494
1.3829 1.0217 1.0000 1.0372 1.1705 1.1252 0.9882 1.0246 1.0032 0.8340 0.9531 1.1121 0.9258 1.0163 0.9454 0.8638
0.5618 0.5978 0.9256 0.8889 0.8633 0.9770 1.0132 1.0637 1.0364 0.9647 1.0302 1.2001 1.1394 0.9396 0.9728 1.3166
1.0901 0.8879 0.9850 0.8472 0.9373 0.9619 0.9901 1.0506 1.0000 1.2387 1.0231 0.9447 1.0191 1.0686 0.9625 0.8593
0.8964 0.8344 0.7492 0.9091 0.8209 1.0072 0.8421 0.8942 1.1434 1.0442 1.1091 1.1422 1.1650 1.0953 0.5458 1.2224
1.6049 1.3034 1.1324 1.2754 1.1880 1.1074 1.1609 0.9754 0.9479 0.7656 0.9873 0.8809 0.9247 0.8128 0.7307 0.8653
