1.2689 1.2006 1.1883 1.2547 1.0864 1.0408 1.1102 0.9038 1.1233 1.0646 0.9005 0.8173 0.9064 0.7284 0.7524 0.6754
1.0000 0.9527 0.8929 1.1055 1.0979 0.9593 0.9643 0.9735 0.8845 1.1046 1.0275 1.0129 1.0139 1.1044 0.8850 1.0000
1.2997 1.1495 1.1243 1.7217 1.0707 1.0583 1.0000 0.9445 1.0286 1.0458 0.9867 0.8207 0.9041 0.8974 0.8191 0.8140
1.0658 0.8675 0.9953 1.1262 0.9961 1.0195 1.1546 0.9865 1.0741 1.0411 0.9883 0.9355 0.9741 0.8648 0.9061 1.0274
1.5228 1.1340 1.0953 1.0335 0.9574 0.9404 0.9959 1.0235 0.7925 0.9197 1.0156 1.1195 0.9158 0.9645 1.0267 1.1518
0.9302 1.0398 0.8220 0.9370 0.9281 1.0063 1.0937 1.0213 0.8371 1.1775 0.9405 1.0868 1.0021 0.9688 1.0348 1.2100
1.3880 1.1600 1.2037 1.1207 1.0813 0.8988 0.9582 0.8295 0.8779 1.0051 0.9512 0.8627 0.9265 1.0519 1.0000 0.9276
1.0174 1.1574 0.8897 1.0274 0.9847 1.0629 1.0891 1.0773 1.1620 0.9670 0.9975 0.9975 0.8751 0.7946 0.8928 1.0105
0.7893 0.8111 1.0558 0.8735 0.8815 0.9823 0.8858 1.0864 1.1111 0.9767 1.1299 1.0167 1.1207 0.7864 1.2470 0.9624
0.8796 0.8219 0.8471 0.9916 0.9779 0.9914 0.9680 0.9370 0.8718 1.0630 0.8857 0.9975 1.2033 1.0755 1.1857 1.5552
0.5866 0.8376 0.9073 0.8997 0.8856 1.0372 1.0634 1.1678 1.0973 1.0207 0.8898 1.0046 1.0074 1.0785 0.9187 1.0344
1.0454 0.9564 1.0321 1.0886 0.9790 1.1034 1.1506 0.9511 1.0216 0.9515 0.9368 1.0214 0.9786 0.9678 1.0439 0.7922
1.0152 1.1435 1.0838 1.2038 1.1280 0.9393 0.9482 1.3103 0.8666 1.0486 1.0733 0.7679 0.7875 0.8894 0.8165 1.0258
0.9290 0.8341 0.9639 0.7631 0.9087 0.8916 0.8529 1.1200 0.9949 1.0307 1.1129 1.0370 1.1132 1.0707 1.2336 1.1321
1.4548 1.1786 1.0353 1.0896 1.0768 1.1424 1.1070 1.1028 0.9947 0.7459 0.9226 0.8863 0.8125 0.6259 0.6451 0.6735
0.8433 0.9129 1.0146 0.9097 0.8951 0.9883 1.0568 1.0063 1.0000 0.9462 1.0479 0.9311 1.0000 1.1273 1.2271 1.3804
1.0827 0.9304 1.0575 1.0000 0.9203 1.0217 1.0537 0.8565 0.9841 1.0862 1.0336 1.0417 0.9591 0.9468 0.9909 1.0873
1.1158 1.1256 0.8335 1.1889 0.8923 0.9793 1.1552 0.9174 0.8919 1.0000 1.0000 1.0654 1.0000 0.9375 1.0574 1.1032
1.3896 1.0763 1.4459 1.1369 0.9468 1.1998 1.0766 1.0425 1.1387 0.8891 0.9070 0.9123 0.8163 0.7683 0.7493 0.8948
0.9188 1.0156 1.1168 1.1075 1.0024 1.0279 0.9798 1.0099 1.0748 1.1762 1.0238 0.9262 0.8537 0.8425 0.6177 0.5637
1.3956 1.0337 1.0000 1.0127 1.1961 1.1500 1.0082 1.0054 0.9942 0.8109 0.9391 1.1024 0.9386 1.0214 0.9693 0.8423
0.5947 0.5684 0.8831 0.8533 0.8103 0.9644 1.0273 1.0763 1.0377 0.9883 1.0591 1.2325 1.1768 0.9425 0.9670 1.3124
1.1121 0.9223 1.0075 0.8412 0.9557 1.0030 1.0187 1.0685 1.0000 1.2661 1.0163 0.9336 0.9547 0.9907 0.8950 0.8349
0.8819 0.7913 0.7553 0.8613 0.8272 0.9827 0.8451 0.9102 1.1611 1.0628 1.1000 1.1686 1.2059 1.1098 0.5458 1.2888
1.4259 1.3411 1.1414 1.2170 1.1075 1.0914 1.1536 1.0494 0.9334 0.7890 0.9840 0.9912 0.9109 0.8763 0.8710 0.9192
