1.2650 1.1873 1.1775 1.2506 1.0873 1.0393 1.1087 0.9181 1.1304 1.0652 0.9138 0.8244 0.9043 0.7332 0.7373 0.6792
1.0000 0.9641 0.9176 1.1155 1.1003 0.9643 0.9532 0.9773 0.8770 1.0783 1.0394 1.0140 1.0076 1.1052 0.8760 1.0000
1.2505 1.1466 1.1561 1.7477 1.0622 1.0595 1.0000 0.9237 1.0299 1.0548 1.0050 0.8486 0.9428 0.9367 0.8229 0.8001
1.0429 0.8545 0.9738 1.1138 0.9802 1.0036 1.1403 1.0071 1.0952 1.0643 0.9971 0.9366 0.9973 0.8738 0.9175 1.0311
1.5319 1.1145 1.0855 1.0644 0.9397 0.9603 1.0200 0.9926 0.7932 0.8903 0.9664 1.0921 0.9297 0.9730 1.0669 1.2218
0.9190 1.0174 0.8116 0.9373 0.9137 0.9835 1.1009 1.0158 0.8736 1.1865 0.9417 1.0980 1.0018 0.9933 1.0227 1.2157
1.3820 1.1737 1.1925 1.1241 1.0838 0.9131 0.9541 0.8321 0.8705 0.9963 0.9589 0.8592 0.9339 1.0291 1.0000 0.9290
1.0008 1.1465 0.8766 1.0192 0.9625 1.0647 1.0980 1.0895 1.1662 0.9821 0.9827 1.0077 0.8815 0.8022 0.9213 1.0091
0.7847 0.8091 1.0875 0.8785 0.8873 1.0036 0.8976 1.0945 1.1158 0.9654 1.1229 1.0203 1.1019 0.7759 1.2264 0.9590
0.8667 0.8051 0.8777 1.0163 0.9999 0.9956 1.0006 0.9385 0.9060 1.0345 0.8942 1.0001 1.1561 1.0553 1.1560 1.5040
0.6026 0.8347 0.9068 0.9062 0.8785 1.0271 1.0594 1.1543 1.0839 1.0226 0.8861 1.0056 1.0229 1.1002 0.9302 1.0428
1.0272 0.9261 1.0141 1.0711 0.9748 1.0900 1.1464 0.9477 1.0244 0.9671 0.9509 1.0243 0.9899 0.9874 1.0512 0.7957
0.9871 1.1341 1.0815 1.1917 1.1202 0.9207 0.9209 1.2915 0.8789 1.0494 1.1096 0.7920 0.7942 0.9072 0.8608 1.0131
0.9176 0.8398 0.9541 0.7515 0.8868 0.8899 0.8522 1.1233 0.9961 1.0461 1.1022 1.0309 1.1130 1.0743 1.2463 1.1501
1.4395 1.1730 1.0172 1.0931 1.0818 1.1262 1.1174 1.0909 1.0005 0.7398 0.9332 0.8856 0.8307 0.6393 0.6417 0.6791
0.8409 0.9093 1.0046 0.9029 0.8859 0.9850 1.0624 1.0149 1.0000 0.9552 1.0667 0.9375 1.0000 1.1320 1.2073 1.3641
1.0596 0.9289 1.0725 1.0000 0.9074 1.0139 1.0647 0.8682 0.9919 1.0855 1.0292 1.0304 0.9448 0.9403 0.9923 1.0768
1.0892 1.1108 0.8103 1.1851 0.8736 0.9574 1.1587 0.9227 0.8819 1.0000 1.0000 1.0701 1.0000 0.9679 1.0675 1.0864
1.3822 1.0791 1.4620 1.1528 0.9698 1.2033 1.1048 1.0566 1.1528 0.8851 0.8982 0.8953 0.7986 0.7395 0.7244 0.8550
0.9095 0.9982 1.1134 1.1177 1.0143 1.0238 0.9752 1.0285 1.0735 1.2245 1.0138 0.9553 0.8637 0.8315 0.6132 0.5607
1.4320 1.0997 1.0000 1.0607 1.2111 1.1579 1.0364 1.0120 0.9771 0.8026 0.9386 1.0635 0.9112 1.0085 0.9421 0.8396
0.5788 0.5554 0.8678 0.8514 0.8073 0.9603 1.0221 1.0803 1.0332 0.9949 1.0650 1.2297 1.1939 0.9558 0.9674 1.2904
1.1149 0.9242 1.0305 0.8440 0.9522 1.0123 1.0213 1.0860 1.0000 1.2489 1.0055 0.9223 0.9398 0.9906 0.8790 0.8488
0.8860 0.8173 0.7693 0.8649 0.8275 0.9885 0.8306 0.9056 1.1577 1.0352 1.1138 1.1682 1.2021 1.1169 0.5458 1.2796
1.4984 1.3575 1.1642 1.2077 1.2009 1.1981 1.1951 1.0429 0.9647 0.8017 1.0014 0.9222 0.9012 0.8577 0.8338 0.9385
