0.7519 0.7950 0.8679 0.8912 1.0400 1.0985 1.0508 1.1545 1.1737 1.1827 1.0480 1.0018 1.0252 0.9975 0.8564 0.8605
0.8781 0.8717 0.9713 1.0585 1.1040 1.2203 1.2241 0.9602 1.0371 0.9368 1.1004 0.9893 0.9127 0.8498 0.9687 0.7427
0.6642 0.7188 0.8939 0.9213 0.9588 1.0893 1.1482 1.0849 1.0679 1.2247 1.0041 0.9779 0.9023 0.9101 0.8863 0.7259
0.6921 0.7564 0.8684 0.9589 0.9798 1.0892 1.0973 1.0260 0.9793 1.1584 1.1491 0.9714 1.0246 0.8744 0.9238 0.7322
0.7520 0.7864 0.8173 0.9237 1.0000 1.0272 1.1346 1.0594 1.1752 1.1764 1.0348 1.0187 0.9120 1.0258 0.9131 0.7875
0.8354 0.8624 0.8890 0.9611 1.1471 1.0550 1.1898 1.1352 1.1729 1.1293 1.0545 1.0156 0.9656 0.9190 0.8479 0.8377
0.7633 0.8101 0.8604 0.9519 1.0366 1.0669 1.1622 1.1748 1.0897 1.0956 1.0926 1.0407 0.9593 0.8972 0.8260 0.9418
0.8753 0.8134 0.8562 0.9500 1.0000 1.1134 1.2077 1.1352 1.0017 1.0639 1.1782 1.1081 1.0000 0.9277 0.8252 0.8985
0.8318 0.8726 0.8508 0.8975 1.0173 1.0139 1.1319 1.0495 1.1071 1.1298 1.0624 1.0996 0.9622 1.0218 0.8711 0.8289
0.6927 0.8028 0.8831 1.0324 1.0136 1.0363 1.0710 1.0919 1.0165 1.0536 1.1515 1.0072 0.8874 0.9518 0.9262 0.9339
0.7425 0.6606 0.7568 0.8110 0.9394 1.0367 1.1519 1.0344 1.0464 1.0662 1.0237 0.9559 0.9899 0.9706 0.8455 1.0087
0.7339 0.8330 0.9226 0.9978 1.1563 1.1237 1.1315 0.8741 1.0353 1.1939 1.0958 0.9705 0.9166 1.0000 1.0000 0.6885
0.9472 0.9117 0.9501 1.0396 1.1653 1.1411 1.1607 1.0644 1.1163 1.0452 1.0630 0.9949 0.9602 0.8402 0.8005 0.9012
0.9272 0.9174 0.9629 1.0200 1.0160 1.1025 1.1732 1.1375 1.1023 1.0518 1.1553 0.9325 0.9163 1.0000 0.7726 0.7760
0.7111 0.7556 0.8848 0.8959 1.0138 1.1747 1.0617 1.0473 1.0248 1.0750 1.1518 1.1348 1.0219 0.8478 0.8279 0.7390
0.7240 0.8435 0.9621 1.0448 0.9957 1.0411 1.0766 1.0445 1.0829 0.9931 1.0254 1.0481 0.9867 0.9621 0.8924 0.8496
0.8570 0.7985 0.8785 0.9026 1.0468 1.1644 1.0204 1.1535 1.1446 1.1841 1.0766 1.0397 1.0891 0.9050 0.8678 0.8660
0.6964 0.7812 0.7965 0.8088 1.0166 1.0130 1.1178 0.9970 1.0107 1.1151 1.0850 1.0339 1.0105 0.9831 0.8594 0.8696
0.6907 1.0000 0.8809 0.9302 0.9994 1.1718 1.1430 1.0869 1.0735 1.1656 1.1129 0.9126 0.9538 0.8884 0.8385 0.8488
0.8769 0.8560 0.9567 0.8617 1.0632 1.1196 0.9816 1.0739 1.0674 1.1561 1.0438 1.1068 1.0000 0.9353 0.9121 0.8897
0.8642 0.8958 0.8990 0.9867 0.9760 1.1316 1.0838 1.0430 1.0303 0.9968 1.0935 1.1246 1.0100 0.9834 0.9519 0.8698
0.6430 0.7709 0.9250 0.9914 1.0000 1.0809 1.0489 1.0687 1.0400 1.1165 1.0384 1.0341 0.9956 0.8815 1.0000 0.7726
0.8494 0.8257 0.9499 0.9509 1.0851 1.2025 1.1648 0.9650 1.0840 1.1386 1.1676 1.0200 1.0051 0.9292 0.8563 0.8014
0.7650 0.7872 0.8697 0.9502 1.2278 1.0000 1.0963 1.1824 1.1125 1.0677 1.2341 0.9722 0.9400 0.9274 0.9133 0.9146
0.8885 0.9471 0.9294 0.9843 1.0933 1.1153 1.1751 1.1442 1.1890 1.1594 1.0924 0.9600 0.9264 0.9107 0.7506 0.7140
