0.7814 0.8124 0.8912 0.9098 1.0220 1.0774 1.0278 1.1502 1.1572 1.1691 1.0260 0.9758 1.0599 1.0487 0.8945 0.8992
0.8676 0.8820 0.9899 1.0619 1.1078 1.2200 1.1927 0.9446 0.9907 0.9300 1.0717 1.0118 0.9519 0.8579 1.0071 0.7925
0.6653 0.7332 0.9207 0.9341 0.9587 1.0862 1.1181 1.0592 1.0726 1.2276 1.0071 0.9821 0.9305 0.9377 0.9369 0.7435
0.6728 0.7337 0.8492 0.9477 0.9619 1.0752 1.0898 1.0165 0.9650 1.1637 1.1320 0.9980 1.0745 0.9280 0.9873 0.7644
0.7768 0.8097 0.8314 0.9051 1.0000 1.0443 1.0863 1.0657 1.1369 1.2062 1.0043 1.0420 0.9748 1.0507 0.9624 0.8912
0.8642 0.8843 0.9000 0.9713 1.1362 1.0778 1.1604 1.0729 1.1530 1.0972 1.0326 1.0060 0.9862 0.9326 0.8696 0.8485
0.7612 0.8388 0.8802 0.9549 1.0251 1.0262 1.1390 1.1325 1.0881 1.0657 1.0837 1.0463 0.9847 0.9129 0.8464 0.9794
0.8920 0.8204 0.8746 0.9480 1.0000 1.0884 1.1953 1.0958 1.0967 1.0404 1.1388 1.0861 1.0398 0.9313 0.8564 0.9075
0.8271 0.8827 0.8713 0.8816 1.0202 1.0218 1.1390 1.0336 1.0869 1.1157 1.0360 1.0945 0.9905 1.0291 0.8988 0.8609
0.7129 0.7921 0.9031 1.0153 1.0097 1.0528 1.0856 1.1323 0.9996 1.0348 1.1514 0.9362 0.9091 0.9480 0.9758 0.9827
0.7501 0.6978 0.7816 0.8504 0.9690 1.0732 1.1574 1.0558 1.0412 1.0799 1.0184 0.9812 1.0468 0.9948 0.8838 0.9544
0.7359 0.8508 0.9136 1.0095 1.1725 1.1370 1.1194 0.8481 1.0037 1.1972 1.0680 0.9859 0.9445 1.0000 1.0000 0.6754
0.9442 0.9033 0.9452 1.0139 1.1514 1.1081 1.1106 1.0055 1.0859 0.9821 1.0444 0.9972 0.9891 0.8204 0.8218 0.9611
0.9182 0.9163 0.9613 1.0255 0.9887 1.1082 1.1426 1.1151 1.0779 1.0360 1.1335 0.9216 0.9402 1.0000 0.8243 0.7982
0.6990 0.7791 0.8963 0.9436 1.0247 1.1810 1.0986 1.0706 1.0597 1.0494 1.1183 1.1193 0.9990 0.8239 0.8748 0.8185
0.7168 0.8474 0.9451 1.0160 0.9714 1.0372 1.0669 1.0429 1.0548 0.9909 1.0158 1.0880 0.9985 0.9772 0.9323 0.8653
0.8609 0.7892 0.8856 0.8921 1.0368 1.1655 0.9582 1.1258 1.1169 1.1608 1.0336 1.0384 1.1201 0.9380 0.9079 0.9359
0.7051 0.7900 0.8187 0.8439 1.0058 1.0021 1.1071 1.0049 1.0014 1.0993 1.0950 1.0509 1.0186 1.0126 0.9435 0.9530
0.6942 1.0000 0.9089 0.9055 0.9682 1.1334 1.1347 1.0486 1.0569 1.1539 1.0803 0.9115 0.9758 0.8981 0.9037 0.9217
0.8529 0.8401 0.9641 0.8966 1.0561 1.1607 1.0072 1.0871 1.0685 1.1715 1.0124 1.0966 1.0000 0.9522 0.9263 0.8964
0.8797 0.8833 0.9142 0.9742 0.9484 1.0753 1.0515 1.0345 1.0312 0.9511 1.0453 1.1303 1.0476 1.0147 1.0327 0.9370
0.6136 0.7620 0.9178 0.9843 1.0000 1.0424 1.0299 1.0347 1.0028 1.0767 1.0104 1.0742 0.9906 0.9269 1.0000 0.8130
0.8709 0.8142 0.9890 0.9459 1.0824 1.1293 1.1508 0.9464 1.0528 1.1142 1.1375 1.0348 1.0651 0.9347 0.9056 0.8453
0.7742 0.7826 0.8815 0.9355 1.2055 1.0000 1.0623 1.1805 1.0856 1.0330 1.2175 0.9430 0.9515 0.9510 1.0012 0.9943
0.8419 0.9425 0.9075 0.9848 1.1036 1.1260 1.1876 1.1737 1.1437 1.1359 1.0628 0.9743 0.9385 0.8731 0.7398 0.7316
