0.7810 0.8119 0.8912 0.9083 1.0211 1.0745 1.0289 1.1489 1.1586 1.1698 1.0259 0.9738 1.0645 1.0522 0.9002 0.9035
0.8684 0.8826 0.9896 1.0616 1.1105 1.2203 1.1939 0.9450 0.9894 0.9282 1.0701 1.0133 0.9517 0.8578 1.0077 0.7940
0.6658 0.7367 0.9230 0.9352 0.9605 1.0877 1.1200 1.0586 1.0731 1.2274 1.0084 0.9831 0.9296 0.9371 0.9368 0.7444
0.6735 0.7341 0.8483 0.9482 0.9622 1.0758 1.0908 1.0172 0.9659 1.1663 1.1325 0.9990 1.0715 0.9277 0.9878 0.7611
0.7827 0.8116 0.8320 0.9052 1.0000 1.0476 1.0857 1.0671 1.1359 1.2072 1.0094 1.0436 0.9741 1.0512 0.9580 0.8868
0.8675 0.8878 0.9004 0.9724 1.1348 1.0755 1.1609 1.0723 1.1533 1.0965 1.0340 1.0052 0.9859 0.9330 0.8698 0.8438
0.7642 0.8402 0.8817 0.9541 1.0255 1.0287 1.1374 1.1299 1.0861 1.0655 1.0852 1.0493 0.9836 0.9132 0.8453 0.9801
0.8922 0.8222 0.8744 0.9480 1.0000 1.0888 1.1947 1.0943 1.0977 1.0424 1.1385 1.0867 1.0396 0.9333 0.8552 0.9070
0.8253 0.8837 0.8685 0.8806 1.0180 1.0219 1.1396 1.0319 1.0860 1.1173 1.0377 1.0981 0.9916 1.0317 0.9005 0.8642
0.7140 0.7906 0.9041 1.0131 1.0070 1.0513 1.0853 1.1325 1.0023 1.0351 1.1530 0.9391 0.9110 0.9489 0.9763 0.9835
0.7519 0.7004 0.7817 0.8502 0.9688 1.0748 1.1575 1.0567 1.0425 1.0841 1.0232 0.9825 1.0511 0.9965 0.8848 0.9554
0.7373 0.8509 0.9155 1.0097 1.1705 1.1347 1.1167 0.8486 1.0046 1.1964 1.0716 0.9880 0.9458 1.0000 1.0000 0.6768
0.9458 0.9023 0.9477 1.0144 1.1518 1.1076 1.1065 1.0044 1.0821 0.9803 1.0440 0.9962 0.9897 0.8177 0.8212 0.9614
0.9160 0.9172 0.9582 1.0232 0.9903 1.1078 1.1418 1.1136 1.0768 1.0376 1.1339 0.9225 0.9396 1.0000 0.8227 0.8004
0.7012 0.7823 0.8963 0.9438 1.0214 1.1804 1.0989 1.0699 1.0576 1.0496 1.1222 1.1228 1.0023 0.8223 0.8778 0.8096
0.7181 0.8497 0.9490 1.0187 0.9693 1.0395 1.0661 1.0438 1.0544 0.9906 1.0167 1.0913 0.9969 0.9749 0.9287 0.8653
0.8616 0.7927 0.8866 0.8922 1.0366 1.1650 0.9581 1.1247 1.1158 1.1605 1.0309 1.0389 1.1201 0.9374 0.9103 0.9349
0.7065 0.7923 0.8219 0.8458 1.0075 1.0039 1.1107 1.0056 1.0009 1.0988 1.0962 1.0537 1.0219 1.0134 0.9433 0.9528
0.6971 1.0000 0.9116 0.9051 0.9645 1.1326 1.1340 1.0525 1.0553 1.1562 1.0805 0.9109 0.9759 0.8985 0.9054 0.9200
0.8606 0.8413 0.9668 0.8985 1.0577 1.1590 1.0064 1.0875 1.0684 1.1738 1.0121 1.0969 1.0000 0.9512 0.9252 0.8896
0.8804 0.8835 0.9133 0.9761 0.9499 1.0759 1.0523 1.0346 1.0312 0.9540 1.0453 1.1311 1.0491 1.0140 1.0297 0.9337
0.6118 0.7613 0.9175 0.9844 1.0000 1.0410 1.0299 1.0347 1.0004 1.0755 1.0086 1.0728 0.9894 0.9269 1.0000 0.8108
0.8722 0.8140 0.9909 0.9473 1.0849 1.1297 1.1520 0.9451 1.0523 1.1137 1.1357 1.0352 1.0668 0.9325 0.9041 0.8443
0.7723 0.7814 0.8814 0.9332 1.2049 1.0000 1.0615 1.1833 1.0869 1.0312 1.2149 0.9466 0.9517 0.9508 1.0015 0.9980
0.8406 0.9432 0.9080 0.9844 1.0986 1.1270 1.1832 1.1764 1.1412 1.1373 1.0645 0.9778 0.9378 0.8711 0.7366 0.7234
