1.3339 1.1816 1.0386 1.0909 0.9873 0.9656 1.0619 0.8951 1.0914 1.1326 0.8583 0.8407 0.9458 0.8410 0.8050 0.9279
1.0000 1.0710 1.2930 1.2567 1.1386 0.9989 1.0966 0.9571 0.8922 0.9153 0.8851 0.8731 0.8738 0.9136 0.8391 1.0000
1.0185 0.9037 0.8976 1.1782 0.8474 0.9521 1.0000 0.9690 0.9761 1.0393 0.9870 0.9440 1.0504 1.1583 1.0433 1.2665
1.3023 1.1845 1.1526 1.1507 1.0236 1.0643 1.1069 0.8998 0.9716 0.8880 0.8815 0.9450 0.8206 0.9318 0.7903 0.9767
1.2340 0.9565 0.8919 1.0051 0.9342 0.9798 0.9673 0.9230 0.9802 1.0831 0.9986 1.0988 0.9089 1.0910 1.0564 1.3353
1.2218 1.0836 1.0073 1.1213 0.9722 1.0692 1.0655 0.9650 0.9287 1.0172 0.9722 0.8726 0.8910 0.8431 1.0049 0.9790
1.1726 1.0909 1.0303 0.9863 0.9571 0.9632 1.0198 0.9816 0.8978 1.0437 0.9550 0.8473 0.9670 1.1096 1.0000 1.0349
1.3559 1.2332 1.1363 1.0957 1.1137 1.1108 1.0269 1.0199 1.0751 0.8903 0.9068 0.8380 0.8220 0.7893 0.7647 0.8306
0.6498 0.7061 0.8836 0.7365 0.9397 0.9483 0.8350 1.0443 1.0357 0.9343 1.0778 0.9846 1.2153 1.0252 1.2112 1.2220
1.1540 1.0005 0.9862 1.0876 0.9847 0.9572 0.9395 1.1485 0.8561 0.8823 0.9269 0.9048 1.0026 1.0105 1.0943 1.0778
0.6865 0.7293 0.8739 0.8103 0.9467 0.9621 0.8800 1.0681 1.0032 0.9315 1.0645 0.9063 1.2880 1.0980 0.9643 1.3063
1.2520 1.1348 1.1725 1.2223 1.0854 1.1034 1.1197 0.9956 0.9822 0.8699 0.8434 0.8842 0.8454 0.8204 0.8648 0.8026
1.0152 0.8515 0.8223 0.9191 0.8640 0.9079 0.8116 1.0126 0.9377 1.0935 1.1736 1.0129 1.0908 1.1995 1.1585 1.5397
1.2164 1.0711 1.1339 1.0246 0.8607 1.0046 1.0192 1.0311 0.9508 0.8790 0.9293 0.8788 0.9823 0.8841 1.0188 1.0896
1.2048 1.2037 0.9414 0.9212 1.0461 1.0238 0.9912 1.0294 0.9798 0.9211 0.9619 0.9655 0.9546 0.8060 0.7784 0.9586
1.0308 0.9434 1.0392 0.9056 0.9929 1.0501 0.9730 0.9839 1.0000 0.9007 0.9388 1.0931 1.0000 1.0136 1.0341 1.1603
0.9645 0.9306 0.8958 1.0000 0.9818 0.9253 1.0294 1.0982 0.9970 1.0191 1.0478 0.9944 1.0354 1.0873 1.2596 1.2721
1.4812 1.3604 1.0228 1.2556 0.9668 1.0026 1.1233 0.9719 0.9041 1.0000 1.0000 0.8997 1.0000 0.8442 0.9032 0.9169
1.4773 0.9868 1.2435 0.9088 0.8034 1.0994 1.0023 0.9749 1.0796 1.0410 0.9160 0.9978 0.8665 0.8855 0.9831 1.1707
1.1897 1.1465 1.1547 1.2187 0.9833 1.0494 0.9343 0.9257 0.9845 1.0520 0.8924 0.7896 0.8011 0.7602 0.5297 0.5232
1.2683 0.9570 1.0000 0.8997 1.1183 1.0305 0.8999 0.9795 0.9608 1.0191 0.9279 1.0734 0.9145 1.0968 1.0295 1.1087
0.7034 0.7299 0.9834 0.9950 1.0978 0.9932 0.9886 0.9631 0.9159 1.0841 0.9654 0.9733 1.0487 0.9801 1.0119 1.2298
1.0514 0.8483 0.9042 0.9410 0.8445 0.8960 0.8639 0.9155 1.0000 1.1124 0.9411 0.9403 1.1853 1.2671 1.3319 1.6493
1.0171 1.0727 0.8843 1.0568 0.8822 0.9656 0.9402 0.9948 1.1098 0.9082 1.0204 1.0345 0.9469 1.0588 0.5458 1.0712
1.1763 0.9983 0.9303 0.9766 0.9834 1.0237 1.0563 0.9982 0.9990 0.8907 1.0425 0.9508 1.0519 0.9603 0.9937 1.0921
