1.3098 1.1844 1.0803 1.0952 1.0058 0.9622 1.0657 0.8828 1.1456 1.1692 0.8500 0.8417 0.9414 0.7989 0.8135 0.8682
1.0000 1.0567 1.2007 1.2922 1.1524 0.9952 1.0714 0.9678 0.8775 0.9417 0.9141 0.8932 0.8871 0.9184 0.8323 1.0000
1.1164 0.9394 0.9164 1.3363 0.8845 1.0018 1.0000 0.9302 0.9816 1.0490 1.0050 0.9561 1.0375 1.0373 1.0656 1.1420
1.2624 1.1625 1.1235 1.1231 0.9889 1.0397 1.1039 0.9122 1.0026 0.9180 0.9142 0.9521 0.8489 0.9223 0.8246 0.9885
1.3784 1.0401 0.9397 1.0407 0.9631 0.9543 1.0110 0.9306 0.8896 0.9712 0.9959 1.0825 0.8845 1.0903 1.0626 1.3134
1.1446 1.0820 0.9635 1.0759 0.9654 1.0574 1.0579 0.9787 0.8765 1.0688 0.9403 0.9268 0.9240 0.9080 0.9971 1.0268
1.2138 1.1231 1.0511 1.0075 0.9704 0.9521 1.0129 0.9614 0.8792 1.0458 0.9581 0.8523 0.9536 1.0599 1.0000 1.0628
1.2971 1.2223 1.0783 1.0895 1.0919 1.0664 1.0500 1.0089 1.0951 0.9004 0.9254 0.8623 0.8159 0.7892 0.8095 0.8833
0.6749 0.7320 0.9101 0.7791 0.9220 0.9546 0.8301 1.0761 1.0488 0.9020 1.0704 0.9950 1.2230 0.9590 1.2444 1.1875
1.0727 0.9380 0.9112 1.0936 1.0132 0.9874 0.9627 1.0964 0.8870 0.9307 0.9194 0.9177 1.0392 1.0091 1.1170 1.1843
0.6562 0.7261 0.8610 0.8065 0.9210 0.9664 0.9546 1.0479 0.9988 0.9962 1.0537 0.9499 1.1627 1.1461 0.9808 1.2092
1.2252 1.1161 1.1439 1.1708 1.0576 1.0929 1.1204 0.9789 1.0320 0.9018 0.8471 0.8808 0.8832 0.8429 0.8892 0.8124
0.9980 0.8691 0.8461 0.9609 0.9072 0.8573 0.7848 1.1432 0.9338 1.0489 1.1487 0.9720 1.0972 1.2060 1.1036 1.4773
1.1195 1.0371 1.0981 0.8979 0.8740 0.9680 0.9989 1.0663 0.9725 0.9142 0.9788 0.9288 1.0241 0.9144 1.0838 1.0930
1.2463 1.1523 0.9654 0.9701 1.0601 1.0659 1.0275 1.0874 0.9933 0.8539 0.9669 0.9730 0.9331 0.7800 0.7631 0.8376
0.9867 0.9239 1.0664 0.9081 0.9410 1.0343 0.9717 0.9803 1.0000 0.9108 0.9706 1.0255 1.0000 1.0645 1.0780 1.2524
0.9302 0.9420 0.9442 1.0000 0.9661 0.9367 1.0479 0.9868 0.9902 1.0517 1.0626 1.0290 1.0341 1.0763 1.2415 1.3206
1.3768 1.3139 1.0143 1.2166 0.9715 0.9591 1.1142 0.9518 0.8971 1.0000 1.0000 0.9332 1.0000 0.8483 0.9514 0.9667
1.4558 1.0294 1.2130 0.9544 0.8224 1.1193 1.0376 0.9696 1.0703 0.9942 0.8959 0.9946 0.9053 0.8740 0.9575 1.1245
1.1370 1.1378 1.1720 1.2023 0.9954 1.0276 0.9453 0.9268 1.0069 1.1027 0.9018 0.8106 0.7864 0.7640 0.5378 0.5273
1.3404 0.9859 1.0000 0.9647 1.1766 1.0934 0.9167 1.0009 0.9745 0.9479 0.9379 1.1164 0.8791 1.0543 0.9967 1.0150
0.6215 0.7237 0.9763 0.9943 1.0275 1.0119 0.9980 0.9674 0.9519 1.0679 0.9712 1.0256 1.0727 0.9519 0.9904 1.2508
1.0413 0.8437 0.8972 0.9393 0.8799 0.8862 0.8937 0.9491 1.0000 1.1200 0.9588 0.9572 1.1281 1.2414 1.2642 1.4096
1.0394 1.0447 0.8575 1.0084 0.8721 0.9622 0.9017 0.9740 1.1254 0.9235 1.0182 1.0601 0.9978 1.0500 0.5458 1.1062
1.4039 1.1280 1.0401 1.0985 1.1081 1.0731 1.1224 0.9906 0.9990 0.8679 0.9837 0.8606 0.9781 0.8591 0.8323 0.9354
