0.8585 0.9478 0.9328 0.9404 1.0515 1.1120 1.0646 1.1895 1.0894 1.1549 0.9882 0.9405 1.0375 1.0490 0.8069 0.8347
0.9126 0.9338 1.0491 1.1181 1.1691 1.2795 1.2232 0.8696 0.9211 0.8677 1.0952 0.9618 0.9512 0.8175 1.0007 0.7698
0.6977 0.8191 0.9699 0.9681 1.0273 1.1678 1.0476 1.1031 1.0358 1.2520 0.9667 0.8728 0.9106 0.9217 0.9970 0.6373
0.6830 0.8154 0.9068 1.0388 1.0505 1.1075 1.1565 1.0862 0.9477 1.0987 1.1485 0.9234 0.9820 0.8583 0.8817 0.6383
0.8195 0.8565 0.8952 0.9209 1.0000 1.0654 1.1252 1.0452 1.1427 1.2257 1.0046 0.9588 0.9487 1.0603 0.9938 0.9051
0.8616 0.9420 0.9326 1.0054 1.1923 1.1240 1.2038 0.9623 1.1895 1.1212 1.0754 0.9826 0.9371 0.8820 0.7942 0.7938
0.7599 0.8819 0.9759 0.9616 1.1117 0.9771 1.1964 1.1930 1.1010 1.0345 1.0609 1.0210 0.9773 0.8575 0.8138 0.8411
0.9886 0.8605 0.9139 0.9939 1.0000 1.1300 1.1841 1.0345 1.0971 1.0974 1.0741 1.0837 1.0336 0.8888 0.8000 0.8281
0.8385 0.9444 0.8934 0.9329 1.0743 1.0437 1.1700 1.0275 1.1184 1.1008 1.0256 0.9941 1.0096 1.0047 0.8255 0.7577
0.7656 0.8158 0.9225 1.0615 1.0468 1.1224 1.0827 1.1436 0.9482 1.0183 1.1403 0.8045 0.8260 1.0096 1.0505 1.0127
0.8335 0.7624 0.8706 0.8630 1.0535 1.1584 1.2271 1.0589 1.0307 1.1088 1.0029 1.0054 1.0391 0.9783 0.8633 0.8364
0.7963 0.8847 0.8774 1.0499 1.1618 1.1674 1.1781 0.9276 0.9616 1.2192 0.9815 0.9091 0.8883 1.0000 1.0000 0.6064
0.9442 0.9080 0.9159 0.9962 1.1499 1.0800 1.1067 0.9059 1.0872 1.0138 1.0279 0.9717 0.9910 0.7957 0.7449 0.9399
0.9669 0.9369 0.9808 1.0024 0.9571 1.1020 1.1581 1.0982 1.0672 0.9837 1.0774 0.9273 0.9005 1.0000 0.8424 0.7184
0.6846 0.7934 0.8462 0.8798 1.0486 1.2449 1.0596 1.1285 1.0049 1.0496 1.1276 1.1799 1.0178 0.8551 0.9194 0.8193
0.7435 0.9084 0.9392 1.0717 1.0276 1.0120 1.0834 0.9828 1.1214 0.9590 0.9871 1.0303 1.0511 0.9467 0.8745 0.7756
0.9103 0.6976 0.8485 0.8459 1.0873 1.2082 1.0136 1.1802 1.0937 1.1271 1.0349 1.0267 1.1592 0.9173 0.8236 0.9773
0.7045 0.9426 0.8294 0.8295 1.0462 0.9912 1.2137 1.1315 1.0345 1.1721 1.1026 1.0057 0.9223 0.9053 0.9332 0.8868
0.7596 1.0000 0.9486 0.9122 0.9964 1.1187 1.1049 0.9874 1.0885 1.1854 1.1349 0.8711 1.0116 0.8941 0.8951 0.8462
0.8847 0.8718 0.9965 0.8936 1.0908 1.1945 0.9995 1.0847 1.0763 1.1468 0.9758 1.1359 1.0000 0.8999 0.9735 0.7936
0.9328 0.9569 0.9282 0.9482 0.8838 1.1038 1.0497 1.0899 1.0646 0.9698 1.0500 1.2019 0.9781 1.0154 0.9538 0.8005
0.6483 0.8496 0.9707 1.0260 1.0000 1.0478 1.0473 1.0494 1.0058 1.0378 0.9345 1.0504 0.9584 0.8778 1.0000 0.7371
0.7887 0.8092 0.9986 1.0190 1.0343 1.1516 1.1751 0.9184 1.0837 1.1597 1.1492 1.0386 1.0779 0.9271 0.8437 0.8403
0.8644 0.8489 0.9233 0.9974 1.2305 1.0000 1.1231 1.1693 1.0991 1.0341 1.2395 0.8549 0.9030 0.8914 0.9388 0.8861
0.8414 0.9393 0.8424 0.9979 1.1392 1.0894 1.2026 1.1635 1.1297 1.1826 1.1008 0.9071 0.9471 0.8400 0.7250 0.7231
