0.8264 0.8615 0.9278 0.9403 1.0202 1.0754 1.0334 1.1560 1.1655 1.1590 1.0278 0.8944 1.0916 1.0438 0.8757 0.8973
0.9252 0.9232 1.0509 1.0918 1.1682 1.2344 1.2183 0.8903 0.9364 0.8892 1.0716 0.9787 0.9449 0.8296 0.9721 0.7562
0.6784 0.8030 0.9358 0.9719 0.9782 1.0908 1.1246 1.0717 1.0776 1.2402 1.0008 0.9568 0.9416 0.9204 0.9090 0.7056
0.7047 0.7837 0.8843 0.9823 0.9677 1.0790 1.1078 1.0093 0.9827 1.1355 1.1458 0.9915 1.0334 0.9257 0.9313 0.7343
0.8089 0.8966 0.8801 0.9223 1.0000 1.0974 1.1410 1.0556 1.1327 1.2377 1.0077 1.0110 0.9644 1.0409 0.9446 0.7810
0.8789 0.9427 0.9455 0.9678 1.1220 1.1189 1.1575 1.0296 1.1544 1.1091 1.0487 0.9758 0.9703 0.9174 0.8393 0.8236
0.7706 0.8607 0.9238 0.9614 1.0190 1.0253 1.1238 1.1168 1.1158 1.0891 1.1148 1.0611 0.9550 0.8577 0.8248 0.9491
0.9477 0.8367 0.8807 0.9655 1.0000 1.0976 1.1713 1.0531 1.1175 1.0643 1.1597 1.0531 1.0250 0.9101 0.8266 0.8853
0.8323 0.9106 0.8643 0.9201 1.0352 1.0060 1.1439 1.0367 1.1159 1.1246 1.0719 1.0559 0.9765 1.0350 0.8754 0.8246
0.7339 0.8240 0.9543 1.0744 1.0176 1.0732 1.0586 1.1452 0.9768 1.0372 1.1615 0.8954 0.8825 0.9548 0.9521 0.9402
0.7965 0.7388 0.8332 0.8754 1.0041 1.1036 1.1887 1.0780 1.0662 1.1377 1.0438 1.0074 1.0520 0.9762 0.8696 0.8964
0.7934 0.8605 0.9039 1.0196 1.1527 1.1057 1.1146 0.8792 1.0053 1.2187 1.0541 0.9559 0.9399 1.0000 1.0000 0.6155
0.9377 0.8741 0.9427 0.9836 1.1473 1.0841 1.0979 0.9402 1.0924 1.0212 1.0737 0.9544 1.0008 0.8113 0.7696 0.9326
0.9290 0.9585 0.9511 0.9971 0.9597 1.1011 1.1532 1.0747 1.0777 1.0221 1.0935 0.9388 0.9292 1.0000 0.8093 0.7539
0.6935 0.7985 0.8894 0.9382 1.0297 1.1759 1.0967 1.0690 1.0559 1.0558 1.1190 1.1380 1.0108 0.8126 0.8851 0.7980
0.8017 0.9011 0.9568 1.0330 0.9873 1.0511 1.0673 1.0404 1.0629 1.0055 1.0240 1.0563 0.9621 0.9455 0.9077 0.8279
0.8996 0.7689 0.8800 0.8668 1.0961 1.2032 0.9944 1.1496 1.0756 1.1949 1.0210 1.0485 1.1239 0.9009 0.8670 0.8897
0.7056 0.8717 0.8274 0.8456 1.0463 1.0262 1.1294 1.0237 1.0460 1.1447 1.1146 1.0389 1.0004 0.9829 0.9582 0.9059
0.7448 1.0000 0.9271 0.9108 0.9794 1.1722 1.1352 1.0567 1.0477 1.1398 1.1102 0.9097 0.9649 0.8830 0.8923 0.8765
0.8825 0.9113 1.0079 0.8817 1.0909 1.2030 0.9835 1.0744 1.0942 1.1601 0.9824 1.1011 1.0000 0.9037 0.9123 0.8061
0.9085 0.9212 0.9316 0.9807 0.9282 1.1102 1.0644 1.0612 1.0355 0.9576 1.0501 1.0923 1.0243 1.0137 0.9876 0.8646
0.6479 0.7861 0.9133 0.9797 1.0000 1.0193 1.0035 1.0224 1.0051 1.0828 1.0051 1.0681 1.0033 0.8977 1.0000 0.7728
0.8274 0.7935 1.0114 1.0165 1.0863 1.1482 1.1516 0.9103 1.0872 1.1705 1.1574 1.0377 1.0632 0.8989 0.8542 0.8034
0.8304 0.8131 0.8860 0.9672 1.2264 1.0000 1.0815 1.1811 1.0999 1.0202 1.1746 0.9410 0.9504 0.8920 0.9577 0.9745
0.8550 0.9695 0.8848 0.9947 1.1070 1.0956 1.1486 1.1597 1.1565 1.1392 1.0714 0.9561 0.9330 0.8493 0.7143 0.6776
