1.3902 1.3096 1.3240 1.3172 1.1193 1.0722 1.0884 0.9875 1.0308 0.9769 0.8157 0.7866 0.8455 0.7379 0.6437 0.6474
1.0000 0.7367 0.8913 0.9319 0.9454 0.9292 1.0780 1.0042 0.9861 1.1231 1.0714 0.9897 1.0534 1.2104 1.0748 1.0000
1.4293 1.3562 1.4531 2.0646 1.0831 1.2307 1.0000 0.8251 1.1242 1.0527 0.8826 0.8049 0.8801 0.9531 0.7078 0.8650
0.9682 0.7954 0.7978 0.9291 0.8474 0.9415 0.9587 0.9468 1.1524 1.0884 1.0467 1.0380 1.0994 0.9990 1.0205 1.4657
1.3045 1.2611 1.0359 0.9581 0.8825 0.9859 1.2839 1.2179 0.9105 1.1517 1.1810 1.0061 0.9773 0.9951 0.9183 0.9806
0.7499 0.8637 0.7179 0.8795 0.8962 0.9800 1.1620 0.9788 0.9042 1.1568 0.9852 1.2258 1.0955 1.0815 1.1326 1.3316
1.6804 1.3533 1.3318 1.2107 1.1994 1.0097 0.9907 0.8490 0.8749 0.8548 0.8363 0.7492 0.8098 0.9575 1.0000 0.7585
0.9257 0.9129 0.9118 0.9661 0.8394 1.0042 1.1169 1.1538 1.1875 1.0076 0.9836 1.0544 0.9302 0.8934 0.9947 1.1289
1.0178 0.9745 1.1926 1.0566 0.9738 1.2263 0.9748 1.1332 1.0877 0.9651 1.0247 0.9546 0.9728 0.8552 1.0154 1.1405
0.9347 0.7706 1.0051 0.8226 0.9217 1.0038 0.8495 1.1062 0.9425 1.0772 0.9891 1.1368 1.3063 1.1591 1.2341 1.6633
0.6677 1.0565 1.0905 0.8539 1.0244 1.1371 1.0357 1.1636 1.0475 0.9465 0.8783 0.9370 0.9749 0.9036 0.7932 1.2916
0.8260 0.7939 0.8709 0.9062 0.8377 0.9305 1.0292 0.9333 0.9941 1.1279 1.0912 1.1552 1.1626 1.2230 1.2270 0.9602
1.2083 1.1309 1.0838 1.1599 1.0815 1.1610 1.1086 1.4783 0.8140 1.1584 1.0885 0.7172 0.7459 0.7596 0.7722 0.9188
1.0841 0.8810 1.0686 0.8410 0.8064 0.8746 0.8557 1.0490 1.0732 1.1092 1.1137 1.0583 1.0953 1.0695 1.1437 1.1028
1.5579 1.4224 1.0479 1.0755 1.2523 1.0172 1.1496 1.0689 0.9419 0.7664 0.8910 0.8162 0.7701 0.6082 0.6647 0.7862
0.6809 0.9361 0.8527 0.7676 0.8334 0.8453 0.9521 0.8829 1.0000 0.9221 1.1687 1.1710 1.0000 1.4097 1.4508 1.5265
1.1778 0.9216 1.1790 1.0000 0.9747 1.0622 1.0790 0.9881 0.9386 0.9634 0.9543 0.9514 0.8878 0.9191 1.0421 0.9369
0.8060 0.8867 0.8186 0.9658 0.8059 0.8683 1.0390 1.0108 0.9528 1.0000 1.0000 1.2007 1.0000 1.0899 1.0954 1.2338
1.5560 1.2422 1.7000 1.1858 0.9556 1.1803 1.0944 1.0424 0.9805 0.8743 0.9309 0.7932 0.6877 0.7209 0.8150 0.7826
0.8686 0.8171 1.1244 0.9293 0.9337 1.0252 1.0432 1.1230 1.1524 1.3892 1.1531 1.0375 1.0844 1.1075 0.6962 0.6351
1.4689 1.1182 1.0000 1.1021 1.2622 1.1820 1.0679 1.0496 0.9857 0.9077 0.8983 1.0270 0.8349 0.9424 0.8351 0.8752
0.7043 0.6105 0.7635 0.6778 0.8103 0.8975 0.9905 0.9525 1.0229 0.9958 1.0702 1.3501 1.2305 1.0854 1.1560 1.5395
1.0476 0.9987 1.0590 0.8862 0.9929 1.0215 1.1439 1.1534 1.0000 1.5601 0.9970 0.8758 0.8934 0.7064 0.6224 0.7571
0.7704 0.7658 0.7847 0.8081 0.7854 0.8976 0.8462 0.9768 1.1510 1.1114 1.1674 1.1654 1.3085 1.2888 1.3093 1.4520
1.4792 1.4637 1.2126 1.3327 1.1904 1.2954 1.2606 1.1448 0.9793 0.8980 0.8806 0.9589 0.9837 0.7792 0.8693 0.9913
