1.4406 1.3505 1.3054 1.3255 1.0550 0.9707 1.1317 1.0002 0.9881 1.0026 0.7911 0.8335 0.8368 0.8176 0.6597 0.6603
1.0000 0.7566 0.9263 0.9339 0.8966 0.9064 1.0815 0.9794 1.0194 1.0990 1.0751 0.9828 1.0498 1.2167 1.1088 1.0000
1.4228 1.4223 1.4438 1.9980 1.0916 1.1339 1.0000 0.8187 1.2323 1.0611 0.8968 0.7595 0.9507 0.9611 0.7729 0.8071
0.9995 0.8065 0.8024 0.9569 0.8676 0.9045 0.9375 0.9078 1.1110 0.9766 1.0368 1.0523 1.0347 1.0040 1.0347 1.6241
1.2959 0.9616 1.1800 0.9776 0.9801 0.9871 1.3282 1.2552 0.9296 1.2377 1.2269 1.0338 0.9683 1.0129 1.0479 1.0244
0.6755 0.9526 0.6602 0.8553 0.8648 0.9882 1.1513 1.0263 0.9556 1.1552 1.0737 1.2937 1.1710 1.0774 1.1866 1.3594
1.6934 1.3633 1.3174 1.2170 1.1855 1.0246 1.0293 0.8863 0.8725 0.8026 0.8070 0.7610 0.8031 0.9307 1.0000 0.7813
0.9388 0.8581 0.9249 0.8683 0.8250 0.9851 1.0354 1.1315 1.2030 1.0041 0.9948 1.0679 0.9468 0.9858 1.0225 1.2174
1.0234 0.9851 1.2126 1.1310 1.0395 1.2971 0.9394 1.1133 1.1241 0.9654 1.0409 0.9616 0.9462 0.9382 1.0022 1.2449
1.0063 0.7800 1.0894 0.8590 0.9231 0.9806 0.8690 1.1742 0.9084 1.0525 0.9743 1.0132 1.1339 1.0676 1.1692 1.5591
0.6902 1.0900 1.2426 0.8336 1.1636 1.1698 1.0466 1.0869 1.1096 0.9290 0.8591 0.8789 0.9762 0.8702 0.7288 1.3705
0.8384 0.8098 0.9052 0.8924 0.7795 0.9183 1.0419 0.9045 0.9747 1.1289 1.1052 1.1531 1.1543 1.2160 1.2054 1.0103
1.1806 1.1207 1.0836 1.1149 1.1301 1.2531 1.1751 1.5518 0.7436 1.2542 1.0263 0.7350 0.8427 0.9085 0.7155 0.8158
1.0971 0.9417 1.0623 0.9120 0.8163 0.9137 0.8755 1.0412 1.0373 1.0574 1.0777 1.0147 1.0661 1.0320 1.0925 1.1042
1.3855 1.4113 1.0780 1.1739 1.2367 1.1145 1.1592 1.0956 0.9235 0.7906 0.9035 0.8430 0.7715 0.7445 0.7263 0.6248
0.6863 0.9740 0.8016 0.7655 0.8214 0.8460 0.9757 0.9072 1.0000 0.9007 1.1710 1.2098 1.0000 1.4344 1.4590 1.5133
1.1096 0.8786 1.1821 1.0000 0.9718 1.0075 1.0843 1.0880 0.9499 0.9611 0.9385 0.9652 0.9067 0.9316 1.0760 0.9821
0.7958 0.8304 0.8063 0.9128 0.8194 0.8577 1.0615 0.9539 0.9686 1.0000 1.0000 1.1641 1.0000 1.1792 1.1603 1.2505
1.6157 1.2552 1.7079 1.1661 0.9839 1.1930 1.1023 1.0437 1.0400 0.9560 0.9020 0.7745 0.7264 0.7027 0.8910 0.8510
0.8428 0.8546 1.1998 1.0534 0.9583 0.9128 1.0760 1.0973 1.2930 1.2265 1.2998 1.1042 1.1628 1.2618 0.9073 0.7964
1.4846 1.2013 1.0000 1.1254 1.1941 1.2082 1.0605 1.0687 1.0362 0.9795 0.9510 1.0142 0.8833 0.9815 0.8687 0.9422
0.7568 0.6731 0.7945 0.6814 0.8739 0.8947 1.0205 0.9665 1.0521 1.0215 1.0203 1.2920 1.2420 1.1629 1.1667 1.5818
1.0164 1.0744 1.0778 0.9052 1.0015 1.0300 1.1379 1.1440 1.0000 1.5257 1.0196 0.8603 0.9008 0.7243 0.6416 0.8252
0.7340 0.7504 0.8253 0.9342 0.8532 0.8416 0.8438 1.0500 1.1537 1.0698 1.0803 1.0696 1.2397 1.2761 0.7691 1.4893
1.5225 1.4379 1.2824 1.3216 1.1285 1.3177 1.3680 1.2543 1.0124 0.9942 0.9067 0.9900 0.8564 0.9087 0.9433 0.9218
