1.3382 1.1904 1.0535 1.0967 0.9787 0.9463 1.0679 0.8957 1.1097 1.1390 0.8533 0.8515 0.9305 0.8292 0.8023 0.9287
1.0000 1.1068 1.3321 1.2631 1.1411 1.0011 1.0882 0.9573 0.8800 0.9113 0.8636 0.8519 0.8724 0.8994 0.8402 1.0000
1.0067 0.8773 0.9194 1.1434 0.8425 0.9495 1.0000 0.9544 0.9835 1.0568 0.9478 0.9649 1.0487 1.1781 1.0842 1.2402
1.3410 1.2154 1.1801 1.1342 1.0090 1.0536 1.0831 0.8924 0.9407 0.8637 0.8952 0.9521 0.8084 0.9359 0.7861 1.0024
1.2412 0.9773 0.9084 1.0260 0.9744 1.0088 0.9802 0.9061 1.0098 1.0801 0.9707 1.0895 0.9015 1.0985 1.0499 1.2927
1.2530 1.1151 1.0418 1.1635 0.9960 1.0902 1.0551 0.9556 0.9201 0.9885 0.9973 0.8381 0.8547 0.8110 0.9813 0.9270
1.1882 1.0892 1.0476 0.9845 0.9514 0.9513 1.0287 0.9753 0.8908 1.0425 0.9696 0.8485 0.9896 1.0506 1.0000 1.0405
1.3611 1.2383 1.1758 1.1065 1.1501 1.1049 1.0578 1.0004 1.0807 0.8907 0.8873 0.8226 0.8080 0.7740 0.7528 0.8016
0.6627 0.7261 0.8844 0.7440 0.9306 0.9425 0.8279 1.0342 1.0074 0.8989 1.0326 0.9663 1.1901 1.0037 1.2034 1.2384
1.1744 1.0195 1.0189 1.1036 0.9864 0.9672 0.9559 1.1817 0.8775 0.8723 0.9240 0.8946 0.9973 0.9705 1.0532 1.0340
0.6845 0.7396 0.8886 0.8196 0.9751 0.9755 0.9080 1.0247 0.9614 0.9575 1.1129 0.9372 1.2134 1.1222 0.9544 1.3084
1.2647 1.1405 1.1848 1.2262 1.1000 1.1196 1.1432 0.9680 1.0086 0.8882 0.8440 0.8831 0.8462 0.7773 0.8152 0.7875
0.9909 0.8195 0.8223 0.9081 0.8651 0.9355 0.8415 1.0723 0.9383 1.1059 1.1848 1.0143 1.1170 1.1917 1.1448 1.5026
1.2307 1.0926 1.1430 1.0566 0.8536 1.0015 1.0379 1.0312 0.9373 0.8646 0.9384 0.8697 0.9825 0.8679 0.9987 1.0651
1.1548 1.1746 0.9354 0.9144 1.0415 1.0539 0.9915 1.0667 0.9914 0.9423 0.9459 0.9712 0.9649 0.8135 0.7902 0.9804
1.0480 0.8946 1.0656 0.9085 0.9960 1.0697 0.9809 1.0072 1.0000 0.9119 0.9383 1.1243 1.0000 0.9857 0.9801 1.1220
0.9287 0.9253 0.9137 1.0000 1.0012 0.9334 1.0316 1.1018 1.0158 1.0013 1.0468 0.9981 1.0372 1.0708 1.2454 1.2420
1.4973 1.3637 1.0630 1.2936 1.0007 0.9882 1.1215 0.9737 0.9057 1.0000 1.0000 0.8901 1.0000 0.8238 0.8936 0.9096
1.5038 1.0107 1.1450 0.9238 0.8060 1.1212 1.0185 0.9898 1.0689 1.0520 0.8863 1.0083 0.8948 0.8914 0.9787 1.1610
1.1814 1.1244 1.1508 1.2176 0.9793 1.0376 0.9400 0.9130 0.9957 1.0287 0.8999 0.8091 0.8376 0.7751 0.5272 0.5295
1.2265 0.9717 1.0000 0.9699 1.1080 1.0943 0.9176 1.0236 0.9626 1.0266 0.9151 1.0550 0.8923 1.0747 0.9763 1.0968
0.7412 0.7637 0.9908 1.0125 1.1178 1.0169 0.9983 0.9822 0.9414 1.0677 0.9828 0.9708 0.9977 0.9576 0.9552 1.1575
1.0463 0.8978 0.9240 0.9977 0.8778 0.9364 0.8713 0.9262 1.0000 1.1466 0.9387 0.9217 1.1477 1.2553 1.3316 1.7195
1.0358 1.0774 0.8959 1.0494 0.9027 0.9940 0.9550 1.0211 1.0899 0.9018 0.9909 1.0399 0.9325 1.0129 0.5458 1.0498
1.0995 0.9647 0.8837 0.9397 0.9493 0.9909 1.0472 0.9835 0.9909 0.8807 1.0296 0.9757 1.0859 0.9619 1.0442 1.1746
