1.3452 1.1777 1.0387 1.0950 0.9758 0.9308 1.0562 0.8863 1.1039 1.1432 0.8519 0.8447 0.9431 0.8366 0.8106 0.9460
1.0000 1.0789 1.3057 1.2627 1.1443 1.0014 1.0946 0.9736 0.9023 0.9169 0.8695 0.8711 0.8759 0.8889 0.8237 1.0000
1.0203 0.9058 0.9266 1.2015 0.8598 0.9599 1.0000 0.9589 0.9969 1.0409 0.9459 0.9438 1.0356 1.1531 1.0596 1.2462
1.3274 1.2035 1.1528 1.1627 1.0156 1.0621 1.1059 0.9132 0.9636 0.8860 0.9018 0.9348 0.8041 0.9153 0.7803 0.9716
1.2493 0.9543 0.8928 1.0243 0.9577 0.9845 0.9739 0.8754 0.9778 1.0760 0.9980 1.1092 0.8914 1.1122 1.0594 1.3402
1.2238 1.0845 0.9947 1.1251 0.9860 1.0702 1.0473 0.9473 0.9091 1.0165 0.9777 0.8668 0.8784 0.8507 1.0216 0.9814
1.1855 1.1056 1.0317 0.9915 0.9618 0.9559 1.0185 0.9747 0.8815 1.0457 0.9825 0.8296 0.9661 1.0818 1.0000 1.0384
1.3607 1.2213 1.1629 1.1128 1.1067 1.1093 1.0789 1.0078 1.0534 0.8768 0.8891 0.8235 0.8132 0.7908 0.7627 0.8229
0.6596 0.7114 0.8842 0.7488 0.9557 0.9616 0.8391 1.0439 1.0362 0.9074 1.0605 0.9841 1.2206 1.0230 1.2176 1.2162
1.1422 1.0147 0.9960 1.1005 1.0047 0.9697 0.9592 1.1526 0.8588 0.8727 0.9229 0.8675 0.9995 0.9804 1.0890 1.1011
0.6561 0.7261 0.8698 0.7946 0.9358 0.9619 0.8991 1.0714 1.0012 0.9552 1.0843 0.9026 1.2522 1.0850 0.9693 1.3121
1.2713 1.1378 1.1631 1.1849 1.0662 1.1011 1.1185 0.9842 1.0009 0.8899 0.8639 0.8857 0.8586 0.7986 0.8621 0.8218
1.0204 0.8403 0.8042 0.9041 0.8765 0.9301 0.8186 1.0174 0.9518 1.1120 1.1788 1.0046 1.0986 1.1802 1.1400 1.5241
1.2323 1.1038 1.1208 1.0524 0.8546 1.0054 1.0180 1.0433 0.9549 0.8702 0.9347 0.8728 0.9663 0.8782 0.9951 1.0796
1.2185 1.1807 0.9437 0.9235 1.0384 1.0432 0.9752 1.0663 1.0111 0.9203 0.9487 0.9613 0.9522 0.7859 0.7662 0.9288
1.0313 0.9511 1.0527 0.9059 0.9843 1.0455 0.9649 0.9741 1.0000 0.9060 0.9456 1.1030 1.0000 1.0159 1.0165 1.1595
0.9513 0.9314 0.9262 1.0000 0.9640 0.9182 1.0316 1.1028 0.9963 1.0137 1.0297 0.9953 1.0402 1.0881 1.2643 1.2854
1.4662 1.3402 1.0416 1.2749 0.9996 0.9920 1.1239 0.9762 0.9081 1.0000 1.0000 0.8904 1.0000 0.8361 0.8845 0.9048
1.4893 1.0161 1.2085 0.9042 0.7885 1.1161 1.0113 0.9773 1.0660 1.0379 0.8900 1.0030 0.9027 0.8981 0.9773 1.1727
1.1710 1.1323 1.1594 1.2018 0.9841 1.0538 0.9465 0.9225 0.9965 1.0526 0.9053 0.8069 0.7974 0.7644 0.5372 0.5228
1.2110 0.9133 1.0000 0.9289 1.1000 1.0396 0.9225 0.9920 0.9496 1.0327 0.9124 1.0870 0.8820 1.1117 1.0090 1.1185
0.7320 0.7315 0.9888 0.9868 1.1128 1.0235 0.9806 0.9475 0.9242 1.0825 0.9744 0.9888 1.0167 0.9891 0.9973 1.2127
1.0239 0.8521 0.8812 0.9299 0.8360 0.9124 0.8476 0.9206 1.0000 1.1634 0.9437 0.9530 1.1679 1.2645 1.3507 1.6714
1.0185 1.0759 0.8911 1.0531 0.8815 0.9866 0.9434 0.9968 1.1014 0.8927 1.0026 1.0396 0.9399 1.0518 0.5458 1.0833
1.1593 0.9914 0.9072 0.9661 0.9713 1.0113 1.0498 0.9995 0.9992 0.8865 1.0466 0.9794 1.0635 0.9728 1.0059 1.1070
