1.2871 1.1748 1.1030 1.1193 1.0420 1.0075 1.0743 0.8987 1.1200 1.1101 0.8808 0.8394 0.9546 0.7747 0.7811 0.8250
1.0000 1.0508 1.1050 1.2672 1.1198 0.9989 1.0399 0.9501 0.8832 1.0011 0.9321 0.9082 0.9141 0.9970 0.8449 1.0000
1.1263 1.0115 0.9370 1.3962 0.9377 1.0231 1.0000 0.9381 0.9974 1.0604 1.0224 0.9420 1.0264 0.9830 1.0031 1.0122
1.2472 1.0853 1.0720 1.1348 1.0079 1.0636 1.1030 0.9534 1.0137 0.9376 0.9406 0.9483 0.8714 0.9179 0.8434 0.9451
1.4254 1.0719 0.9972 1.0788 0.9454 0.9445 1.0082 0.9465 0.8123 0.9098 0.9849 1.0694 0.8864 1.0911 1.0910 1.3033
1.1086 1.0769 0.9615 1.0469 0.9599 1.0808 1.1087 1.0041 0.8239 1.1115 0.8832 0.9498 0.9321 0.9021 0.9781 1.0771
1.2490 1.1224 1.0912 1.0087 0.9784 0.9275 1.0172 0.9189 0.9170 1.0295 0.9686 0.8520 0.9820 1.0340 1.0000 1.0201
1.2243 1.2391 1.0091 1.0920 1.0520 1.0915 1.0669 1.0408 1.1088 0.9312 0.9255 0.8830 0.8307 0.7816 0.8035 0.9085
0.6870 0.7484 0.9417 0.7921 0.9250 0.9513 0.8632 1.0672 1.0473 0.9492 1.1167 1.0244 1.2066 0.8852 1.2572 1.0797
0.9881 0.9231 0.8529 1.0771 0.9717 0.9898 0.9483 0.9991 0.8765 0.9687 0.9416 0.9946 1.1053 1.0935 1.1458 1.3156
0.6388 0.7625 0.8457 0.8511 0.9232 0.9895 0.9467 1.1173 1.0370 0.9910 0.9631 0.9611 1.1437 1.1664 0.9739 1.1324
1.1976 1.0911 1.0980 1.1819 1.0654 1.0812 1.1607 0.9648 1.0094 0.8906 0.8847 0.9164 0.8775 0.8626 0.9165 0.7991
0.9704 0.9828 0.9621 1.0674 0.9776 0.8468 0.7671 1.1054 0.9339 0.9724 1.1427 0.8951 1.0379 1.1546 1.0914 1.3862
1.0615 0.9811 1.0295 0.8155 0.8950 0.9617 0.9400 1.0683 0.9799 0.9664 1.0263 0.9732 1.0840 0.9744 1.1115 1.1002
1.3167 1.1570 0.9832 0.9759 1.0704 1.0862 1.0721 1.0570 0.9999 0.8156 0.9529 0.9475 0.9240 0.7444 0.7145 0.8004
0.9581 0.9225 1.0575 0.9169 0.9256 1.0634 1.0097 0.9751 1.0000 0.9264 0.9985 0.9127 1.0000 1.0787 1.1181 1.2793
0.9668 0.9264 0.9591 1.0000 0.9475 0.9627 1.0239 0.9484 1.0085 1.0694 1.0531 1.0369 1.0423 1.0341 1.1311 1.2873
1.3190 1.3181 0.9597 1.2581 0.9557 0.9961 1.1435 0.9284 0.8922 1.0000 1.0000 0.9491 1.0000 0.8578 0.9512 0.9907
1.4015 1.0167 1.2982 0.9833 0.8575 1.1346 1.0181 1.0131 1.0801 0.9862 0.9184 0.9682 0.8778 0.8583 0.9192 1.0568
1.1463 1.0984 1.1572 1.2054 0.9984 1.0386 0.9483 0.9785 1.0167 0.9910 0.9121 0.8155 0.7748 0.7415 0.5381 0.5255
1.3494 0.9781 1.0000 0.9565 1.1508 1.0874 0.9600 1.0100 1.0034 0.8771 0.9790 1.1076 0.9371 1.0641 1.0007 0.9572
0.5486 0.6907 1.0032 0.9487 0.9488 1.0235 1.0310 0.9887 0.9692 1.0278 0.9826 1.0859 1.0902 0.9501 0.9608 1.2945
1.0750 0.8816 0.9387 0.8906 0.8754 0.9370 0.9301 1.0007 1.0000 1.1679 0.9482 0.9506 1.0808 1.2205 1.1798 1.1472
0.9856 0.9812 0.8028 0.9941 0.8452 1.0012 0.9145 0.9119 1.1228 0.9627 1.0442 1.1262 1.0466 1.0467 0.5458 1.1365
1.4397 1.1214 1.0487 1.1474 1.0755 1.0800 1.1495 0.9949 0.9871 0.8207 0.9910 0.8895 0.9833 0.8813 0.8110 0.8854
