1.3430 1.1902 1.0543 1.0948 0.9829 0.9349 1.0594 0.8950 1.1024 1.1470 0.8568 0.8523 0.9323 0.8340 0.8019 0.9225
1.0000 1.0926 1.3338 1.2658 1.1485 1.0116 1.0881 0.9786 0.8721 0.9090 0.8643 0.8555 0.8709 0.8844 0.8218 1.0000
1.0129 0.9005 0.9134 1.1458 0.8355 0.9389 1.0000 0.9487 0.9629 1.0433 0.9467 0.9718 1.0484 1.1672 1.0766 1.2448
1.3424 1.2288 1.1788 1.1364 1.0117 1.0578 1.0833 0.8994 0.9398 0.8632 0.8954 0.9352 0.8009 0.9333 0.7728 0.9984
1.2437 0.9753 0.9084 1.0328 0.9707 1.0114 0.9927 0.9106 1.0096 1.0728 0.9976 1.0830 0.8891 1.0804 1.0399 1.2640
1.2430 1.0698 1.0308 1.1578 0.9944 1.0794 1.0546 0.9636 0.9392 1.0121 1.0080 0.8541 0.8696 0.8269 0.9751 0.9435
1.2095 1.1159 1.0554 0.9906 0.9481 0.9587 1.0293 0.9745 0.8840 1.0439 0.9584 0.8406 0.9766 1.0265 1.0000 1.0458
1.3691 1.2422 1.1745 1.1030 1.1512 1.1050 1.0574 1.0092 1.0673 0.8982 0.8759 0.8100 0.8051 0.7736 0.7429 0.7925
0.6713 0.7225 0.8884 0.7466 0.9480 0.9463 0.8284 1.0283 1.0167 0.8952 1.0314 0.9664 1.1953 1.0059 1.2094 1.2457
1.1873 1.0091 1.0176 1.1077 0.9960 0.9652 0.9597 1.1793 0.8833 0.8737 0.9208 0.8979 0.9834 0.9615 1.0550 1.0238
0.7033 0.7418 0.8997 0.8147 0.9838 0.9707 0.8996 1.0204 0.9612 0.9581 1.1054 0.9275 1.2137 1.1137 0.9626 1.3071
1.2636 1.1427 1.1976 1.2393 1.1002 1.1223 1.1395 0.9598 1.0036 0.8934 0.8320 0.8682 0.8291 0.7760 0.8199 0.7892
1.0086 0.8273 0.8237 0.9163 0.8675 0.9364 0.8435 1.0585 0.9565 1.1031 1.1938 1.0088 1.0975 1.1859 1.1381 1.5046
1.2376 1.0878 1.1433 1.0528 0.8616 1.0012 1.0354 1.0319 0.9480 0.8664 0.9386 0.8673 0.9709 0.8605 0.9999 1.0650
1.1632 1.1751 0.9373 0.9231 1.0535 1.0580 0.9990 1.0717 0.9889 0.9343 0.9393 0.9594 0.9591 0.7961 0.7793 0.9573
1.0596 0.8998 1.0672 0.9130 1.0129 1.0646 0.9795 1.0097 1.0000 0.9115 0.9385 1.1068 1.0000 0.9846 0.9673 1.1249
0.9165 0.9147 0.9092 1.0000 1.0029 0.9364 1.0328 1.1043 1.0161 1.0246 1.0354 0.9897 1.0469 1.0788 1.2477 1.2424
1.4797 1.3720 1.0629 1.2926 1.0140 1.0051 1.1430 0.9764 0.9174 1.0000 1.0000 0.8746 1.0000 0.8187 0.8701 0.8967
1.5053 1.0104 1.1321 0.9157 0.7962 1.1176 1.0186 0.9966 1.0741 1.0509 0.8894 1.0212 0.8972 0.8940 0.9951 1.1562
1.1723 1.1156 1.1511 1.2209 0.9951 1.0330 0.9405 0.9175 0.9958 1.0287 0.9061 0.8026 0.8287 0.7741 0.5241 0.5177
1.2459 0.9642 1.0000 0.9872 1.1542 1.1047 0.9504 1.0552 0.9666 1.0136 0.8988 1.0389 0.8555 1.0458 0.9324 1.0741
0.7502 0.7474 0.9915 1.0197 1.1204 1.0269 0.9703 0.9693 0.9343 1.0780 0.9794 0.9625 1.0004 0.9714 0.9819 1.1703
1.0380 0.8914 0.9122 1.0004 0.8779 0.9460 0.8764 0.9342 1.0000 1.1369 0.9363 0.9314 1.1544 1.2475 1.3264 1.7125
1.0449 1.0985 0.9115 1.0618 0.9122 0.9853 0.9538 1.0234 1.0851 0.8962 0.9992 1.0305 0.9303 1.0018 0.5458 1.0504
1.0947 0.9850 0.8887 0.9364 0.9579 0.9986 1.0433 0.9993 0.9901 0.8880 1.0250 0.9722 1.0932 0.9646 1.0235 1.1631
