1.2206 1.1426 1.1808 1.2207 1.0635 1.0325 1.0942 0.9087 1.1586 1.0834 0.9204 0.8163 0.9199 0.7120 0.7542 0.7123
1.0000 0.9724 0.9272 1.1525 1.1182 0.9680 0.9960 0.9670 0.9054 1.0796 1.0241 0.9802 0.9916 1.0578 0.8600 1.0000
1.2648 1.1319 1.0420 1.7084 1.0769 1.0830 1.0000 0.9495 1.0447 1.0645 1.0024 0.8328 0.9039 0.9074 0.8056 0.8297
1.1051 0.9281 1.0166 1.1702 1.0122 1.0384 1.1102 0.9603 1.0460 0.9983 0.9658 0.9149 0.9579 0.8698 0.9066 1.0388
1.5299 1.1393 1.1164 1.0704 0.9486 1.0100 1.0205 0.9772 0.7751 0.8421 1.0272 1.0996 0.9013 0.9441 1.0162 1.1558
0.9540 1.0444 0.8725 0.9755 0.9242 1.0569 1.1240 1.0173 0.8446 1.1753 0.8959 1.0637 0.9690 0.9545 0.9638 1.1326
1.3856 1.1550 1.1645 1.0770 1.0424 0.9098 0.9495 0.8704 0.9142 0.9925 0.9503 0.8746 0.9255 1.0601 1.0000 0.9795
1.0494 1.1941 0.8871 1.0129 0.9895 1.0491 1.0923 1.0759 1.1597 0.9485 0.9677 0.9682 0.8925 0.7922 0.9173 1.0055
0.7716 0.7838 1.0145 0.8506 0.8499 0.9670 0.8531 1.1218 1.1121 0.9286 1.1261 1.0283 1.1714 0.8086 1.2647 1.0782
0.8571 0.7778 0.7786 0.9998 0.9604 0.9943 0.9942 0.9467 0.9334 1.0508 0.9490 1.0600 1.1847 1.0819 1.2057 1.4423
0.5878 0.8147 0.9009 0.8790 0.8920 1.0238 1.0153 1.1586 1.0693 1.0255 0.8429 0.9805 1.0430 1.1110 0.9637 1.0581
1.0690 1.0021 1.0655 1.1103 1.0292 1.1034 1.1749 0.9555 1.0426 0.9290 0.9368 0.9559 0.9151 0.9314 0.9865 0.7818
1.0046 1.1296 1.1185 1.1765 1.0664 0.9286 0.8807 1.2600 0.8776 1.0095 1.1139 0.7769 0.8300 0.9542 0.8713 1.0650
0.9286 0.8483 0.9619 0.7525 0.8841 0.9117 0.8399 1.1366 1.0214 1.0555 1.0891 1.0385 1.1006 1.0519 1.1794 1.1269
1.3444 1.1522 1.0033 1.0241 1.0781 1.1240 1.1113 1.0873 1.0117 0.7660 0.9466 0.9138 0.8664 0.6857 0.6552 0.7189
0.8250 0.9233 1.0184 0.8960 0.8774 0.9914 1.0261 1.0187 1.0000 0.9287 1.0538 0.9600 1.0000 1.1348 1.2091 1.3945
1.0591 0.8985 1.0150 1.0000 0.9197 1.0228 1.0604 0.8855 1.0227 1.0888 1.0523 1.0405 1.0020 0.9394 1.0178 1.1013
1.1782 1.1542 0.8734 1.2123 0.8832 0.9652 1.1306 0.9128 0.8966 1.0000 1.0000 1.0476 1.0000 0.9028 1.0017 1.0746
1.4024 1.0723 1.4341 1.0969 0.8909 1.1632 1.0918 1.0360 1.1495 0.8925 0.8451 0.9413 0.8475 0.7867 0.7798 0.9644
0.9944 1.0566 1.1505 1.1342 0.9938 1.0512 0.9482 1.0121 1.0863 1.2552 0.9687 0.8584 0.9205 0.7832 0.5634 0.5574
1.3855 1.0398 1.0000 1.0396 1.1861 1.1448 0.9966 1.0211 0.9937 0.8375 0.9359 1.1119 0.8955 1.0294 0.9452 0.8522
0.5536 0.5857 0.9257 0.8865 0.8533 0.9670 0.9945 1.0513 1.0392 0.9657 1.0284 1.1782 1.1625 0.9464 0.9824 1.3135
1.0857 0.9037 0.9971 0.8349 0.9396 0.9850 0.9938 1.0552 1.0000 1.2319 1.0240 0.9351 1.0152 1.0618 0.9616 0.8742
0.8783 0.8410 0.7449 0.8988 0.8185 0.9926 0.8441 0.9142 1.1463 1.0593 1.1136 1.1532 1.1567 1.0872 0.5458 1.2213
1.5945 1.2194 1.1281 1.2402 1.1558 1.0888 1.1896 0.9730 1.0151 0.7802 0.9883 0.8951 0.9260 0.8476 0.7215 0.8378
