0.7370 0.7912 0.8523 0.8885 1.0315 1.0900 1.0556 1.1736 1.1438 1.1808 1.0259 0.9981 1.0362 1.0304 0.8505 0.8603
0.8316 0.8447 0.9600 1.0428 1.0911 1.2255 1.1987 0.9690 1.0113 0.9565 1.1068 0.9941 0.9454 0.8577 0.9916 0.7634
0.6543 0.6964 0.9063 0.9229 0.9406 1.0800 1.1228 1.0758 1.0722 1.2411 0.9991 0.9742 0.9013 0.9225 0.9129 0.7258
0.6510 0.7373 0.8537 0.9607 0.9861 1.0727 1.1083 1.0467 0.9793 1.1551 1.1237 0.9626 1.0416 0.8898 0.9377 0.7526
0.7132 0.7693 0.8045 0.9012 1.0000 1.0116 1.0694 1.0527 1.1885 1.2378 1.0388 1.0405 0.9600 1.0362 0.9615 0.8713
0.8318 0.8545 0.8589 0.9471 1.1471 1.0796 1.1699 1.1136 1.1788 1.1270 1.0665 1.0153 0.9762 0.9310 0.8572 0.8544
0.7455 0.8134 0.8530 0.9294 1.0387 1.0386 1.1568 1.1510 1.1094 1.0841 1.0983 1.0527 0.9835 0.9178 0.8324 0.9403
0.8869 0.8048 0.8701 0.9349 1.0000 1.0881 1.1917 1.1024 1.0965 1.0620 1.1461 1.0921 1.0290 0.9302 0.8513 0.9150
0.8157 0.8684 0.8680 0.8539 1.0209 1.0111 1.1341 1.0528 1.0882 1.1084 1.0485 1.0926 0.9779 1.0388 0.9136 0.8415
0.6843 0.7536 0.8481 0.9657 0.9981 1.0142 1.0645 1.1118 0.9735 1.0274 1.1720 0.9711 0.9133 0.9771 1.0072 1.0126
0.7191 0.6445 0.7359 0.8040 0.9471 1.0330 1.1322 1.0313 1.0316 1.0702 1.0185 0.9650 1.0249 0.9822 0.8634 0.9623
0.7446 0.8419 0.9189 0.9888 1.1651 1.1370 1.1282 0.8852 1.0324 1.2351 1.0753 0.9705 0.9379 1.0000 1.0000 0.7003
0.9280 0.8846 0.9007 1.0045 1.1460 1.1015 1.1690 1.0221 1.1326 1.0536 1.0592 1.0323 1.0047 0.8458 0.8414 0.9603
0.9000 0.9102 0.9522 1.0112 0.9924 1.0985 1.1651 1.1248 1.0883 1.0562 1.1618 0.9357 0.9524 1.0000 0.8418 0.8161
0.6630 0.7325 0.8511 0.8946 0.9842 1.1772 1.0809 1.0688 1.0539 1.0747 1.0964 1.1324 1.0060 0.8619 0.8939 0.8185
0.6740 0.7962 0.9200 0.9977 0.9793 1.0420 1.0964 1.0398 1.0795 1.0144 1.0003 1.0569 1.0004 0.9821 0.9198 0.8695
0.8741 0.7747 0.8625 0.8846 1.0370 1.1593 0.9812 1.1760 1.1361 1.1734 1.0504 1.0416 1.1112 0.9380 0.8858 0.9127
0.6982 0.7776 0.7932 0.8213 1.0115 0.9968 1.1197 1.0016 1.0074 1.1081 1.0749 1.0549 1.0182 1.0250 0.8914 0.9118
0.6897 1.0000 0.8901 0.9255 0.9727 1.1169 1.1284 1.0412 1.0829 1.1491 1.0876 0.9031 1.0028 0.9085 0.8891 0.9000
0.8348 0.8085 0.9096 0.8439 1.0357 1.1472 0.9991 1.0813 1.0728 1.1789 1.0508 1.1340 1.0000 0.9647 0.9659 0.9251
0.8798 0.8883 0.8879 0.9502 0.9419 1.0912 1.0720 1.0475 1.0478 0.9625 1.0514 1.1185 1.0147 0.9930 1.0034 0.9539
0.6169 0.7747 0.9154 0.9785 1.0000 1.0570 1.0613 1.0638 1.0341 1.0973 1.0130 1.0661 0.9914 0.9062 1.0000 0.8172
0.8533 0.7898 0.9468 0.9373 1.0652 1.1508 1.1712 0.9445 1.0765 1.1366 1.1617 1.0310 1.0386 0.9347 0.8844 0.8410
0.7597 0.7924 0.8761 0.9486 1.2146 1.0000 1.0770 1.1828 1.1002 1.0551 1.2349 0.9452 0.9275 0.9443 0.9756 0.9713
0.8410 0.9176 0.8783 0.9463 1.0891 1.0962 1.1878 1.1850 1.1855 1.1656 1.1047 0.9756 0.9705 0.8972 0.7803 0.7783
