1.3429 1.1920 1.0928 1.1034 0.9983 0.9576 1.0558 0.8857 1.1208 1.1203 0.8738 0.8315 0.9138 0.8125 0.8111 0.8992
1.0000 1.0886 1.2348 1.2600 1.1156 1.0096 1.0692 0.9728 0.8999 0.9395 0.8955 0.8692 0.8863 0.9381 0.8257 1.0000
1.0607 0.9135 0.9110 1.2812 0.8851 0.9891 1.0000 0.9281 0.9796 1.0578 0.9886 0.9381 1.0573 1.0548 1.0745 1.1790
1.2712 1.1753 1.1066 1.1230 0.9918 1.0443 1.0948 0.9193 0.9969 0.9226 0.9183 0.9576 0.8492 0.9341 0.8156 0.9717
1.3470 1.0164 0.9527 1.0584 0.9488 0.9717 1.0207 0.9427 0.9029 0.9819 0.9679 1.0818 0.8994 1.0837 1.0292 1.2828
1.1530 1.1052 0.9805 1.0914 0.9617 1.0663 1.0787 0.9755 0.8903 1.0472 0.9355 0.9065 0.8902 0.8867 1.0228 1.0315
1.1915 1.0784 1.0478 1.0063 0.9705 0.9644 1.0157 0.9708 0.8984 1.0367 0.9803 0.8347 0.9679 1.0633 1.0000 1.0374
1.2674 1.2143 1.0732 1.0918 1.1002 1.0578 1.0600 1.0312 1.1168 0.9116 0.9188 0.8537 0.8394 0.7840 0.8016 0.8696
0.6834 0.7381 0.9344 0.7707 0.9354 0.9656 0.8393 1.0472 1.0435 0.9145 1.0605 1.0117 1.2232 0.9618 1.2229 1.1759
1.0540 0.9466 0.9290 1.0944 0.9693 0.9500 0.9215 1.0832 0.8962 0.9174 0.9571 0.9247 1.0529 1.0247 1.1639 1.2120
0.6616 0.7423 0.8851 0.8312 0.9213 0.9949 0.9187 1.0300 1.0031 0.9716 1.0839 0.9388 1.1673 1.1296 0.9848 1.1861
1.2473 1.1151 1.1676 1.1885 1.0723 1.1058 1.1322 0.9649 1.0017 0.8571 0.8544 0.8877 0.8731 0.8269 0.8807 0.8119
1.0032 0.8540 0.8662 0.9636 0.9176 0.9023 0.8034 1.1269 0.9344 1.0468 1.1283 0.9666 1.0832 1.1580 1.1182 1.4661
1.1335 1.0504 1.1026 0.9251 0.8718 0.9747 0.9916 1.0468 0.9657 0.9318 0.9522 0.9069 1.0279 0.9105 1.0677 1.0999
1.2540 1.1589 0.9557 0.9530 1.0727 1.0613 1.0303 1.0512 0.9819 0.8579 0.9423 0.9568 0.9498 0.7746 0.7593 0.8830
0.9929 0.9722 1.0369 0.9095 0.9441 1.0526 0.9988 0.9871 1.0000 0.9069 0.9637 1.0275 1.0000 1.0327 1.0711 1.2346
0.9439 0.9414 0.9423 1.0000 0.9631 0.9417 1.0206 1.0153 0.9966 1.0181 1.0610 1.0176 1.0492 1.0846 1.2452 1.3193
1.4189 1.2869 1.0134 1.2117 0.9553 0.9843 1.1174 0.9641 0.8947 1.0000 1.0000 0.9362 1.0000 0.8534 0.9531 0.9690
1.4774 1.0346 1.2212 0.9742 0.8138 1.1435 1.0315 0.9802 1.0975 1.0092 0.8831 0.9902 0.8840 0.8570 0.9448 1.1051
1.1371 1.1349 1.1384 1.2005 0.9803 1.0306 0.9424 0.9296 1.0137 1.0365 0.9290 0.8329 0.7918 0.7535 0.5441 0.5142
1.3379 0.9711 1.0000 0.9542 1.1443 1.0727 0.9160 1.0242 0.9956 0.9562 0.9370 1.0884 0.8991 1.0595 1.0003 1.0017
0.6083 0.7007 0.9598 0.9535 1.0631 1.0273 0.9909 0.9759 0.9330 1.0656 0.9784 1.0231 1.0791 0.9661 0.9941 1.2744
1.0329 0.8588 0.9185 0.9656 0.8398 0.9039 0.8627 0.9389 1.0000 1.1374 0.9642 0.9176 1.1789 1.2354 1.3045 1.4242
1.0244 1.0293 0.8575 1.0191 0.8429 0.9733 0.8880 0.9799 1.1356 0.9212 1.0406 1.0765 0.9840 1.0767 0.5458 1.1183
1.3451 1.1032 1.0209 1.0972 1.0841 1.0636 1.1389 0.9816 1.0096 0.8601 1.0144 0.8849 0.9644 0.8800 0.8622 0.9768
