1.2634 1.1451 1.1443 1.1776 1.0664 1.0021 1.0945 0.9029 1.1168 1.0945 0.9101 0.8430 0.9226 0.7660 0.7819 0.7636
1.0000 1.0015 1.0088 1.2000 1.1517 0.9913 0.9943 1.0072 0.9125 1.0235 0.9808 0.9191 0.9438 1.0358 0.8426 1.0000
1.2161 1.1422 1.0360 1.5596 1.0398 1.0578 1.0000 0.9435 1.0431 1.0627 1.0040 0.8585 0.9789 0.9457 0.8841 0.9037
1.1433 0.9966 1.0651 1.1748 1.0076 1.0579 1.1052 0.9601 1.0448 0.9960 0.9656 0.9203 0.9105 0.8729 0.8892 0.9652
1.5084 1.1476 1.1041 1.0751 0.9714 0.9691 1.0101 0.9965 0.7915 0.8596 0.9649 1.0711 0.8753 0.9938 1.0123 1.1799
1.0155 1.1149 0.9010 0.9892 0.8991 1.0348 1.1206 1.0004 0.7975 1.1397 0.8979 1.0199 1.0080 0.9533 0.9667 1.1406
1.3078 1.1387 1.1409 1.0628 1.0177 0.9220 0.9532 0.8773 0.8772 0.9872 0.9798 0.8455 0.9451 1.0628 1.0000 1.0252
1.1134 1.2058 0.9227 1.0763 0.9898 1.0880 1.0994 1.0592 1.1511 0.9225 0.9504 0.9185 0.8676 0.8034 0.8574 0.9648
0.7214 0.7393 0.9492 0.8244 0.8825 0.9583 0.8644 1.0872 1.0950 0.9567 1.1177 1.0265 1.1871 0.8050 1.2728 1.0946
0.8840 0.8500 0.7620 1.0537 0.9877 0.9956 0.9873 0.9448 0.9110 1.0314 0.9582 1.0037 1.1576 1.0915 1.1852 1.3724
0.6255 0.7742 0.9018 0.8723 0.9129 1.0219 1.0118 1.1230 1.0863 1.0178 0.9299 0.9808 1.0430 1.1117 0.9566 1.0359
1.1303 1.0189 1.0695 1.1296 1.0492 1.0948 1.1495 0.9990 1.0310 0.9323 0.9119 0.9484 0.9162 0.8817 0.9548 0.7757
0.9970 1.0551 1.0461 1.1522 1.0507 0.8894 0.8496 1.2190 0.9045 1.0079 1.0799 0.8418 0.8734 1.0506 0.9335 1.1848
0.9696 0.8898 0.9771 0.7793 0.9085 0.9205 0.8875 1.1126 0.9855 1.0295 1.0705 1.0110 1.1094 1.0262 1.1435 1.1137
1.3661 1.1332 0.9977 1.0246 1.0897 1.1123 1.0934 1.0902 1.0088 0.7475 0.9464 0.9485 0.8994 0.6976 0.6741 0.7046
0.8802 0.9502 1.0491 0.9062 0.8930 1.0233 1.0257 1.0186 1.0000 0.9347 1.0178 0.8972 1.0000 1.1084 1.1762 1.3279
1.0595 0.9434 1.0193 1.0000 0.9384 0.9799 1.0615 0.8683 1.0150 1.0514 1.0442 1.0156 1.0124 0.9778 1.0646 1.1842
1.2982 1.2662 0.9131 1.2045 0.9445 0.9906 1.1573 0.9105 0.8739 1.0000 1.0000 0.9809 1.0000 0.9044 0.9870 1.0279
1.3791 1.0361 1.3639 1.0311 0.8745 1.1985 1.0624 1.0033 1.0884 0.9155 0.9093 0.9736 0.8698 0.7973 0.8362 1.0050
1.0523 1.0502 1.1651 1.1731 1.0013 1.0536 0.9639 1.0028 1.0241 1.1111 0.9377 0.8448 0.8232 0.7681 0.5661 0.5190
1.4937 1.0623 1.0000 1.0266 1.1157 1.1555 0.9375 0.9979 0.9919 0.8046 0.9707 1.1195 0.9375 1.0663 0.9703 0.8741
0.5424 0.6035 0.9740 0.8800 0.9206 1.0072 1.0220 1.0390 0.9906 0.9812 1.0005 1.1517 1.1276 0.9248 0.9815 1.2868
1.1085 0.8955 0.9614 0.8625 0.9163 0.9404 0.9619 0.9993 1.0000 1.1926 1.0006 0.9589 1.0634 1.1349 1.0016 0.9356
0.9720 0.8920 0.7822 0.9444 0.8535 0.9933 0.8841 0.8950 1.1547 1.0174 1.0989 1.1168 1.0813 1.0442 0.5458 1.1935
1.4901 1.2406 1.0813 1.2328 1.1409 1.1209 1.1871 1.0235 1.0127 0.7840 0.9605 0.8879 0.8728 0.8576 0.7550 0.8170
