1.3940 1.2042 1.0365 1.0926 0.9670 0.9304 1.0537 0.8920 1.0969 1.1209 0.8302 0.8430 0.9311 0.8543 0.8072 0.9405
1.0000 1.1093 1.3809 1.2843 1.1334 1.0046 1.0992 0.9556 0.8751 0.9064 0.8546 0.8366 0.8605 0.8869 0.8314 1.0000
1.0179 0.8902 0.8135 1.1752 0.8278 0.9392 1.0000 0.9534 1.0094 1.0486 0.9589 0.9861 1.0501 1.1989 1.0823 1.2668
1.3826 1.2417 1.1902 1.1425 1.0524 1.0550 1.0918 0.9120 0.9478 0.8609 0.8779 0.9415 0.8148 0.9370 0.7902 1.0047
1.2552 1.0018 0.9112 1.0312 0.9710 1.0358 1.0045 0.9077 1.0364 1.1077 0.9426 1.0603 0.8639 1.0715 1.0092 1.2521
1.2565 1.0929 1.0159 1.1431 0.9891 1.0704 1.0513 0.9632 0.9425 0.9772 1.0084 0.8422 0.8627 0.8295 1.0173 0.9415
1.2019 1.1020 1.0457 0.9845 0.9472 0.9450 1.0216 0.9859 0.8809 1.0464 0.9479 0.8163 0.9638 1.0545 1.0000 1.0526
1.3782 1.2246 1.1915 1.1044 1.1437 1.1179 1.0800 0.9902 1.0672 0.8879 0.8846 0.8197 0.7895 0.7731 0.7369 0.7960
0.6452 0.7007 0.8910 0.7369 0.9340 0.9452 0.8115 1.0150 1.0057 0.8708 1.0008 0.9539 1.1886 1.0139 1.1792 1.2576
1.1667 1.0059 1.0108 1.0607 0.9921 0.9686 0.9433 1.2123 0.8787 0.8485 0.9432 0.8821 0.9943 0.9962 1.0555 1.0274
0.7048 0.7251 0.8976 0.8074 0.9759 0.9646 0.9064 1.0099 0.9697 0.9520 1.1030 0.9098 1.2672 1.1037 0.9626 1.3170
1.3001 1.1486 1.1753 1.2301 1.0874 1.1109 1.1332 0.9640 0.9889 0.8776 0.8359 0.8795 0.8420 0.7873 0.8177 0.7914
1.0036 0.8228 0.7946 0.8840 0.8422 0.9236 0.8304 1.0720 0.9583 1.1325 1.1817 1.0249 1.1173 1.2147 1.2079 1.5494
1.2759 1.1023 1.1472 1.0668 0.8477 1.0201 1.0314 1.0267 0.9387 0.8524 0.9330 0.8608 0.9709 0.8505 1.0136 1.0832
1.1305 1.1605 0.9362 0.9075 1.0377 1.0335 0.9795 1.0678 1.0038 0.9679 0.9591 0.9767 0.9737 0.8091 0.7908 0.9722
1.0725 0.9006 1.1294 0.9167 1.0452 1.0439 0.9503 0.9788 1.0000 0.8996 0.9212 1.1167 1.0000 0.9829 0.9775 1.1300
0.9326 0.9407 0.9225 1.0000 1.0127 0.9355 1.0363 1.1137 1.0745 0.9928 1.0287 0.9872 1.0468 1.0617 1.2697 1.2321
1.4799 1.3371 1.0614 1.2733 0.9743 0.9909 1.1106 0.9795 0.9331 1.0000 1.0000 0.8994 1.0000 0.8416 0.9038 0.9138
1.5502 1.0217 1.1874 0.9067 0.7990 1.1167 0.9959 0.9832 1.0828 1.0444 0.9123 1.0206 0.8941 0.8841 0.9925 1.1727
1.1657 1.1312 1.1589 1.2184 0.9736 1.0388 0.9419 0.9062 0.9921 1.0287 0.9079 0.8101 0.8465 0.7846 0.5328 0.5356
1.2325 0.9906 1.0000 0.9408 1.1335 1.0698 0.9149 0.9973 0.9609 1.0590 0.8823 1.0527 0.8561 1.0871 1.0394 1.1450
0.7748 0.7574 0.9941 1.0213 1.1327 1.0343 0.9921 0.9557 0.9168 1.0633 0.9624 0.9736 0.9954 0.9844 0.9775 1.1715
1.0442 0.8969 1.0017 1.0113 0.8683 0.9369 0.8778 0.9265 1.0000 1.1168 0.9166 0.9452 1.1653 1.3048 1.3832 1.7938
1.0486 1.1258 0.9188 1.0697 0.9048 0.9981 0.9722 1.0303 1.1055 0.8951 0.9805 1.0136 0.9199 1.0376 0.5458 1.0374
1.0415 0.8543 0.8560 0.8913 0.9140 0.9474 1.1590 1.0074 0.9592 0.8995 1.0078 1.0289 1.1408 1.0112 1.0813 1.2555
