0.7410 0.8024 0.8716 0.8971 1.0380 1.0753 1.0483 1.1758 1.1333 1.1635 1.0171 0.9868 1.0431 1.0191 0.8707 0.8703
0.8613 0.8670 0.9646 1.0360 1.0965 1.2310 1.2036 0.9642 1.0061 0.9346 1.1014 1.0031 0.9232 0.8426 0.9987 0.7714
0.6662 0.7169 0.9261 0.9257 0.9485 1.0786 1.1266 1.0779 1.0732 1.2022 1.0066 0.9713 0.9055 0.9293 0.9113 0.7318
0.6676 0.7474 0.8673 0.9721 0.9709 1.0838 1.0961 1.0121 0.9673 1.1503 1.1342 0.9698 1.0459 0.8977 0.9507 0.7604
0.7585 0.8028 0.8350 0.9157 1.0000 1.0353 1.1006 1.0491 1.1650 1.2127 1.0227 1.0300 0.9640 1.0407 0.9333 0.8312
0.8471 0.8663 0.8698 0.9515 1.1546 1.0982 1.1803 1.0908 1.1595 1.0904 1.0392 1.0185 0.9776 0.9306 0.8595 0.8623
0.7574 0.8327 0.8661 0.9351 1.0369 1.0343 1.1601 1.1518 1.0889 1.0646 1.0885 1.0358 0.9751 0.9098 0.8383 0.9837
0.8971 0.8084 0.8711 0.9543 1.0000 1.0898 1.2007 1.1135 1.0783 1.0439 1.1293 1.0854 1.0301 0.9233 0.8498 0.9244
0.8241 0.8796 0.8667 0.8884 1.0337 1.0277 1.1326 1.0425 1.0682 1.0992 1.0255 1.0862 0.9846 1.0337 0.9112 0.8447
0.6906 0.7561 0.8592 0.9971 1.0032 1.0309 1.0432 1.1115 0.9703 1.0055 1.1554 0.9491 0.9311 0.9709 1.0145 1.0207
0.7187 0.6549 0.7490 0.8069 0.9467 1.0487 1.1526 1.0277 1.0103 1.0486 1.0152 0.9550 1.0257 0.9883 0.8613 0.9753
0.7378 0.8494 0.9322 0.9875 1.1683 1.1394 1.1254 0.8634 1.0311 1.2289 1.0843 0.9742 0.9513 1.0000 1.0000 0.7009
0.9528 0.9073 0.9096 1.0131 1.1425 1.1028 1.1567 1.0182 1.1088 1.0216 1.0743 1.0221 1.0044 0.8366 0.8353 0.9716
0.9174 0.9129 0.9671 1.0031 0.9942 1.0960 1.1626 1.1273 1.0824 1.0454 1.1455 0.9283 0.9602 1.0000 0.8382 0.8153
0.6706 0.7441 0.8768 0.9136 1.0086 1.2008 1.0817 1.0502 1.0397 1.0425 1.0998 1.1189 0.9966 0.8454 0.8997 0.8254
0.7039 0.8185 0.9409 0.9979 0.9836 1.0342 1.0844 1.0433 1.0684 1.0130 1.0030 1.0700 0.9861 0.9707 0.9306 0.8768
0.8937 0.7688 0.8673 0.8810 1.0385 1.1739 0.9695 1.1705 1.1252 1.1721 1.0391 1.0301 1.1088 0.9340 0.9045 0.9219
0.7079 0.7953 0.8007 0.8243 1.0183 0.9978 1.1117 0.9900 0.9927 1.0998 1.0678 1.0584 1.0293 1.0330 0.9067 0.9218
0.6970 1.0000 0.9125 0.9292 0.9808 1.1356 1.1357 1.0527 1.0669 1.1508 1.0674 0.8986 0.9895 0.9006 0.8859 0.8948
0.8324 0.8173 0.9421 0.8499 1.0573 1.1666 1.0114 1.0627 1.0481 1.1550 1.0245 1.1233 1.0000 0.9641 0.9676 0.9341
0.8813 0.9044 0.8835 0.9565 0.9435 1.1086 1.0635 1.0248 1.0260 0.9519 1.0520 1.1133 0.9981 1.0056 1.0350 0.9599
0.6206 0.7726 0.9135 0.9932 1.0000 1.0687 1.0517 1.0559 1.0265 1.0965 1.0080 1.0503 0.9830 0.9171 1.0000 0.8331
0.8329 0.7799 0.9772 0.9485 1.0562 1.1533 1.1558 0.9381 1.0663 1.1240 1.1643 1.0335 1.0457 0.9380 0.8904 0.8478
0.7847 0.7893 0.8803 0.9478 1.2230 1.0000 1.0685 1.1747 1.0875 1.0479 1.2116 0.9476 0.9384 0.9401 0.9785 0.9833
0.8389 0.9331 0.8910 0.9722 1.1037 1.1207 1.1974 1.1763 1.1716 1.1535 1.0768 0.9661 0.9665 0.8946 0.7831 0.7638
