0.7388 0.8008 0.8666 0.8805 1.0252 1.1063 1.0751 1.1656 1.1673 1.1914 1.0542 1.0082 1.0112 1.0136 0.8531 0.8534
0.8577 0.8620 0.9789 1.0504 1.0986 1.2242 1.2158 0.9638 1.0432 0.9689 1.1149 0.9855 0.9205 0.8513 0.9469 0.7326
0.6692 0.6922 0.9187 0.9094 0.9557 1.0690 1.1559 1.0673 1.0871 1.2405 1.0377 0.9782 0.8846 0.9116 0.8672 0.7265
0.6770 0.7630 0.8524 0.9609 0.9729 1.0758 1.1222 1.0505 1.0098 1.1879 1.1495 0.9568 1.0189 0.8882 0.8823 0.7465
0.7241 0.7691 0.8332 0.8965 1.0000 0.9995 1.0906 1.0759 1.1596 1.2497 1.0679 1.0562 0.9772 1.0192 0.9367 0.7798
0.8183 0.8494 0.8687 0.9491 1.1272 1.0674 1.1946 1.1619 1.1793 1.1360 1.0779 1.0167 0.9499 0.9218 0.8358 0.8414
0.7722 0.8045 0.8540 0.9287 1.0199 1.0784 1.1798 1.1919 1.1017 1.1033 1.1037 1.0517 0.9598 0.9097 0.8097 0.9154
0.8658 0.8024 0.8524 0.9381 1.0000 1.1280 1.2215 1.1601 1.0250 1.0577 1.1783 1.1049 1.0088 0.9174 0.8176 0.8952
0.8141 0.8579 0.8573 0.8968 1.0148 1.0174 1.1247 1.0592 1.0986 1.1232 1.0730 1.1126 0.9569 1.0131 0.8580 0.8401
0.6878 0.7733 0.8750 0.9786 1.0001 1.0632 1.1068 1.0907 1.0188 1.0683 1.1960 1.0003 0.9055 0.9752 0.9232 0.8939
0.7257 0.6516 0.7406 0.7714 0.9396 1.0203 1.1333 1.0445 1.0521 1.0730 1.0526 0.9672 0.9896 0.9578 0.8210 1.0226
0.7340 0.8200 0.9102 0.9827 1.1583 1.1181 1.1330 0.9001 1.0716 1.1976 1.0861 0.9648 0.9294 1.0000 1.0000 0.6979
0.9395 0.8970 0.9276 1.0213 1.1497 1.1567 1.1862 1.0400 1.1406 1.0403 1.0765 1.0201 0.9493 0.8258 0.8035 0.8867
0.9022 0.9216 0.9736 1.0046 1.0046 1.1024 1.1793 1.1409 1.1103 1.0619 1.1379 0.9381 0.9086 1.0000 0.8006 0.7696
0.7118 0.7494 0.8688 0.9205 1.0211 1.1657 1.0719 1.0409 1.0508 1.0789 1.1804 1.1648 1.0304 0.8527 0.8305 0.7413
0.6997 0.8228 0.9447 1.0253 0.9900 1.0652 1.0810 1.0596 1.0854 1.0021 1.0291 1.0608 0.9844 0.9580 0.8902 0.8309
0.8527 0.7974 0.8640 0.8932 1.0329 1.1595 1.0246 1.1609 1.1408 1.2028 1.0883 1.0454 1.0730 0.9171 0.8640 0.8748
0.7180 0.7624 0.7977 0.8125 1.0048 0.9935 1.1169 1.0144 1.0083 1.1139 1.0845 1.0335 0.9984 1.0113 0.8565 0.8587
0.6943 1.0000 0.8781 0.9292 0.9859 1.1589 1.1534 1.1139 1.0654 1.1712 1.1121 0.9127 0.9498 0.9016 0.8367 0.8439
0.8480 0.8378 0.9034 0.8642 1.0437 1.1301 1.0045 1.0914 1.0802 1.1919 1.0760 1.1258 1.0000 1.0027 0.9007 0.9088
0.8723 0.8729 0.8879 0.9799 0.9695 1.1097 1.0763 1.0539 1.0679 1.0221 1.0769 1.1241 1.0124 0.9904 0.9570 0.8804
0.6106 0.7679 0.9011 0.9750 1.0000 1.0645 1.0553 1.0731 1.0745 1.1176 1.0119 1.0538 1.0006 0.9054 1.0000 0.7922
0.8992 0.8151 0.9311 0.9552 1.0689 1.2023 1.1929 0.9877 1.0915 1.1496 1.1748 1.0093 1.0135 0.9196 0.8342 0.8012
0.7655 0.7909 0.8623 0.9385 1.2096 1.0000 1.0962 1.2020 1.1229 1.0889 1.2354 0.9779 0.9466 0.9256 0.9329 0.9093
0.8633 0.9119 0.9009 0.9451 1.0950 1.0909 1.1675 1.1644 1.1885 1.1671 1.0895 0.9834 0.9834 0.9155 0.7602 0.7476
