1.2607 1.1433 1.1401 1.2403 1.0695 1.0375 1.1251 0.9171 1.1264 1.0671 0.9161 0.8428 0.8997 0.7310 0.7724 0.7238
1.0000 0.9959 0.9977 1.1704 1.1382 0.9852 0.9973 0.9809 0.8946 1.0592 0.9786 0.9483 0.9548 1.0359 0.8556 1.0000
1.2153 1.1317 1.2016 1.6217 1.0428 1.0695 1.0000 0.9197 1.0194 1.0608 0.9868 0.8401 0.9364 0.9432 0.8358 0.8653
1.1284 0.9476 0.9889 1.1354 1.0285 1.0269 1.1394 0.9736 1.0338 0.9997 0.9813 0.9352 0.9268 0.8702 0.8916 1.0076
1.4818 1.0972 1.1040 1.0586 0.9612 0.9748 1.0172 0.9704 0.7963 0.8615 0.9290 1.1350 0.9387 1.0236 1.0356 1.2034
0.9921 1.0873 0.8859 0.9668 0.8879 1.0577 1.1558 0.9870 0.8346 1.1696 0.9073 1.0432 0.9611 0.9716 0.9734 1.1434
1.3541 1.1182 1.1654 1.0642 1.0426 0.8973 0.9722 0.8815 0.8874 0.9924 0.9696 0.8670 0.9546 1.0677 1.0000 0.9926
1.0785 1.2351 0.8857 1.0607 1.0206 1.0533 1.1251 1.1043 1.1222 0.9321 0.9429 0.9230 0.8572 0.7775 0.8777 0.9714
0.7817 0.8000 1.0346 0.8694 0.8735 0.9949 0.8641 1.1308 1.0918 0.9554 1.1325 1.0173 1.1683 0.7855 1.2483 0.9778
0.8597 0.7980 0.7873 1.0030 0.9508 0.9803 0.9934 0.9669 0.9122 1.0643 0.9534 0.9970 1.1766 1.0589 1.2339 1.4252
0.6207 0.8197 0.9062 0.9089 0.8879 1.0405 1.0126 1.1450 1.0892 1.0200 0.8869 1.0076 1.0129 1.0798 0.9558 1.0301
1.1115 0.9927 1.0709 1.1159 1.0039 1.0856 1.1598 0.9699 1.0097 0.9393 0.9206 0.9810 0.9527 0.9255 1.0008 0.7812
0.9933 1.0937 1.1016 1.1807 1.1031 0.9124 0.8545 1.2645 0.9043 1.0137 1.1044 0.7813 0.8342 0.9694 0.9068 1.0575
0.9707 0.8677 0.9595 0.7446 0.9220 0.9042 0.8506 1.1220 0.9855 1.0427 1.0844 1.0319 1.1261 1.0212 1.1707 1.1079
1.4215 1.1628 1.0187 1.0326 1.0818 1.1023 1.1219 1.1137 1.0225 0.7512 0.9255 0.9218 0.8793 0.6642 0.6540 0.6913
0.8428 0.9317 1.0419 0.9244 0.8861 1.0128 1.0326 1.0140 1.0000 0.9368 1.0350 0.9147 1.0000 1.1260 1.1993 1.3348
1.0372 0.9311 1.0349 1.0000 0.9197 0.9951 1.0795 0.8550 1.0009 1.0926 1.0435 1.0538 0.9975 0.9452 1.0568 1.1046
1.2205 1.2282 0.8994 1.2114 0.8918 0.9678 1.1538 0.9023 0.8711 1.0000 1.0000 1.0233 1.0000 0.9081 1.0253 1.0673
1.3765 1.0787 1.4025 1.0971 0.8993 1.1781 1.0834 1.0307 1.1369 0.9017 0.9067 0.9706 0.8461 0.7690 0.7915 0.9280
1.0050 1.0601 1.1089 1.1603 0.9991 1.0067 0.9670 1.0219 1.0623 1.2065 0.9852 0.8725 0.8366 0.7979 0.6134 0.5644
1.4537 1.0639 1.0000 1.0604 1.2217 1.1611 0.9947 1.0332 1.0053 0.8096 0.9434 1.0915 0.8935 0.9962 0.9270 0.8154
0.5610 0.5873 0.9349 0.8836 0.8917 0.9965 1.0351 1.0599 1.0187 0.9657 1.0296 1.1735 1.1456 0.9383 0.9432 1.2888
1.1350 0.9187 0.9964 0.8419 0.9726 0.9815 0.9941 1.0484 1.0000 1.2063 0.9688 0.9387 1.0082 1.0636 0.9591 0.8515
0.9146 0.8574 0.7621 0.9186 0.8433 1.0016 0.8497 0.9126 1.1546 1.0498 1.0780 1.1486 1.1368 1.0533 0.5458 1.2054
1.5428 1.4016 1.1494 1.2177 1.1869 1.0811 1.2317 0.9650 0.9615 0.8477 0.9483 0.8700 0.9564 0.8342 0.7767 0.8854
