1.3407 1.2145 1.2931 1.3089 1.1460 1.0519 1.1045 0.9264 1.0983 1.0676 0.8851 0.8077 0.8313 0.7070 0.6220 0.6274
1.0000 0.7931 0.8746 0.9610 1.0118 0.9348 1.0288 1.0050 0.9545 1.1201 1.0718 1.0147 1.0593 1.1879 0.9676 1.0000
1.4001 1.2934 1.3302 2.1228 1.0970 1.1692 1.0000 0.8848 1.1148 1.0336 0.8331 0.7255 0.9034 0.9237 0.7322 0.8602
1.0269 0.7667 0.8652 0.9800 0.9036 0.9661 0.9666 1.0053 1.1183 1.0894 1.0199 1.0095 1.0305 0.9487 1.0112 1.3194
1.4682 1.2306 1.0798 1.0426 0.9515 1.0023 1.1515 1.1397 0.8765 1.0274 1.1130 0.9676 0.8806 0.9205 0.9639 1.0106
0.7557 0.7986 0.6877 0.8456 0.8289 0.9251 1.1695 1.0116 0.8588 1.2016 0.9910 1.2299 1.1152 1.0960 1.1518 1.3293
1.6152 1.2804 1.2282 1.2131 1.1757 0.9427 0.9853 0.8487 0.8777 0.9141 0.8805 0.8352 0.8291 0.9914 1.0000 0.8141
0.9090 0.9989 0.8603 0.9659 0.8632 1.0369 1.1185 1.1536 1.1834 0.9960 1.0066 1.0607 0.9036 0.8407 0.9924 1.0955
0.9116 0.8536 1.1398 1.0059 0.9559 1.0986 0.9742 1.1217 1.1224 0.9728 1.0627 1.0189 1.0479 0.8065 1.0444 1.0915
0.9006 0.7536 0.8322 0.8553 0.9390 0.9362 0.8883 1.0475 0.9153 1.1433 0.9080 1.0146 1.2449 1.1693 1.1935 1.7456
0.6935 1.0455 1.0548 0.8939 0.9779 1.0947 1.0714 1.1562 1.0623 0.9712 0.8390 0.9244 0.9385 0.9498 0.8163 1.2616
0.9175 0.8656 0.8957 0.9823 0.9296 1.0165 1.0570 0.9431 1.0186 1.0422 1.0251 1.1017 1.0942 1.1053 1.1650 0.8367
1.0842 1.0980 1.1121 1.1786 1.0881 1.0883 1.0666 1.4125 0.7803 1.1572 1.1154 0.7462 0.7321 0.7472 0.7320 0.8597
0.9783 0.8716 1.0220 0.7919 0.8058 0.8735 0.8269 1.0524 0.9626 1.0539 1.1501 1.0210 1.0971 1.1101 1.2352 1.1294
1.5919 1.4060 1.1040 1.1261 1.1484 1.1091 1.1245 1.0648 0.9340 0.7307 0.8851 0.7782 0.7130 0.6161 0.6712 0.6590
0.7264 0.8134 0.8931 0.8165 0.8842 0.8842 1.0264 0.9512 1.0000 0.9391 1.1157 1.0887 1.0000 1.3259 1.3943 1.4985
1.1972 0.9348 1.1432 1.0000 0.9377 1.0356 1.0640 0.9308 0.9853 1.0314 0.9820 0.9459 0.8573 0.9304 1.0044 0.9765
0.9394 0.8762 0.7815 0.9845 0.7882 0.8864 1.0963 0.9224 0.9448 1.0000 1.0000 1.1863 1.0000 1.0863 1.1634 1.2542
1.4522 1.1922 1.6872 1.2265 0.9488 1.2061 1.0918 1.0732 1.0475 0.8872 0.8657 0.8197 0.7448 0.7330 0.7847 0.7867
0.8371 0.8839 0.9796 0.9766 0.9532 0.9529 0.9605 1.0481 1.1938 1.5449 1.1109 1.0148 1.1326 0.9981 0.6559 0.6300
1.4406 1.1228 1.0000 1.1036 1.2145 1.2050 1.0906 0.9964 0.9789 0.8783 0.9266 1.0489 0.8542 1.0004 0.8736 0.8164
0.6517 0.5476 0.8193 0.6738 0.8242 0.9343 1.0017 1.0505 1.0439 0.9859 1.0516 1.2990 1.2114 0.9970 1.0819 1.4133
1.0704 1.0317 1.1410 0.8743 1.0023 1.0611 1.1138 1.1195 1.0000 1.4594 0.9615 0.8376 0.8261 0.7417 0.6423 0.7156
0.8015 0.7275 0.7551 0.7944 0.7911 0.9075 0.8400 0.9781 1.1613 1.0978 1.1328 1.1323 1.2722 1.1806 0.5458 1.4230
1.5647 1.4332 1.2101 1.4184 1.2190 1.3221 1.2562 1.2256 0.9874 0.9030 0.8014 0.9081 0.8439 0.7318 1.0132 0.9608
