1.3473 1.2039 1.0558 1.0904 0.9979 0.9438 1.0784 0.8771 1.1239 1.1470 0.8390 0.8378 0.9290 0.8229 0.7882 0.9151
1.0000 1.1016 1.3386 1.2776 1.1423 1.0141 1.0992 0.9674 0.8856 0.9155 0.8780 0.8522 0.8461 0.8586 0.8018 1.0000
1.0037 0.8833 0.9145 1.1463 0.8124 0.9353 1.0000 0.9437 0.9901 1.0525 0.9584 0.9777 1.0451 1.1628 1.0767 1.2712
1.3235 1.2388 1.1694 1.1445 1.0317 1.0611 1.0953 0.8958 0.9614 0.8819 0.8817 0.9512 0.8080 0.9232 0.7687 0.9589
1.2269 0.9758 0.9141 1.0366 0.9728 1.0056 0.9733 0.9085 1.0221 1.0883 0.9697 1.0925 0.8778 1.0697 1.0351 1.2883
1.2266 1.0683 1.0004 1.1279 0.9746 1.0658 1.0611 0.9733 0.9437 1.0087 1.0095 0.8703 0.8819 0.8445 1.0062 0.9498
1.1829 1.0906 1.0220 0.9906 0.9477 0.9548 1.0210 0.9852 0.8977 1.0406 0.9878 0.8370 1.0077 1.0308 1.0000 1.0475
1.3428 1.2114 1.1308 1.0958 1.1289 1.1012 1.0680 1.0065 1.0752 0.9228 0.9071 0.8340 0.8201 0.7937 0.7559 0.8160
0.6425 0.6983 0.8530 0.7389 0.9270 0.9585 0.8256 1.0439 1.0401 0.8980 1.0659 0.9813 1.1976 1.0066 1.1850 1.2370
1.1424 0.9877 0.9916 1.1191 1.0004 0.9559 0.9491 1.1894 0.8948 0.8876 0.9473 0.8980 0.9752 0.9651 1.0659 1.0504
0.6962 0.7435 0.9023 0.8154 0.9708 0.9795 0.9059 1.0116 0.9706 0.9550 1.1124 0.9365 1.1885 1.1116 0.9679 1.3294
1.2633 1.1542 1.1953 1.2152 1.0845 1.1077 1.1353 0.9776 1.0034 0.8737 0.8448 0.8770 0.8466 0.8027 0.8252 0.7837
0.9902 0.8283 0.8077 0.8946 0.8573 0.9090 0.8348 1.0630 0.9598 1.1030 1.2158 1.0215 1.1103 1.2080 1.1540 1.5106
1.2288 1.0909 1.1363 1.0369 0.8597 0.9889 1.0408 1.0363 0.9528 0.8729 0.9395 0.8748 0.9798 0.8750 1.0134 1.0625
1.1395 1.1631 0.9229 0.9129 1.0470 1.0510 0.9877 1.0623 1.0029 0.9456 0.9624 0.9874 0.9601 0.8104 0.7806 0.9715
1.0512 0.9159 1.0451 0.9330 1.0066 1.0387 0.9622 0.9862 1.0000 0.9170 0.9409 1.1212 1.0000 1.0108 0.9907 1.1273
0.9430 0.9376 0.9352 1.0000 0.9986 0.9438 1.0056 1.0808 1.0013 1.0084 1.0539 0.9843 1.0289 1.0696 1.2206 1.2176
1.4774 1.3523 1.0541 1.2759 0.9765 0.9858 1.1180 0.9676 0.9150 1.0000 1.0000 0.8765 1.0000 0.8345 0.8916 0.8837
1.5038 1.0212 1.1542 0.9005 0.7787 1.1148 1.0091 0.9875 1.0794 1.0488 0.9092 1.0169 0.9113 0.8931 0.9865 1.1510
1.1781 1.1330 1.1748 1.1954 0.9716 1.0386 0.9414 0.9238 0.9968 1.0421 0.9122 0.8023 0.8139 0.7699 0.5252 0.5247
1.2065 0.9230 1.0000 0.9274 1.1609 1.0564 0.9480 0.9960 0.9811 1.0185 0.9223 1.0498 0.9159 1.0547 1.0221 1.1197
0.7327 0.7455 0.9787 0.9905 1.0989 1.0252 0.9893 0.9559 0.9261 1.0789 0.9757 0.9860 1.0066 0.9877 0.9996 1.1674
1.0319 0.8710 0.9135 0.9770 0.8561 0.9100 0.8722 0.9271 1.0000 1.1135 0.9561 0.9570 1.1742 1.2956 1.3583 1.7272
1.0432 1.0807 0.8805 1.0396 0.8905 0.9736 0.9332 1.0141 1.0997 0.9022 1.0112 1.0378 0.9372 1.0588 0.5458 1.0518
1.0917 0.9280 0.8698 0.9172 0.9361 0.9684 1.0190 0.9935 0.9916 0.8828 1.0458 1.0002 1.1079 0.9822 1.0541 1.1910
