1.3972 1.2117 1.0458 1.0894 0.9724 0.9318 1.0607 0.8918 1.0996 1.1132 0.8254 0.8318 0.9312 0.8491 0.7968 0.9387
1.0000 1.1129 1.3911 1.2931 1.1375 1.0261 1.0970 0.9598 0.8733 0.9046 0.8524 0.8284 0.8486 0.8865 0.8235 1.0000
1.0085 0.9008 0.8139 1.1625 0.8162 0.9292 1.0000 0.9476 0.9976 1.0604 0.9592 0.9785 1.0535 1.2162 1.0927 1.2819
1.3756 1.2299 1.1935 1.1428 1.0785 1.0567 1.0884 0.9095 0.9447 0.8601 0.8582 0.9342 0.8169 0.9365 0.7929 1.0141
1.2395 0.9822 0.9035 1.0274 0.9496 1.0297 1.0110 0.9043 1.0393 1.1115 0.9470 1.0702 0.8659 1.0606 1.0154 1.2569
1.2609 1.0943 1.0281 1.1461 0.9892 1.0651 1.0513 0.9697 0.9433 0.9824 1.0049 0.8365 0.8584 0.8185 0.9974 0.9216
1.1923 1.1055 1.0388 0.9890 0.9441 0.9473 1.0237 0.9857 0.8820 1.0474 0.9529 0.8244 0.9672 1.0660 1.0000 1.0678
1.3687 1.2206 1.1851 1.1127 1.1425 1.1295 1.0826 1.0032 1.0652 0.8969 0.8780 0.8164 0.7887 0.7797 0.7410 0.7917
0.6482 0.6957 0.9050 0.7380 0.9245 0.9398 0.8147 1.0126 1.0011 0.8771 1.0173 0.9448 1.1816 1.0110 1.1811 1.2787
1.1808 1.0241 1.0136 1.0690 0.9922 0.9611 0.9396 1.2146 0.8752 0.8546 0.9523 0.8860 1.0057 1.0011 1.0750 1.0423
0.7172 0.7395 0.8979 0.8076 0.9701 0.9635 0.9074 1.0222 0.9793 0.9562 1.1059 0.9102 1.2672 1.0988 0.9638 1.3406
1.3021 1.1586 1.1814 1.2316 1.0981 1.1186 1.1337 0.9690 0.9952 0.8728 0.8266 0.8742 0.8489 0.7960 0.8166 0.7859
0.9964 0.8236 0.7959 0.8941 0.8477 0.9289 0.8394 1.0788 0.9565 1.1314 1.1947 0.9960 1.1074 1.2106 1.1854 1.5141
1.2716 1.1009 1.1562 1.0719 0.8566 1.0261 1.0385 1.0288 0.9405 0.8528 0.9248 0.8572 0.9714 0.8494 1.0011 1.0625
1.1274 1.1513 0.9288 0.9050 1.0341 1.0423 0.9808 1.0620 1.0024 0.9662 0.9572 0.9949 0.9899 0.8237 0.7614 1.0009
1.0693 0.9101 1.1320 0.9209 1.0603 1.0469 0.9640 0.9776 1.0000 0.8949 0.9212 1.1095 1.0000 0.9696 0.9685 1.1133
0.9344 0.9333 0.9258 1.0000 1.0217 0.9377 1.0408 1.1335 1.0304 0.9888 1.0163 0.9751 1.0377 1.0523 1.2523 1.2417
1.5028 1.3863 1.0837 1.2896 0.9781 1.0004 1.1118 0.9759 0.9151 1.0000 1.0000 0.8842 1.0000 0.8401 0.9215 0.9243
1.5493 1.0225 1.1981 0.9176 0.8063 1.1113 0.9988 0.9880 1.0887 1.0456 0.9032 1.0114 0.8926 0.8739 0.9892 1.1738
1.1608 1.1299 1.1544 1.2136 0.9779 1.0481 0.9491 0.9041 0.9925 1.0287 0.9099 0.8107 0.8530 0.7912 0.5329 0.5401
1.2952 1.0256 1.0000 0.9609 1.1785 1.1234 0.9298 1.0217 0.9792 1.0710 0.8780 1.0134 0.8599 1.0609 1.0168 1.1240
0.7760 0.7650 1.0037 1.0342 1.1334 1.0373 0.9893 0.9691 0.9318 1.0681 0.9741 0.9625 0.9762 0.9614 0.9443 1.1573
1.0444 0.8795 1.0108 1.0116 0.8741 0.9332 0.8769 0.9320 1.0000 1.1387 0.9182 0.9561 1.1698 1.3333 1.3768 1.7930
1.0495 1.1275 0.9144 1.0633 0.9071 1.0045 0.9693 1.0282 1.1157 0.8970 0.9722 1.0178 0.9153 1.0385 0.5458 1.0355
1.0370 0.8398 0.8618 0.8951 0.9163 0.9568 1.1575 1.0134 0.9633 0.8892 1.0052 1.0139 1.1398 0.9986 1.0871 1.2439
