0.8086 0.8330 0.9226 0.9313 1.0219 1.0813 1.0439 1.1492 1.1546 1.1625 1.0265 0.9160 1.1047 1.0417 0.8978 0.9053
0.9109 0.9114 1.0186 1.0855 1.1412 1.2203 1.2039 0.9132 0.9653 0.8947 1.0700 1.0150 0.9498 0.8483 0.9717 0.7671
0.6861 0.7738 0.9322 0.9623 0.9929 1.0969 1.1252 1.0803 1.0858 1.2365 1.0172 0.9625 0.9195 0.9271 0.8999 0.7194
0.7123 0.7803 0.8914 0.9614 0.9638 1.0963 1.1044 1.0210 0.9548 1.1587 1.1227 0.9872 1.0454 0.9164 0.9414 0.7389
0.8278 0.9088 0.8997 0.9016 1.0000 1.0947 1.1276 1.0562 1.1456 1.2081 1.0094 1.0484 0.9597 1.0293 0.9178 0.7623
0.8685 0.9144 0.9292 0.9665 1.1312 1.1101 1.1539 1.0561 1.1428 1.1073 1.0483 0.9905 0.9542 0.9357 0.8498 0.8356
0.7729 0.8466 0.9062 0.9775 1.0244 1.0516 1.1292 1.1125 1.1105 1.1026 1.0909 1.0690 0.9750 0.8680 0.8230 0.9249
0.9242 0.8287 0.8938 0.9542 1.0000 1.1093 1.1753 1.0612 1.1161 1.0721 1.1577 1.0440 1.0164 0.9098 0.8235 0.8913
0.8408 0.9167 0.8612 0.9011 1.0212 1.0337 1.1758 1.0428 1.0916 1.1205 1.0498 1.0686 0.9901 1.0086 0.8759 0.8257
0.7234 0.8331 0.9278 1.0394 1.0350 1.0786 1.0838 1.1377 0.9953 1.0337 1.1357 0.9249 0.8899 0.9456 0.9543 0.9360
0.7873 0.7354 0.8247 0.8767 0.9941 1.1083 1.1801 1.0740 1.0624 1.1203 1.0459 1.0017 1.0637 0.9978 0.8774 0.9017
0.7961 0.8699 0.9066 1.0057 1.1709 1.1150 1.1349 0.8534 0.9894 1.2098 1.0578 0.9707 0.9290 1.0000 1.0000 0.6347
0.9380 0.8586 0.9385 1.0050 1.1298 1.0912 1.1177 0.9615 1.0957 1.0025 1.0666 0.9746 0.9831 0.8218 0.7668 0.9112
0.9291 0.9369 0.9447 1.0256 0.9847 1.0896 1.1324 1.0918 1.0727 1.0335 1.0972 0.9257 0.9259 1.0000 0.8163 0.7671
0.6928 0.8048 0.8891 0.9440 1.0438 1.1926 1.1153 1.0894 1.0658 1.0385 1.0922 1.1272 1.0075 0.8142 0.8779 0.7578
0.7904 0.8727 0.9435 1.0077 0.9731 1.0455 1.1043 1.0324 1.0477 1.0228 1.0178 1.0668 0.9904 0.9627 0.9066 0.8424
0.9002 0.7801 0.9059 0.8900 1.0675 1.1913 0.9775 1.1413 1.0895 1.1856 1.0115 1.0600 1.1025 0.9109 0.8745 0.8857
0.7052 0.8358 0.8389 0.8636 1.0337 1.0341 1.1340 1.0272 1.0356 1.1372 1.0959 1.0544 1.0154 0.9972 0.9459 0.9262
0.7319 1.0000 0.9302 0.9152 0.9963 1.1471 1.1355 1.0579 1.0573 1.1434 1.0878 0.9128 0.9746 0.8841 0.8912 0.8808
0.8935 0.8986 1.0090 0.9015 1.0886 1.2153 1.0132 1.0738 1.0847 1.1763 0.9751 1.0998 1.0000 0.8947 0.8828 0.7860
0.9061 0.9053 0.9179 0.9842 0.9486 1.1036 1.0657 1.0630 1.0230 0.9510 1.0468 1.0968 1.0388 1.0092 1.0113 0.8786
0.6226 0.7697 0.9083 0.9832 1.0000 1.0221 1.0106 1.0186 1.0005 1.0842 1.0090 1.0660 0.9890 0.9148 1.0000 0.7769
0.8408 0.7918 0.9993 0.9842 1.1032 1.1553 1.1558 0.9252 1.0730 1.1699 1.1385 1.0265 1.0723 0.9051 0.8715 0.8025
0.8016 0.8050 0.9053 0.9563 1.1890 1.0000 1.0547 1.1937 1.1100 1.0059 1.2096 0.9323 0.9535 0.9223 0.9979 0.9569
0.8577 0.9268 0.8833 0.9866 1.1120 1.1306 1.1820 1.1600 1.1335 1.1364 1.0794 0.9446 0.9390 0.8511 0.7029 0.6653
