1.3403 1.1617 1.0173 1.0910 0.9869 0.9578 1.0620 0.8951 1.1253 1.1415 0.8608 0.8424 0.9490 0.8326 0.7967 0.9382
1.0000 1.0795 1.3021 1.2624 1.1243 0.9873 1.0970 0.9750 0.8810 0.9132 0.8857 0.8750 0.8723 0.9214 0.8337 1.0000
1.0039 0.9002 0.9096 1.1638 0.8412 0.9600 1.0000 0.9641 0.9814 1.0640 0.9663 0.9564 1.0326 1.1492 1.0603 1.2663
1.3026 1.1843 1.1672 1.1513 1.0118 1.0529 1.0997 0.8924 0.9689 0.8890 0.8933 0.9460 0.8122 0.9295 0.8043 0.9804
1.2801 0.9843 0.9072 1.0285 0.9492 0.9946 0.9710 0.9143 0.9670 1.0602 0.9709 1.0839 0.8985 1.0876 1.0553 1.3070
1.2214 1.0984 1.0024 1.1294 0.9785 1.0717 1.0633 0.9546 0.9099 1.0151 0.9919 0.8688 0.8809 0.8491 1.0024 0.9659
1.1812 1.0984 1.0173 0.9807 0.9399 0.9407 1.0318 0.9776 0.8921 1.0628 0.9813 0.8441 0.9783 1.0794 1.0000 1.0396
1.3748 1.2406 1.1557 1.0942 1.1066 1.0977 1.0552 1.0174 1.0797 0.8971 0.8958 0.8245 0.8162 0.7934 0.7408 0.8177
0.6611 0.7090 0.8809 0.7282 0.9527 0.9549 0.8365 1.0388 1.0458 0.9152 1.0728 0.9891 1.2162 1.0153 1.2303 1.2074
1.1498 1.0117 0.9777 1.0754 1.0066 0.9735 0.9519 1.1459 0.8725 0.8817 0.9301 0.8830 1.0210 0.9868 1.0940 1.0718
0.6593 0.7195 0.8680 0.8008 0.9428 0.9430 0.8801 1.0568 1.0180 0.9465 1.0675 0.9123 1.2761 1.0933 0.9730 1.3094
1.2723 1.1254 1.1684 1.2095 1.0792 1.0991 1.1203 0.9828 1.0045 0.8808 0.8392 0.8757 0.8436 0.8264 0.8621 0.8076
1.0313 0.8611 0.8395 0.9032 0.8743 0.9086 0.8095 1.0073 0.9417 1.0900 1.1689 1.0056 1.0832 1.1908 1.1624 1.5634
1.2165 1.0833 1.1161 1.0249 0.8714 1.0152 1.0351 1.0439 0.9425 0.8617 0.9340 0.8676 0.9676 0.8865 1.0098 1.1017
1.2090 1.1726 0.9400 0.9152 1.0427 1.0538 0.9779 1.0387 0.9994 0.9216 0.9602 0.9613 0.9550 0.7960 0.7930 0.9460
1.0168 0.9382 1.0238 0.9050 0.9976 1.0645 0.9775 0.9797 1.0000 0.9207 0.9637 1.1004 1.0000 0.9965 1.0278 1.1656
0.9444 0.9225 0.8977 1.0000 0.9554 0.9314 1.0414 1.0888 0.9860 1.0153 1.0547 0.9919 1.0568 1.1005 1.2792 1.2942
1.4132 1.3316 1.0119 1.2521 0.9701 0.9907 1.1086 0.9767 0.9094 1.0000 1.0000 0.9051 1.0000 0.8407 0.9252 0.9300
1.4742 1.0091 1.2564 0.9032 0.7972 1.0941 0.9966 0.9670 1.0784 1.0433 0.9155 1.0117 0.8958 0.8908 0.9761 1.1334
1.1776 1.1361 1.1654 1.2138 0.9673 1.0470 0.9589 0.9217 0.9865 1.0196 0.9062 0.7958 0.7952 0.7676 0.5319 0.5169
1.2479 0.8988 1.0000 0.9107 1.1126 1.0410 0.9233 1.0029 0.9857 1.0244 0.9226 1.0934 0.9099 1.1077 1.0051 1.0563
0.6921 0.7437 0.9643 0.9919 1.1033 0.9941 0.9946 0.9518 0.9149 1.0847 0.9750 0.9897 1.0484 0.9793 1.0105 1.2163
1.0388 0.8509 0.8828 0.9547 0.8367 0.9197 0.8632 0.9101 1.0000 1.1127 0.9385 0.9456 1.1817 1.2821 1.3409 1.6831
1.0273 1.0648 0.8873 1.0396 0.8950 0.9828 0.9473 1.0058 1.1324 0.8947 1.0038 1.0375 0.9339 1.0261 0.5458 1.0788
1.1694 0.9994 0.9155 0.9748 0.9882 1.0012 1.0882 1.0208 1.0102 0.9000 1.0490 0.9462 1.0539 0.9429 0.9899 1.0988
