1.2598 1.1608 1.1299 1.1905 1.0336 0.9704 1.0839 0.8807 1.1362 1.1198 0.9066 0.8508 0.9318 0.7713 0.7760 0.8015
1.0000 1.0332 0.9987 1.2367 1.1368 1.0120 1.0224 0.9899 0.9277 0.9929 0.9661 0.9165 0.9277 1.0052 0.8487 1.0000
1.2302 1.0667 1.0056 1.5417 1.0105 1.0339 1.0000 0.9364 1.0209 1.0423 1.0056 0.8771 0.9433 0.9339 0.9160 0.9191
1.1586 1.0013 1.0651 1.1478 1.0059 1.0557 1.1170 0.9707 1.0215 0.9626 0.9584 0.9759 0.8920 0.9036 0.8610 0.9518
1.4188 1.1125 1.0236 1.0670 0.9233 0.9528 1.0398 0.9795 0.7975 0.8849 0.9876 1.1122 0.9283 1.0274 1.0771 1.2374
1.0188 1.1121 0.9155 1.0338 0.9487 1.0920 1.1173 1.0116 0.8391 1.1404 0.8813 0.9844 0.9329 0.9291 0.9647 1.0825
1.2722 1.1055 1.1139 1.0362 0.9957 0.8945 1.0099 0.8960 0.8775 1.0260 0.9950 0.8614 0.9928 1.0735 1.0000 1.0139
1.1176 1.2395 0.9504 1.0997 1.0395 1.0870 1.1110 1.0731 1.1369 0.9188 0.9825 0.8627 0.8559 0.7582 0.8425 0.9205
0.7328 0.7767 0.9633 0.8228 0.8937 0.9788 0.8801 1.0789 1.0963 0.9633 1.0967 1.0302 1.1893 0.8302 1.2394 1.0885
0.8900 0.8494 0.8262 1.0461 0.9685 1.0085 1.0188 0.9833 0.9159 1.0167 0.9573 1.0184 1.1351 1.0330 1.1557 1.3268
0.6324 0.7696 0.8912 0.8756 0.9085 1.0218 0.9838 1.1078 1.0730 1.0219 0.9523 0.9738 1.0875 1.1153 0.9693 1.0512
1.1511 1.0423 1.1057 1.1367 1.0243 1.0821 1.1461 0.9870 0.9911 0.9227 0.9041 0.9269 0.9380 0.8993 0.9523 0.7966
0.9794 1.0291 1.0291 1.0938 1.0377 0.8753 0.8332 1.1845 0.9175 1.0171 1.1137 0.8580 0.9531 1.0838 0.9734 1.2190
1.0184 0.9289 0.9694 0.7860 0.8885 0.9181 0.9036 1.0840 0.9998 0.9984 1.0507 0.9963 1.1117 1.0305 1.1416 1.0916
1.3570 1.1146 0.9985 1.0066 1.0835 1.1179 1.0801 1.0996 0.9676 0.7958 0.9384 0.9673 0.9389 0.7055 0.6580 0.7016
0.8738 0.9260 1.0573 0.8906 0.8809 1.0464 1.0143 1.0257 1.0000 0.9218 1.0159 0.9279 1.0000 1.1189 1.1783 1.3219
0.9986 0.9313 0.9714 1.0000 0.9273 0.9775 1.0773 0.9110 1.0245 1.0942 1.0752 1.0250 0.9979 0.9893 1.0907 1.2005
1.2765 1.2755 0.8894 1.2578 0.9286 0.9935 1.1553 0.9010 0.8733 1.0000 1.0000 0.9849 1.0000 0.9099 0.9821 1.0252
1.3892 1.0053 1.3492 1.0425 0.8762 1.1574 1.0705 1.0195 1.0786 0.9496 0.9187 0.9512 0.8678 0.8419 0.8279 1.0314
1.0587 1.0576 1.1288 1.1892 0.9562 1.0296 0.9720 0.9884 1.0532 1.0970 0.9657 0.8471 0.8389 0.7842 0.5606 0.5350
1.4076 1.0225 1.0000 1.0129 1.1574 1.1320 0.9358 0.9923 0.9897 0.8301 0.9371 1.1691 0.9110 1.0855 1.0183 0.8963
0.5266 0.6490 0.9516 0.9220 0.9004 1.0051 1.0239 1.0337 1.0203 0.9853 1.0431 1.1368 1.1262 0.9294 0.9617 1.2397
1.0639 0.8664 0.9451 0.8501 0.9119 0.9457 0.9362 1.0176 1.0000 1.2116 1.0015 0.9655 1.0788 1.2389 1.1190 1.0244
0.9750 0.8957 0.8290 0.9875 0.8624 1.0024 0.8676 0.9147 1.1471 0.9904 1.0848 1.1025 1.0573 1.0198 0.5458 1.1978
1.4917 1.1597 1.0940 1.1942 1.1109 1.1266 1.1954 1.0205 1.0182 0.8256 0.9909 0.8554 0.9596 0.8461 0.7850 0.8348
