0.8246 0.8987 0.9149 0.9419 1.0446 1.1074 1.0862 1.1808 1.0462 1.1608 0.9795 1.0214 1.0580 1.0700 0.8305 0.8257
0.8607 0.9075 1.0182 1.0948 1.1544 1.2494 1.2029 0.8940 0.9406 0.8856 1.0873 0.9736 0.9755 0.8405 1.0367 0.7905
0.6834 0.7722 0.9783 0.9750 1.0029 1.1636 1.0252 1.0962 1.0208 1.2847 0.9828 0.8466 0.9416 0.9300 1.0287 0.6516
0.6583 0.7999 0.8997 0.9996 1.0288 1.1008 1.1730 1.0950 0.9069 1.0793 1.1517 0.9362 1.0065 0.8688 0.9524 0.6354
0.7406 0.8234 0.8581 0.9077 1.0000 1.0468 1.0951 1.0482 1.1275 1.2044 1.0268 0.9918 0.9977 1.0923 1.0510 0.9163
0.8764 0.8994 0.9048 1.0017 1.1543 1.0991 1.1688 0.9449 1.1896 1.1225 1.0363 1.0287 0.9847 0.9074 0.8421 0.8239
0.7211 0.8786 0.9560 0.9484 1.0796 0.9323 1.2163 1.2205 1.0619 0.9931 1.0588 0.9968 0.9824 0.9534 0.8570 0.8508
0.9357 0.8513 0.8966 0.9778 1.0000 1.0906 1.2080 1.0577 1.0901 1.0838 1.0378 1.1487 1.0534 0.8893 0.8468 0.8130
0.8463 0.9222 0.8761 0.9116 1.0580 1.0391 1.1282 1.0053 1.0852 1.1006 1.0332 1.0345 1.0452 1.0336 0.8935 0.7717
0.7442 0.8002 0.8882 1.0271 1.0086 1.0721 1.0703 1.1230 0.9771 1.0158 1.1728 0.8153 0.8364 1.0269 1.0707 1.0914
0.8107 0.7279 0.8371 0.8483 1.0339 1.1593 1.2087 1.0479 1.0195 1.1319 0.9920 1.0131 1.0667 1.0221 0.8845 0.8612
0.7964 0.8727 0.8916 1.0741 1.1754 1.1997 1.1805 0.9149 0.9383 1.1853 0.9672 0.9097 0.8917 1.0000 1.0000 0.6305
0.9380 0.9132 0.9160 1.0211 1.1413 1.0748 1.0989 0.8979 1.0649 0.9701 1.0097 0.9860 1.0065 0.8284 0.7902 0.9897
0.9248 0.9295 0.9685 1.0036 0.9553 1.0949 1.1510 1.1172 1.0470 0.9774 1.1018 0.9165 0.9547 1.0000 0.8573 0.7403
0.6763 0.7840 0.8366 0.8726 1.0279 1.2058 1.0574 1.1107 1.0080 1.0563 1.1166 1.1713 1.0239 0.8569 0.9723 0.8582
0.7028 0.8779 0.9900 1.0499 1.0306 1.0231 1.0941 0.9609 1.1117 0.9291 0.9797 1.0350 1.0679 0.9638 0.8902 0.7940
0.9052 0.6892 0.8261 0.8278 1.0509 1.1733 0.9861 1.1694 1.0987 1.1374 1.0352 1.0205 1.1793 0.9630 0.8666 1.0182
0.7125 0.9026 0.8399 0.8209 1.0591 0.9852 1.2503 1.0869 1.0220 1.1537 1.1085 0.9963 0.9292 0.8963 0.9666 0.9734
0.7158 1.0000 0.9495 0.8927 0.9790 1.1287 1.1152 0.9589 1.0774 1.1668 1.1117 0.8737 1.0105 0.9022 0.9290 0.9019
0.8459 0.8430 0.9585 0.8504 1.0730 1.1966 0.9992 1.0862 1.0339 1.1335 1.0166 1.1465 1.0000 0.9390 1.0253 0.8584
0.9403 0.9584 0.9301 0.9426 0.8816 1.1229 1.0452 1.0980 1.0544 0.9406 1.0333 1.1788 0.9938 1.0335 0.9753 0.7921
0.6502 0.8698 0.9725 1.0419 1.0000 1.0881 1.0576 1.0675 0.9705 1.0097 0.9423 1.0660 0.9097 0.8784 1.0000 0.7113
0.8188 0.8335 0.9891 0.9717 1.0584 1.1360 1.1887 0.9244 1.0504 1.0985 1.1247 1.0480 1.0566 0.9659 0.8718 0.8631
0.8431 0.8495 0.9147 0.9793 1.2621 1.0000 1.1005 1.1161 1.0971 1.0359 1.2168 0.8484 0.9397 0.9485 0.9404 0.9074
0.8427 0.9230 0.8600 0.9638 1.1206 1.0987 1.1941 1.1539 1.1406 1.1532 1.0780 0.9310 0.9875 0.8597 0.7428 0.7595
