1.2708 1.1698 1.1265 1.1412 1.0542 0.9867 1.1039 0.9074 1.1215 1.0997 0.8747 0.8285 0.9330 0.7883 0.7822 0.8240
1.0000 0.9986 1.0662 1.2520 1.1450 0.9929 1.0146 0.9869 0.9185 0.9998 0.9481 0.9082 0.9464 1.0068 0.8437 1.0000
1.1704 1.0474 1.0126 1.4674 0.9812 1.0302 1.0000 0.9463 1.0070 1.0695 1.0019 0.9003 0.9931 0.9370 0.9345 0.9226
1.2064 1.0508 1.0809 1.1297 1.0276 1.0438 1.1021 0.9242 1.0232 0.9869 0.9373 0.9472 0.8912 0.8906 0.8622 0.9671
1.4698 1.0892 1.0293 1.0294 0.9302 0.9451 0.9891 0.9603 0.8043 0.9018 1.0225 1.1021 0.8986 1.0885 1.0863 1.2813
1.0383 1.0970 0.9303 1.0177 0.9435 1.0739 1.1076 0.9974 0.8258 1.1150 0.8967 0.9872 0.9597 0.9245 0.9667 1.1194
1.2580 1.0994 1.0875 1.0544 1.0075 0.9336 0.9947 0.8937 0.8939 1.0343 0.9828 0.8982 0.9632 1.0489 1.0000 1.0291
1.1691 1.2240 0.9852 1.0974 1.0560 1.0939 1.0998 1.0341 1.1188 0.9283 0.9369 0.9025 0.8587 0.7503 0.8270 0.9127
0.7249 0.7582 0.9482 0.8108 0.8800 0.9520 0.8614 1.0751 1.0640 0.9590 1.1140 1.0488 1.2238 0.8324 1.2550 1.1206
0.9762 0.8797 0.8612 1.0369 0.9678 1.0116 0.9828 0.9525 0.9071 1.0002 0.9275 1.0096 1.1233 1.0628 1.1572 1.2980
0.6224 0.7693 0.8685 0.8377 0.9003 0.9889 0.9597 1.1148 1.0658 0.9859 0.9639 1.0030 1.0956 1.1441 0.9944 1.0990
1.2471 1.0671 1.1365 1.1545 1.0579 1.0897 1.1227 0.9946 1.0270 0.8908 0.8598 0.9076 0.8820 0.8622 0.9124 0.7844
0.9684 0.9974 0.9936 1.0771 0.9871 0.8695 0.8297 1.2029 0.8916 1.0079 1.0925 0.8684 0.9709 1.1281 1.0197 1.2840
1.0144 0.9376 0.9759 0.7959 0.9035 0.9470 0.9134 1.0710 1.0049 0.9914 1.0254 0.9829 1.0856 1.0084 1.1413 1.1181
1.3835 1.1593 0.9887 0.9573 1.0678 1.0992 1.0567 1.0777 0.9894 0.7907 0.9454 0.9729 0.9231 0.7276 0.6949 0.7605
0.9227 0.9527 1.0739 0.8971 0.9086 1.0360 0.9921 1.0000 1.0000 0.9319 0.9943 0.9241 1.0000 1.0792 1.1508 1.3205
1.0064 0.9168 1.0117 1.0000 0.9416 0.9896 1.0616 0.9170 0.9961 1.0893 1.0823 1.0012 1.0149 0.9914 1.1208 1.2498
1.3144 1.2863 0.9160 1.2383 0.9570 1.0045 1.1525 0.9566 0.8723 1.0000 1.0000 0.9642 1.0000 0.8821 0.9519 0.9952
1.3951 1.0353 1.3661 1.0004 0.8651 1.1360 1.0378 0.9926 1.0978 0.9381 0.9061 0.9502 0.8674 0.8367 0.8861 1.0429
1.1022 1.0663 1.1629 1.2127 0.9978 1.0581 0.9382 0.9862 1.0193 1.1291 0.9282 0.8156 0.7905 0.7475 0.5558 0.5254
1.3549 1.0075 1.0000 0.9476 1.1267 1.0825 0.9532 0.9787 0.9935 0.8416 0.9545 1.1325 0.9380 1.1028 0.9951 0.9265
0.5372 0.6502 0.9559 0.9273 0.9193 1.0114 1.0193 1.0424 0.9835 1.0165 1.0071 1.1137 1.1077 0.9377 0.9770 1.2931
1.1026 0.8840 0.9247 0.8459 0.9003 0.9299 0.9522 1.0017 1.0000 1.1820 0.9792 0.9377 1.0927 1.1903 1.1099 1.0297
0.9742 0.9303 0.7940 0.9658 0.8556 0.9817 0.8903 0.8994 1.1506 0.9935 1.0977 1.0958 1.0509 1.0610 0.5458 1.1793
1.4844 1.2267 1.1263 1.1990 1.1781 1.1221 1.1829 0.9933 1.0167 0.8080 0.9955 0.8336 0.8947 0.8251 0.7225 0.8574
