1.3127 1.1719 1.0448 1.0908 1.0077 0.9651 1.0761 0.9098 1.1067 1.1414 0.8571 0.8304 0.9389 0.8167 0.8086 0.9292
1.0000 1.0540 1.3090 1.2696 1.1477 1.0015 1.0924 0.9652 0.8885 0.9127 0.8912 0.8604 0.8734 0.9114 0.8295 1.0000
1.0318 0.9022 0.9298 1.2154 0.8538 0.9609 1.0000 0.9396 0.9705 1.0203 0.9631 0.9373 1.0429 1.1582 1.0614 1.2841
1.2856 1.1860 1.1572 1.1412 1.0056 1.0731 1.1078 0.9019 0.9751 0.8861 0.9030 0.9460 0.8115 0.9463 0.7897 0.9618
1.2351 0.9864 0.9005 1.0104 0.9281 0.9805 0.9935 0.9021 0.9660 1.0762 0.9659 1.0769 0.9105 1.0964 1.0842 1.3410
1.2032 1.0924 0.9988 1.1201 0.9741 1.0691 1.0689 0.9550 0.9008 1.0150 0.9891 0.8772 0.8934 0.8587 1.0221 0.9764
1.2087 1.1026 1.0532 1.0029 0.9363 0.9478 1.0252 0.9816 0.8960 1.0409 0.9707 0.8478 0.9472 1.0999 1.0000 1.0524
1.3755 1.2413 1.1553 1.1188 1.1199 1.1006 1.0528 0.9847 1.1020 0.8901 0.8980 0.8148 0.7828 0.7691 0.7769 0.8136
0.6695 0.7060 0.8845 0.7472 0.9496 0.9554 0.8348 1.0413 1.0416 0.9171 1.0645 0.9895 1.2164 1.0290 1.2041 1.2479
1.1403 0.9801 0.9771 1.0800 1.0014 0.9747 0.9546 1.1658 0.8860 0.8980 0.9292 0.8968 1.0112 0.9933 1.0758 1.0776
0.6739 0.7329 0.8915 0.8231 0.9612 0.9564 0.8876 1.0392 1.0110 0.9675 1.0603 0.9177 1.2636 1.0939 0.9525 1.2608
1.2620 1.1444 1.1667 1.1659 1.0792 1.0959 1.1319 0.9700 0.9986 0.8842 0.8577 0.8905 0.8613 0.8130 0.8633 0.8149
1.0493 0.8418 0.8116 0.9116 0.8583 0.9102 0.8154 1.0725 0.9314 1.1180 1.1609 1.0001 1.0945 1.1833 1.1225 1.5011
1.2008 1.0668 1.1072 1.0039 0.8538 0.9936 1.0347 1.0374 0.9492 0.8941 0.9603 0.8804 0.9985 0.8936 1.0183 1.0737
1.1899 1.1526 0.9399 0.9126 1.0366 1.0612 1.0051 1.0645 1.0067 0.9258 0.9637 0.9617 0.9527 0.7922 0.7796 0.9245
1.0090 0.9556 1.0623 0.8970 0.9770 1.0492 0.9576 0.9739 1.0000 0.9075 0.9361 1.1080 1.0000 1.0273 1.0203 1.1566
0.9510 0.9223 0.9155 1.0000 0.9826 0.9181 1.0198 1.0921 1.0004 1.0173 1.0457 0.9840 1.0512 1.1044 1.2599 1.2714
1.4490 1.3386 1.0421 1.2489 0.9954 1.0120 1.1154 0.9792 0.8945 1.0000 1.0000 0.8886 1.0000 0.8328 0.9093 0.8990
1.4842 0.9944 1.2411 0.9111 0.7859 1.0908 0.9960 0.9823 1.0613 1.0357 0.9031 1.0110 0.9015 0.8881 0.9818 1.1809
1.1881 1.1161 1.1711 1.2240 0.9734 1.0520 0.9475 0.9218 0.9982 1.0648 0.8909 0.7937 0.7857 0.7587 0.5258 0.5189
1.2976 0.9554 1.0000 0.9253 1.1292 1.0766 0.9136 1.0087 0.9853 1.0223 0.9145 1.0353 0.8973 1.0840 1.0137 1.0620
0.7053 0.7352 0.9783 0.9839 1.0973 1.0238 1.0060 0.9390 0.9457 1.0620 0.9512 0.9865 1.0408 0.9677 1.0201 1.2267
1.0347 0.8784 0.9162 0.9480 0.8411 0.9192 0.8680 0.9151 1.0000 1.1309 0.9341 0.9286 1.1412 1.2579 1.3223 1.6629
1.0385 1.0616 0.9000 1.0332 0.8684 0.9982 0.9359 0.9961 1.0995 0.9168 1.0100 1.0398 0.9335 1.0461 0.5458 1.0735
1.2005 1.0126 0.9364 0.9816 1.0097 1.0277 1.0539 1.0149 1.0162 0.8962 1.0584 0.9566 1.0471 0.9358 0.9650 1.0717
