1.3812 1.3152 1.3259 1.3395 1.1445 1.0171 1.1047 0.9585 1.0294 0.9844 0.8361 0.7767 0.8340 0.7107 0.6411 0.6354
1.0000 0.8269 0.9291 0.9866 1.0116 0.9372 1.0263 1.0011 0.9472 1.1219 1.0877 0.9668 0.9951 1.1734 1.0435 1.0000
1.4117 1.3019 1.4509 2.0647 1.1348 1.2471 1.0000 0.8440 1.1205 1.0549 0.9090 0.8503 0.8579 0.9280 0.7570 0.7478
0.9801 0.7592 0.8426 0.9769 0.8703 0.9625 0.9849 0.9506 1.1208 1.0951 1.0032 1.0139 1.0499 0.9762 1.0054 1.3656
1.5519 1.1591 1.2332 1.0502 1.0020 1.0897 1.1891 1.1575 0.9071 1.0911 1.1916 0.9403 0.9254 0.8575 1.0218 1.0476
0.7257 0.8372 0.7009 0.8266 0.8293 0.9704 1.1498 1.0028 0.8619 1.2708 0.9897 1.2830 1.1369 1.1312 1.2684 1.4322
1.6393 1.3100 1.2775 1.2024 1.2047 1.0131 0.9922 0.8561 0.8701 0.8895 0.8967 0.7982 0.8303 0.9774 1.0000 0.7744
0.9514 0.9474 0.9204 0.9702 0.8922 0.9958 1.0926 1.1381 1.1931 1.0127 0.9866 1.0447 0.9327 0.8406 0.9676 1.1185
0.9537 0.9222 1.1427 1.0241 0.9643 1.1621 0.9829 1.1003 1.0978 0.9462 1.0117 0.9601 0.9985 0.8580 1.0839 1.2389
0.9562 0.7917 0.9234 0.8603 0.9539 0.9452 0.9103 1.0118 0.9947 1.0659 0.9481 1.0431 1.1878 1.2159 1.2349 1.7789
0.6696 1.0629 1.0575 0.9131 1.0368 1.1100 1.0667 1.1546 1.0992 0.9695 0.8738 0.9193 0.9720 0.8783 0.7605 1.2830
0.8583 0.8144 0.8660 0.9060 0.8856 0.9666 1.0284 0.9335 0.9994 1.0808 1.0980 1.1227 1.1081 1.2021 1.2363 0.9199
1.2271 1.1504 1.0884 1.1320 1.0542 1.1573 1.0702 1.4909 0.7497 1.1754 1.1072 0.7456 0.7336 0.7233 0.6850 0.9353
1.1012 0.9320 1.0556 0.8319 0.7824 0.8914 0.8082 1.0096 0.9639 1.0109 1.0902 1.0015 1.0868 1.0816 1.1359 1.1395
1.4445 1.3509 1.0530 1.0832 1.1858 1.0698 1.1388 1.0866 0.9247 0.7843 0.8724 0.8509 0.7960 0.7476 0.6687 0.7075
0.7332 0.9072 0.8857 0.8160 0.8779 0.8901 0.9878 0.9594 1.0000 0.9528 1.1383 1.0908 1.0000 1.3682 1.3760 1.4916
1.1272 0.8954 1.1547 1.0000 0.9365 1.0315 1.0833 0.9905 0.9953 0.9935 0.9481 0.9622 0.8709 0.9782 1.0388 1.0441
0.8287 0.7897 0.7524 0.9394 0.7813 0.8131 1.0208 0.9428 0.9407 1.0000 1.0000 1.2049 1.0000 1.1608 1.2545 1.3110
1.6375 1.3274 1.7732 1.3310 1.0273 1.2192 1.1084 1.0881 1.0132 0.8813 0.9133 0.7361 0.6769 0.6906 0.7926 0.7597
0.8338 0.9095 1.0503 0.9986 0.9832 0.9971 1.0352 1.0512 1.1534 1.4757 1.1140 1.0518 1.1629 1.0353 0.7334 0.6428
1.5197 1.1982 1.0000 1.1271 1.2868 1.2218 1.0663 0.9902 0.9800 0.8350 0.9017 0.9824 0.8233 0.9091 0.8861 0.8865
0.7229 0.6006 0.8042 0.6679 0.8383 0.9076 1.0189 0.9677 1.0441 0.9556 1.0826 1.3416 1.2462 1.0508 1.1358 1.4818
1.0482 1.0130 1.0834 0.8740 1.0447 1.0797 1.1499 1.1713 1.0000 1.3961 1.0095 0.8458 0.8261 0.7382 0.6369 0.7391
0.8058 0.7439 0.7407 0.8225 0.7808 0.8428 0.8148 1.0009 1.1143 1.0715 1.0945 1.1683 1.2678 1.2559 0.7039 1.4986
1.4704 1.5388 1.1792 1.3453 1.1741 1.3393 1.2438 1.0717 0.8891 0.7638 0.8632 0.8819 0.9364 0.7916 0.8564 0.8728
