1.3079 1.1491 1.1023 1.1111 1.0023 0.9581 1.0756 0.8896 1.1478 1.1437 0.8698 0.8397 0.9530 0.7921 0.8000 0.8565
1.0000 1.0815 1.1648 1.2624 1.1826 1.0166 1.0296 0.9921 0.8647 0.9532 0.8873 0.9005 0.9029 0.9396 0.8332 1.0000
1.1256 0.9831 0.9329 1.3799 0.9026 1.0189 1.0000 0.9124 0.9709 1.0696 0.9921 0.9440 1.0301 0.9981 1.0303 1.0400
1.2544 1.1166 1.0863 1.1427 0.9985 1.0714 1.1066 0.9104 0.9743 0.9267 0.9336 0.9562 0.8663 0.9455 0.8460 0.9563
1.3904 1.0459 0.9539 1.0381 0.9557 0.9610 0.9800 0.9434 0.8612 0.9464 0.9852 1.0825 0.9116 1.0908 1.0807 1.2946
1.1280 1.0821 0.9541 1.0817 0.9492 1.0779 1.0674 0.9896 0.8801 1.0883 0.9260 0.9210 0.9196 0.9178 0.9793 1.0333
1.2433 1.1077 1.0567 1.0181 0.9525 0.9187 0.9890 0.9480 0.9215 1.0650 0.9852 0.8556 0.9867 1.0229 1.0000 1.0439
1.2119 1.2279 1.0440 1.0651 1.1027 1.1114 1.0638 1.0321 1.1065 0.9213 0.9115 0.8688 0.8377 0.8076 0.8110 0.8775
0.6739 0.7292 0.9143 0.7616 0.9067 0.9468 0.8574 1.0782 1.0847 0.9450 1.0975 1.0097 1.2217 0.9188 1.2480 1.0826
1.0141 0.9232 0.8801 1.0684 1.0000 0.9549 0.9683 1.0656 0.8867 0.9694 0.9443 0.9462 1.0918 1.0234 1.1546 1.2313
0.6482 0.7502 0.8473 0.8399 0.9038 0.9745 0.9479 1.1056 1.0457 0.9726 1.0392 0.9438 1.2082 1.1151 0.9776 1.1400
1.2452 1.0856 1.1320 1.1960 1.0603 1.1057 1.1394 0.9684 0.9977 0.9086 0.8505 0.8992 0.8553 0.8270 0.9112 0.8124
1.0006 0.9365 0.9062 1.0101 0.9653 0.8761 0.7698 1.0980 0.9634 0.9816 1.1048 0.9253 1.0399 1.1827 1.1191 1.4328
1.0895 1.0189 1.0636 0.8646 0.8745 0.9676 0.9807 1.0707 0.9863 0.9337 0.9984 0.9306 1.0345 0.9353 1.0959 1.1190
1.3016 1.1553 0.9687 0.9685 1.0508 1.0792 1.0395 1.0734 0.9928 0.8534 0.9596 0.9506 0.9133 0.7650 0.7462 0.8266
0.9841 0.9536 1.0248 0.8987 0.9117 1.0360 0.9950 0.9970 1.0000 0.9243 1.0043 0.9696 1.0000 1.0634 1.0989 1.3234
0.9601 0.9292 0.9807 1.0000 0.9822 0.9421 1.0249 0.9787 1.0180 0.9963 1.0412 1.0544 1.0514 1.0447 1.2177 1.3187
1.3421 1.3497 0.9936 1.2415 0.9698 0.9999 1.1344 0.9475 0.8791 1.0000 1.0000 0.9479 1.0000 0.8574 0.9547 0.9624
1.4362 1.0144 1.2381 0.9757 0.8414 1.1113 1.0169 1.0030 1.0920 0.9958 0.8971 1.0113 0.9018 0.8653 0.9362 1.0720
1.0991 1.0718 1.1316 1.1948 1.0041 1.0417 0.9481 0.9547 1.0344 1.1074 0.9326 0.8483 0.8178 0.7783 0.5498 0.5179
1.3155 0.9576 1.0000 0.9497 1.1286 1.0548 0.9106 1.0044 0.9722 0.9070 0.9374 1.1538 0.9554 1.0976 0.9997 0.9871
0.5831 0.7276 0.9795 0.9937 0.9817 1.0362 0.9945 0.9957 0.9510 1.0612 0.9797 1.0475 1.0725 0.9506 0.9601 1.2488
1.0640 0.8872 0.9377 0.9109 0.8778 0.9491 0.8771 0.9548 1.0000 1.1451 0.9392 0.9489 1.1061 1.2346 1.2153 1.2716
0.9967 1.0086 0.8577 1.0264 0.8706 0.9970 0.8986 0.9571 1.1391 0.9502 1.0413 1.0492 1.0073 1.0187 0.5458 1.1206
1.3137 1.0903 1.0135 1.1004 1.0701 1.0539 1.1360 1.0177 1.0321 0.8892 1.0278 0.9065 0.9799 0.8937 0.8575 0.9157
