0.7105 0.7801 0.8528 0.8813 1.0410 1.0856 1.0593 1.1769 1.1711 1.1852 1.0394 1.0160 1.0353 1.0141 0.8592 0.8463
0.8511 0.8593 0.9334 1.0294 1.0807 1.2287 1.2115 0.9910 1.0497 0.9661 1.1322 1.0119 0.9148 0.8545 0.9802 0.7450
0.6592 0.6965 0.9056 0.9132 0.9468 1.0849 1.1490 1.0937 1.0740 1.2337 1.0281 0.9497 0.9051 0.9079 0.8807 0.7203
0.6663 0.7341 0.8454 0.9395 0.9702 1.0913 1.1100 1.0395 1.0259 1.2082 1.1450 0.9625 1.0184 0.8752 0.8892 0.7446
0.7016 0.7945 0.8019 0.9229 1.0000 1.0436 1.1003 1.0568 1.1786 1.2220 1.0338 1.0103 0.9645 1.0192 0.9292 0.8294
0.8345 0.8540 0.8728 0.9467 1.1130 1.0760 1.1601 1.1534 1.1598 1.1202 1.0596 1.0292 0.9618 0.9283 0.8655 0.8589
0.7832 0.7990 0.8496 0.9462 1.0149 1.0564 1.1669 1.1699 1.1155 1.1032 1.1083 1.0539 0.9720 0.9188 0.8108 0.9199
0.8804 0.7992 0.8566 0.9315 1.0000 1.1072 1.2101 1.1276 1.0707 1.0954 1.1654 1.0911 1.0112 0.9076 0.8374 0.9063
0.8174 0.8656 0.8487 0.8712 1.0200 1.0053 1.1329 1.0391 1.0974 1.1300 1.0413 1.1178 0.9731 1.0189 0.8994 0.8355
0.6916 0.7566 0.8690 0.9752 0.9830 1.0187 1.0383 1.1154 1.0294 1.0381 1.1943 0.9951 0.9271 0.9940 0.9760 0.9662
0.7240 0.6508 0.7465 0.7983 0.9579 1.0488 1.1172 1.0597 1.0394 1.0740 1.0354 0.9656 0.9920 0.9588 0.8562 0.9597
0.7531 0.8161 0.9147 0.9639 1.1493 1.1353 1.1359 0.9008 1.0648 1.2027 1.0777 0.9597 0.9397 1.0000 1.0000 0.6861
0.9303 0.8834 0.9084 1.0179 1.1364 1.1369 1.1834 1.0452 1.1481 1.0658 1.0390 1.0099 0.9812 0.8541 0.8145 0.9159
0.8982 0.8795 0.9588 1.0079 1.0003 1.0862 1.1801 1.1355 1.1276 1.0659 1.1675 0.9435 0.9265 1.0000 0.8266 0.7921
0.6921 0.7193 0.8533 0.9085 1.0063 1.1656 1.0962 1.0784 1.0580 1.0656 1.0897 1.1048 0.9725 0.8777 0.8935 0.8220
0.6656 0.7797 0.8936 0.9588 0.9923 1.0635 1.0918 1.0720 1.1001 1.0113 1.0273 1.0807 1.0028 0.9744 0.8954 0.8440
0.8429 0.7928 0.8907 0.9122 1.0329 1.1606 1.0188 1.1784 1.1651 1.1711 1.0746 1.0437 1.0711 0.9208 0.8687 0.8579
0.7153 0.7530 0.7865 0.7999 0.9942 1.0102 1.1265 1.0020 1.0124 1.1081 1.0546 1.0394 1.0061 1.0128 0.8605 0.8917
0.6959 1.0000 0.8764 0.9236 0.9784 1.1276 1.1494 1.0984 1.0817 1.1502 1.1136 0.9279 0.9633 0.9028 0.8660 0.8543
0.8328 0.8305 0.9055 0.8461 1.0477 1.1349 1.0070 1.0444 1.0764 1.1877 1.0695 1.1482 1.0000 0.9742 0.9436 0.9398
0.8511 0.8770 0.8733 0.9861 0.9837 1.1056 1.0763 1.0527 1.0673 0.9859 1.0633 1.1258 1.0122 0.9976 0.9873 0.8885
0.6133 0.7569 0.9042 0.9686 1.0000 1.0725 1.0808 1.0630 1.0576 1.0951 1.0210 1.0325 0.9917 0.9095 1.0000 0.7920
0.8903 0.7970 0.9350 0.9416 1.0674 1.1692 1.1969 0.9867 1.0848 1.1439 1.1581 1.0186 1.0174 0.9364 0.8635 0.8180
0.7368 0.7856 0.8679 0.9264 1.2152 1.0000 1.0959 1.2041 1.1220 1.0886 1.2351 0.9832 0.9404 0.9298 0.9533 0.9306
0.8218 0.9154 0.8905 0.9570 1.0953 1.1176 1.1798 1.1773 1.1679 1.1711 1.1161 0.9687 0.9636 0.9097 0.7709 0.7772
