1.3309 1.1980 1.0651 1.1139 1.0130 0.9390 1.0743 0.8922 1.1175 1.1394 0.8583 0.8292 0.9353 0.8174 0.7969 0.8872
1.0000 1.0554 1.2744 1.2720 1.1537 1.0192 1.0852 0.9561 0.8933 0.9163 0.8830 0.8938 0.8814 0.9132 0.8172 1.0000
1.0618 0.9229 0.9175 1.1892 0.8596 0.9557 1.0000 0.9318 0.9806 1.0365 0.9594 0.9380 1.0464 1.1093 1.0951 1.2096
1.2842 1.1892 1.1413 1.1377 1.0281 1.0653 1.0889 0.8971 0.9663 0.9046 0.9076 0.9574 0.8218 0.9349 0.8003 0.9505
1.2883 0.9681 0.9168 1.0124 0.9522 0.9465 0.9880 0.9085 0.9508 1.0360 0.9495 1.0991 0.9186 1.1268 1.0797 1.3256
1.1631 1.0749 0.9761 1.1203 0.9603 1.0767 1.0648 0.9790 0.9117 1.0505 0.9695 0.9057 0.9054 0.8728 1.0085 0.9774
1.1998 1.1077 1.0483 0.9827 0.9315 0.9464 1.0254 0.9806 0.8860 1.0600 0.9873 0.8503 0.9854 1.0962 1.0000 0.9964
1.3326 1.2097 1.1114 1.0908 1.1175 1.0916 1.0721 0.9986 1.0861 0.9101 0.9043 0.8485 0.8136 0.8027 0.7844 0.8325
0.6735 0.7205 0.8806 0.7435 0.9396 0.9568 0.8421 1.0600 1.0515 0.9219 1.0630 1.0022 1.2311 0.9829 1.2138 1.1957
1.1104 0.9932 0.9550 1.0908 1.0207 0.9637 0.9656 1.1594 0.8604 0.8982 0.9222 0.8944 1.0154 0.9877 1.1094 1.1092
0.6712 0.7306 0.8710 0.8204 0.9456 0.9796 0.9323 1.0275 0.9968 0.9746 1.0698 0.9309 1.2272 1.1175 0.9495 1.2403
1.2762 1.1070 1.1557 1.1955 1.0585 1.1001 1.1291 0.9687 0.9979 0.8898 0.8527 0.8766 0.8721 0.8259 0.8804 0.8170
0.9807 0.8717 0.8265 0.9320 0.8844 0.9006 0.8172 1.1061 0.9463 1.0531 1.1405 1.0065 1.1065 1.1824 1.1410 1.5235
1.1322 1.0452 1.1005 0.9689 0.8554 0.9837 1.0184 1.0557 0.9686 0.9126 0.9463 0.8871 1.0153 0.9042 1.0484 1.1328
1.2125 1.1242 0.9323 0.9291 1.0428 1.0704 0.9979 1.0693 1.0030 0.9073 0.9666 0.9798 0.9721 0.7862 0.7539 0.8946
1.0243 0.9735 1.0522 0.8912 0.9849 1.0365 0.9914 1.0147 1.0000 0.8964 0.9388 1.0430 1.0000 1.0235 1.0339 1.1911
0.9344 0.9474 0.8945 1.0000 0.9910 0.9404 1.0306 1.0503 1.0014 0.9891 1.0537 0.9975 1.0709 1.0944 1.2801 1.3347
1.4642 1.3556 1.0324 1.2596 0.9636 0.9824 1.1155 0.9999 0.9004 1.0000 1.0000 0.8939 1.0000 0.8376 0.9374 0.9178
1.4797 1.0172 1.1976 0.9155 0.7979 1.1164 1.0100 0.9820 1.1025 1.0475 0.9344 1.0205 0.8636 0.8671 0.9711 1.1070
1.2010 1.1097 1.1483 1.2147 0.9940 1.0355 0.9490 0.9408 1.0006 0.9663 0.8990 0.8058 0.7918 0.7451 0.5274 0.5135
1.2983 0.9488 1.0000 0.9582 1.1381 1.0465 0.9397 1.0009 0.9750 1.0077 0.9476 1.0909 0.9113 1.0766 0.9833 1.0289
0.6569 0.7218 0.9711 0.9863 1.0791 0.9849 0.9742 0.9766 0.9191 1.0941 0.9937 1.0188 1.0635 0.9552 0.9926 1.2347
1.0477 0.8574 0.9189 0.9680 0.8591 0.9198 0.8799 0.9212 1.0000 1.1033 0.9238 0.9598 1.1320 1.2561 1.2991 1.5330
1.0180 1.0434 0.8816 1.0269 0.8922 0.9867 0.9365 0.9919 1.1204 0.9243 1.0114 1.0476 0.9578 1.0169 0.5458 1.0954
1.2644 1.0746 0.9631 1.0423 1.0536 1.0297 1.0946 1.0052 1.0160 0.8958 1.0072 0.9315 1.0097 0.9129 0.9200 0.9942
