1.3442 1.1909 1.0404 1.0946 0.9855 0.9407 1.0707 0.8874 1.1080 1.1389 0.8477 0.8383 0.9363 0.8246 0.8073 0.9300
1.0000 1.0817 1.3098 1.2638 1.1440 1.0070 1.0980 0.9733 0.9010 0.9135 0.8668 0.8622 0.8707 0.8963 0.8204 1.0000
1.0071 0.8969 0.9133 1.1945 0.8539 0.9557 1.0000 0.9658 0.9976 1.0546 0.9557 0.9567 1.0363 1.1577 1.0667 1.2389
1.3158 1.1977 1.1661 1.1604 1.0167 1.0703 1.1107 0.9112 0.9602 0.8898 0.8984 0.9372 0.8048 0.9123 0.7807 0.9664
1.2477 0.9704 0.9088 1.0339 0.9547 0.9864 0.9650 0.8764 0.9798 1.0748 0.9769 1.1035 0.8950 1.0961 1.0482 1.3229
1.2297 1.0913 1.0043 1.1339 0.9918 1.0719 1.0572 0.9544 0.9065 1.0193 0.9741 0.8587 0.8708 0.8351 1.0112 0.9784
1.1947 1.1093 1.0380 0.9868 0.9541 0.9564 1.0172 0.9762 0.8745 1.0458 0.9796 0.8290 0.9771 1.0794 1.0000 1.0407
1.3700 1.2272 1.1655 1.1078 1.1065 1.1082 1.0794 1.0061 1.0508 0.8736 0.9001 0.8184 0.8107 0.7871 0.7647 0.8254
0.6597 0.7092 0.8761 0.7446 0.9554 0.9636 0.8480 1.0403 1.0345 0.9117 1.0590 0.9808 1.2109 1.0129 1.2207 1.2271
1.1368 1.0086 0.9922 1.1006 1.0036 0.9738 0.9649 1.1691 0.8711 0.8844 0.9271 0.8775 0.9963 0.9835 1.0791 1.0754
0.6550 0.7174 0.8603 0.7951 0.9368 0.9617 0.8968 1.0724 1.0023 0.9536 1.0870 0.9045 1.2549 1.0833 0.9642 1.3169
1.2734 1.1282 1.1634 1.1917 1.0601 1.0940 1.1292 0.9875 0.9965 0.8903 0.8574 0.8864 0.8610 0.8064 0.8620 0.8216
1.0223 0.8372 0.8001 0.8978 0.8644 0.9215 0.8168 1.0231 0.9458 1.1150 1.1774 1.0104 1.1050 1.1892 1.1454 1.5336
1.2334 1.0982 1.1228 1.0391 0.8535 1.0018 1.0253 1.0525 0.9543 0.8731 0.9421 0.8695 0.9676 0.8723 0.9941 1.0786
1.2029 1.1830 0.9317 0.9192 1.0388 1.0416 0.9731 1.0683 1.0219 0.9235 0.9566 0.9552 0.9620 0.7899 0.7748 0.9248
1.0344 0.9516 1.0464 0.8983 0.9889 1.0492 0.9648 0.9796 1.0000 0.9034 0.9437 1.1108 1.0000 1.0114 1.0109 1.1643
0.9488 0.9245 0.9176 1.0000 0.9714 0.9239 1.0298 1.1069 0.9970 1.0101 1.0416 1.0011 1.0360 1.0798 1.2656 1.2910
1.4765 1.3302 1.0236 1.2707 0.9827 0.9762 1.1222 0.9718 0.9024 1.0000 1.0000 0.8891 1.0000 0.8516 0.9031 0.9204
1.4961 1.0227 1.2087 0.9052 0.7873 1.1122 1.0041 0.9761 1.0608 1.0296 0.8913 1.0040 0.9031 0.9035 0.9830 1.1742
1.1692 1.1356 1.1627 1.1999 0.9810 1.0577 0.9502 0.9297 0.9953 1.0639 0.9035 0.8042 0.7992 0.7578 0.5312 0.5239
1.2441 0.9213 1.0000 0.9616 1.1136 1.0569 0.9399 1.0042 0.9670 1.0357 0.9030 1.0766 0.8696 1.0805 1.0010 1.0972
0.7127 0.7172 0.9656 0.9916 1.1094 1.0215 0.9796 0.9513 0.9194 1.0905 0.9737 0.9831 1.0262 0.9850 1.0045 1.2108
1.0337 0.8580 0.8914 0.9410 0.8367 0.9222 0.8381 0.9164 1.0000 1.1308 0.9386 0.9473 1.1568 1.2679 1.3581 1.6814
1.0179 1.0813 0.8925 1.0472 0.8812 0.9789 0.9527 0.9974 1.1033 0.8893 1.0074 1.0370 0.9366 1.0414 0.5458 1.0799
1.1785 1.0036 0.9161 0.9643 0.9858 1.0016 1.0610 0.9952 0.9994 0.8829 1.0412 0.9634 1.0624 0.9667 1.0060 1.1072
