1.2898 1.1527 1.0664 1.1607 1.0308 0.9839 1.0719 0.9253 1.1263 1.1138 0.8753 0.8528 0.9387 0.7881 0.7880 0.8364
1.0000 1.0451 1.1235 1.2107 1.1298 0.9880 1.0353 0.9834 0.8950 0.9913 0.9334 0.8979 0.9339 0.9884 0.8543 1.0000
1.1480 1.0008 0.9644 1.4131 0.9278 1.0422 1.0000 0.9607 0.9669 1.0642 1.0017 0.9126 1.0035 0.9715 1.0249 1.0114
1.2308 1.0960 1.1040 1.1308 0.9896 1.0471 1.1143 0.9313 0.9984 0.9385 0.9552 0.9550 0.8643 0.9235 0.8437 0.9661
1.3914 1.0572 0.9860 1.0270 0.9430 0.9375 0.9699 0.9395 0.8454 0.9187 0.9827 1.1157 0.9317 1.0740 1.1015 1.2874
1.0950 1.0864 0.9567 1.0609 0.9746 1.0583 1.0960 0.9920 0.8282 1.0992 0.8853 0.9444 0.9347 0.9196 0.9932 1.0641
1.2620 1.1531 1.0819 1.0375 0.9790 0.9456 0.9857 0.9057 0.8902 1.0594 0.9439 0.8586 0.9866 1.0310 1.0000 1.0138
1.2466 1.2167 1.0180 1.0967 1.1078 1.1166 1.0908 1.0373 1.1244 0.9225 0.9034 0.8655 0.8235 0.7754 0.8057 0.8687
0.7041 0.7327 0.9666 0.8015 0.9213 0.9617 0.8683 1.0440 1.0878 0.9422 1.1065 1.0250 1.1877 0.8978 1.2389 1.0661
1.0145 0.9093 0.8801 1.0956 0.9994 0.9873 0.9701 1.0240 0.8946 0.9570 0.9337 0.9644 1.0969 1.0260 1.1116 1.2225
0.6430 0.7580 0.8656 0.8589 0.9315 0.9904 0.9490 1.0904 1.0265 0.9748 0.9857 0.9598 1.1687 1.1505 0.9794 1.1381
1.2407 1.0793 1.1399 1.1725 1.0508 1.1203 1.1286 0.9975 1.0125 0.9058 0.8598 0.8891 0.8815 0.8405 0.8965 0.8011
0.9972 0.9904 0.9622 1.0515 0.9855 0.8686 0.7667 1.1072 0.9235 0.9295 1.1290 0.9128 1.0422 1.1652 1.0961 1.3999
1.0555 0.9778 1.0210 0.8075 0.8746 0.9656 0.9661 1.0791 0.9883 0.9500 1.0241 0.9577 1.0592 0.9892 1.1133 1.1230
1.3286 1.1419 0.9835 0.9730 1.0778 1.0995 1.0540 1.1120 0.9661 0.8276 0.9707 0.9373 0.9050 0.7370 0.6944 0.7651
0.9399 0.9680 1.0584 0.8987 0.9214 1.0653 1.0045 0.9804 1.0000 0.9370 0.9893 0.9507 1.0000 1.0645 1.1134 1.2881
0.9797 0.9620 0.9692 1.0000 0.9738 0.9685 1.0337 0.9366 0.9951 1.0563 1.0629 1.0140 1.0421 1.0015 1.1535 1.2912
1.3787 1.3464 0.9446 1.2720 0.9666 0.9899 1.1285 0.9480 0.8856 1.0000 1.0000 0.9444 1.0000 0.8392 0.9319 0.9900
1.4036 1.0307 1.3166 0.9994 0.8324 1.1297 1.0304 0.9824 1.0778 0.9789 0.8751 0.9849 0.8861 0.8583 0.9081 1.0632
1.1223 1.0987 1.1435 1.1899 0.9909 1.0484 0.9553 0.9517 1.0037 1.1158 0.9329 0.8222 0.8172 0.7708 0.5646 0.5145
1.3919 1.0084 1.0000 0.9593 1.1799 1.0925 0.9533 1.0110 1.0091 0.9055 0.9482 1.1165 0.9207 1.0438 0.9788 0.9483
0.5337 0.6996 0.9602 0.9911 0.9635 1.0197 1.0151 0.9805 0.9934 1.0654 0.9996 1.0706 1.1016 0.8999 0.9542 1.2338
1.0415 0.8830 0.9182 0.8960 0.8846 0.9560 0.9074 0.9745 1.0000 1.1966 0.9465 0.9451 1.0956 1.2394 1.1631 1.1708
1.0145 0.9736 0.8151 1.0030 0.8678 0.9762 0.9205 0.9412 1.1465 0.9378 1.0492 1.0905 1.0221 1.0518 0.5458 1.1270
1.3704 1.0987 1.0550 1.1377 1.1079 1.0595 1.1609 1.0108 1.0111 0.8397 1.0325 0.8753 0.9677 0.8578 0.7965 0.8666
