0.8273 0.8592 0.9296 0.9397 1.0193 1.0737 1.0360 1.1588 1.1642 1.1610 1.0299 0.8970 1.0921 1.0442 0.8780 0.8929
0.9239 0.9265 1.0474 1.0930 1.1672 1.2331 1.2151 0.8895 0.9413 0.8904 1.0723 0.9780 0.9448 0.8328 0.9733 0.7574
0.6782 0.7995 0.9359 0.9705 0.9766 1.0927 1.1258 1.0684 1.0752 1.2403 1.0037 0.9595 0.9421 0.9227 0.9082 0.7056
0.7054 0.7826 0.8837 0.9817 0.9673 1.0796 1.1064 1.0082 0.9824 1.1369 1.1414 0.9949 1.0370 0.9259 0.9337 0.7343
0.8087 0.9037 0.8875 0.9271 1.0000 1.0961 1.1411 1.0593 1.1333 1.2397 1.0123 1.0135 0.9641 1.0363 0.9386 0.7656
0.8811 0.9400 0.9451 0.9673 1.1239 1.1177 1.1564 1.0301 1.1532 1.1069 1.0478 0.9770 0.9712 0.9215 0.8405 0.8239
0.7707 0.8573 0.9287 0.9633 1.0199 1.0270 1.1207 1.1148 1.1123 1.0903 1.1124 1.0636 0.9578 0.8587 0.8263 0.9472
0.9464 0.8382 0.8803 0.9638 1.0000 1.0948 1.1698 1.0522 1.1213 1.0677 1.1614 1.0522 1.0262 0.9109 0.8273 0.8847
0.8334 0.9140 0.8654 0.9186 1.0327 1.0050 1.1445 1.0344 1.1158 1.1252 1.0714 1.0604 0.9770 1.0357 0.8745 0.8261
0.7351 0.8307 0.9568 1.0770 1.0148 1.0692 1.0596 1.1422 0.9797 1.0409 1.1625 0.8986 0.8876 0.9535 0.9510 0.9384
0.7947 0.7369 0.8320 0.8754 1.0061 1.1060 1.1867 1.0788 1.0664 1.1361 1.0435 1.0058 1.0512 0.9778 0.8703 0.8931
0.7936 0.8586 0.9041 1.0160 1.1577 1.1091 1.1157 0.8775 1.0053 1.2165 1.0515 0.9519 0.9420 1.0000 1.0000 0.6138
0.9375 0.8747 0.9422 0.9836 1.1480 1.0888 1.0984 0.9439 1.0925 1.0176 1.0705 0.9564 1.0003 0.8123 0.7704 0.9311
0.9294 0.9532 0.9533 0.9986 0.9604 1.0969 1.1559 1.0755 1.0783 1.0219 1.0971 0.9376 0.9274 1.0000 0.8095 0.7513
0.6979 0.8000 0.8957 0.9393 1.0297 1.1790 1.0993 1.0700 1.0573 1.0547 1.1147 1.1382 1.0068 0.8126 0.8825 0.7928
0.8049 0.8983 0.9535 1.0280 0.9859 1.0522 1.0676 1.0388 1.0615 1.0084 1.0265 1.0590 0.9622 0.9483 0.9120 0.8296
0.8976 0.7693 0.8814 0.8690 1.0892 1.2039 0.9953 1.1511 1.0795 1.1975 1.0217 1.0506 1.1219 0.9020 0.8655 0.8881
0.7051 0.8696 0.8271 0.8488 1.0472 1.0271 1.1281 1.0229 1.0477 1.1452 1.1131 1.0406 0.9978 0.9806 0.9601 0.9035
0.7402 1.0000 0.9264 0.9104 0.9828 1.1728 1.1339 1.0531 1.0482 1.1407 1.1117 0.9098 0.9664 0.8852 0.8912 0.8769
0.8810 0.9176 1.0077 0.8808 1.0927 1.2034 0.9863 1.0744 1.0947 1.1623 0.9844 1.1035 1.0000 0.9077 0.9096 0.8023
0.9106 0.9215 0.9301 0.9828 0.9286 1.1104 1.0630 1.0605 1.0360 0.9576 1.0514 1.0961 1.0262 1.0130 0.9891 0.8652
0.6463 0.7850 0.9141 0.9819 1.0000 1.0214 1.0052 1.0208 1.0051 1.0818 1.0037 1.0692 1.0019 0.8984 1.0000 0.7706
0.8328 0.7977 1.0111 1.0118 1.0867 1.1493 1.1527 0.9109 1.0886 1.1720 1.1548 1.0383 1.0622 0.8992 0.8546 0.8032
0.8279 0.8106 0.8877 0.9669 1.2221 1.0000 1.0835 1.1821 1.1011 1.0217 1.1810 0.9410 0.9466 0.8922 0.9588 0.9712
0.8557 0.9620 0.8866 0.9938 1.1086 1.0962 1.1467 1.1596 1.1600 1.1421 1.0691 0.9554 0.9331 0.8512 0.7123 0.6757
