0.7580 0.8025 0.8799 0.8844 1.0306 1.0978 1.0531 1.1574 1.1751 1.1858 1.0429 1.0107 1.0219 0.9838 0.8551 0.8567
0.8713 0.8693 0.9751 1.0517 1.0922 1.2230 1.2252 0.9598 1.0451 0.9343 1.0974 0.9835 0.9211 0.8576 0.9614 0.7504
0.6632 0.7079 0.8915 0.9134 0.9547 1.0847 1.1361 1.0861 1.0731 1.2312 1.0187 0.9860 0.9018 0.9095 0.8931 0.7281
0.6950 0.7597 0.8713 0.9503 0.9775 1.0817 1.1019 1.0274 1.0000 1.1573 1.1462 0.9736 1.0186 0.8805 0.9157 0.7236
0.7560 0.8018 0.8324 0.9133 1.0000 1.0381 1.1225 1.0641 1.1849 1.1567 1.0345 1.0330 0.9204 1.0218 0.9147 0.7903
0.8281 0.8520 0.8830 0.9697 1.1330 1.0562 1.1839 1.1357 1.1806 1.1287 1.0644 1.0149 0.9666 0.9183 0.8515 0.8398
0.7662 0.8067 0.8606 0.9472 1.0359 1.0667 1.1620 1.1706 1.0910 1.1080 1.0992 1.0473 0.9622 0.9006 0.8254 0.9260
0.8728 0.8101 0.8575 0.9539 1.0000 1.0996 1.2077 1.1392 0.9985 1.0668 1.1836 1.1148 1.0085 0.9303 0.8275 0.9041
0.8452 0.8751 0.8594 0.8995 1.0206 1.0109 1.1317 1.0587 1.1037 1.1300 1.0682 1.0927 0.9637 1.0262 0.8742 0.8296
0.6749 0.7999 0.8780 1.0172 0.9988 1.0307 1.0769 1.1030 1.0368 1.0664 1.1653 1.0004 0.8874 0.9586 0.9509 0.9260
0.7441 0.6571 0.7529 0.8119 0.9275 1.0303 1.1441 1.0442 1.0574 1.0684 1.0294 0.9536 0.9950 0.9683 0.8468 1.0062
0.7379 0.8257 0.9216 1.0001 1.1450 1.1210 1.1399 0.8722 1.0435 1.1977 1.0983 0.9692 0.9210 1.0000 1.0000 0.6931
0.9333 0.9061 0.9457 1.0284 1.1546 1.1438 1.1512 1.0604 1.1191 1.0504 1.0734 0.9926 0.9682 0.8420 0.8059 0.9037
0.9191 0.9146 0.9547 1.0255 1.0128 1.1037 1.1733 1.1436 1.1082 1.0567 1.1585 0.9450 0.9150 1.0000 0.7788 0.7812
0.7084 0.7439 0.8878 0.9001 1.0082 1.1753 1.0570 1.0363 1.0254 1.0710 1.1540 1.1495 1.0298 0.8434 0.8168 0.7493
0.7210 0.8354 0.9568 1.0398 0.9816 1.0465 1.0786 1.0470 1.0843 0.9931 1.0238 1.0504 0.9904 0.9613 0.8991 0.8525
0.8511 0.8002 0.8770 0.9014 1.0391 1.1627 1.0167 1.1457 1.1441 1.1862 1.0833 1.0360 1.0928 0.9118 0.8737 0.8731
0.7008 0.7753 0.7927 0.8012 1.0075 1.0053 1.1230 1.0045 1.0115 1.1126 1.0891 1.0391 1.0084 0.9972 0.8583 0.8597
0.6935 1.0000 0.8801 0.9276 0.9832 1.1646 1.1444 1.0866 1.0778 1.1727 1.1207 0.9198 0.9688 0.8860 0.8365 0.8490
0.8793 0.8587 0.9424 0.8584 1.0557 1.1216 0.9711 1.0704 1.0807 1.1628 1.0678 1.1215 1.0000 0.9498 0.9223 0.8925
0.8705 0.8766 0.8901 0.9820 0.9654 1.1157 1.0861 1.0513 1.0360 1.0014 1.0907 1.1344 1.0153 0.9797 0.9593 0.8720
0.6328 0.7629 0.9190 0.9859 1.0000 1.0817 1.0476 1.0714 1.0439 1.1103 1.0424 1.0322 1.0001 0.8816 1.0000 0.7787
0.8555 0.8150 0.9485 0.9537 1.0780 1.1921 1.1748 0.9682 1.0851 1.1450 1.1762 1.0199 1.0097 0.9294 0.8566 0.7981
0.7581 0.7854 0.8704 0.9368 1.2284 1.0000 1.1040 1.1827 1.1120 1.0711 1.2395 0.9773 0.9422 0.9283 0.9151 0.9111
0.8967 0.9539 0.9116 1.0020 1.1015 1.1097 1.1748 1.1442 1.2043 1.1669 1.0890 0.9575 0.9268 0.8983 0.7422 0.7179
