1.3460 1.1921 1.0356 1.0966 0.9823 0.9321 1.0675 0.8877 1.1029 1.1415 0.8440 0.8400 0.9327 0.8315 0.8260 0.9340
1.0000 1.0929 1.3056 1.2627 1.1324 1.0082 1.0926 0.9609 0.8863 0.9245 0.8805 0.8534 0.8698 0.8923 0.8349 1.0000
1.0475 0.9169 0.9360 1.2052 0.8516 0.9485 1.0000 0.9455 0.9839 1.0520 0.9436 0.9455 1.0262 1.1452 1.0644 1.2382
1.3538 1.2190 1.1652 1.1460 1.0030 1.0606 1.0982 0.9042 0.9641 0.8846 0.8918 0.9341 0.8056 0.9195 0.7902 0.9766
1.2689 0.9721 0.8931 1.0230 0.9459 0.9843 0.9717 0.9118 1.0110 1.0606 0.9856 1.0765 0.8794 1.0925 1.0606 1.2977
1.1929 1.0745 0.9929 1.1078 0.9616 1.0554 1.0646 0.9749 0.9176 1.0276 0.9982 0.8751 0.9036 0.8372 1.0136 0.9849
1.1927 1.0872 1.0351 0.9906 0.9493 0.9579 1.0258 0.9842 0.8956 1.0495 0.9789 0.8284 0.9739 1.0543 1.0000 1.0486
1.3656 1.2424 1.1454 1.0923 1.0918 1.1000 1.0459 0.9914 1.0650 0.8906 0.8954 0.8259 0.8132 0.7908 0.7652 0.8456
0.6711 0.7148 0.8715 0.7514 0.9526 0.9647 0.8265 1.0347 1.0471 0.9204 1.0836 0.9897 1.1992 1.0156 1.2135 1.2282
1.1724 1.0078 1.0053 1.1116 0.9959 0.9771 0.9508 1.1520 0.8546 0.8596 0.9067 0.8856 0.9884 0.9882 1.0776 1.0973
0.6726 0.7370 0.8950 0.8105 0.9594 0.9472 0.8810 1.0774 1.0226 0.9400 1.0682 0.9057 1.2616 1.0692 0.9550 1.3039
1.2520 1.1394 1.1789 1.2077 1.0901 1.1100 1.1428 0.9851 1.0085 0.8800 0.8384 0.8822 0.8392 0.8066 0.8306 0.8007
1.0037 0.8377 0.8125 0.9138 0.8653 0.9111 0.8269 1.0243 0.9333 1.1349 1.1765 1.0226 1.1119 1.1952 1.1355 1.5292
1.2132 1.0682 1.1069 1.0127 0.8528 0.9984 1.0391 1.0347 0.9657 0.8883 0.9551 0.8844 0.9774 0.8773 1.0000 1.0809
1.2200 1.1678 0.9267 0.8969 1.0398 1.0309 0.9883 1.0558 1.0123 0.9332 0.9620 0.9693 0.9567 0.8128 0.7795 0.9357
1.0457 0.9381 1.0646 0.9177 0.9906 1.0475 0.9619 0.9859 1.0000 0.8947 0.9327 1.0810 1.0000 1.0076 1.0003 1.1737
0.9634 0.9449 0.9289 1.0000 0.9816 0.9298 1.0386 1.0893 0.9773 1.0111 1.0291 0.9899 1.0376 1.0783 1.2440 1.2790
1.4889 1.3338 1.0285 1.2749 0.9882 0.9895 1.1232 0.9616 0.9031 1.0000 1.0000 0.8952 1.0000 0.8424 0.8997 0.9078
1.5034 1.0223 1.1915 0.9261 0.8019 1.1084 0.9999 0.9786 1.0812 1.0306 0.9012 1.0151 0.8947 0.8733 0.9918 1.1357
1.1692 1.1315 1.1697 1.2177 0.9894 1.0358 0.9508 0.9258 0.9854 0.9810 0.9058 0.8078 0.7995 0.7632 0.5291 0.5228
1.3219 0.9858 1.0000 0.9744 1.0925 1.0519 0.9148 0.9981 0.9695 1.0183 0.9113 1.0553 0.8890 1.0631 0.9935 1.0998
0.7351 0.7375 0.9802 1.0060 1.0991 1.0149 0.9621 0.9405 0.9430 1.0746 0.9611 0.9715 1.0435 0.9969 1.0095 1.2339
1.0308 0.8777 0.8943 0.9469 0.8513 0.9300 0.8533 0.9314 1.0000 1.1407 0.9216 0.9386 1.1498 1.2789 1.3596 1.6625
1.0313 1.0882 0.9124 1.0547 0.8914 0.9783 0.9581 0.9940 1.0926 0.8915 1.0098 1.0161 0.9242 1.0293 0.5458 1.0656
1.1783 1.0122 0.9352 0.9739 1.0009 1.0034 1.0767 0.9991 0.9949 0.8914 1.0451 0.9629 1.0422 0.9512 0.9929 1.1045
