0.7989 0.8558 0.9149 0.9542 1.0506 1.1166 1.0577 1.2212 1.0894 1.2083 0.9891 1.0571 1.0562 1.0316 0.8254 0.7656
0.8555 0.9105 1.0084 1.0450 1.1072 1.2142 1.1974 0.9934 0.9906 0.9671 1.0825 1.0038 0.9354 0.8188 0.9587 0.7299
0.7052 0.7631 0.9706 0.9602 0.9732 1.1305 1.0764 1.1136 1.0960 1.2891 1.0158 0.8733 0.9472 0.8855 0.9162 0.5909
0.6440 0.7460 0.8696 0.9637 0.9840 1.1083 1.1544 1.0860 0.9503 1.1330 1.1555 0.9393 0.9944 0.8632 0.9452 0.5831
0.6925 0.8159 0.8365 0.9003 1.0000 1.0605 1.1304 1.0680 1.2009 1.2397 1.0879 1.0168 0.9997 1.0340 0.9670 0.8647
0.8727 0.8894 0.8767 0.9783 1.1560 1.0505 1.1455 0.9967 1.1910 1.1218 1.0462 1.0343 0.9883 0.9368 0.8643 0.8311
0.7277 0.8658 0.9243 0.9636 1.0438 0.9669 1.1642 1.1850 1.0995 0.9825 1.0914 1.0490 0.9972 0.9912 0.8584 0.8049
0.9387 0.8534 0.9318 0.9716 1.0000 1.1453 1.2282 1.0620 1.0878 1.0610 1.0762 1.1183 1.0604 0.8629 0.8478 0.7654
0.8643 0.9146 0.9069 0.8836 1.0399 1.0373 1.1243 1.0217 1.0657 1.1218 1.0330 1.1068 0.9940 1.0462 0.9107 0.7251
0.7154 0.7721 0.8787 1.0049 0.9952 1.0380 1.1038 1.1274 0.9981 1.0394 1.1858 0.8616 0.8692 0.9862 1.0199 1.0038
0.7964 0.7245 0.8086 0.8709 1.0049 1.1259 1.2043 1.0526 1.0562 1.1598 1.0174 1.0201 1.0928 1.0132 0.8407 0.8692
0.7875 0.8995 0.9077 1.0302 1.2096 1.1749 1.1909 0.8953 0.9150 1.2134 0.9755 0.8995 0.8950 1.0000 1.0000 0.6432
0.9476 0.9087 0.9233 1.0451 1.1181 1.0936 1.1134 0.9457 1.0872 0.9467 0.9862 1.0480 0.9825 0.8385 0.8144 0.9638
0.9469 0.9223 0.9489 1.0257 0.9882 1.0651 1.1390 1.0872 1.0508 1.0325 1.1020 0.9074 0.9579 1.0000 0.8155 0.7435
0.6919 0.7636 0.8553 0.8940 0.9932 1.1760 1.0871 1.0949 1.0324 1.0331 1.0875 1.1373 1.0227 0.8420 0.9170 0.8552
0.6956 0.8638 0.9824 1.0086 0.9946 1.0459 1.0836 0.9662 1.0816 0.9322 1.0140 1.0930 1.0395 0.9858 0.9070 0.7369
0.8901 0.7352 0.8894 0.8917 1.0381 1.1773 0.9475 1.1766 1.1211 1.1703 1.0474 1.0750 1.1433 0.9355 0.8495 0.9126
0.7423 0.8674 0.8983 0.8937 1.0766 0.9927 1.2225 1.0746 1.0333 1.1403 1.1213 1.0084 0.9053 0.8706 0.9399 0.9263
0.7192 1.0000 0.9654 0.9278 0.9720 1.1524 1.1320 0.9768 1.0608 1.1576 1.1031 0.9035 1.0048 0.8886 0.8886 0.8641
0.8417 0.8684 0.9653 0.8514 1.0580 1.1737 0.9954 1.0620 1.0412 1.1269 1.0067 1.1481 1.0000 0.9879 0.9770 0.9004
0.9792 0.9802 0.9538 0.9719 0.9280 1.1377 1.0702 1.0642 1.0454 0.9309 1.0552 1.1010 1.0051 0.9971 0.9597 0.6988
0.6537 0.8859 1.0157 1.0601 1.0000 1.1896 1.0891 1.0713 0.9612 0.9894 0.9741 0.9870 0.8493 0.8158 1.0000 0.5907
0.9056 0.8655 1.0108 0.9699 1.1193 1.1118 1.1647 0.9520 1.0411 1.0716 1.1137 1.0282 1.0620 0.9563 0.8689 0.7685
0.8040 0.8326 0.9029 1.0007 1.2810 1.0000 1.0747 1.1935 1.1490 1.0269 1.2363 0.8303 0.9483 0.9364 0.9409 0.8442
0.8256 0.9130 0.8661 0.9695 1.1225 1.0858 1.1683 1.1796 1.1208 1.1461 1.0758 0.9286 0.9734 0.8697 0.7629 0.7575
