0.7392 0.7734 0.8561 0.8908 1.0271 1.0999 1.0476 1.1831 1.1720 1.1906 1.0279 1.0083 1.0444 1.0205 0.8574 0.8574
0.8306 0.8525 0.9509 1.0357 1.0871 1.2493 1.2155 0.9732 1.0378 0.9692 1.1023 0.9985 0.9319 0.8634 0.9874 0.7479
0.6342 0.7041 0.9131 0.9199 0.9673 1.0934 1.1367 1.0776 1.0798 1.2319 1.0173 0.9585 0.8950 0.9091 0.8851 0.7256
0.6498 0.7462 0.8450 0.9555 0.9745 1.0715 1.1147 1.0499 0.9995 1.1598 1.1220 0.9670 1.0388 0.8800 0.9150 0.7656
0.7149 0.7800 0.8112 0.9109 1.0000 0.9903 1.0721 1.0604 1.1983 1.2559 1.0751 1.0456 0.9703 1.0466 0.9265 0.8135
0.8227 0.8494 0.8684 0.9543 1.1321 1.0856 1.1808 1.1383 1.1816 1.1154 1.0617 1.0116 0.9762 0.9175 0.8527 0.8445
0.7709 0.8060 0.8540 0.9282 1.0178 1.0434 1.1708 1.1617 1.0978 1.0898 1.0899 1.0434 0.9776 0.9292 0.8359 0.9582
0.8634 0.7921 0.8653 0.9378 1.0000 1.0884 1.2203 1.1303 1.1051 1.0799 1.1510 1.0809 1.0232 0.9368 0.8272 0.9061
0.8141 0.8738 0.8677 0.8579 1.0254 1.0182 1.1079 1.0314 1.0882 1.1121 1.0375 1.1082 0.9727 1.0579 0.8876 0.8761
0.6968 0.7584 0.8446 0.9646 0.9958 1.0165 1.0490 1.0904 0.9899 1.0790 1.1873 0.9736 0.9064 0.9866 1.0131 1.0196
0.7243 0.6533 0.7440 0.7916 0.9706 1.0547 1.1264 1.0580 1.0305 1.0707 1.0333 0.9638 1.0032 0.9616 0.8441 0.9646
0.7357 0.8220 0.9032 0.9647 1.1495 1.1568 1.1233 0.8710 1.0316 1.2288 1.0954 0.9616 0.9444 1.0000 1.0000 0.6854
0.9569 0.8994 0.9075 1.0375 1.1350 1.1175 1.1738 1.0302 1.1172 1.0750 1.0510 1.0049 0.9890 0.8590 0.8401 0.9302
0.9052 0.9013 0.9677 1.0018 0.9960 1.0969 1.1693 1.1493 1.0940 1.0726 1.1687 0.9428 0.9343 1.0000 0.8120 0.7870
0.6996 0.7330 0.8481 0.9217 0.9888 1.1561 1.0623 1.0682 1.0534 1.0745 1.1339 1.1154 1.0033 0.8663 0.8774 0.8186
0.6828 0.8091 0.9270 0.9786 0.9943 1.0451 1.0973 1.0408 1.0811 1.0030 1.0148 1.0500 0.9807 0.9817 0.9352 0.8639
0.8643 0.7996 0.8751 0.8988 1.0553 1.1671 0.9976 1.1764 1.1503 1.1662 1.0506 1.0300 1.0749 0.9175 0.8792 0.8956
0.7057 0.7402 0.7834 0.8073 1.0022 1.0010 1.1153 0.9860 0.9833 1.1128 1.0657 1.0343 1.0103 1.0287 0.8801 0.8998
0.6878 1.0000 0.8949 0.9078 0.9743 1.1129 1.1372 1.0655 1.0792 1.1703 1.0781 0.9255 0.9851 0.8992 0.8791 0.8935
0.8174 0.8039 0.9030 0.8281 1.0186 1.1618 1.0313 1.0784 1.0721 1.1905 1.0748 1.1252 1.0000 0.9938 0.9649 0.9460
0.8554 0.8975 0.8905 0.9706 0.9675 1.1143 1.0901 1.0579 1.0648 0.9697 1.0537 1.1157 0.9998 0.9703 0.9894 0.9231
0.6210 0.7653 0.8998 0.9763 1.0000 1.0871 1.0631 1.0798 1.0518 1.0995 1.0399 1.0366 0.9832 0.8915 1.0000 0.7876
0.8734 0.8027 0.9505 0.9408 1.0682 1.1555 1.1854 0.9840 1.0938 1.1238 1.1666 1.0217 1.0398 0.9325 0.8856 0.8005
0.7583 0.7921 0.8591 0.9545 1.2186 1.0000 1.0971 1.1909 1.0873 1.0638 1.2410 0.9549 0.9414 0.9422 0.9587 0.9431
0.8445 0.9279 0.8920 0.9590 1.1012 1.0866 1.1916 1.1735 1.1723 1.1879 1.1005 0.9552 0.9670 0.9074 0.7836 0.7585
