0.7518 0.8112 0.8898 0.9122 1.0378 1.0778 1.0473 1.1749 1.1332 1.1497 1.0152 0.9772 1.0463 1.0161 0.8595 0.8697
0.8644 0.8758 0.9715 1.0401 1.1103 1.2451 1.2037 0.9439 1.0060 0.9192 1.0920 0.9932 0.9260 0.8425 0.9990 0.7765
0.6638 0.7212 0.9300 0.9289 0.9547 1.0708 1.1253 1.0706 1.0721 1.2081 1.0101 0.9706 0.9000 0.9224 0.9127 0.7407
0.6787 0.7491 0.8690 0.9723 0.9558 1.0904 1.0903 1.0178 0.9797 1.1545 1.1327 0.9787 1.0305 0.9009 0.9423 0.7717
0.7557 0.7933 0.8192 0.9098 1.0000 1.0359 1.0817 1.0403 1.1533 1.2067 1.0289 1.0371 0.9636 1.0409 0.9686 0.8545
0.8500 0.8753 0.8690 0.9587 1.1472 1.0884 1.1871 1.0943 1.1655 1.0882 1.0430 1.0220 0.9875 0.9136 0.8625 0.8502
0.7483 0.8333 0.8731 0.9370 1.0452 1.0525 1.1497 1.1458 1.0865 1.0624 1.0804 1.0333 0.9719 0.9152 0.8403 0.9782
0.9028 0.8102 0.8727 0.9470 1.0000 1.0865 1.1921 1.1157 1.0928 1.0326 1.1371 1.0788 1.0304 0.9286 0.8566 0.9193
0.8215 0.8822 0.8837 0.8921 1.0386 1.0244 1.1321 1.0458 1.0636 1.0987 1.0220 1.0805 0.9766 1.0272 0.9034 0.8473
0.7004 0.7720 0.8734 1.0028 1.0082 1.0282 1.0636 1.1150 0.9746 1.0048 1.1774 0.9462 0.9144 0.9662 1.0015 1.0132
0.7222 0.6659 0.7558 0.8115 0.9575 1.0471 1.1458 1.0353 1.0019 1.0417 1.0083 0.9561 1.0287 0.9825 0.8711 0.9803
0.7494 0.8585 0.9213 0.9801 1.1537 1.1434 1.1176 0.8675 1.0343 1.2244 1.0855 0.9735 0.9521 1.0000 1.0000 0.7145
0.9633 0.9077 0.9238 1.0183 1.1391 1.1008 1.1550 1.0117 1.1086 1.0252 1.0656 1.0228 0.9998 0.8329 0.8321 0.9768
0.9330 0.9221 0.9712 1.0169 1.0030 1.1068 1.1466 1.1157 1.0736 1.0244 1.1532 0.9287 0.9597 1.0000 0.8249 0.8181
0.6780 0.7615 0.8856 0.9011 1.0227 1.1970 1.0997 1.0462 1.0371 1.0414 1.1071 1.1242 1.0101 0.8397 0.8829 0.8066
0.7300 0.8316 0.9360 1.0029 0.9838 1.0328 1.0808 1.0493 1.0652 0.9999 1.0000 1.0668 0.9981 0.9737 0.9343 0.8754
0.8985 0.7738 0.8690 0.8874 1.0380 1.1780 0.9739 1.1617 1.1305 1.1726 1.0271 1.0331 1.1133 0.9303 0.8984 0.9158
0.7089 0.7972 0.7994 0.8292 1.0125 0.9962 1.1158 0.9864 0.9943 1.1026 1.0653 1.0571 1.0193 1.0461 0.9027 0.9261
0.6998 1.0000 0.9217 0.9243 0.9758 1.1453 1.1430 1.0500 1.0545 1.1497 1.0685 0.9024 0.9855 0.8946 0.8847 0.8973
0.8478 0.8320 0.9420 0.8521 1.0628 1.1667 1.0039 1.0663 1.0413 1.1498 1.0268 1.1238 1.0000 0.9643 0.9588 0.9201
0.8811 0.9009 0.8914 0.9685 0.9400 1.1037 1.0553 1.0173 1.0225 0.9635 1.0481 1.1194 1.0068 1.0001 1.0267 0.9624
0.6190 0.7647 0.9104 0.9819 1.0000 1.0620 1.0497 1.0489 1.0292 1.0953 1.0237 1.0661 0.9844 0.9220 1.0000 0.8255
0.8360 0.7817 0.9776 0.9480 1.0587 1.1623 1.1570 0.9287 1.0629 1.1274 1.1483 1.0515 1.0374 0.9383 0.8946 0.8467
0.7845 0.8005 0.8790 0.9425 1.2302 1.0000 1.0654 1.1842 1.0782 1.0387 1.2131 0.9457 0.9386 0.9377 0.9749 0.9836
0.8435 0.9339 0.8994 0.9889 1.1027 1.1242 1.1863 1.1784 1.1591 1.1440 1.0714 0.9734 0.9582 0.8929 0.7771 0.7681
