0.7426 0.8056 0.8803 0.9041 1.0378 1.0752 1.0432 1.1747 1.1310 1.1596 1.0146 0.9840 1.0459 1.0217 0.8673 0.8693
0.8628 0.8678 0.9648 1.0375 1.0978 1.2299 1.2024 0.9612 1.0057 0.9347 1.1051 1.0024 0.9226 0.8418 0.9980 0.7718
0.6639 0.7171 0.9246 0.9281 0.9480 1.0722 1.1253 1.0757 1.0730 1.2002 1.0074 0.9736 0.9070 0.9300 0.9157 0.7307
0.6650 0.7485 0.8660 0.9768 0.9655 1.0825 1.0911 1.0103 0.9679 1.1557 1.1363 0.9700 1.0432 0.8996 0.9539 0.7637
0.7587 0.7982 0.8315 0.9102 1.0000 1.0334 1.0964 1.0443 1.1646 1.2122 1.0248 1.0349 0.9605 1.0467 0.9425 0.8349
0.8479 0.8668 0.8680 0.9519 1.1564 1.0922 1.1821 1.0896 1.1587 1.0892 1.0402 1.0218 0.9840 0.9265 0.8583 0.8645
0.7541 0.8308 0.8657 0.9339 1.0343 1.0389 1.1630 1.1473 1.0891 1.0655 1.0865 1.0357 0.9716 0.9114 0.8425 0.9871
0.9025 0.8097 0.8732 0.9535 1.0000 1.0870 1.1981 1.1149 1.0824 1.0389 1.1332 1.0811 1.0320 0.9244 0.8503 0.9227
0.8247 0.8824 0.8707 0.8905 1.0390 1.0241 1.1352 1.0449 1.0642 1.0976 1.0243 1.0880 0.9807 1.0310 0.9053 0.8442
0.6975 0.7663 0.8645 1.0021 1.0055 1.0342 1.0506 1.1173 0.9722 1.0078 1.1643 0.9415 0.9286 0.9647 1.0105 1.0137
0.7214 0.6609 0.7509 0.8076 0.9495 1.0501 1.1475 1.0281 1.0086 1.0473 1.0149 0.9523 1.0290 0.9862 0.8640 0.9750
0.7390 0.8533 0.9314 0.9848 1.1585 1.1397 1.1244 0.8664 1.0289 1.2293 1.0863 0.9758 0.9532 1.0000 1.0000 0.7026
0.9554 0.9080 0.9143 1.0107 1.1393 1.1035 1.1601 1.0189 1.1073 1.0178 1.0756 1.0206 1.0088 0.8376 0.8326 0.9703
0.9218 0.9143 0.9720 1.0047 0.9951 1.0998 1.1591 1.1209 1.0847 1.0357 1.1501 0.9277 0.9606 1.0000 0.8343 0.8170
0.6677 0.7490 0.8821 0.9095 1.0120 1.1964 1.0822 1.0465 1.0409 1.0421 1.1043 1.1239 0.9995 0.8455 0.8952 0.8207
0.7079 0.8174 0.9399 0.9986 0.9802 1.0344 1.0869 1.0482 1.0680 1.0091 1.0020 1.0659 0.9879 0.9681 0.9342 0.8801
0.8929 0.7717 0.8630 0.8796 1.0395 1.1770 0.9689 1.1685 1.1256 1.1752 1.0359 1.0307 1.1097 0.9343 0.9059 0.9197
0.7085 0.7946 0.8004 0.8249 1.0175 0.9954 1.1110 0.9869 0.9928 1.0987 1.0661 1.0602 1.0247 1.0432 0.9086 0.9242
0.6973 1.0000 0.9153 0.9269 0.9798 1.1340 1.1411 1.0522 1.0662 1.1526 1.0638 0.8993 0.9894 0.8994 0.8878 0.8926
0.8389 0.8220 0.9372 0.8525 1.0594 1.1716 1.0101 1.0606 1.0484 1.1531 1.0257 1.1264 1.0000 0.9651 0.9631 0.9254
0.8866 0.9063 0.8871 0.9582 0.9399 1.1097 1.0627 1.0239 1.0264 0.9544 1.0510 1.1132 0.9961 1.0073 1.0343 0.9524
0.6177 0.7731 0.9152 0.9901 1.0000 1.0677 1.0456 1.0540 1.0282 1.0989 1.0104 1.0541 0.9816 0.9198 1.0000 0.8318
0.8335 0.7827 0.9791 0.9482 1.0556 1.1565 1.1572 0.9357 1.0660 1.1217 1.1630 1.0388 1.0458 0.9352 0.8899 0.8452
0.7867 0.7903 0.8791 0.9463 1.2242 1.0000 1.0631 1.1763 1.0814 1.0426 1.2130 0.9509 0.9385 0.9405 0.9794 0.9866
0.8406 0.9319 0.8929 0.9758 1.1042 1.1249 1.1985 1.1750 1.1675 1.1473 1.0793 0.9666 0.9648 0.8932 0.7830 0.7640
