1.2250 1.1553 1.2032 1.2308 1.1096 1.0389 1.1109 0.9141 1.1115 1.1490 0.9054 0.8277 0.8955 0.7265 0.7346 0.6800
1.0000 0.9232 0.9520 1.1243 1.1205 0.9498 0.9685 0.9454 0.8883 1.0980 1.0335 0.9863 1.0304 1.1034 0.8921 1.0000
1.3134 1.1737 1.1960 1.8093 1.0632 1.0869 1.0000 0.9009 1.0160 1.0438 0.9625 0.8386 0.8678 0.9175 0.8118 0.8167
1.0401 0.8368 0.9669 1.0866 0.9887 0.9911 1.1011 0.9982 1.0850 1.0683 1.0079 0.9594 1.0093 0.9012 0.9414 1.0417
1.5618 1.1339 1.1712 1.1207 1.0151 0.9931 1.0343 1.0724 0.8193 0.9175 1.0302 1.0170 0.8617 0.9004 0.9457 1.0902
0.9146 1.0247 0.8367 0.9542 0.8542 1.0102 1.1316 0.9967 0.8141 1.1939 0.9102 1.0866 1.0077 0.9890 1.0324 1.2238
1.4446 1.1726 1.2077 1.1420 1.1185 0.9323 0.9680 0.8533 0.8607 0.9825 0.9328 0.8485 0.9214 1.0177 1.0000 0.8867
0.9934 1.1411 0.8773 1.0293 0.9863 1.0839 1.1085 1.1028 1.1428 0.9690 0.9488 0.9903 0.8765 0.7966 0.8915 1.0548
0.7852 0.8165 1.0312 0.8906 0.8852 1.0136 0.9060 1.1372 1.1136 0.9642 1.1379 1.0200 1.1315 0.8096 1.2004 0.9139
0.8577 0.8032 0.8599 1.0113 0.9777 0.9982 0.9772 0.9960 0.9159 1.0146 0.8947 0.9929 1.1534 1.0509 1.1666 1.4853
0.5891 0.8480 0.9374 0.9226 0.9128 1.0402 1.0538 1.1347 1.0917 1.0003 0.8716 0.9799 1.0138 1.0698 0.9058 1.0637
1.0246 0.9097 0.9849 1.0533 0.9856 1.0821 1.1348 0.9995 1.0404 0.9725 0.9461 1.0223 1.0048 1.0033 1.0627 0.7956
1.1044 1.1838 1.1531 1.1923 1.0838 0.9240 0.8877 1.2982 0.8471 1.0044 1.0509 0.7754 0.7874 0.8793 0.8302 0.9779
0.9721 0.8378 0.9793 0.7895 0.8667 0.9014 0.8590 1.1289 0.9678 1.0558 1.0639 1.0193 1.1138 1.0573 1.1706 1.1212
1.4227 1.1590 1.0630 1.1186 1.1190 1.1087 1.1162 1.1248 1.0110 0.7047 0.9027 0.8990 0.7884 0.6289 0.6286 0.6509
0.7856 0.9173 0.9601 0.8948 0.8588 1.0014 1.0543 0.9881 1.0000 0.9524 1.0899 0.9640 1.0000 1.1954 1.2438 1.4213
1.0523 0.9123 1.0851 1.0000 0.9182 1.0509 1.0563 0.8554 1.0266 1.1132 1.0294 1.0100 0.9375 0.9251 0.9822 1.0663
1.0627 1.1035 0.8163 1.1995 0.8659 0.9506 1.1486 0.9253 0.9117 1.0000 1.0000 1.0561 1.0000 0.9246 1.0625 1.0933
1.3906 1.1141 1.5332 1.1727 0.9414 1.2132 1.1250 1.0571 1.1325 0.8751 0.8603 0.9128 0.8003 0.7265 0.7300 0.8453
0.9124 0.9577 1.1275 1.1010 1.0382 1.0226 0.9960 1.0176 1.0852 1.3278 1.0198 0.9516 0.8636 0.8401 0.5943 0.5519
1.3820 1.0928 1.0000 1.0726 1.2483 1.1073 1.0223 1.0256 0.9949 0.8413 0.9477 1.0831 0.9167 0.9874 0.9106 0.8246
0.5855 0.5745 0.9185 0.8492 0.8455 0.9632 1.0373 1.0545 1.0396 0.9526 1.0560 1.2666 1.1954 0.9260 0.9751 1.2791
1.1347 0.9578 1.0206 0.8315 0.9976 1.0155 1.0254 1.1044 1.0000 1.3249 0.9909 0.9064 0.9060 0.9558 0.8305 0.8090
0.8457 0.7690 0.7334 0.8955 0.8183 0.9783 0.7948 0.9178 1.1490 1.0649 1.1024 1.1726 1.2200 1.1305 0.5458 1.3012
1.5245 1.3201 1.1742 1.3128 1.1395 1.0797 1.2109 1.0294 0.9721 0.8043 0.9138 0.8834 0.9433 0.8464 0.7109 0.8690
