0.7479 0.8062 0.8889 0.9083 1.0495 1.1002 1.0492 1.1703 1.1293 1.1404 1.0070 0.9698 1.0489 1.0201 0.8596 0.8664
0.8716 0.8890 0.9869 1.0833 1.1121 1.2458 1.1972 0.9383 0.9766 0.9162 1.0770 0.9853 0.9214 0.8398 0.9934 0.7708
0.6645 0.7321 0.9214 0.9273 0.9579 1.0934 1.1176 1.0745 1.0494 1.2110 1.0164 0.9746 0.9088 0.9116 0.9152 0.7233
0.6613 0.7416 0.8720 0.9787 0.9773 1.0845 1.0998 1.0219 0.9690 1.1439 1.1310 0.9716 1.0353 0.9017 0.9321 0.7512
0.7617 0.7966 0.8294 0.9219 1.0000 1.0377 1.0883 1.0448 1.1480 1.2142 1.0262 1.0252 0.9515 1.0396 0.9656 0.8675
0.8441 0.8782 0.8818 0.9576 1.1664 1.1100 1.1614 1.0751 1.1542 1.0755 1.0563 1.0056 0.9715 0.9320 0.8652 0.8664
0.7373 0.8364 0.8691 0.9564 1.0396 1.0419 1.1362 1.1416 1.1027 1.0582 1.0748 1.0507 0.9753 0.9119 0.8416 0.9682
0.9013 0.8091 0.8784 0.9521 1.0000 1.0842 1.1870 1.0904 1.0867 1.0440 1.1318 1.0787 1.0330 0.9411 0.8446 0.9385
0.8112 0.8782 0.8858 0.8927 1.0215 1.0267 1.1392 1.0369 1.0805 1.1059 1.0348 1.0843 0.9843 1.0310 0.8839 0.8343
0.6921 0.7828 0.8829 1.0012 1.0115 1.0465 1.0609 1.1321 0.9697 0.9968 1.1587 0.9237 0.9057 0.9725 0.9966 1.0180
0.7410 0.6773 0.7684 0.8239 0.9706 1.0648 1.1604 1.0228 0.9994 1.0546 0.9931 0.9536 1.0239 0.9618 0.8712 0.9719
0.7534 0.8681 0.9116 0.9908 1.1750 1.1551 1.1356 0.8705 1.0113 1.2187 1.0775 0.9552 0.9411 1.0000 1.0000 0.6856
0.9643 0.9089 0.9319 1.0261 1.1536 1.1122 1.1590 1.0062 1.1202 1.0128 1.0471 1.0135 1.0047 0.8324 0.8205 0.9725
0.9380 0.9288 0.9793 1.0458 1.0080 1.0982 1.1410 1.1175 1.0724 1.0413 1.1334 0.9223 0.9378 1.0000 0.8284 0.8107
0.6771 0.7581 0.8741 0.9256 1.0257 1.2153 1.1128 1.0699 1.0466 1.0472 1.0585 1.0760 0.9653 0.8579 0.8916 0.8276
0.7065 0.8147 0.9056 0.9883 0.9948 1.0284 1.0932 1.0477 1.0646 0.9888 1.0070 1.0797 1.0060 0.9679 0.9408 0.8851
0.9007 0.7578 0.8776 0.8875 1.0520 1.1931 0.9547 1.1674 1.1232 1.1580 1.0369 1.0284 1.1119 0.9353 0.8904 0.9236
0.6937 0.8111 0.8113 0.8298 1.0139 0.9754 1.1255 1.0032 0.9935 1.1065 1.0848 1.0565 1.0057 1.0230 0.9051 0.9208
0.6909 1.0000 0.9169 0.9333 0.9723 1.1429 1.1344 1.0502 1.0417 1.1445 1.0745 0.9148 0.9893 0.8937 0.8918 0.8948
0.8464 0.8305 0.9410 0.8795 1.0554 1.1546 0.9908 1.0535 1.0532 1.1520 1.0249 1.1176 1.0000 0.9695 0.9669 0.9221
0.8714 0.8876 0.8989 0.9692 0.9302 1.1006 1.0562 1.0197 1.0099 0.9693 1.0290 1.1362 1.0087 1.0127 1.0245 0.9772
0.6383 0.7777 0.9169 0.9925 1.0000 1.0694 1.0587 1.0624 1.0130 1.0815 1.0080 1.0678 0.9794 0.9112 1.0000 0.8406
0.8532 0.7804 0.9906 0.9572 1.0392 1.1457 1.1452 0.9358 1.0606 1.1277 1.1466 1.0492 1.0573 0.9361 0.8895 0.8400
0.7742 0.7993 0.8932 0.9436 1.2184 1.0000 1.0661 1.1866 1.0921 1.0309 1.2283 0.9410 0.9406 0.9389 0.9853 0.9617
0.8440 0.9392 0.8814 0.9827 1.1126 1.1203 1.1965 1.1700 1.1670 1.1392 1.0700 0.9600 0.9575 0.9039 0.7766 0.7803
