0.7176 0.7741 0.8569 0.8981 1.0071 1.0853 1.0354 1.1738 1.1732 1.1758 1.0221 1.0139 1.0363 1.0211 0.8674 0.8763
0.8231 0.8349 0.9481 1.0398 1.0865 1.2267 1.2085 0.9634 1.0280 0.9629 1.1020 1.0000 0.9341 0.8666 1.0103 0.7685
0.6411 0.6975 0.9068 0.9079 0.9416 1.0810 1.1289 1.0756 1.0813 1.2472 1.0102 0.9620 0.9026 0.9190 0.9048 0.7341
0.6508 0.7298 0.8423 0.9480 0.9718 1.0728 1.1156 1.0513 0.9995 1.1715 1.1220 0.9727 1.0440 0.8822 0.9273 0.7535
0.6964 0.7514 0.7837 0.8949 1.0000 1.0026 1.0569 1.0623 1.1923 1.2307 1.0592 1.0458 0.9717 1.0468 0.9504 0.8655
0.8141 0.8438 0.8550 0.9437 1.1312 1.0769 1.1857 1.1118 1.1778 1.1227 1.0654 1.0215 0.9812 0.9307 0.8694 0.8605
0.7515 0.8178 0.8576 0.9300 1.0253 1.0410 1.1625 1.1541 1.1041 1.0916 1.0940 1.0377 0.9748 0.9248 0.8331 0.9501
0.8659 0.8074 0.8549 0.9273 1.0000 1.0882 1.1857 1.1218 1.1018 1.0773 1.1451 1.0922 1.0260 0.9388 0.8482 0.9208
0.7984 0.8618 0.8572 0.8657 1.0080 1.0203 1.1185 1.0392 1.0993 1.1244 1.0558 1.0994 0.9823 1.0458 0.8985 0.8522
0.6784 0.7425 0.8413 0.9422 0.9853 1.0077 1.0575 1.1197 0.9814 1.0622 1.1961 0.9746 0.9239 0.9780 0.9975 1.0061
0.7129 0.6421 0.7263 0.7946 0.9482 1.0367 1.1311 1.0354 1.0367 1.0739 1.0238 0.9617 1.0118 0.9761 0.8793 0.9455
0.7283 0.8225 0.9063 0.9843 1.1577 1.1527 1.1372 0.8853 1.0432 1.2391 1.0863 0.9682 0.9516 1.0000 1.0000 0.7026
0.9199 0.8799 0.8950 1.0182 1.1505 1.1197 1.1669 1.0293 1.1156 1.0688 1.0757 1.0126 1.0015 0.8367 0.8317 0.9528
0.8896 0.9023 0.9619 1.0083 0.9896 1.1048 1.1731 1.1377 1.1136 1.0651 1.1530 0.9299 0.9332 1.0000 0.8346 0.7992
0.6789 0.7324 0.8377 0.8931 0.9785 1.1703 1.0776 1.0557 1.0733 1.0869 1.1018 1.1226 1.0054 0.8713 0.9033 0.8205
0.6623 0.7952 0.9124 0.9926 0.9686 1.0380 1.1070 1.0389 1.0924 1.0115 1.0148 1.0562 0.9954 0.9690 0.9318 0.8749
0.8688 0.7855 0.8577 0.8824 1.0347 1.1650 0.9883 1.1770 1.1408 1.1847 1.0593 1.0248 1.0957 0.9306 0.8970 0.9080
0.6960 0.7569 0.7834 0.8024 1.0017 1.0094 1.1220 0.9935 1.0016 1.1123 1.0961 1.0633 1.0335 1.0358 0.8755 0.9016
0.6773 1.0000 0.9000 0.9102 0.9644 1.1264 1.1331 1.0712 1.0824 1.1812 1.0812 0.9058 0.9876 0.9070 0.8641 0.8878
0.8333 0.8006 0.8989 0.8407 1.0300 1.1470 1.0119 1.0753 1.0764 1.1910 1.0526 1.1201 1.0000 0.9866 0.9642 0.9174
0.8533 0.8774 0.8882 0.9727 0.9428 1.0948 1.0744 1.0491 1.0525 0.9843 1.0572 1.1134 1.0018 0.9711 0.9962 0.9593
0.6385 0.7766 0.9075 0.9794 1.0000 1.0594 1.0571 1.0616 1.0469 1.1101 1.0265 1.0571 0.9874 0.9075 1.0000 0.8005
0.8540 0.7798 0.9440 0.9452 1.0696 1.1566 1.1724 0.9706 1.0785 1.1353 1.1544 1.0118 1.0273 0.9252 0.9043 0.8347
0.7567 0.7748 0.8576 0.9327 1.2081 1.0000 1.0923 1.1831 1.1088 1.0738 1.2475 0.9454 0.9478 0.9381 0.9654 0.9610
0.8295 0.9163 0.8775 0.9714 1.0900 1.1093 1.1840 1.1837 1.2002 1.1943 1.1027 0.9775 0.9484 0.9002 0.7703 0.7452
