0.8103 0.8471 0.8995 0.9281 1.0532 1.1156 1.0748 1.2023 1.0620 1.1758 0.9777 1.0469 1.0712 1.0849 0.8516 0.8069
0.8506 0.8989 1.0200 1.0701 1.1299 1.2209 1.1905 0.9522 0.9543 0.9257 1.0832 0.9825 0.9685 0.8429 1.0074 0.7405
0.7120 0.7708 0.9977 0.9733 0.9838 1.1459 1.0522 1.1033 1.0410 1.2730 1.0107 0.8647 0.9618 0.9035 0.9318 0.5710
0.6678 0.7902 0.9028 0.9917 1.0120 1.1202 1.1665 1.0847 0.9099 1.0957 1.1763 0.9292 1.0006 0.8477 0.9028 0.5537
0.7187 0.8244 0.8633 0.9178 1.0000 1.0681 1.1469 1.0617 1.1597 1.2459 1.0572 1.0293 1.0111 1.0473 0.9584 0.8110
0.8778 0.8806 0.8738 0.9893 1.1686 1.0647 1.1644 0.9663 1.2067 1.1275 1.0678 1.0284 1.0062 0.9174 0.8540 0.8095
0.7189 0.8724 0.9320 0.9391 1.0624 0.9635 1.1956 1.2261 1.0717 0.9818 1.0886 1.0203 0.9755 0.9994 0.8583 0.8176
0.9157 0.8421 0.8994 0.9581 1.0000 1.1286 1.2287 1.0822 1.1036 1.0752 1.0567 1.1411 1.0753 0.8785 0.8410 0.7651
0.8519 0.9138 0.8810 0.8939 1.0489 1.0340 1.1204 1.0212 1.0748 1.1188 1.0416 1.0909 1.0013 1.0625 0.9077 0.7341
0.7091 0.7852 0.8878 1.0002 0.9810 1.0444 1.0963 1.1266 0.9808 1.0433 1.1812 0.8468 0.8604 0.9885 1.0299 1.0220
0.7910 0.7114 0.8049 0.8389 1.0005 1.1285 1.2034 1.0376 1.0353 1.1578 1.0145 1.0313 1.1052 1.0334 0.8656 0.8755
0.7882 0.9000 0.8931 1.0337 1.1807 1.1882 1.1764 0.9075 0.9299 1.2069 0.9889 0.9094 0.9045 1.0000 1.0000 0.6219
0.9511 0.9043 0.9212 1.0309 1.1254 1.0685 1.0970 0.9301 1.0783 0.9714 1.0222 1.0327 1.0095 0.8573 0.8061 0.9623
0.9314 0.9185 0.9423 1.0095 0.9893 1.0803 1.1487 1.0928 1.0500 1.0127 1.1147 0.9190 0.9739 1.0000 0.8136 0.7221
0.6766 0.7707 0.8490 0.8957 1.0032 1.1713 1.0877 1.0788 1.0249 1.0384 1.1113 1.1426 1.0467 0.8482 0.9290 0.8297
0.6977 0.8627 0.9648 1.0130 1.0139 1.0666 1.0961 0.9626 1.1029 0.9259 0.9950 1.0723 1.0489 0.9636 0.9050 0.7662
0.8972 0.7082 0.8551 0.8490 1.0308 1.1834 0.9727 1.1907 1.1247 1.1729 1.0455 1.0601 1.1580 0.9504 0.8528 0.9350
0.7270 0.8731 0.8695 0.8494 1.0690 0.9813 1.2443 1.0910 1.0288 1.1438 1.1247 1.0063 0.9149 0.8735 0.9344 0.9580
0.7038 1.0000 0.9532 0.9118 0.9803 1.1339 1.1330 0.9614 1.0756 1.1693 1.0984 0.9028 1.0127 0.8906 0.8934 0.8937
0.8295 0.8527 0.9614 0.8478 1.0518 1.1872 0.9938 1.0729 1.0279 1.1492 1.0159 1.1547 1.0000 0.9812 0.9785 0.8770
0.9260 0.9296 0.9141 0.9367 0.8895 1.1393 1.0639 1.0844 1.0869 0.9563 1.0807 1.1637 1.0164 1.0218 0.9695 0.6989
0.6367 0.8513 0.9651 1.0111 1.0000 1.1418 1.0870 1.0913 0.9660 1.0110 0.9823 1.0318 0.8767 0.8325 1.0000 0.6043
0.8566 0.8466 0.9875 0.9526 1.0910 1.1187 1.1779 0.9449 1.0451 1.0939 1.1288 1.0609 1.0884 0.9740 0.8724 0.7753
0.7944 0.8206 0.8784 0.9810 1.2667 1.0000 1.0852 1.1601 1.1365 1.0676 1.2415 0.8531 0.9553 0.9564 0.9518 0.8400
0.8266 0.9065 0.8633 0.9559 1.1259 1.0922 1.1664 1.1705 1.1076 1.1537 1.0866 0.9255 0.9941 0.8832 0.7494 0.7641
