1.2910 1.1861 1.1485 1.1375 1.0380 0.9957 1.0916 0.9115 1.1184 1.0936 0.8571 0.8268 0.9389 0.7709 0.7922 0.8292
1.0000 1.0570 1.0557 1.2485 1.1145 1.0054 0.9984 0.9838 0.9074 0.9865 0.9491 0.9074 0.9431 0.9956 0.8462 1.0000
1.2270 1.0977 1.0117 1.5241 0.9882 1.0573 1.0000 0.9540 1.0119 1.0493 1.0050 0.8756 0.9934 0.9438 0.9287 0.9227
1.1759 1.0640 1.0863 1.1405 1.0086 1.0449 1.0998 0.9833 1.0452 0.9665 0.9434 0.9507 0.8843 0.8867 0.8582 0.9419
1.5133 1.0799 1.0494 1.0452 0.9268 0.9476 1.0133 0.9380 0.7709 0.8773 0.9965 1.1104 0.9241 1.0514 1.0941 1.3005
1.0298 1.0639 0.9313 0.9837 0.9367 1.0280 1.1103 1.0227 0.7997 1.1295 0.8827 1.0135 0.9602 0.9390 0.9997 1.1437
1.2998 1.1182 1.0874 1.0482 1.0102 0.9434 0.9758 0.8832 0.8995 1.0280 0.9728 0.8757 0.9631 1.0566 1.0000 1.0227
1.1276 1.1880 0.9438 1.0877 1.0200 1.0688 1.0968 1.0806 1.1599 0.9331 0.9424 0.9220 0.8767 0.7718 0.8402 0.9308
0.7165 0.7479 0.9523 0.8093 0.8930 0.9825 0.8714 1.0841 1.0864 0.9514 1.1128 1.0462 1.1885 0.8333 1.2840 1.0309
0.9273 0.8539 0.8279 1.0573 0.9854 1.0072 0.9813 0.9939 0.9290 0.9895 0.9511 1.0098 1.1162 1.0711 1.1653 1.3189
0.6314 0.7737 0.8921 0.8547 0.9124 1.0047 0.9824 1.1110 1.0653 1.0168 0.9224 0.9940 1.0834 1.1362 0.9644 1.0548
1.1999 1.0734 1.0946 1.1491 1.0975 1.0813 1.1139 0.9853 1.0176 0.8965 0.8690 0.9111 0.9167 0.8716 0.9300 0.7925
0.9841 1.0169 1.0089 1.1099 1.0449 0.8987 0.8224 1.1787 0.9099 0.9998 1.0951 0.8537 0.9472 1.0911 0.9868 1.2108
1.0220 0.9354 0.9960 0.7955 0.9165 0.9467 0.9277 1.1040 1.0017 1.0090 1.0310 0.9947 1.0980 0.9767 1.1109 1.0829
1.3417 1.1030 0.9770 0.9475 1.0528 1.0895 1.0851 1.0957 1.0149 0.8111 0.9647 0.9674 0.9516 0.7324 0.6990 0.7442
0.9188 0.9535 1.0529 0.9164 0.9167 1.0421 1.0136 0.9980 1.0000 0.9191 1.0099 0.9002 1.0000 1.0938 1.1349 1.2895
1.0376 0.9350 1.0028 1.0000 0.9679 0.9859 1.0584 0.8996 1.0015 1.0677 1.0620 1.0105 0.9816 1.0007 1.0683 1.2326
1.2976 1.2411 0.9134 1.2477 0.9552 1.0074 1.1523 0.9502 0.9051 1.0000 1.0000 0.9514 1.0000 0.8516 0.9646 0.9870
1.3516 1.0149 1.3391 1.0146 0.8754 1.1672 1.0154 1.0136 1.0808 0.9705 0.8995 0.9560 0.8852 0.8424 0.8515 1.0285
1.0932 1.0602 1.1542 1.2095 0.9780 1.0474 0.9636 0.9865 1.0343 1.0681 0.9305 0.8464 0.8304 0.7739 0.5543 0.5224
1.3993 1.0637 1.0000 0.9899 1.1466 1.1122 0.9776 1.0219 1.0068 0.8385 0.9693 1.1130 0.9178 1.0508 0.9683 0.8639
0.5258 0.6499 0.9489 0.9268 0.9182 1.0287 1.0201 1.0108 1.0005 0.9868 1.0216 1.1368 1.1273 0.9439 0.9418 1.2860
1.1348 0.8708 0.9638 0.8738 0.8971 0.9428 0.9513 0.9927 1.0000 1.1674 0.9905 0.9594 1.0639 1.1750 1.0799 1.0092
0.9823 0.9407 0.8168 0.9580 0.8448 1.0076 0.8792 0.9235 1.1496 1.0338 1.0863 1.1080 1.0554 1.0191 0.5458 1.1422
1.5046 1.2378 1.1478 1.2572 1.1558 1.1032 1.1899 1.0230 0.9971 0.8058 0.9564 0.8308 0.8855 0.8010 0.7283 0.8067
