0.7523 0.8012 0.8839 0.9091 1.0381 1.0909 1.0614 1.1670 1.1337 1.1415 1.0297 0.9710 1.0433 1.0084 0.8693 0.8689
0.8767 0.8817 0.9801 1.0506 1.1073 1.2525 1.2089 0.9307 0.9981 0.9133 1.0757 0.9915 0.9208 0.8447 0.9992 0.7762
0.6716 0.7235 0.9371 0.9246 0.9573 1.0914 1.1281 1.0662 1.0568 1.2132 1.0061 0.9707 0.8960 0.9207 0.9103 0.7266
0.6841 0.7488 0.8806 0.9819 0.9702 1.0877 1.0938 1.0172 0.9788 1.1405 1.1311 0.9745 1.0336 0.9018 0.9338 0.7568
0.7655 0.8152 0.8380 0.9230 1.0000 1.0318 1.0851 1.0365 1.1477 1.2076 1.0308 1.0254 0.9543 1.0427 0.9579 0.8492
0.8581 0.8782 0.8760 0.9648 1.1578 1.0936 1.1695 1.0970 1.1774 1.0789 1.0478 1.0091 0.9783 0.9072 0.8557 0.8484
0.7407 0.8373 0.8764 0.9547 1.0439 1.0599 1.1396 1.1571 1.0917 1.0540 1.0718 1.0443 0.9707 0.9130 0.8252 0.9547
0.9026 0.8083 0.8788 0.9412 1.0000 1.0862 1.2003 1.1063 1.0845 1.0333 1.1426 1.0753 1.0255 0.9304 0.8498 0.9308
0.8152 0.8884 0.8878 0.8952 1.0351 1.0284 1.1390 1.0362 1.0700 1.1096 1.0282 1.0701 0.9774 1.0238 0.8876 0.8451
0.6977 0.7765 0.8837 1.0042 1.0213 1.0295 1.0599 1.1050 0.9832 1.0021 1.1671 0.9520 0.9186 0.9602 0.9883 1.0145
0.7371 0.6711 0.7642 0.8242 0.9661 1.0566 1.1452 1.0346 0.9927 1.0506 1.0009 0.9517 1.0232 0.9892 0.8673 0.9743
0.7550 0.8563 0.9139 0.9773 1.1705 1.1453 1.1204 0.8651 1.0373 1.2262 1.0773 0.9734 0.9491 1.0000 1.0000 0.7112
0.9694 0.9004 0.9079 1.0379 1.1435 1.1084 1.1549 0.9965 1.1155 1.0294 1.0547 1.0170 1.0015 0.8347 0.8347 0.9765
0.9294 0.9303 0.9746 1.0239 1.0032 1.0995 1.1624 1.1192 1.0700 1.0369 1.1370 0.9280 0.9543 1.0000 0.8179 0.8116
0.6778 0.7526 0.8857 0.9056 1.0243 1.1911 1.1047 1.0606 1.0372 1.0411 1.0948 1.1193 0.9924 0.8541 0.8861 0.8089
0.7340 0.8388 0.9396 0.9973 0.9951 1.0227 1.0782 1.0500 1.0541 0.9931 1.0161 1.0726 0.9928 0.9800 0.9270 0.8780
0.9012 0.7634 0.8771 0.8901 1.0452 1.1980 0.9681 1.1558 1.1287 1.1590 1.0309 1.0337 1.1017 0.9265 0.8900 0.9246
0.7062 0.8104 0.8118 0.8310 1.0245 0.9921 1.1219 0.9967 1.0014 1.1071 1.0725 1.0506 1.0041 1.0247 0.8939 0.9202
0.7042 1.0000 0.9166 0.9357 0.9866 1.1485 1.1417 1.0422 1.0580 1.1432 1.0672 0.9028 0.9766 0.8966 0.8888 0.8938
0.8506 0.8361 0.9441 0.8564 1.0512 1.1483 0.9897 1.0650 1.0345 1.1584 1.0240 1.1261 1.0000 0.9663 0.9738 0.9355
0.8918 0.8996 0.8940 0.9652 0.9337 1.0967 1.0544 1.0257 1.0205 0.9701 1.0467 1.1123 1.0074 1.0091 1.0200 0.9666
0.6342 0.7689 0.9169 0.9920 1.0000 1.0554 1.0545 1.0520 1.0153 1.0845 1.0174 1.0741 0.9864 0.9186 1.0000 0.8318
0.8409 0.7872 0.9865 0.9512 1.0529 1.1583 1.1591 0.9231 1.0598 1.1283 1.1390 1.0479 1.0471 0.9412 0.8896 0.8424
0.7749 0.8000 0.8776 0.9579 1.2224 1.0000 1.0702 1.1796 1.0884 1.0368 1.2076 0.9461 0.9337 0.9360 0.9956 0.9768
0.8427 0.9347 0.8987 0.9833 1.0987 1.1186 1.1890 1.1730 1.1648 1.1463 1.0558 0.9676 0.9595 0.9007 0.7811 0.7899
