0.7803 0.8130 0.8947 0.9175 1.0231 1.0849 1.0243 1.1530 1.1445 1.1642 1.0261 0.9809 1.0562 1.0413 0.8828 0.8896
0.8648 0.8852 0.9926 1.0604 1.0996 1.2226 1.1889 0.9426 0.9931 0.9323 1.0798 1.0101 0.9521 0.8588 1.0047 0.7881
0.6630 0.7248 0.9114 0.9308 0.9528 1.0837 1.1142 1.0618 1.0682 1.2280 1.0027 0.9803 0.9352 0.9425 0.9403 0.7434
0.6715 0.7309 0.8534 0.9450 0.9586 1.0700 1.0852 1.0168 0.9625 1.1563 1.1297 0.9958 1.0837 0.9313 0.9846 0.7756
0.7688 0.8137 0.8383 0.9069 1.0000 1.0358 1.0879 1.0585 1.1375 1.1995 0.9956 1.0402 0.9731 1.0457 0.9809 0.8954
0.8578 0.8766 0.8952 0.9633 1.1401 1.0829 1.1574 1.0753 1.1513 1.0958 1.0332 1.0084 0.9862 0.9373 0.8731 0.8629
0.7504 0.8321 0.8810 0.9564 1.0232 1.0218 1.1449 1.1408 1.0946 1.0675 1.0787 1.0394 0.9880 0.9092 0.8463 0.9696
0.8942 0.8154 0.8757 0.9458 1.0000 1.0885 1.1982 1.0975 1.0936 1.0376 1.1433 1.0790 1.0386 0.9257 0.8562 0.9057
0.8321 0.8817 0.8771 0.8845 1.0238 1.0212 1.1380 1.0379 1.0863 1.1098 1.0360 1.0876 0.9900 1.0258 0.8946 0.8491
0.7040 0.7910 0.8896 1.0180 1.0198 1.0537 1.0747 1.1335 0.9906 1.0372 1.1450 0.9364 0.9075 0.9480 0.9762 0.9827
0.7479 0.6933 0.7856 0.8512 0.9721 1.0706 1.1571 1.0547 1.0381 1.0713 1.0095 0.9815 1.0408 0.9968 0.8843 0.9459
0.7375 0.8543 0.9153 1.0112 1.1776 1.1398 1.1257 0.8489 1.0024 1.2023 1.0577 0.9774 0.9428 1.0000 1.0000 0.6725
0.9421 0.9030 0.9362 1.0065 1.1426 1.1108 1.1259 1.0050 1.0985 0.9837 1.0485 1.0018 0.9852 0.8302 0.8191 0.9562
0.9208 0.9123 0.9696 1.0330 0.9849 1.1018 1.1425 1.1191 1.0803 1.0329 1.1284 0.9191 0.9445 1.0000 0.8287 0.7931
0.6929 0.7694 0.8846 0.9384 1.0173 1.1810 1.0953 1.0709 1.0632 1.0477 1.1059 1.1146 0.9972 0.8340 0.8761 0.8385
0.7146 0.8371 0.9349 1.0020 0.9791 1.0308 1.0673 1.0393 1.0561 0.9959 1.0151 1.0809 1.0043 0.9812 0.9420 0.8652
0.8596 0.7820 0.8862 0.8925 1.0372 1.1669 0.9574 1.1268 1.1199 1.1635 1.0416 1.0381 1.1200 0.9417 0.9018 0.9366
0.7033 0.7860 0.8176 0.8409 1.0026 0.9996 1.0989 1.0071 1.0062 1.1047 1.0933 1.0428 1.0073 1.0113 0.9511 0.9544
0.6900 1.0000 0.9001 0.9070 0.9759 1.1323 1.1360 1.0368 1.0602 1.1463 1.0799 0.9149 0.9798 0.8988 0.9027 0.9264
0.8420 0.8392 0.9615 0.8924 1.0713 1.1645 1.0098 1.0820 1.0703 1.1634 1.0136 1.0953 1.0000 0.9531 0.9306 0.9030
0.8798 0.8864 0.9194 0.9656 0.9476 1.0739 1.0520 1.0368 1.0304 0.9423 1.0482 1.1273 1.0416 1.0160 1.0361 0.9403
0.6220 0.7691 0.9148 0.9842 1.0000 1.0430 1.0306 1.0324 1.0087 1.0794 1.0154 1.0770 0.9934 0.9255 1.0000 0.8104
0.8715 0.8124 0.9807 0.9435 1.0738 1.1238 1.1470 0.9489 1.0553 1.1140 1.1437 1.0309 1.0617 0.9433 0.9079 0.8462
0.7766 0.7901 0.8805 0.9419 1.2010 1.0000 1.0647 1.1744 1.0801 1.0388 1.2261 0.9327 0.9531 0.9486 1.0048 0.9870
0.8479 0.9413 0.8991 0.9861 1.1178 1.1201 1.1966 1.1707 1.1508 1.1422 1.0564 0.9584 0.9398 0.8761 0.7449 0.7449
