1.2858 1.1447 1.0742 1.1454 1.0200 0.9794 1.0504 0.9145 1.1252 1.1276 0.8814 0.8592 0.9567 0.7876 0.7833 0.8512
1.0000 1.0444 1.1137 1.2369 1.1305 1.0000 1.0371 0.9999 0.9103 0.9802 0.9354 0.8869 0.9288 0.9675 0.8290 1.0000
1.1116 0.9936 0.9218 1.3681 0.9191 1.0048 1.0000 0.9570 0.9762 1.0788 0.9964 0.9266 1.0009 1.0112 1.0251 1.0178
1.2153 1.0732 1.1153 1.1224 1.0014 1.0542 1.1229 0.9276 0.9812 0.9415 0.9445 0.9623 0.8788 0.9155 0.8542 0.9677
1.4093 1.0643 1.0148 1.0652 0.9677 0.9594 0.9772 0.9509 0.8559 0.9270 0.9740 1.0787 0.9136 1.0773 1.0477 1.2582
1.1054 1.0640 0.9679 1.0479 0.9553 1.0574 1.0916 0.9731 0.8583 1.1232 0.8942 0.9644 0.9313 0.9256 0.9872 1.0596
1.2486 1.1331 1.0933 1.0462 0.9859 0.9297 0.9830 0.9456 0.8958 1.0652 0.9378 0.8360 0.9650 1.0057 1.0000 1.0270
1.2387 1.2265 1.0166 1.0749 1.1129 1.1229 1.0826 1.0034 1.0989 0.9186 0.9251 0.8647 0.8279 0.7886 0.8072 0.8769
0.6957 0.7447 0.9593 0.7944 0.9154 0.9601 0.8738 1.0567 1.0850 0.9411 1.1019 1.0249 1.2102 0.8935 1.2159 1.0568
1.0323 0.9107 0.8890 1.0694 1.0093 0.9813 0.9690 1.0444 0.8655 0.9494 0.9400 0.9402 1.0952 1.0524 1.1375 1.2586
0.6411 0.7413 0.8522 0.8305 0.9250 0.9881 0.9351 1.0900 1.0349 0.9781 1.0149 0.9425 1.1757 1.1332 1.0002 1.1373
1.2378 1.0740 1.1322 1.1842 1.0636 1.1198 1.1474 0.9911 0.9966 0.9053 0.8575 0.8877 0.8644 0.8402 0.9019 0.7928
0.9888 0.9876 0.9297 1.0308 0.9833 0.8881 0.7681 1.1072 0.9309 0.9255 1.1218 0.9183 1.0411 1.1737 1.0940 1.4017
1.0657 1.0298 1.0531 0.8254 0.8721 0.9722 0.9436 1.0663 0.9813 0.9372 1.0113 0.9487 1.0321 0.9723 1.1058 1.1301
1.3446 1.1748 0.9944 1.0018 1.0938 1.0612 1.0498 1.0824 0.9632 0.8152 0.9495 0.9352 0.9060 0.7441 0.7246 0.7724
0.9523 0.9588 1.0564 0.9273 0.9315 1.0478 0.9975 0.9827 1.0000 0.9398 0.9893 0.9397 1.0000 1.0521 1.1129 1.2874
0.9970 0.9618 0.9923 1.0000 0.9822 0.9834 1.0431 0.9495 1.0194 1.0297 1.0389 1.0038 1.0141 0.9869 1.1539 1.2840
1.3853 1.3362 0.9609 1.2552 0.9331 0.9901 1.1479 0.9351 0.8813 1.0000 1.0000 0.9597 1.0000 0.8710 0.9508 0.9466
1.4224 1.0022 1.2924 1.0045 0.8346 1.1337 1.0217 1.0190 1.0909 0.9875 0.9061 0.9909 0.8814 0.8686 0.8895 1.0608
1.1141 1.1123 1.1257 1.1832 0.9782 1.0512 0.9568 0.9416 1.0153 1.0845 0.9511 0.8381 0.7938 0.7702 0.5532 0.5159
1.3949 1.0141 1.0000 0.9827 1.1771 1.0841 0.9622 1.0143 0.9803 0.8762 0.9166 1.1083 0.9038 1.0679 0.9650 0.9564
0.5354 0.6878 0.9487 0.9821 0.9783 1.0344 1.0195 0.9975 0.9792 1.0659 1.0089 1.0680 1.0970 0.9060 0.9229 1.2406
1.0905 0.8906 0.9092 0.9011 0.8798 0.9638 0.9027 0.9766 1.0000 1.1700 0.9510 0.9362 1.0791 1.2291 1.1669 1.1842
1.0206 0.9876 0.8117 0.9918 0.8614 0.9941 0.9046 0.9418 1.1403 0.9617 1.0531 1.0742 1.0138 1.0406 0.5458 1.1036
1.4541 1.1851 1.0890 1.1579 1.0957 1.1116 1.1626 1.0543 1.0143 0.8480 0.9972 0.8558 0.9301 0.7976 0.7825 0.8599
