1.3824 1.1929 1.0254 1.0928 0.9642 0.9341 1.0490 0.8946 1.0954 1.1341 0.8356 0.8494 0.9302 0.8657 0.8261 0.9440
1.0000 1.0941 1.3466 1.2696 1.1227 0.9809 1.1059 0.9530 0.8797 0.9094 0.8537 0.8454 0.8653 0.8892 0.8440 1.0000
1.0608 0.9153 0.8184 1.2026 0.8617 0.9696 1.0000 0.9623 1.0074 1.0246 0.9378 0.9681 1.0474 1.1827 1.0730 1.2502
1.3669 1.2312 1.1772 1.1454 1.0177 1.0550 1.0950 0.9170 0.9548 0.8645 0.9008 0.9492 0.8122 0.9332 0.7882 1.0016
1.2291 0.9957 0.8990 1.0252 0.9793 1.0263 0.9853 0.9047 1.0390 1.1144 0.9182 1.0594 0.8833 1.0643 1.0259 1.2597
1.2545 1.0676 1.0037 1.1479 0.9849 1.0746 1.0566 0.9548 0.9438 0.9809 1.0162 0.8544 0.8624 0.8373 1.0214 0.9622
1.2181 1.0977 1.0609 0.9900 0.9633 0.9503 1.0225 0.9722 0.8836 1.0334 0.9544 0.8156 0.9691 1.0540 1.0000 1.0668
1.3845 1.2313 1.1806 1.1048 1.1415 1.1127 1.0597 0.9988 1.0640 0.8975 0.8957 0.8201 0.7893 0.7747 0.7419 0.8018
0.6409 0.6902 0.8604 0.7303 0.9439 0.9485 0.8102 1.0139 1.0038 0.8683 1.0018 0.9527 1.1887 1.0189 1.1839 1.2548
1.1684 1.0090 1.0106 1.0875 1.0019 0.9713 0.9468 1.2114 0.8754 0.8489 0.9289 0.8756 0.9881 0.9811 1.0547 1.0140
0.7085 0.7382 0.9057 0.8050 0.9874 0.9797 0.8954 0.9968 0.9616 0.9503 1.1066 0.9063 1.2639 1.0996 0.9466 1.3211
1.2884 1.1356 1.1802 1.2280 1.0782 1.1037 1.1363 0.9593 1.0012 0.8825 0.8419 0.8812 0.8384 0.7921 0.8303 0.7999
1.0072 0.7965 0.7884 0.8673 0.8346 0.9151 0.8362 1.0587 0.9665 1.1186 1.1836 1.0281 1.1276 1.2246 1.2247 1.5506
1.2761 1.0847 1.1283 1.0559 0.8381 1.0062 1.0375 1.0187 0.9415 0.8558 0.9276 0.8644 0.9787 0.8576 1.0254 1.0942
1.1352 1.1769 0.9343 0.9155 1.0528 1.0279 0.9823 1.0637 1.0127 0.9704 0.9524 0.9624 0.9621 0.7973 0.8863 0.9683
1.0721 0.8877 1.1105 0.9068 1.0086 1.0422 0.9560 0.9853 1.0000 0.9031 0.9212 1.1081 1.0000 0.9940 0.9824 1.1288
0.9236 0.9292 0.9211 1.0000 0.9981 0.9274 1.0376 1.1229 1.0756 0.9925 1.0427 0.9879 1.0429 1.0684 1.2675 1.2448
1.5150 1.3664 1.0609 1.2797 0.9667 0.9868 1.1218 0.9835 0.9286 1.0000 1.0000 0.9068 1.0000 0.8490 0.8961 0.8824
1.5284 1.0066 1.1581 0.8984 0.7821 1.1129 0.9962 0.9755 1.0792 1.0453 0.9296 1.0207 0.9097 0.8980 1.0056 1.1820
1.1774 1.1263 1.1688 1.2195 0.9754 1.0427 0.9382 0.9106 0.9934 1.0287 0.9055 0.8056 0.8350 0.7959 0.5325 0.5390
1.1585 0.9373 1.0000 0.9195 1.1055 1.0466 0.9014 0.9882 0.9448 1.0297 0.9004 1.0836 0.8841 1.0831 0.9940 1.1171
0.7755 0.7734 0.9981 0.9998 1.1078 1.0061 0.9991 0.9552 0.9313 1.0776 0.9473 0.9986 1.0183 0.9922 1.0040 1.1737
1.0649 0.9167 0.9398 0.9997 0.8559 0.9316 0.8691 0.8932 1.0000 1.0766 0.9270 0.9559 1.1691 1.3005 1.4130 1.7990
1.0481 1.1160 0.9100 1.0704 0.9015 0.9861 0.9724 1.0355 1.0970 0.8846 0.9807 1.0106 0.9121 1.0348 0.5458 1.0476
1.0467 0.8903 0.8514 0.8853 0.9134 0.9357 1.0364 0.9853 0.9549 0.9011 1.0129 1.0409 1.1432 1.0248 1.0914 1.2566
