1.3363 1.1975 1.0311 1.1039 0.9909 0.9474 1.0666 0.9021 1.1152 1.1446 0.8531 0.8380 0.9330 0.8226 0.7809 0.9457
1.0000 1.0784 1.3030 1.2770 1.1361 0.9950 1.1111 0.9567 0.8874 0.9241 0.8788 0.8750 0.8568 0.8986 0.8162 1.0000
1.0128 0.8769 0.9328 1.1423 0.8430 0.9456 1.0000 0.9459 0.9612 1.0419 0.9500 0.9631 1.0452 1.1784 1.0532 1.2633
1.3086 1.2055 1.1649 1.1476 1.0164 1.0793 1.0824 0.8954 0.9511 0.8757 0.8936 0.9343 0.8215 0.9419 0.7942 0.9777
1.2265 0.9630 0.9122 1.0308 0.9574 0.9917 0.9818 0.9059 1.0297 1.0841 1.0065 1.0901 0.8871 1.0780 1.0550 1.3070
1.2119 1.0719 1.0162 1.1457 0.9810 1.0638 1.0467 0.9640 0.9302 1.0054 1.0143 0.8635 0.8850 0.8411 1.0014 0.9499
1.1603 1.1058 1.0603 0.9938 0.9456 0.9575 1.0296 0.9748 0.8890 1.0615 0.9722 0.8499 0.9731 1.0225 1.0000 1.0329
1.3447 1.2322 1.1465 1.1030 1.1252 1.0959 1.0606 1.0020 1.0762 0.8950 0.9048 0.8244 0.8101 0.7997 0.7551 0.8211
0.6503 0.7023 0.8884 0.7381 0.9479 0.9571 0.8219 1.0367 1.0248 0.8913 1.0413 0.9876 1.1941 1.0219 1.1887 1.1757
1.1520 0.9984 1.0054 1.1235 1.0136 0.9602 0.9445 1.1904 0.9001 0.8908 0.9374 0.8858 0.9729 0.9725 1.0515 1.0418
0.6878 0.7343 0.8909 0.8185 0.9597 0.9798 0.9042 1.0186 0.9768 0.9612 1.1088 0.9309 1.2091 1.1077 0.9537 1.3437
1.2528 1.1354 1.1845 1.2156 1.0755 1.0967 1.1462 0.9579 0.9951 0.8885 0.8404 0.8902 0.8769 0.7942 0.8377 0.7980
0.9922 0.8315 0.8035 0.8975 0.8616 0.9079 0.8278 1.0526 0.9705 1.1182 1.2060 1.0288 1.1129 1.2152 1.1495 1.5606
1.2042 1.0781 1.1223 1.0493 0.8561 0.9876 1.0302 1.0450 0.9537 0.8773 0.9461 0.8837 0.9821 0.8798 1.0145 1.0787
1.1309 1.1605 0.9337 0.9106 1.0304 1.0483 0.9841 1.0712 1.0059 0.9505 0.9692 0.9871 0.9709 0.8147 0.7846 0.9504
1.0346 0.9216 1.0341 0.9043 1.0017 1.0662 0.9705 0.9946 1.0000 0.9144 0.9475 1.1211 1.0000 1.0022 0.9859 1.1436
0.9348 0.9264 0.9156 1.0000 0.9804 0.9442 1.0230 1.0958 1.0036 1.0125 1.0619 0.9908 1.0369 1.0866 1.2585 1.2536
1.4503 1.3583 1.0407 1.2796 0.9783 0.9860 1.1210 0.9828 0.9073 1.0000 1.0000 0.8850 1.0000 0.8241 0.8909 0.9045
1.5053 1.0197 1.1479 0.9103 0.7867 1.1115 1.0209 0.9722 1.0723 1.0516 0.9183 1.0263 0.9034 0.8791 0.9867 1.1613
1.1648 1.1239 1.1547 1.2309 0.9924 1.0295 0.9570 0.9083 1.0042 1.0164 0.8976 0.7984 0.8124 0.7694 0.5225 0.5173
1.2961 0.9422 1.0000 0.9502 1.1535 1.0562 0.9205 0.9993 0.9783 1.0368 0.9118 1.0718 0.8979 1.0652 0.9747 1.0688
0.7626 0.7479 0.9958 0.9836 1.1255 1.0154 0.9906 0.9438 0.9139 1.0867 0.9815 0.9713 1.0065 1.0006 0.9960 1.2100
1.0157 0.8645 0.9033 0.9843 0.8578 0.9325 0.8719 0.9274 1.0000 1.1236 0.9532 0.9567 1.1610 1.2793 1.3447 1.7257
1.0370 1.0875 0.8819 1.0509 0.8913 0.9915 0.9616 1.0264 1.1129 0.8891 1.0025 1.0372 0.9245 1.0196 0.5458 1.0272
1.0981 0.9540 0.8730 0.9127 0.9592 0.9858 1.0308 0.9830 0.9992 0.8857 1.0458 0.9795 1.1043 0.9598 1.0518 1.1749
