0.8303 0.9157 0.9196 0.9389 1.0470 1.1070 1.0783 1.1739 1.0507 1.1658 0.9845 1.0089 1.0565 1.0668 0.8268 0.8253
0.8765 0.9231 1.0234 1.0964 1.1544 1.2578 1.2047 0.8915 0.9247 0.8742 1.1000 0.9672 0.9704 0.8387 1.0341 0.7903
0.6904 0.7836 0.9832 0.9796 1.0076 1.1553 1.0290 1.0976 1.0260 1.2877 0.9763 0.8465 0.9358 0.9281 1.0278 0.6466
0.6674 0.8054 0.9069 1.0071 1.0365 1.1019 1.1768 1.0898 0.9197 1.0833 1.1494 0.9350 0.9998 0.8608 0.9360 0.6393
0.7648 0.8318 0.8665 0.9072 1.0000 1.0608 1.1053 1.0464 1.1436 1.2099 1.0155 0.9732 0.9820 1.0880 1.0495 0.8997
0.8664 0.9203 0.9178 1.0046 1.1500 1.1142 1.1887 0.9508 1.1774 1.1192 1.0398 1.0239 0.9740 0.9051 0.8272 0.8189
0.7263 0.8727 0.9603 0.9519 1.0896 0.9378 1.2252 1.2158 1.0674 0.9933 1.0604 0.9970 0.9877 0.9359 0.8512 0.8511
0.9475 0.8532 0.9031 0.9893 1.0000 1.1035 1.2085 1.0482 1.0957 1.0810 1.0483 1.1386 1.0474 0.8859 0.8371 0.8135
0.8490 0.9323 0.8756 0.9080 1.0557 1.0480 1.1356 1.0090 1.0953 1.0946 1.0376 1.0243 1.0484 1.0230 0.8735 0.7630
0.7590 0.8072 0.9019 1.0281 1.0270 1.0729 1.0731 1.1328 0.9728 1.0187 1.1568 0.8081 0.8352 1.0219 1.0687 1.0711
0.8168 0.7337 0.8448 0.8493 1.0432 1.1661 1.2146 1.0509 1.0233 1.1214 0.9905 1.0081 1.0600 1.0134 0.8843 0.8471
0.8125 0.8694 0.8872 1.0701 1.1725 1.1999 1.1858 0.9235 0.9398 1.1795 0.9638 0.9007 0.8935 1.0000 1.0000 0.6196
0.9481 0.9113 0.9235 1.0142 1.1378 1.0707 1.1071 0.8938 1.0664 0.9728 1.0112 0.9865 1.0128 0.8239 0.7753 0.9736
0.9381 0.9412 0.9783 1.0017 0.9490 1.0952 1.1685 1.1134 1.0501 0.9700 1.0913 0.9169 0.9420 1.0000 0.8509 0.7254
0.6701 0.7918 0.8313 0.8749 1.0295 1.2260 1.0598 1.1224 1.0027 1.0535 1.1242 1.1777 1.0210 0.8551 0.9640 0.8394
0.7143 0.8931 0.9849 1.0586 1.0310 1.0229 1.0793 0.9638 1.1171 0.9317 0.9740 1.0329 1.0702 0.9629 0.8862 0.7921
0.9080 0.6839 0.8251 0.8324 1.0585 1.1725 0.9954 1.1729 1.0892 1.1402 1.0346 1.0238 1.1770 0.9547 0.8607 1.0173
0.7120 0.9074 0.8356 0.8252 1.0530 0.9893 1.2401 1.0947 1.0226 1.1634 1.1020 0.9960 0.9286 0.9037 0.9661 0.9495
0.7250 1.0000 0.9517 0.8954 0.9896 1.1325 1.1232 0.9598 1.0828 1.1654 1.1168 0.8677 1.0120 0.8947 0.9226 0.8882
0.8573 0.8473 0.9659 0.8601 1.0897 1.2047 1.0066 1.0919 1.0420 1.1287 1.0143 1.1543 1.0000 0.9334 1.0070 0.8305
0.9406 0.9563 0.9336 0.9447 0.8833 1.1174 1.0427 1.0957 1.0530 0.9520 1.0362 1.1834 0.9891 1.0284 0.9687 0.8004
0.6588 0.8737 0.9752 1.0459 1.0000 1.0725 1.0515 1.0604 0.9779 1.0240 0.9379 1.0641 0.9202 0.8791 1.0000 0.7171
0.8151 0.8297 0.9918 0.9746 1.0479 1.1447 1.1851 0.9153 1.0561 1.1113 1.1366 1.0506 1.0620 0.9594 0.8667 0.8641
0.8486 0.8548 0.9251 0.9811 1.2602 1.0000 1.1012 1.1140 1.0941 1.0330 1.2269 0.8510 0.9383 0.9415 0.9340 0.9044
0.8484 0.9256 0.8563 0.9711 1.1392 1.0980 1.1858 1.1649 1.1439 1.1566 1.0845 0.9270 0.9697 0.8512 0.7348 0.7456
