0.7035 0.7587 0.8652 0.8947 1.0427 1.0925 1.0679 1.1867 1.1787 1.1659 1.0193 1.0192 1.0305 1.0034 0.8620 0.8540
0.8352 0.8516 0.9398 1.0302 1.0870 1.2377 1.2049 0.9900 1.0294 0.9753 1.1146 0.9962 0.9298 0.8549 0.9858 0.7734
0.6463 0.7101 0.9125 0.9094 0.9590 1.0803 1.1658 1.0971 1.0692 1.2168 1.0092 0.9622 0.9094 0.8953 0.8654 0.7523
0.6659 0.7271 0.8442 0.9654 0.9795 1.0791 1.1124 1.0525 1.0132 1.1726 1.1199 0.9629 1.0344 0.8847 0.8980 0.7437
0.7114 0.7769 0.8275 0.9095 1.0000 0.9995 1.0450 1.0287 1.1846 1.2146 1.0604 1.0215 0.9746 1.0305 0.9227 0.8567
0.8246 0.8442 0.8762 0.9527 1.1288 1.0838 1.1786 1.1420 1.1998 1.1246 1.0471 1.0211 0.9703 0.9212 0.8637 0.8313
0.7531 0.7980 0.8524 0.9309 1.0370 1.0482 1.1706 1.1830 1.1176 1.0884 1.1196 1.0392 0.9697 0.9152 0.8178 0.9175
0.8892 0.8028 0.8639 0.9450 1.0000 1.1100 1.2208 1.1212 1.0934 1.0837 1.1537 1.0917 0.9967 0.9143 0.8256 0.8914
0.8225 0.8616 0.8469 0.8750 1.0158 1.0436 1.1225 1.0300 1.0922 1.1304 1.0510 1.1195 0.9745 1.0237 0.8828 0.8457
0.6845 0.7366 0.8491 0.9575 0.9698 1.0278 1.0625 1.1065 1.0339 1.0783 1.1977 0.9825 0.9234 0.9847 0.9609 0.9896
0.7170 0.6640 0.7263 0.8138 0.9480 1.0454 1.1309 1.0593 1.0472 1.0689 1.0243 0.9547 0.9873 0.9724 0.8595 0.9583
0.7429 0.8276 0.9184 0.9660 1.1519 1.1219 1.1310 0.8916 1.0462 1.2099 1.0827 0.9707 0.9453 1.0000 1.0000 0.7071
0.9377 0.8892 0.9164 1.0056 1.1193 1.1162 1.1947 1.0361 1.1299 1.0649 1.0525 1.0137 0.9786 0.8546 0.8260 0.9467
0.9034 0.8848 0.9618 0.9993 1.0061 1.1008 1.1813 1.1482 1.1069 1.0460 1.1614 0.9356 0.9357 1.0000 0.8132 0.7996
0.6978 0.7476 0.8626 0.9365 0.9919 1.1629 1.0785 1.0498 1.0833 1.0529 1.1472 1.1245 0.9877 0.8736 0.8556 0.7773
0.6810 0.7905 0.9225 0.9880 1.0180 1.0534 1.0954 1.0653 1.0807 0.9983 1.0194 1.0794 0.9832 0.9653 0.9023 0.8369
0.8675 0.7850 0.8763 0.8902 1.0333 1.1593 1.0161 1.1805 1.1565 1.1845 1.0538 1.0316 1.0885 0.9225 0.8674 0.8771
0.7153 0.7579 0.7940 0.8162 1.0040 1.0043 1.1039 1.0198 1.0096 1.0984 1.0776 1.0430 0.9976 1.0305 0.8670 0.8433
0.7054 1.0000 0.8853 0.9179 0.9826 1.1561 1.1312 1.0926 1.0747 1.1669 1.0960 0.9181 0.9695 0.8867 0.8571 0.8655
0.8408 0.8289 0.9175 0.8496 1.0275 1.1507 1.0171 1.0698 1.0579 1.1812 1.0533 1.1282 1.0000 0.9852 0.9630 0.9227
0.8628 0.8881 0.8922 0.9827 0.9607 1.0944 1.0864 1.0552 1.0462 1.0033 1.0512 1.1274 0.9959 0.9874 0.9752 0.9228
0.6424 0.7624 0.9072 0.9526 1.0000 1.0860 1.0581 1.0941 1.0555 1.0797 1.0475 1.0364 0.9805 0.8998 1.0000 0.8115
0.8678 0.8075 0.9284 0.9352 1.0751 1.1460 1.1984 0.9917 1.0935 1.1340 1.1466 1.0278 1.0228 0.9505 0.8796 0.8286
0.7415 0.7821 0.8509 0.9466 1.2227 1.0000 1.0992 1.1890 1.1074 1.0718 1.2495 0.9613 0.9396 0.9284 0.9466 0.9363
0.8291 0.9074 0.8953 0.9387 1.0895 1.1272 1.1721 1.1668 1.1939 1.2014 1.1069 0.9824 0.9663 0.8907 0.7698 0.7473
