0.7809 0.8117 0.8999 0.9126 1.0157 1.0648 1.0274 1.1438 1.1434 1.1651 1.0286 0.9732 1.0953 1.0686 0.9229 0.9203
0.8709 0.8953 0.9957 1.0566 1.1142 1.2224 1.1950 0.9445 0.9857 0.9225 1.0732 1.0247 0.9516 0.8597 1.0061 0.7974
0.6667 0.7457 0.9252 0.9403 0.9602 1.0940 1.1304 1.0594 1.0699 1.2277 1.0088 0.9886 0.9358 0.9423 0.9407 0.7508
0.6778 0.7309 0.8480 0.9415 0.9531 1.0678 1.0871 1.0219 0.9662 1.1763 1.1340 1.0057 1.0739 0.9362 0.9918 0.7618
0.8095 0.8402 0.8479 0.9095 1.0000 1.0536 1.0848 1.0634 1.1320 1.1999 1.0321 1.0567 0.9675 1.0430 0.9626 0.8626
0.8813 0.8973 0.8948 0.9656 1.1308 1.0657 1.1562 1.0710 1.1560 1.0896 1.0447 1.0047 0.9824 0.9474 0.8798 0.8354
0.7684 0.8382 0.8931 0.9515 1.0220 1.0368 1.1381 1.1254 1.0837 1.0691 1.0867 1.0586 0.9826 0.9084 0.8375 0.9647
0.8969 0.8245 0.8740 0.9428 1.0000 1.0925 1.1930 1.0871 1.1012 1.0538 1.1487 1.0789 1.0383 0.9364 0.8452 0.8948
0.8246 0.8905 0.8583 0.8771 1.0062 1.0209 1.1408 1.0280 1.0780 1.1191 1.0489 1.1189 0.9995 1.0461 0.9050 0.8676
0.7099 0.7809 0.8911 1.0054 1.0054 1.0434 1.0612 1.1405 1.0100 1.0468 1.1541 0.9643 0.9233 0.9523 0.9768 0.9814
0.7651 0.7150 0.7945 0.8559 0.9772 1.0885 1.1620 1.0668 1.0530 1.1056 1.0457 0.9974 1.0740 1.0142 0.8922 0.9375
0.7485 0.8603 0.9339 1.0147 1.1657 1.1234 1.1065 0.8517 1.0047 1.2003 1.0738 0.9862 0.9504 1.0000 1.0000 0.6758
0.9521 0.8938 0.9470 1.0051 1.1355 1.1099 1.1018 0.9950 1.0770 0.9650 1.0430 0.9956 0.9845 0.8155 0.8070 0.9482
0.9066 0.9168 0.9497 1.0223 0.9935 1.0887 1.1304 1.1082 1.0735 1.0435 1.1260 0.9214 0.9417 1.0000 0.8174 0.8055
0.7120 0.7922 0.8790 0.9393 0.9868 1.1735 1.0941 1.0644 1.0537 1.0511 1.1321 1.1440 1.0264 0.8257 0.9009 0.7735
0.7251 0.8523 0.9626 1.0139 0.9689 1.0423 1.0579 1.0427 1.0532 0.9993 1.0231 1.1041 0.9961 0.9649 0.9197 0.8616
0.8649 0.8084 0.8987 0.8945 1.0359 1.1579 0.9532 1.1144 1.1136 1.1656 1.0247 1.0414 1.1215 0.9401 0.9172 0.9266
0.7196 0.8043 0.8458 0.8559 1.0157 1.0141 1.1220 1.0159 1.0094 1.1062 1.1030 1.0590 1.0258 1.0167 0.9607 0.9586
0.7081 1.0000 0.9150 0.9005 0.9495 1.1246 1.1324 1.0603 1.0484 1.1594 1.0805 0.9142 0.9843 0.9041 0.9179 0.9167
0.8980 0.8536 0.9867 0.9085 1.0966 1.1580 1.0078 1.0833 1.0720 1.1785 1.0122 1.0933 1.0000 0.9418 0.9145 0.8399
0.8857 0.8868 0.9172 0.9752 0.9606 1.0784 1.0626 1.0396 1.0325 0.9617 1.0539 1.1302 1.0526 1.0097 1.0138 0.9074
0.6104 0.7673 0.9112 0.9842 1.0000 1.0324 1.0290 1.0292 0.9919 1.0708 1.0050 1.0665 0.9814 0.9232 1.0000 0.7818
0.8845 0.8118 0.9910 0.9524 1.0886 1.1195 1.1540 0.9408 1.0525 1.1085 1.1331 1.0296 1.0759 0.9341 0.8987 0.8376
0.7623 0.7870 0.8764 0.9260 1.1904 1.0000 1.0591 1.1926 1.0870 1.0283 1.2119 0.9543 0.9602 0.9462 1.0110 1.0128
0.8446 0.9473 0.8969 0.9856 1.0889 1.1223 1.1690 1.1921 1.1360 1.1631 1.0630 0.9729 0.9309 0.8554 0.7128 0.6718
