1.3197 1.1840 1.2527 1.2632 1.1034 1.0412 1.1298 0.9167 1.0590 1.0908 0.9272 0.8373 0.8801 0.7077 0.6718 0.6321
1.0000 0.8468 0.8801 1.0090 1.0589 0.9382 0.9805 0.9923 0.9009 1.1096 1.0898 1.0273 1.0694 1.1752 0.9104 1.0000
1.2159 1.2101 1.1784 1.9056 1.1051 1.1353 1.0000 0.9105 1.0521 1.0141 0.9987 0.8039 0.8661 0.9847 0.7751 0.8338
0.9869 0.7678 0.8952 1.0705 0.9474 0.9890 1.0730 1.0055 1.1139 1.1017 1.0072 0.9751 1.0111 0.9419 1.0061 1.1738
1.5741 1.2320 1.1525 1.1118 0.9871 0.9564 1.0193 1.0027 0.7934 0.9261 1.1796 1.0331 0.9267 0.9169 0.9970 1.2226
0.8597 0.9154 0.7465 0.8576 0.8666 0.9734 1.1400 0.9695 0.8294 1.1851 0.9113 1.1753 1.0626 1.0611 1.1131 1.3290
1.4997 1.2072 1.1762 1.1408 1.1682 0.9760 0.9747 0.8454 0.8718 0.9540 0.9081 0.8668 0.8917 1.0275 1.0000 0.8592
0.9663 1.1160 0.8546 0.9956 0.9109 1.0753 1.1182 1.1333 1.1443 0.9920 1.0125 1.0189 0.8960 0.8126 0.9282 1.0369
0.8339 0.8274 1.0888 0.9658 0.8908 1.0588 0.9148 1.1489 1.1287 0.9818 1.1406 1.0309 1.0641 0.8133 1.1195 1.1045
0.8696 0.7601 0.9117 0.9259 0.9523 0.9793 0.9290 0.9927 0.9271 1.0867 0.9089 1.0113 1.1820 1.0944 1.2523 1.6086
0.6099 0.9210 0.9473 0.9341 0.9062 1.0317 1.0461 1.2042 1.0837 1.0136 0.8390 0.9654 0.9886 1.0557 0.8581 1.1805
0.9618 0.8736 0.9566 0.9803 0.9264 1.0406 1.1158 0.9892 1.0250 1.0339 1.0229 1.0725 1.0232 1.0886 1.1171 0.8130
1.0765 1.1487 1.0883 1.2553 1.0848 0.9963 0.9960 1.3821 0.8456 1.0975 1.0574 0.7667 0.7455 0.7973 0.7565 0.8829
0.9769 0.8354 1.0181 0.7883 0.8597 0.8663 0.8319 1.0701 0.9884 1.0289 1.0950 1.0491 1.1026 1.1094 1.2230 1.1215
1.4771 1.2324 1.0404 1.1291 1.1224 1.1363 1.1671 1.1196 0.9451 0.7207 0.9070 0.8669 0.7181 0.6300 0.6387 0.6468
0.7467 0.9747 0.9155 0.8300 0.8628 0.9256 1.0343 0.9845 1.0000 0.9426 1.0775 0.9927 1.0000 1.2623 1.3475 1.4480
1.1499 0.9316 1.1520 1.0000 0.9282 0.9970 0.9929 0.8843 0.9840 1.0625 1.0119 0.9852 0.9361 0.9795 1.0450 1.0347
1.0598 1.0089 0.7943 1.0929 0.8306 0.9108 1.1531 0.9080 0.8756 1.0000 1.0000 1.1216 1.0000 0.9970 1.1333 1.2132
1.3704 1.0948 1.5805 1.2337 0.9825 1.2138 1.0976 1.0728 1.0914 0.8906 0.9114 0.8542 0.7836 0.7349 0.7030 0.7810
0.9048 0.8931 1.0086 1.0288 0.9395 1.0322 0.9778 1.0881 1.1177 1.2845 1.0447 1.0167 0.8682 0.9377 0.6721 0.6246
1.4782 1.1781 1.0000 1.1382 1.2437 1.1721 1.0957 1.0398 0.9835 0.8304 0.9455 1.0683 0.8401 0.9302 0.8661 0.7548
0.6415 0.5600 0.8552 0.7558 0.8262 0.9574 0.9925 1.0448 1.0331 0.9249 1.0690 1.2997 1.2235 0.9853 1.0542 1.4141
1.0923 0.9585 1.0660 0.8175 0.9619 1.0316 1.0919 1.1368 1.0000 1.4574 1.0115 0.9022 0.8607 0.8326 0.7309 0.7483
0.8211 0.7615 0.7244 0.8532 0.8407 0.9100 0.8077 0.9343 1.1347 1.0816 1.1134 1.1636 1.2859 1.1794 0.5458 1.4063
1.6362 1.3543 1.1183 1.3558 1.1989 1.2284 1.2537 1.0912 0.9540 0.8182 0.8753 0.8444 0.9553 0.8179 0.9080 0.9710
