1.3310 1.1937 1.0338 1.0939 0.9928 0.9521 1.0500 0.9017 1.1072 1.1409 0.8721 0.8438 0.9366 0.8322 0.8011 0.9244
1.0000 1.0615 1.2930 1.2581 1.1506 1.0092 1.1102 0.9635 0.8952 0.9164 0.8818 0.8690 0.8739 0.9065 0.8289 1.0000
1.0356 0.9157 0.9205 1.1593 0.8493 0.9586 1.0000 0.9581 0.9615 1.0229 0.9715 0.9479 1.0558 1.1615 1.0375 1.2696
1.3200 1.1948 1.1637 1.1533 1.0199 1.0773 1.1002 0.8964 0.9641 0.8800 0.8822 0.9508 0.8063 0.9364 0.7828 0.9781
1.2714 0.9811 0.8881 1.0331 0.9407 0.9881 0.9638 0.9070 0.9757 1.0675 0.9805 1.0879 0.8879 1.1040 1.0537 1.3467
1.2097 1.0791 0.9972 1.1063 0.9699 1.0717 1.0769 0.9654 0.9129 1.0176 0.9791 0.8824 0.8837 0.8581 1.0103 0.9803
1.1735 1.1090 1.0485 1.0051 0.9574 0.9609 1.0230 0.9828 0.8932 1.0609 0.9568 0.8531 0.9564 1.0874 1.0000 1.0001
1.3551 1.2190 1.1313 1.0863 1.1140 1.1012 1.0496 1.0208 1.0908 0.9081 0.8994 0.8324 0.8023 0.7901 0.7769 0.8248
0.6570 0.6939 0.8774 0.7455 0.9407 0.9574 0.8403 1.0567 1.0509 0.9279 1.0619 0.9734 1.2079 1.0097 1.2106 1.2295
1.1551 0.9823 0.9889 1.0947 0.9795 0.9717 0.9394 1.1515 0.8632 0.8831 0.9251 0.9048 1.0202 0.9942 1.1005 1.0762
0.6838 0.7181 0.8649 0.8003 0.9392 0.9635 0.8834 1.0546 1.0027 0.9390 1.0684 0.9086 1.2834 1.1007 0.9712 1.3157
1.2616 1.1343 1.1830 1.2315 1.0854 1.0943 1.1287 0.9731 0.9947 0.8668 0.8403 0.8771 0.8473 0.8040 0.8601 0.8176
1.0221 0.8507 0.8222 0.9224 0.8675 0.9082 0.8213 1.0151 0.9257 1.0977 1.1633 1.0057 1.0875 1.1958 1.1683 1.5658
1.2088 1.0826 1.1178 1.0286 0.8538 1.0015 1.0360 1.0374 0.9418 0.8617 0.9277 0.8718 0.9689 0.8980 1.0251 1.1050
1.1881 1.1695 0.9400 0.9072 1.0312 1.0453 0.9901 1.0504 0.9899 0.9299 0.9770 0.9663 0.9684 0.8139 0.7862 0.9484
1.0262 0.9337 1.0364 0.9088 0.9998 1.0597 0.9798 0.9841 1.0000 0.9105 0.9433 1.0765 1.0000 1.0227 1.0138 1.1603
0.9566 0.9337 0.8898 1.0000 0.9775 0.9437 1.0226 1.0912 0.9978 1.0107 1.0514 0.9882 1.0551 1.0819 1.2704 1.2760
1.4959 1.3472 1.0262 1.2649 0.9761 0.9915 1.1336 0.9830 0.8968 1.0000 1.0000 0.8845 1.0000 0.8415 0.9085 0.9133
1.4794 1.0137 1.2369 0.9220 0.8096 1.0987 1.0057 0.9842 1.0707 1.0343 0.9059 1.0005 0.8706 0.8764 0.9626 1.1609
1.1672 1.1234 1.1490 1.2095 0.9791 1.0409 0.9449 0.9335 0.9965 1.0707 0.9066 0.7997 0.8250 0.7782 0.5358 0.5207
1.2424 0.9372 1.0000 0.9334 1.1307 1.0619 0.9272 1.0067 0.9842 1.0422 0.9303 1.0648 0.8958 1.0601 0.9872 1.0775
0.7040 0.7492 0.9872 1.0029 1.0897 1.0096 0.9844 0.9574 0.9148 1.0838 0.9598 0.9753 1.0340 0.9996 1.0001 1.2430
1.0221 0.8528 0.8861 0.9235 0.8287 0.9072 0.8770 0.9083 1.0000 1.0965 0.9428 0.9456 1.1768 1.3029 1.3370 1.6696
1.0141 1.0751 0.8868 1.0348 0.8926 0.9702 0.9403 0.9823 1.1016 0.9051 1.0240 1.0340 0.9433 1.0608 0.5458 1.0887
1.1571 0.9916 0.9230 0.9801 1.0136 1.0421 1.0796 1.0192 1.0167 0.8845 1.0360 0.9602 1.0517 0.9337 0.9609 1.0504
