1.3227 1.1902 1.0942 1.1137 1.0287 0.9669 1.0803 0.8896 1.1122 1.1255 0.8703 0.8320 0.9411 0.7875 0.8003 0.8497
1.0000 1.0600 1.1684 1.2550 1.1598 1.0120 1.0476 0.9887 0.8865 0.9698 0.9048 0.8851 0.9052 0.9487 0.8228 1.0000
1.1500 0.9815 0.9579 1.3798 0.8942 1.0044 1.0000 0.9367 1.0009 1.0864 0.9832 0.9441 1.0044 0.9808 1.0455 1.0415
1.2701 1.1216 1.1002 1.1642 1.0016 1.0754 1.1062 0.9073 0.9771 0.9325 0.9281 0.9397 0.8537 0.9279 0.8274 0.9484
1.4191 1.0683 0.9787 1.0511 0.9754 0.9478 0.9719 0.9335 0.8788 0.9325 0.9260 1.1115 0.8966 1.0822 1.0931 1.3230
1.1104 1.0952 0.9459 1.0831 0.9271 1.0721 1.0534 0.9576 0.8669 1.0960 0.9484 0.9295 0.9494 0.9246 1.0108 1.0605
1.2376 1.0963 1.0645 1.0278 0.9723 0.9430 1.0144 0.9563 0.8961 1.0853 0.9765 0.8414 0.9666 1.0148 1.0000 1.0032
1.2378 1.2504 1.0639 1.0858 1.1128 1.0876 1.0733 1.0267 1.1178 0.9095 0.9310 0.8325 0.8177 0.7745 0.8113 0.8783
0.6875 0.7377 0.9265 0.7571 0.9166 0.9674 0.8472 1.0662 1.0798 0.9481 1.0934 1.0004 1.2085 0.9203 1.2471 1.1367
1.0409 0.9389 0.9086 1.0823 0.9832 0.9684 0.9790 1.0756 0.8604 0.9381 0.9213 0.9408 1.0710 1.0257 1.1240 1.2289
0.6352 0.7360 0.8734 0.8484 0.9153 0.9856 0.9371 1.0980 1.0336 0.9590 1.0225 0.9552 1.1949 1.1239 0.9725 1.1307
1.2227 1.0719 1.1350 1.1915 1.0522 1.0847 1.1444 0.9731 1.0048 0.8929 0.8494 0.9092 0.8956 0.8502 0.9102 0.8157
0.9954 0.9295 0.9133 1.0128 0.9731 0.8767 0.7668 1.0823 0.9426 0.9575 1.1220 0.9350 1.0545 1.2132 1.1194 1.4568
1.1035 1.0146 1.0588 0.8341 0.8619 0.9620 0.9612 1.0577 0.9742 0.9525 0.9913 0.9388 1.0530 0.9421 1.0986 1.1391
1.3174 1.1748 0.9695 0.9783 1.0441 1.0954 1.0436 1.0801 0.9726 0.8613 0.9620 0.9716 0.9247 0.7500 0.7380 0.8005
0.9836 0.9500 1.0483 0.9018 0.9295 1.0371 1.0202 1.0062 1.0000 0.9117 0.9794 0.9668 1.0000 1.0405 1.0943 1.3019
0.9504 0.9183 0.9648 1.0000 0.9758 0.9396 1.0243 0.9772 1.0077 1.0237 1.0467 1.0471 1.0658 1.0578 1.2168 1.3203
1.3986 1.3601 1.0366 1.2455 0.9711 1.0100 1.1359 0.9504 0.8752 1.0000 1.0000 0.9372 1.0000 0.8385 0.9347 0.9371
1.4624 1.0130 1.2632 0.9544 0.8516 1.1226 1.0237 0.9960 1.0828 0.9909 0.9070 0.9940 0.8946 0.8643 0.9110 1.0789
1.1117 1.0921 1.1503 1.2190 0.9951 1.0611 0.9528 0.9478 1.0249 1.0140 0.9170 0.8275 0.7733 0.7515 0.5458 0.5122
1.3165 0.9666 1.0000 0.9663 1.1566 1.0768 0.9189 1.0006 1.0060 0.9226 0.9156 1.1130 0.9399 1.0775 0.9865 0.9765
0.5746 0.7126 0.9689 0.9936 0.9943 1.0340 0.9989 0.9880 0.9427 1.0434 1.0128 1.0559 1.0758 0.9642 0.9566 1.2805
1.0385 0.8856 0.9248 0.9102 0.8865 0.9422 0.8702 0.9598 1.0000 1.1409 0.9295 0.9555 1.1038 1.2712 1.2161 1.2775
0.9941 1.0161 0.8426 1.0176 0.8740 0.9914 0.9025 0.9413 1.1330 0.9519 1.0343 1.0568 1.0033 1.0418 0.5458 1.1305
1.3571 1.1601 1.0791 1.1330 1.0863 1.0726 1.1568 1.0218 1.0060 0.8712 0.9920 0.8503 0.9291 0.8516 0.8352 0.8839
