1.3066 1.1617 1.0865 1.0967 1.0117 0.9637 1.0782 0.8817 1.1304 1.1359 0.8817 0.8408 0.9341 0.7902 0.8137 0.8748
1.0000 1.0784 1.1993 1.2696 1.1492 1.0294 1.0638 0.9819 0.8838 0.9686 0.8998 0.8684 0.8646 0.9275 0.8193 1.0000
1.0875 0.9498 0.9099 1.3061 0.8903 0.9636 1.0000 0.9264 0.9671 1.0348 0.9945 0.9460 1.0512 1.0492 1.0775 1.1395
1.2502 1.1493 1.0924 1.1389 1.0053 1.0496 1.0800 0.9227 0.9945 0.9330 0.9224 0.9585 0.8589 0.9500 0.8215 0.9671
1.3607 1.0236 0.9786 1.0338 0.9343 0.9265 1.0000 0.9307 0.8772 0.9642 1.0113 1.1086 0.9034 1.1013 1.0860 1.3334
1.1455 1.1026 0.9945 1.0925 0.9630 1.0782 1.0605 0.9722 0.8493 1.0465 0.9311 0.9241 0.8974 0.8940 1.0177 1.0171
1.2179 1.1037 1.0810 1.0002 0.9655 0.9412 1.0105 0.9621 0.8926 1.0482 0.9627 0.8447 0.9720 1.0452 1.0000 1.0351
1.2814 1.2213 1.0591 1.0756 1.0923 1.0703 1.0899 1.0186 1.1151 0.9121 0.9161 0.8544 0.8164 0.7741 0.8230 0.8717
0.6785 0.7127 0.8890 0.7690 0.9284 0.9695 0.8474 1.0563 1.0672 0.9285 1.0783 1.0055 1.2147 0.9690 1.2432 1.1181
1.0709 0.9654 0.9323 1.1101 0.9904 0.9830 0.9472 1.0759 0.8851 0.9186 0.9374 0.9139 1.0415 1.0002 1.1074 1.1943
0.6518 0.7456 0.8786 0.8354 0.9264 0.9982 0.9358 1.0565 1.0324 0.9712 1.0619 0.9239 1.1472 1.1127 0.9824 1.1906
1.2434 1.1072 1.1184 1.1452 1.0671 1.0896 1.1242 0.9908 0.9998 0.8801 0.8561 0.9262 0.8929 0.8444 0.8987 0.7984
0.9814 0.8754 0.8608 0.9539 0.9119 0.8744 0.7947 1.1552 0.9308 1.0635 1.1669 0.9471 1.0710 1.1680 1.1171 1.4552
1.1118 1.0464 1.0885 0.9199 0.8714 0.9548 0.9851 1.0706 0.9630 0.9431 0.9772 0.9104 1.0326 0.9364 1.0761 1.0880
1.2604 1.1373 0.9610 0.9394 1.0318 1.0734 1.0078 1.0742 1.0067 0.8809 0.9669 0.9685 0.9667 0.7621 0.7542 0.8574
0.9677 0.9594 1.0171 0.8955 0.9320 1.0332 0.9883 1.0028 1.0000 0.9127 0.9816 1.0298 1.0000 1.0614 1.0891 1.2445
0.9490 0.9317 0.9384 1.0000 0.9572 0.9456 1.0415 0.9914 0.9839 1.0343 1.0730 1.0324 1.0488 1.0646 1.2480 1.3390
1.3759 1.3321 1.0084 1.2442 0.9459 0.9966 1.1543 0.9452 0.8904 1.0000 1.0000 0.9389 1.0000 0.8542 0.9314 0.9575
1.4334 1.0430 1.2286 0.9566 0.8301 1.1311 1.0372 0.9964 1.0871 0.9733 0.8905 1.0070 0.8871 0.8545 0.9429 1.0936
1.1207 1.1377 1.1644 1.1777 0.9902 1.0302 0.9410 0.9506 1.0027 1.0791 0.9334 0.8188 0.8338 0.7590 0.5406 0.5101
1.3725 1.0123 1.0000 0.9959 1.1632 1.1191 0.9005 1.0267 0.9997 0.9391 0.9356 1.0752 0.8493 1.0453 0.9667 0.9619
0.6342 0.7163 0.9916 0.9652 1.0451 1.0442 0.9954 0.9954 0.9341 1.0460 0.9624 1.0376 1.0691 0.9444 0.9553 1.2815
1.0274 0.8513 0.9170 0.9226 0.8476 0.9222 0.8836 0.9413 1.0000 1.1513 0.9434 0.9597 1.1477 1.2584 1.2794 1.3632
1.0225 1.0331 0.8450 1.0174 0.8658 0.9635 0.8968 0.9562 1.1187 0.9117 1.0394 1.0771 1.0057 1.0554 0.5458 1.1251
1.3526 1.1617 1.0236 1.0883 1.0632 1.0360 1.0941 0.9830 1.0199 0.8614 0.9984 0.8844 1.0145 0.8739 0.8827 0.9624
