1.3462 1.1885 1.0197 1.0799 0.9806 0.9396 1.0615 0.9048 1.1181 1.1368 0.8537 0.8412 0.9427 0.8529 0.8023 0.9287
1.0000 1.0821 1.3143 1.2782 1.1534 0.9953 1.0932 0.9648 0.8739 0.9122 0.8726 0.8623 0.8748 0.9053 0.8297 1.0000
1.0268 0.9039 0.9212 1.1697 0.8349 0.9573 1.0000 0.9559 0.9768 1.0486 0.9564 0.9532 1.0322 1.1651 1.0583 1.2721
1.3386 1.1857 1.1509 1.1600 1.0243 1.0679 1.1040 0.9005 0.9606 0.8801 0.9002 0.9408 0.8093 0.9140 0.7972 0.9787
1.2526 0.9654 0.8921 1.0031 0.9181 0.9712 0.9569 0.8872 0.9946 1.0684 0.9789 1.1223 0.9085 1.1026 1.0597 1.3270
1.2355 1.0937 1.0053 1.1340 0.9728 1.0750 1.0716 0.9550 0.9150 1.0040 0.9990 0.8696 0.8681 0.8188 1.0220 0.9598
1.2129 1.1143 1.0392 0.9977 0.9622 0.9451 1.0261 0.9666 0.8940 1.0429 0.9545 0.8309 0.9691 1.0843 1.0000 1.0455
1.3728 1.2263 1.1283 1.0902 1.0962 1.0933 1.0573 1.0087 1.0726 0.8920 0.8874 0.8315 0.8214 0.8038 0.7769 0.8404
0.6586 0.7202 0.8865 0.7467 0.9360 0.9685 0.8303 1.0296 1.0393 0.9184 1.0766 0.9761 1.1972 1.0286 1.2245 1.2286
1.1422 1.0047 0.9803 1.0887 0.9918 0.9744 0.9583 1.1649 0.8784 0.8795 0.9356 0.8849 1.0173 0.9774 1.0837 1.0821
0.6669 0.7192 0.8733 0.7955 0.9399 0.9692 0.8992 1.0743 1.0129 0.9594 1.0655 0.8987 1.2476 1.0992 0.9557 1.3003
1.2690 1.1615 1.1700 1.2113 1.0849 1.1076 1.1338 0.9784 1.0156 0.8836 0.8522 0.8600 0.8365 0.7891 0.8485 0.8035
1.0113 0.8396 0.8086 0.9046 0.8726 0.9165 0.8267 1.0132 0.9534 1.1349 1.1881 1.0285 1.0766 1.1650 1.1377 1.5188
1.2316 1.0898 1.1337 1.0426 0.8771 1.0060 0.9994 1.0354 0.9549 0.8815 0.9293 0.8829 0.9597 0.8820 0.9894 1.0802
1.2044 1.1763 0.9458 0.9319 1.0480 1.0402 0.9755 1.0589 1.0001 0.9254 0.9773 0.9535 0.9487 0.7842 0.7661 0.9216
1.0173 0.9359 1.0516 0.9258 0.9945 1.0531 0.9698 0.9691 1.0000 0.9112 0.9466 1.0983 1.0000 1.0070 1.0046 1.1651
0.9519 0.9466 0.9047 1.0000 0.9851 0.9360 1.0245 1.0934 0.9947 1.0262 1.0284 1.0000 1.0362 1.0849 1.2524 1.2502
1.4892 1.3723 1.0515 1.2742 0.9975 0.9959 1.1170 0.9717 0.9062 1.0000 1.0000 0.8879 1.0000 0.8362 0.8921 0.9021
1.4697 1.0151 1.2112 0.9083 0.8093 1.1031 1.0011 0.9916 1.0762 1.0342 0.9075 1.0011 0.8933 0.8711 0.9886 1.1466
1.1868 1.1382 1.1634 1.2003 0.9812 1.0409 0.9607 0.9208 0.9938 1.0506 0.8917 0.8017 0.7999 0.7658 0.5308 0.5249
1.2600 0.9235 1.0000 0.9108 1.1058 1.0411 0.9422 0.9998 0.9831 1.0302 0.9279 1.0684 0.9141 1.0620 1.0459 1.0801
0.7185 0.7428 0.9986 1.0088 1.0970 1.0076 0.9981 0.9456 0.9348 1.0799 0.9755 0.9771 1.0116 0.9808 0.9845 1.2045
1.0322 0.8881 0.9138 0.9378 0.8357 0.9127 0.8628 0.9065 1.0000 1.1203 0.9153 0.9397 1.1333 1.2949 1.3325 1.6697
1.0396 1.0848 0.8890 1.0425 0.8854 0.9721 0.9325 0.9966 1.1036 0.9019 1.0119 1.0322 0.9468 1.0478 0.5458 1.0622
1.1938 1.0146 0.9287 0.9743 0.9888 1.0205 1.0818 1.0083 1.0043 0.8983 1.0329 0.9474 1.0559 0.9246 0.9997 1.0976
