1.2946 1.1299 1.1344 1.2035 1.0733 1.0063 1.1183 0.9160 1.1210 1.0933 0.9106 0.8474 0.9254 0.7233 0.7867 0.7299
1.0000 0.9734 0.9809 1.1435 1.1676 0.9628 0.9817 0.9992 0.8931 1.0620 1.0072 0.9446 0.9628 1.0721 0.8612 1.0000
1.2742 1.1269 1.0414 1.6028 1.0534 1.0700 1.0000 0.9057 1.0398 1.0556 1.0345 0.8594 0.9624 0.9155 0.8681 0.8551
1.1151 0.9197 1.0134 1.1308 1.0203 1.0437 1.1277 0.9578 1.0587 0.9944 0.9749 0.9381 0.9126 0.9058 0.9082 1.0022
1.5009 1.1639 1.1037 1.0856 0.9580 0.9310 1.0004 0.9757 0.7901 0.8547 0.9022 1.1064 0.9103 1.0259 1.0572 1.2514
0.9613 1.0486 0.8571 0.9894 0.8720 1.0589 1.1515 1.0237 0.8055 1.1729 0.9134 1.0612 0.9691 0.9570 0.9753 1.1472
1.3432 1.1407 1.1612 1.0671 1.0366 0.8994 0.9837 0.8402 0.8730 1.0012 0.9733 0.8503 0.9611 1.0638 1.0000 0.9905
1.0731 1.1874 0.9260 1.0614 0.9982 1.0855 1.0974 1.0915 1.1407 0.9485 0.9297 0.9513 0.8595 0.7862 0.8678 0.9598
0.7531 0.7926 1.0071 0.8594 0.8870 0.9944 0.8811 1.0974 1.0830 0.9406 1.1065 1.0233 1.1396 0.7713 1.2506 1.0584
0.8966 0.8309 0.8526 1.0434 0.9838 0.9771 1.0136 0.9454 0.9015 1.0389 0.9241 1.0100 1.1643 1.0188 1.1855 1.4233
0.6057 0.7903 0.8803 0.8932 0.9050 1.0325 1.0199 1.1360 1.0788 1.0264 0.8721 0.9730 1.0565 1.1072 0.9708 1.0521
1.0959 0.9764 1.0329 1.1216 1.0186 1.0490 1.1479 0.9905 1.0556 0.9393 0.9375 0.9971 0.9552 0.9298 0.9757 0.7977
0.9974 1.0891 1.0879 1.1443 1.0719 0.9027 0.8805 1.2530 0.8934 1.0268 1.1087 0.8025 0.8776 1.0088 0.8902 1.1103
0.9671 0.8720 0.9517 0.7533 0.8764 0.8958 0.8748 1.1093 0.9912 1.0341 1.0519 1.0441 1.1519 1.0528 1.1830 1.1476
1.3461 1.1435 1.0065 1.0001 1.0801 1.0936 1.0682 1.0720 0.9953 0.7855 0.9616 0.9708 0.9215 0.6943 0.6781 0.7052
0.8423 0.9210 1.0524 0.8903 0.8772 1.0351 1.0646 1.0067 1.0000 0.9278 1.0245 0.9150 1.0000 1.1274 1.1931 1.3466
1.0620 0.9161 0.9926 1.0000 0.9173 0.9957 1.0714 0.8957 1.0118 1.0950 1.0690 1.0262 0.9804 0.9663 1.0256 1.1195
1.2399 1.2142 0.9166 1.2308 0.8983 0.9582 1.1442 0.8859 0.8749 1.0000 1.0000 1.0468 1.0000 0.9203 1.0083 1.0382
1.3881 1.0237 1.3907 1.0718 0.8895 1.1703 1.0582 1.0174 1.1156 0.9419 0.9357 0.9636 0.8773 0.8084 0.8183 0.9610
1.0189 1.0640 1.1389 1.1281 0.9881 1.0058 1.0051 0.9964 1.0638 0.9556 0.9539 0.8634 0.8375 0.7829 0.5771 0.5255
1.3398 1.0231 1.0000 1.0138 1.1834 1.0829 0.9777 1.0460 1.0195 0.8184 0.9772 1.1392 0.9213 1.0387 0.9812 0.8393
0.5599 0.6104 0.9459 0.8821 0.8894 1.0225 1.0471 1.0253 0.9868 0.9638 1.0234 1.1843 1.1235 0.9353 0.9933 1.3212
1.1311 0.8955 0.9716 0.8260 0.9602 0.9623 0.9772 1.0596 1.0000 1.2305 0.9823 0.9489 1.0081 1.1341 0.9797 0.8760
0.9490 0.8764 0.7677 0.9196 0.8330 0.9748 0.8559 0.8975 1.1258 1.0565 1.0661 1.1649 1.1384 1.0780 0.5458 1.2351
1.4285 1.2680 1.1017 1.1927 1.1935 1.0808 1.2048 0.9909 0.9735 0.7852 0.9657 0.8587 0.9228 0.8260 0.7827 0.8799
