0.7321 0.7826 0.8698 0.8882 1.0104 1.0808 1.0439 1.1824 1.1662 1.1738 1.0281 1.0181 1.0333 1.0235 0.8603 0.8569
0.8372 0.8325 0.9471 1.0333 1.0874 1.2336 1.2074 0.9709 1.0284 0.9539 1.1152 1.0042 0.9304 0.8579 0.9955 0.7668
0.6422 0.6954 0.8995 0.9095 0.9507 1.0886 1.1381 1.0775 1.0798 1.2371 0.9959 0.9640 0.9073 0.9240 0.9069 0.7261
0.6573 0.7316 0.8461 0.9512 0.9730 1.0692 1.1097 1.0487 1.0002 1.1688 1.1249 0.9665 1.0397 0.8910 0.9352 0.7635
0.7101 0.7481 0.7903 0.8959 1.0000 0.9985 1.0804 1.0692 1.1916 1.2366 1.0329 1.0367 0.9635 1.0386 0.9537 0.8587
0.8213 0.8398 0.8496 0.9383 1.1375 1.0881 1.1877 1.1045 1.1779 1.1354 1.0686 1.0234 0.9815 0.9206 0.8596 0.8614
0.7462 0.8204 0.8622 0.9249 1.0297 1.0251 1.1600 1.1709 1.1023 1.0768 1.0929 1.0403 0.9830 0.9293 0.8333 0.9485
0.8615 0.8016 0.8530 0.9265 1.0000 1.0889 1.1953 1.1123 1.1046 1.0794 1.1531 1.0945 1.0335 0.9354 0.8454 0.9219
0.8138 0.8695 0.8712 0.8622 1.0142 1.0158 1.1398 1.0335 1.1039 1.1169 1.0490 1.0961 0.9889 1.0274 0.8921 0.8396
0.6981 0.7527 0.8573 0.9484 0.9880 1.0117 1.0502 1.1173 1.0038 1.0392 1.1901 0.9774 0.9093 0.9837 0.9973 1.0103
0.7137 0.6403 0.7279 0.7869 0.9365 1.0291 1.1336 1.0407 1.0230 1.0812 1.0312 0.9700 1.0189 0.9761 0.8692 0.9593
0.7395 0.8306 0.9158 0.9691 1.1650 1.1350 1.1215 0.8831 1.0433 1.2367 1.0879 0.9898 0.9445 1.0000 1.0000 0.6894
0.9234 0.8729 0.8954 1.0041 1.1406 1.0908 1.1770 1.0353 1.1188 1.0446 1.0786 1.0343 1.0006 0.8536 0.8353 0.9634
0.8857 0.8972 0.9583 1.0072 0.9921 1.1119 1.1773 1.1398 1.1073 1.0568 1.1618 0.9336 0.9333 1.0000 0.8408 0.8056
0.6652 0.7350 0.8476 0.8924 0.9868 1.1647 1.0691 1.0412 1.0704 1.0748 1.1053 1.1147 1.0023 0.8945 0.9096 0.8346
0.6719 0.7913 0.9157 0.9949 0.9828 1.0307 1.0974 1.0303 1.0919 0.9954 1.0116 1.0678 1.0113 0.9606 0.9251 0.8792
0.8838 0.7683 0.8683 0.8828 1.0236 1.1508 0.9947 1.1741 1.1566 1.1911 1.0556 1.0306 1.0928 0.9410 0.8843 0.9103
0.6987 0.7611 0.7845 0.8201 1.0142 0.9962 1.1284 0.9922 0.9947 1.0825 1.0939 1.0578 1.0205 1.0451 0.8939 0.9204
0.6940 1.0000 0.8847 0.9142 0.9793 1.1323 1.1069 1.0615 1.0834 1.1751 1.0740 0.9094 0.9900 0.9101 0.8784 0.9095
0.8327 0.8055 0.9147 0.8346 1.0430 1.1313 1.0139 1.0801 1.0627 1.1782 1.0595 1.1264 1.0000 0.9741 0.9661 0.9320
0.8539 0.8667 0.8750 0.9680 0.9400 1.0906 1.0753 1.0557 1.0633 0.9667 1.0683 1.1231 0.9980 0.9787 1.0108 0.9438
0.6250 0.7709 0.9061 0.9818 1.0000 1.0798 1.0537 1.0675 1.0404 1.1012 1.0277 1.0583 0.9838 0.9085 1.0000 0.7973
0.8587 0.7857 0.9491 0.9526 1.0664 1.1627 1.1650 0.9662 1.0869 1.1285 1.1539 1.0174 1.0297 0.9268 0.8828 0.8233
0.7607 0.7824 0.8540 0.9399 1.2100 1.0000 1.0928 1.1924 1.1110 1.0668 1.2413 0.9445 0.9466 0.9294 0.9624 0.9676
0.8180 0.9258 0.8716 0.9689 1.0778 1.0970 1.1661 1.1936 1.2051 1.1883 1.0995 0.9899 0.9771 0.8942 0.7777 0.7420
