1.2105 1.1468 1.1769 1.2687 1.1296 1.0953 1.1353 0.9342 1.0942 1.1417 0.9310 0.8196 0.8968 0.6977 0.6891 0.6541
1.0000 0.8755 0.9130 1.0469 1.0631 0.9575 1.0002 0.9987 0.9495 1.1229 1.0724 0.9768 1.0286 1.1080 0.8989 1.0000
1.2195 1.1573 1.2182 1.9480 1.1179 1.1146 1.0000 0.9172 1.0312 1.0442 0.9699 0.8338 0.9100 0.9684 0.7508 0.7730
1.0172 0.8281 0.9604 1.1571 0.9800 0.9930 1.0896 1.0167 1.0931 1.0860 0.9973 0.9375 0.9717 0.8525 0.9315 1.0881
1.5380 1.1839 1.1663 1.0313 0.9848 0.9732 1.0226 1.0072 0.8248 0.9449 1.0360 1.0184 0.9379 0.9177 0.9429 1.1493
0.8765 0.9681 0.7479 0.8920 0.8769 1.0104 1.1558 1.0187 0.8487 1.2481 0.9756 1.1114 0.9934 1.0079 1.0526 1.2524
1.4499 1.1804 1.1819 1.1471 1.1162 0.9314 0.9851 0.8674 0.8852 0.9966 0.9355 0.8997 0.9162 1.0244 1.0000 0.8409
0.9407 1.1110 0.8415 0.9955 0.9486 1.0769 1.1049 1.1223 1.1792 0.9885 1.0067 1.0279 0.8920 0.8233 0.8959 1.0041
0.8267 0.8071 1.0575 0.9132 0.8695 1.0262 0.9356 1.1345 1.1414 1.0029 1.1557 1.0246 1.1162 0.7915 1.1466 0.9410
0.8591 0.7726 0.8623 0.9843 0.9359 1.0031 1.0041 0.9954 0.9942 1.1328 0.9689 1.0809 1.1562 1.0178 1.1100 1.4892
0.5707 0.8666 0.8728 0.8766 0.8857 1.0252 1.0630 1.1571 1.1535 1.0504 0.9049 0.9842 1.0238 1.0757 0.8714 1.1068
0.9794 0.8895 1.0044 1.0328 0.9633 1.0394 1.1360 0.9932 1.0488 1.0034 1.0003 1.0303 1.0076 1.0245 1.0656 0.8056
1.0510 1.1628 1.1325 1.1988 1.0972 0.9640 1.0048 1.3144 0.8642 1.0833 1.1004 0.7591 0.7045 0.8146 0.7614 0.9506
0.9622 0.8395 1.0070 0.7748 0.8630 0.8810 0.8380 1.0916 1.0076 1.0426 1.0863 1.0245 1.0792 1.0755 1.2338 1.1482
1.3834 1.1144 0.9823 1.0670 1.1218 1.0892 1.1047 1.1431 1.0298 0.8011 0.9720 0.9359 0.8070 0.6229 0.6332 0.6645
0.7561 0.9309 0.9426 0.8630 0.8536 0.9606 1.0986 1.0324 1.0000 0.9759 1.1018 1.0309 1.0000 1.1645 1.2326 1.4085
1.0735 0.9039 1.1109 1.0000 0.9156 1.0410 1.0536 0.8917 1.0192 1.1416 1.0435 1.0214 0.9341 0.8804 0.9580 0.9723
1.0089 1.0027 0.7744 1.1241 0.8436 0.8854 1.1150 0.9339 0.9025 1.0000 1.0000 1.1250 1.0000 0.9995 1.1164 1.1888
1.3376 1.0365 1.5514 1.1411 0.9355 1.2065 1.1134 1.0868 1.1534 0.9077 0.9058 0.9294 0.7713 0.7414 0.7259 0.7877
0.8534 0.9176 1.0919 1.0448 0.9732 0.9958 0.9843 1.0695 1.2007 1.2426 1.0995 0.9643 0.9745 0.8468 0.6036 0.5621
1.3177 1.0643 1.0000 1.0198 1.2079 1.1598 1.0549 1.0307 1.0288 0.8448 0.9716 1.0998 0.9039 0.9751 0.8765 0.7340
0.5719 0.5361 0.8077 0.7562 0.7740 0.9268 1.0219 1.1173 1.0898 1.0171 1.1100 1.2910 1.1793 0.9328 0.9880 1.2974
1.1021 0.9180 1.0203 0.8411 0.9764 1.0419 1.0432 1.1170 1.0000 1.4041 1.0244 0.9137 0.8986 0.8953 0.8005 0.7704
0.7808 0.7203 0.7171 0.8577 0.8251 0.9288 0.8593 0.9068 1.2183 1.1225 1.1537 1.1756 1.2417 1.1063 0.5458 1.2991
1.1752 1.0760 0.9050 0.9749 1.0346 1.0220 1.1366 1.0785 1.0580 1.0124 1.1286 1.1558 1.0444 0.9301 0.8571 0.8808
