0.7325 0.7845 0.8503 0.8839 1.0294 1.0863 1.0590 1.1824 1.1473 1.1872 1.0217 0.9967 1.0290 1.0202 0.8608 0.8717
0.8277 0.8422 0.9595 1.0432 1.0868 1.2299 1.2094 0.9674 1.0078 0.9620 1.1070 0.9994 0.9495 0.8579 0.9823 0.7647
0.6563 0.6961 0.9070 0.9101 0.9445 1.0822 1.1175 1.0767 1.0838 1.2471 0.9973 0.9793 0.9067 0.9134 0.9144 0.7265
0.6477 0.7340 0.8522 0.9565 0.9882 1.0732 1.1130 1.0451 0.9810 1.1560 1.1311 0.9698 1.0335 0.8941 0.9265 0.7613
0.7140 0.7524 0.7983 0.9010 1.0000 1.0003 1.0821 1.0622 1.1839 1.2437 1.0534 1.0385 0.9697 1.0475 0.9531 0.8598
0.8235 0.8463 0.8563 0.9405 1.1396 1.0780 1.1666 1.1053 1.1804 1.1265 1.0632 1.0192 0.9867 0.9380 0.8657 0.8655
0.7389 0.8111 0.8557 0.9233 1.0302 1.0334 1.1645 1.1406 1.1096 1.0717 1.0936 1.0512 0.9905 0.9265 0.8385 0.9594
0.8775 0.7987 0.8671 0.9420 1.0000 1.0829 1.1941 1.1052 1.0967 1.0693 1.1362 1.0971 1.0282 0.9264 0.8552 0.9166
0.8058 0.8731 0.8570 0.8548 1.0230 1.0119 1.1276 1.0449 1.1002 1.1218 1.0499 1.0928 0.9803 1.0342 0.9132 0.8350
0.6813 0.7589 0.8463 0.9557 0.9995 1.0035 1.0640 1.1071 0.9735 1.0391 1.1652 0.9725 0.9118 0.9733 1.0058 1.0198
0.7191 0.6568 0.7367 0.8057 0.9392 1.0361 1.1296 1.0189 1.0275 1.0755 1.0187 0.9654 1.0152 0.9898 0.8643 0.9620
0.7459 0.8428 0.9160 0.9865 1.1599 1.1290 1.1336 0.8785 1.0328 1.2371 1.0704 0.9731 0.9513 1.0000 1.0000 0.7159
0.9227 0.8830 0.8950 1.0069 1.1464 1.0873 1.1611 1.0168 1.1284 1.0540 1.0709 1.0338 1.0111 0.8502 0.8453 0.9586
0.8959 0.9024 0.9524 1.0028 0.9971 1.1035 1.1706 1.1271 1.0900 1.0599 1.1699 0.9342 0.9528 1.0000 0.8400 0.8086
0.6644 0.7313 0.8417 0.8979 0.9953 1.1625 1.0854 1.0529 1.0547 1.0839 1.0978 1.1244 0.9922 0.8714 0.9033 0.8320
0.6725 0.7906 0.9225 0.9872 0.9834 1.0387 1.0947 1.0372 1.0899 1.0154 1.0043 1.0608 1.0000 0.9801 0.9153 0.8688
0.8718 0.7655 0.8764 0.8833 1.0222 1.1535 0.9858 1.1897 1.1430 1.1857 1.0519 1.0330 1.1107 0.9355 0.8854 0.9018
0.6890 0.7670 0.7850 0.8118 1.0054 1.0054 1.1267 0.9943 0.9999 1.1022 1.0865 1.0630 1.0204 1.0313 0.8888 0.9084
0.6898 1.0000 0.8850 0.9164 0.9706 1.1277 1.1230 1.0503 1.0857 1.1534 1.0809 0.9113 1.0014 0.9088 0.8875 0.8951
0.8238 0.8086 0.9122 0.8468 1.0335 1.1468 1.0072 1.0658 1.0760 1.1853 1.0475 1.1232 1.0000 0.9732 0.9616 0.9289
0.8726 0.8817 0.8801 0.9468 0.9466 1.0903 1.0677 1.0562 1.0362 0.9702 1.0557 1.1177 1.0143 0.9904 1.0096 0.9611
0.6094 0.7709 0.9108 0.9677 1.0000 1.0560 1.0682 1.0679 1.0405 1.0910 1.0210 1.0666 0.9937 0.9099 1.0000 0.8132
0.8501 0.7900 0.9517 0.9469 1.0594 1.1611 1.1793 0.9520 1.0833 1.1365 1.1576 1.0214 1.0258 0.9292 0.8852 0.8306
0.7604 0.7868 0.8745 0.9474 1.2270 1.0000 1.0769 1.1844 1.1083 1.0666 1.2358 0.9438 0.9308 0.9314 0.9646 0.9608
0.8290 0.9186 0.8808 0.9438 1.0803 1.0950 1.1754 1.1933 1.1841 1.1693 1.1048 0.9859 0.9734 0.8993 0.7917 0.7721
