0.7396 0.8006 0.8565 0.8750 1.0153 1.0753 1.0445 1.1724 1.1765 1.1750 1.0511 1.0190 1.0396 1.0202 0.8618 0.8629
0.8476 0.8382 0.9383 1.0304 1.0868 1.2128 1.2007 1.0014 1.0593 0.9794 1.1120 0.9990 0.9264 0.8557 0.9655 0.7496
0.6619 0.6992 0.9074 0.9090 0.9600 1.0775 1.1485 1.0737 1.0915 1.2290 1.0144 0.9828 0.9036 0.9182 0.8670 0.7034
0.6753 0.7443 0.8610 0.9713 0.9838 1.0853 1.1176 1.0345 1.0063 1.1575 1.1437 0.9550 1.0187 0.8820 0.8903 0.7414
0.7214 0.8083 0.8143 0.8889 1.0000 1.0173 1.0763 1.0820 1.1876 1.2564 1.0760 1.0200 0.9960 1.0206 0.9184 0.7635
0.8380 0.8534 0.8781 0.9612 1.1224 1.0877 1.1539 1.1494 1.1732 1.1261 1.0669 1.0193 0.9498 0.9257 0.8538 0.8377
0.7692 0.7984 0.8639 0.9339 1.0180 1.0608 1.1793 1.1759 1.1053 1.1092 1.1068 1.0664 0.9604 0.9094 0.8215 0.8988
0.8691 0.8094 0.8622 0.9516 1.0000 1.1200 1.2175 1.1274 1.0531 1.0713 1.1568 1.1106 1.0087 0.9184 0.8293 0.9006
0.8223 0.8637 0.8562 0.8795 1.0136 1.0196 1.1297 1.0489 1.0784 1.1302 1.0701 1.1051 0.9736 1.0278 0.8864 0.8261
0.6792 0.7349 0.8661 0.9482 1.0066 1.0343 1.0550 1.1027 1.0172 1.0677 1.1782 0.9864 0.9193 0.9682 0.9708 0.9607
0.7366 0.6521 0.7586 0.7953 0.9515 1.0379 1.1123 1.0499 1.0522 1.0634 1.0285 0.9683 1.0010 0.9755 0.8502 0.9706
0.7442 0.8160 0.9179 0.9727 1.1516 1.1089 1.1197 0.8974 1.0727 1.2094 1.0949 0.9591 0.9270 1.0000 1.0000 0.6814
0.9415 0.8764 0.9098 1.0152 1.1255 1.1226 1.1753 1.0566 1.1369 1.0499 1.0652 1.0344 0.9730 0.8408 0.8215 0.9196
0.9224 0.9002 0.9634 0.9964 1.0040 1.1066 1.1477 1.1456 1.1187 1.0758 1.1683 0.9264 0.9285 1.0000 0.8095 0.7729
0.7029 0.7590 0.8699 0.9284 1.0148 1.1624 1.0442 1.0697 1.0513 1.0597 1.1615 1.1344 1.0029 0.8555 0.8651 0.7653
0.6947 0.8147 0.9311 0.9918 0.9896 1.0574 1.0994 1.0584 1.0923 1.0281 1.0234 1.0521 0.9838 0.9657 0.8907 0.8321
0.8568 0.8158 0.8799 0.9103 1.0498 1.1725 1.0065 1.1755 1.1443 1.1845 1.0686 1.0254 1.0743 0.9152 0.8619 0.8615
0.7254 0.7544 0.7986 0.8112 1.0028 1.0064 1.1163 1.0241 1.0080 1.1057 1.0754 1.0378 1.0182 1.0296 0.8546 0.8677
0.7294 1.0000 0.8891 0.9245 0.9916 1.1538 1.1309 1.0937 1.0913 1.1565 1.0776 0.9148 0.9616 0.9083 0.8434 0.8727
0.8515 0.8289 0.9197 0.8790 1.0330 1.1338 1.0156 1.1172 1.0819 1.1836 1.0709 1.1082 1.0000 0.9759 0.9216 0.8957
0.8634 0.8592 0.8889 0.9845 0.9606 1.1167 1.0850 1.0582 1.0435 1.0280 1.0746 1.1354 0.9964 0.9843 0.9804 0.8646
0.6236 0.7668 0.8834 0.9597 1.0000 1.0761 1.0642 1.0900 1.0575 1.0947 1.0365 1.0293 0.9847 0.9081 1.0000 0.8112
0.8694 0.7982 0.9250 0.9301 1.0923 1.1798 1.1895 0.9888 1.1014 1.1598 1.1599 1.0158 1.0283 0.9290 0.8487 0.8118
0.7622 0.7964 0.8732 0.9241 1.2053 1.0000 1.0877 1.1961 1.1124 1.0851 1.2390 0.9630 0.9425 0.9301 0.9488 0.9304
0.8780 0.9176 0.8963 0.9874 1.0718 1.1096 1.1337 1.1731 1.1716 1.1758 1.1158 0.9899 0.9495 0.9051 0.7836 0.7601
