1.3376 1.2701 1.2705 1.3328 1.1234 1.0404 1.0982 0.9264 1.0898 1.0639 0.8921 0.8094 0.8462 0.7142 0.6257 0.6224
1.0000 0.8310 0.8737 0.9686 1.0365 0.9598 1.0126 0.9989 0.9176 1.1127 1.0780 0.9987 1.0180 1.1694 0.9918 1.0000
1.3984 1.2904 1.3050 2.0797 1.1381 1.2460 1.0000 0.8939 1.1553 1.0109 0.8867 0.7244 0.8490 0.8915 0.7638 0.7878
0.9531 0.7471 0.8987 1.0182 0.8924 0.9590 1.0106 0.9879 1.1156 1.0862 1.0048 1.0007 1.0309 0.9481 1.0342 1.3025
1.4054 1.2435 1.2040 1.0973 1.0536 1.0928 1.1152 1.1677 0.9006 1.0239 1.2493 0.9886 0.9674 0.9503 1.0371 1.0301
0.7896 0.8426 0.7081 0.8805 0.8594 0.9900 1.1547 1.0261 0.8879 1.2196 0.9619 1.2177 1.0342 1.0348 1.0917 1.2752
1.5929 1.2841 1.2309 1.1844 1.1726 0.9713 0.9642 0.8541 0.8789 0.9238 0.8787 0.8155 0.8432 0.9971 1.0000 0.8244
0.9277 1.0148 0.8679 0.9497 0.8817 1.0684 1.0930 1.1443 1.1674 1.0182 1.0061 1.0680 0.8952 0.8467 0.9835 1.0747
0.9582 0.9501 1.1761 1.0285 0.9557 1.1215 0.9790 1.1540 1.0895 0.9359 1.0275 0.9586 0.9941 0.7727 1.0319 1.1660
0.8831 0.7199 0.9654 0.8505 0.9327 0.9876 0.9241 1.0178 0.9030 1.1256 0.9182 1.0785 1.2468 1.1798 1.2434 1.7027
0.6264 1.0109 1.0150 0.9042 0.9642 1.0994 1.0703 1.1667 1.0915 0.9752 0.8502 0.9294 0.9710 0.9510 0.8252 1.2055
0.9028 0.8422 0.8955 0.9434 0.9030 0.9919 1.0487 0.9374 1.0130 1.0050 1.0355 1.1025 1.1074 1.1412 1.1955 0.8953
1.1661 1.2132 1.1306 1.2510 1.1399 1.0922 1.0717 1.4305 0.7910 1.1064 1.1179 0.7569 0.7029 0.7649 0.6958 0.8499
1.0126 0.8223 1.0277 0.8130 0.8123 0.8647 0.8319 1.0265 1.0249 1.0538 1.1077 1.0378 1.0628 1.1039 1.2372 1.1534
1.4212 1.2993 1.0670 1.0857 1.2006 1.0852 1.1636 1.0482 0.9218 0.7699 0.8622 0.8265 0.7863 0.6669 0.6530 0.6531
0.7426 0.8366 0.8795 0.8265 0.8564 0.8939 1.0510 0.9788 1.0000 0.9426 1.0969 1.1008 1.0000 1.3102 1.3695 1.4677
1.1840 0.9325 1.1736 1.0000 0.9359 1.0212 1.0465 0.9253 0.9946 1.0229 0.9822 0.9597 0.8921 0.9355 1.0441 1.0656
0.9042 0.8925 0.7797 1.0011 0.8417 0.9096 1.1423 0.9554 0.9388 1.0000 1.0000 1.1637 1.0000 1.0662 1.1569 1.2090
1.4560 1.1855 1.6348 1.2596 1.0176 1.2370 1.1255 1.0887 1.0619 0.8947 0.9289 0.7993 0.7167 0.7091 0.7409 0.7275
0.8629 0.9305 1.0214 1.0050 0.9641 0.9958 1.0175 1.0178 1.1799 1.5462 1.0816 0.9741 1.0177 0.9658 0.6485 0.6015
1.5091 1.1384 1.0000 1.1449 1.2081 1.1232 1.0934 0.9892 0.9830 0.8568 0.9217 1.0540 0.8694 0.9902 0.9110 0.8616
0.6732 0.5474 0.8090 0.6706 0.8419 0.9397 1.0237 1.0659 1.0484 0.9613 1.0882 1.3176 1.1991 1.0057 1.0673 1.4609
1.0323 0.9922 1.0423 0.8578 0.9949 1.0322 1.1006 1.1420 1.0000 1.5092 1.0210 0.8957 0.8650 0.7933 0.6788 0.7627
0.7819 0.7473 0.7352 0.8126 0.7886 0.9097 0.8224 0.9521 1.1098 1.0756 1.1010 1.1779 1.2512 1.1847 0.5458 1.4848
1.4837 1.3605 1.1101 1.3295 1.1262 1.1816 1.2727 1.1527 0.9102 0.9118 0.8392 0.9135 0.8994 0.8951 0.7875 0.9590
