1.3197 1.1807 1.0438 1.0938 0.9930 0.9491 1.0602 0.9009 1.1137 1.1469 0.8684 0.8417 0.9408 0.8225 0.7934 0.9282
1.0000 1.0547 1.3056 1.2752 1.1430 1.0098 1.1107 0.9736 0.8912 0.9180 0.8712 0.8740 0.8599 0.9055 0.8243 1.0000
1.0444 0.8974 0.9113 1.1795 0.8579 0.9629 1.0000 0.9577 0.9713 1.0238 0.9636 0.9610 1.0489 1.1557 1.0527 1.2579
1.3034 1.1825 1.1620 1.1434 1.0098 1.0769 1.1051 0.8866 0.9799 0.8907 0.8919 0.9363 0.8130 0.9360 0.7989 0.9804
1.2646 0.9638 0.8880 1.0092 0.9472 1.0045 0.9948 0.9234 0.9738 1.0693 0.9888 1.0750 0.8840 1.0841 1.0685 1.3312
1.1950 1.0740 0.9974 1.1242 0.9738 1.0817 1.0647 0.9580 0.9125 1.0220 0.9932 0.8718 0.8909 0.8525 1.0083 0.9798
1.1887 1.0994 1.0349 0.9920 0.9479 0.9368 1.0432 0.9768 0.8965 1.0505 0.9582 0.8446 0.9653 1.0939 1.0000 1.0330
1.3362 1.2230 1.1583 1.0984 1.1067 1.0919 1.0545 1.0215 1.0754 0.8820 0.9058 0.8356 0.7942 0.7900 0.7816 0.8411
0.6695 0.7157 0.9028 0.7442 0.9431 0.9640 0.8371 1.0323 1.0399 0.9125 1.0502 0.9855 1.2133 1.0144 1.2294 1.2324
1.1596 1.0012 0.9946 1.1100 1.0095 0.9727 0.9440 1.1482 0.8677 0.8850 0.9066 0.8846 1.0060 0.9898 1.0692 1.0759
0.6735 0.7356 0.8764 0.7923 0.9422 0.9488 0.8907 1.0674 1.0085 0.9548 1.0728 0.9171 1.2752 1.0935 0.9441 1.2902
1.2877 1.1316 1.1722 1.2063 1.0988 1.1031 1.1291 0.9758 1.0011 0.8836 0.8344 0.8797 0.8386 0.8119 0.8442 0.7999
1.0423 0.8711 0.8215 0.9163 0.8651 0.9052 0.8070 1.0470 0.9394 1.0919 1.1842 0.9967 1.0840 1.1642 1.1450 1.5398
1.1988 1.0802 1.1200 1.0051 0.8739 0.9997 1.0384 1.0403 0.9528 0.8762 0.9534 0.8798 0.9808 0.8858 1.0153 1.0748
1.1983 1.1711 0.9269 0.9112 1.0328 1.0414 0.9981 1.0594 1.0042 0.9157 0.9636 0.9690 0.9420 0.7995 0.7691 0.9585
1.0165 0.9622 1.0499 0.8998 0.9798 1.0631 0.9828 0.9678 1.0000 0.9161 0.9505 1.0835 1.0000 1.0092 1.0217 1.1561
0.9332 0.9299 0.9125 1.0000 0.9527 0.9259 1.0192 1.1017 1.0002 1.0215 1.0474 0.9914 1.0685 1.1035 1.2801 1.3010
1.4561 1.3627 1.0485 1.2633 1.0029 0.9975 1.1091 0.9690 0.9014 1.0000 1.0000 0.8781 1.0000 0.8227 0.9126 0.9142
1.4846 1.0005 1.2405 0.9127 0.7995 1.1112 1.0029 0.9721 1.0700 1.0433 0.9243 0.9764 0.8926 0.8737 0.9753 1.1616
1.1869 1.1333 1.1533 1.2215 0.9758 1.0503 0.9438 0.9263 0.9926 0.9977 0.8977 0.7950 0.8096 0.7604 0.5297 0.5150
1.2797 0.9651 1.0000 0.9304 1.1160 1.0482 0.9122 0.9944 0.9721 1.0227 0.9213 1.0680 0.8936 1.0919 0.9714 1.0886
0.6811 0.7419 0.9733 0.9840 1.0945 1.0070 0.9852 0.9358 0.9321 1.0870 0.9864 0.9847 1.0349 0.9862 1.0120 1.2273
1.0332 0.8650 0.9012 0.9497 0.8283 0.9244 0.8620 0.9080 1.0000 1.1321 0.9379 0.9313 1.1544 1.2775 1.3319 1.6620
1.0297 1.0635 0.8689 1.0467 0.8896 0.9687 0.9488 0.9978 1.1113 0.9056 1.0197 1.0341 0.9386 1.0424 0.5458 1.0732
1.1918 1.0082 0.9334 0.9727 1.0079 1.0227 1.0768 1.0169 1.0142 0.9004 1.0291 0.9683 1.0415 0.9440 0.9755 1.0596
