1.3404 1.1872 1.0568 1.1065 0.9782 0.9531 1.0670 0.8960 1.1156 1.1273 0.8558 0.8430 0.9246 0.8304 0.7952 0.9459
1.0000 1.0683 1.3224 1.2739 1.1424 0.9945 1.1067 0.9729 0.8980 0.9115 0.8699 0.8678 0.8747 0.8941 0.8135 1.0000
0.9905 0.8893 0.9411 1.1659 0.8392 0.9540 1.0000 0.9540 0.9693 1.0482 0.9457 0.9541 1.0405 1.1764 1.0567 1.2797
1.2944 1.2099 1.1799 1.1400 1.0224 1.0790 1.0822 0.9037 0.9540 0.8799 0.8933 0.9493 0.8147 0.9451 0.7869 0.9638
1.2655 0.9579 0.9187 1.0164 0.9621 1.0020 0.9553 0.8996 1.0066 1.0846 0.9802 1.1079 0.8882 1.0887 1.0719 1.3152
1.2211 1.0852 1.0265 1.1545 0.9809 1.0806 1.0423 0.9611 0.9249 1.0076 1.0039 0.8501 0.8656 0.8363 1.0117 0.9407
1.1481 1.0870 1.0557 1.0051 0.9532 0.9410 1.0339 0.9851 0.8852 1.0564 0.9749 0.8465 0.9706 1.0252 1.0000 1.0408
1.3757 1.2441 1.1647 1.1138 1.1324 1.0934 1.0667 1.0038 1.0707 0.8803 0.9000 0.8189 0.7858 0.7805 0.7677 0.7997
0.6364 0.6957 0.8758 0.7409 0.9343 0.9370 0.8305 1.0215 1.0192 0.8930 1.0407 0.9919 1.2025 1.0251 1.2031 1.2282
1.1502 0.9993 0.9953 1.1012 1.0021 0.9529 0.9440 1.1689 0.8687 0.8633 0.9320 0.8964 0.9972 0.9901 1.0787 1.0788
0.6662 0.7197 0.8827 0.7995 0.9636 0.9693 0.9017 1.0386 0.9871 0.9620 1.1007 0.9213 1.2169 1.1111 0.9575 1.3267
1.2588 1.1457 1.2064 1.2106 1.0909 1.0889 1.1317 0.9666 0.9846 0.8852 0.8479 0.9033 0.8754 0.8025 0.8274 0.7989
1.0117 0.8343 0.8126 0.8982 0.8737 0.9071 0.8092 1.0278 0.9507 1.1522 1.1820 1.0221 1.1150 1.1886 1.1469 1.5591
1.2143 1.0970 1.1149 1.0524 0.8560 0.9958 1.0427 1.0428 0.9564 0.8825 0.9347 0.8792 0.9753 0.8739 1.0022 1.0578
1.1742 1.1805 0.9444 0.9209 1.0511 1.0572 0.9732 1.0781 0.9977 0.9543 0.9595 0.9618 0.9458 0.7991 0.7796 0.9385
1.0393 0.9293 1.0609 0.8979 0.9930 1.0575 0.9714 0.9995 1.0000 0.8986 0.9367 1.1140 1.0000 0.9963 1.0074 1.1599
0.9062 0.9212 0.9222 1.0000 0.9752 0.9265 1.0498 1.1000 1.0048 1.0341 1.0684 0.9949 1.0209 1.0858 1.2282 1.2510
1.4671 1.3255 1.0470 1.2484 0.9870 1.0066 1.1173 0.9568 0.8958 1.0000 1.0000 0.8927 1.0000 0.8410 0.9131 0.8966
1.5237 1.0196 1.1690 0.8964 0.7744 1.1064 1.0207 0.9777 1.0849 1.0282 0.9220 1.0142 0.9119 0.8914 0.9882 1.1598
1.1638 1.1141 1.1562 1.2093 0.9843 1.0420 0.9574 0.9062 1.0070 1.0616 0.9170 0.8194 0.8326 0.7709 0.5355 0.5259
1.2777 0.9459 1.0000 0.9376 1.1573 1.0766 0.9252 1.0211 0.9666 1.0526 0.9084 1.0548 0.8883 1.0502 0.9595 1.0585
0.7406 0.7381 0.9736 0.9797 1.1080 1.0168 0.9728 0.9575 0.9295 1.0891 0.9744 0.9847 1.0371 0.9914 0.9956 1.1863
1.0302 0.8725 0.9046 0.9851 0.8510 0.9320 0.8745 0.9307 1.0000 1.1654 0.9418 0.9332 1.1693 1.2494 1.3425 1.6888
1.0204 1.0856 0.8844 1.0601 0.8867 1.0011 0.9596 1.0098 1.1188 0.8986 1.0079 1.0516 0.9085 1.0280 0.5458 1.0376
1.1385 0.9822 0.8961 0.9290 0.9666 0.9841 1.0472 0.9996 0.9844 0.8791 1.0353 0.9723 1.0921 0.9749 1.0333 1.1489
