0.7412 0.8038 0.8686 0.8649 1.0178 1.0990 1.0402 1.1747 1.1716 1.1703 1.0374 1.0238 1.0437 1.0190 0.8486 0.8560
0.8443 0.8491 0.9486 1.0267 1.0770 1.2120 1.2191 0.9874 1.0361 0.9845 1.1068 1.0046 0.9279 0.8642 0.9595 0.7393
0.6522 0.6942 0.8888 0.9108 0.9528 1.0505 1.1490 1.0979 1.0963 1.2417 1.0279 0.9887 0.8969 0.9022 0.8725 0.7061
0.6781 0.7459 0.8608 0.9509 0.9782 1.0894 1.1161 1.0584 1.0034 1.1859 1.1517 0.9584 1.0242 0.8662 0.8932 0.7198
0.7403 0.7943 0.8226 0.8935 1.0000 1.0274 1.1224 1.0812 1.1589 1.2072 1.0675 1.0415 0.9459 1.0156 0.8928 0.7777
0.8339 0.8407 0.8805 0.9658 1.1131 1.0604 1.1800 1.1508 1.1852 1.1258 1.0758 1.0197 0.9509 0.9279 0.8505 0.8411
0.7666 0.7918 0.8563 0.9307 1.0153 1.0594 1.1918 1.1833 1.1166 1.1016 1.1105 1.0525 0.9627 0.9050 0.8047 0.9152
0.8707 0.8092 0.8561 0.9411 1.0000 1.1278 1.2262 1.1580 1.0439 1.0647 1.1670 1.1078 1.0121 0.9195 0.8195 0.8827
0.8163 0.8588 0.8482 0.8960 1.0063 1.0264 1.1383 1.0425 1.1134 1.1214 1.0666 1.1178 0.9687 1.0114 0.8751 0.8211
0.6779 0.7488 0.8641 0.9824 0.9829 1.0333 1.0774 1.1147 1.0385 1.0936 1.1985 1.0027 0.9092 0.9793 0.9463 0.9281
0.7262 0.6543 0.7378 0.7778 0.9463 1.0348 1.1383 1.0393 1.0579 1.0724 1.0468 0.9693 0.9903 0.9650 0.8396 0.9651
0.7496 0.8175 0.9257 0.9772 1.1532 1.1161 1.1204 0.8999 1.0563 1.2115 1.0944 0.9537 0.9222 1.0000 1.0000 0.6832
0.9347 0.8842 0.9295 1.0138 1.1508 1.1441 1.1763 1.0420 1.1504 1.0510 1.0805 1.0198 0.9688 0.8243 0.8173 0.8812
0.8919 0.8959 0.9592 1.0095 0.9908 1.1081 1.1670 1.1485 1.1269 1.0658 1.1746 0.9545 0.9320 1.0000 0.8007 0.7801
0.6796 0.7662 0.8721 0.8787 1.0266 1.1693 1.0806 1.0506 1.0609 1.0763 1.1577 1.1650 0.9945 0.8616 0.8266 0.7591
0.6904 0.8113 0.9325 1.0041 0.9947 1.0575 1.0880 1.0606 1.0952 1.0253 1.0308 1.0611 0.9816 0.9523 0.8824 0.8246
0.8549 0.8072 0.8633 0.9088 1.0377 1.1711 1.0110 1.1807 1.1477 1.1918 1.0863 1.0300 1.0624 0.9324 0.8548 0.8547
0.7170 0.7619 0.8076 0.8123 0.9979 1.0106 1.1139 1.0178 1.0229 1.0998 1.0886 1.0282 1.0153 1.0143 0.8532 0.8537
0.7105 1.0000 0.8823 0.9210 0.9806 1.1666 1.1457 1.1106 1.0723 1.1512 1.1017 0.9160 0.9609 0.8951 0.8496 0.8492
0.8568 0.8195 0.9407 0.8892 1.0335 1.1281 1.0091 1.0856 1.0759 1.1989 1.0695 1.1144 1.0000 0.9700 0.9126 0.8814
0.8559 0.8663 0.8729 0.9854 0.9697 1.1067 1.0751 1.0673 1.0621 1.0295 1.0763 1.1235 1.0031 0.9874 0.9745 0.8735
0.6114 0.7596 0.8998 0.9648 1.0000 1.0637 1.0664 1.0808 1.0651 1.1089 1.0558 1.0383 0.9873 0.8958 1.0000 0.7609
0.8682 0.7995 0.9394 0.9470 1.0528 1.1608 1.1824 1.0036 1.1016 1.1596 1.1745 1.0121 1.0121 0.9308 0.8432 0.8147
0.7499 0.7940 0.8682 0.9255 1.2046 1.0000 1.1009 1.2093 1.1214 1.0779 1.2445 0.9738 0.9400 0.9225 0.9370 0.9132
0.8675 0.9206 0.9036 0.9949 1.1023 1.1042 1.1542 1.1621 1.1730 1.1752 1.1099 0.9811 0.9411 0.8816 0.7598 0.7546
