1.2496 1.1529 1.1146 1.1069 1.0197 0.9884 1.0790 0.8827 1.1222 1.1210 0.9070 0.8598 0.9617 0.7811 0.7952 0.8520
1.0000 1.0514 1.0984 1.2751 1.1399 0.9869 1.0479 0.9968 0.8916 0.9660 0.9369 0.8841 0.8994 0.9695 0.8520 1.0000
1.1697 0.9964 0.9686 1.3788 0.9175 0.9925 1.0000 0.9492 1.0198 1.0425 1.0480 0.9343 1.0352 0.9731 1.0044 0.9912
1.2529 1.0947 1.1110 1.1656 1.0523 1.0609 1.1145 0.9320 1.0054 0.9270 0.9146 0.9376 0.8572 0.8783 0.8231 0.9628
1.4346 1.0863 0.9867 1.0477 0.9367 0.9395 1.0006 0.9632 0.8185 0.9131 1.0122 1.0868 0.9005 1.0758 1.0821 1.2865
1.0917 1.0845 0.9463 1.0569 0.9220 1.0631 1.0750 0.9750 0.8339 1.0774 0.9033 0.9506 0.9478 0.9348 1.0185 1.1103
1.2711 1.1089 1.1052 1.0543 0.9892 0.9215 1.0044 0.9201 0.9001 1.0219 0.9743 0.8446 0.9589 1.0444 1.0000 1.0271
1.2073 1.2470 0.9949 1.0468 1.0765 1.0874 1.0882 1.0446 1.0930 0.9486 0.9515 0.8812 0.8297 0.7882 0.8015 0.9114
0.7053 0.7470 0.9547 0.7952 0.8984 0.9474 0.8645 1.0841 1.0674 0.9575 1.0890 1.0316 1.2114 0.8929 1.2509 1.0801
0.9692 0.9108 0.8604 1.0602 0.9873 1.0018 0.9803 0.9737 0.9002 0.9896 0.9642 0.9609 1.1336 1.0497 1.1469 1.2699
0.6463 0.7655 0.8663 0.8445 0.9183 0.9849 0.9396 1.1297 1.0416 0.9790 0.9989 0.9746 1.1537 1.1329 0.9604 1.0903
1.2543 1.1088 1.1250 1.1651 1.0486 1.1033 1.1485 0.9614 1.0139 0.8860 0.8525 0.8927 0.8665 0.8657 0.9207 0.7856
0.9553 0.9867 0.9522 1.0655 0.9836 0.8803 0.8038 1.1318 0.9088 0.9912 1.1100 0.9062 1.0131 1.1374 1.0719 1.3789
1.0600 0.9800 1.0279 0.8312 0.9178 0.9821 0.9374 1.0681 0.9505 0.9738 1.0383 0.9611 1.0591 0.9680 1.1058 1.1058
1.3134 1.1390 0.9764 0.9650 1.0663 1.0797 1.0709 1.0783 0.9862 0.8195 0.9685 0.9541 0.9211 0.7479 0.7221 0.8053
0.9426 0.9402 1.0411 0.9134 0.9102 1.0491 0.9953 1.0087 1.0000 0.9163 1.0295 0.9381 1.0000 1.0947 1.1132 1.2737
0.9838 0.9360 0.9947 1.0000 0.9506 0.9869 1.0538 0.9429 1.0089 1.0621 1.0618 1.0006 1.0233 0.9878 1.1550 1.2758
1.3780 1.3248 0.9673 1.2756 0.9559 1.0122 1.1425 0.9155 0.9030 1.0000 1.0000 0.9473 1.0000 0.8490 0.9327 0.9752
1.3913 1.0236 1.3224 0.9997 0.8578 1.1243 1.0369 0.9960 1.1096 0.9829 0.9071 0.9582 0.8664 0.8622 0.8871 1.0550
1.1203 1.0995 1.1477 1.1854 0.9795 1.0350 0.9584 0.9613 1.0067 0.9886 0.9287 0.8467 0.8085 0.7690 0.5563 0.5240
1.4453 1.0449 1.0000 0.9899 1.1695 1.1159 0.9549 1.0053 0.9639 0.8247 0.9161 1.0824 0.9009 1.0757 1.0067 0.9858
0.5339 0.6832 0.9702 0.9411 0.9488 1.0263 1.0216 1.0014 0.9871 1.0291 0.9828 1.0913 1.1069 0.9491 0.9505 1.2832
1.0709 0.8877 0.9551 0.8714 0.8668 0.9394 0.9142 0.9842 1.0000 1.2053 0.9466 0.9391 1.0771 1.2011 1.1849 1.1430
1.0188 0.9556 0.8139 0.9759 0.8630 0.9939 0.8851 0.9230 1.1568 0.9836 1.0704 1.0824 1.0352 1.0421 0.5458 1.1341
1.4087 1.1019 1.0829 1.1539 1.1059 1.0974 1.1322 1.0226 1.0100 0.8430 0.9839 0.8906 0.9437 0.8523 0.7731 0.8682
