0.8657 0.9537 0.9454 0.9507 1.0477 1.1217 1.0540 1.1928 1.1367 1.1467 1.0069 0.8903 1.0396 1.0081 0.7962 0.8337
0.9312 0.9627 1.0753 1.1194 1.1802 1.2746 1.2409 0.8679 0.9372 0.8698 1.0897 0.9554 0.9140 0.7939 0.9365 0.7234
0.6865 0.8232 0.9525 0.9853 1.0422 1.1847 1.0837 1.1113 1.0563 1.2302 0.9626 0.8920 0.9009 0.8909 0.9233 0.6203
0.7008 0.8115 0.9153 1.0360 1.0255 1.1156 1.1352 1.0556 0.9707 1.1308 1.1548 0.9413 0.9782 0.8608 0.8539 0.6526
0.7842 0.8694 0.9012 0.9181 1.0000 1.0922 1.1529 1.0738 1.1359 1.2355 1.0094 0.9702 0.9400 1.0420 0.9536 0.8391
0.8784 0.9507 0.9534 1.0213 1.1957 1.1681 1.1823 0.9813 1.2257 1.1104 1.0634 0.9491 0.9263 0.8673 0.7650 0.7582
0.7655 0.9129 0.9656 0.9846 1.1047 1.0376 1.1807 1.1351 1.1291 1.0515 1.0691 1.0338 0.9395 0.8171 0.7720 0.8600
0.9777 0.8604 0.9378 0.9900 1.0000 1.1561 1.1977 1.0634 1.0752 1.0891 1.0876 1.0514 1.0239 0.8920 0.7626 0.8209
0.8349 0.9489 0.9067 0.9665 1.0690 1.0411 1.1953 1.0286 1.1416 1.1150 1.0293 0.9920 0.9454 0.9949 0.8104 0.7187
0.7429 0.8337 0.9564 1.0873 1.0704 1.1203 1.0920 1.1795 0.9391 1.0292 1.1400 0.8230 0.8146 0.9728 0.9638 0.9499
0.8274 0.7640 0.8819 0.8706 1.0905 1.1666 1.2469 1.0795 1.0493 1.1116 1.0123 0.9963 1.0098 0.9336 0.8178 0.8057
0.7901 0.8809 0.8971 1.0307 1.1524 1.1437 1.1788 0.9165 0.9895 1.2141 0.9956 0.9182 0.8794 1.0000 1.0000 0.5702
0.9489 0.9040 0.9415 1.0241 1.1647 1.0842 1.1345 0.9073 1.1132 0.9959 1.0241 0.9388 0.9830 0.7620 0.7189 0.8754
0.9334 0.9876 0.9871 1.0167 0.9927 1.1480 1.1610 1.0509 1.0548 1.0001 1.0821 0.9071 0.8840 1.0000 0.7906 0.7086
0.6900 0.8091 0.8782 0.9169 1.0727 1.2520 1.0922 1.0872 1.0281 1.0706 1.1068 1.1433 1.0108 0.8252 0.8413 0.7677
0.7599 0.9224 0.9650 1.0972 1.0329 1.0416 1.1087 1.0144 1.1035 0.9560 1.0015 1.0248 0.9858 0.8976 0.8388 0.7667
0.9329 0.7302 0.8795 0.8697 1.1443 1.2682 0.9975 1.2003 1.0786 1.1289 0.9913 1.0127 1.1351 0.8813 0.8114 0.8952
0.7109 0.9440 0.8410 0.8400 1.0649 0.9961 1.2057 1.1377 1.0366 1.1594 1.1077 0.9912 0.9519 0.9230 0.8771 0.8647
0.7712 1.0000 0.9653 0.9308 1.0007 1.1629 1.1622 1.0426 1.0720 1.1799 1.1067 0.8899 0.9691 0.8686 0.8510 0.8040
0.8925 0.8864 1.0324 0.9265 1.0954 1.2285 0.9897 1.1152 1.0748 1.1590 0.9641 1.1162 1.0000 0.8696 0.8871 0.7484
0.9329 0.9629 0.9234 0.9779 0.9123 1.1341 1.0781 1.0808 1.0541 0.9678 1.0373 1.1684 0.9680 0.9764 0.9419 0.7874
0.6569 0.8249 0.9609 1.0211 1.0000 1.0328 1.0500 1.0421 1.0276 1.0663 0.9449 1.0410 0.9554 0.8576 1.0000 0.7326
0.7991 0.8055 1.0336 1.0528 1.0651 1.1602 1.1626 0.9029 1.1201 1.1680 1.1623 1.0225 1.0690 0.8892 0.8098 0.7914
0.8697 0.8522 0.9087 1.0047 1.2622 1.0000 1.1102 1.1970 1.1011 1.0277 1.1987 0.9037 0.9090 0.8473 0.9336 0.8791
0.8191 0.9740 0.8556 1.0258 1.1329 1.1099 1.2222 1.1848 1.1331 1.1814 1.0514 0.9254 0.9117 0.8183 0.6832 0.6440
