1.3222 1.1822 1.0660 1.1070 0.9938 0.9596 1.0695 0.8862 1.1313 1.1511 0.8663 0.8352 0.9352 0.8054 0.8021 0.8963
1.0000 1.0871 1.2623 1.2472 1.1281 1.0157 1.0607 0.9855 0.8619 0.9273 0.8946 0.8867 0.8973 0.9146 0.8275 1.0000
1.0663 0.9262 0.9063 1.2392 0.8608 0.9816 1.0000 0.9507 0.9924 1.0602 0.9728 0.9335 1.0432 1.0940 1.0608 1.1865
1.3189 1.1586 1.1568 1.1293 1.0099 1.0580 1.0930 0.8781 0.9932 0.8889 0.9163 0.9594 0.8256 0.9501 0.8036 0.9707
1.3212 0.9961 0.9272 1.0417 0.9391 0.9705 0.9797 0.9008 0.9275 1.0267 0.9703 1.1008 0.9019 1.0822 1.0667 1.3236
1.1491 1.0557 0.9778 1.0853 0.9541 1.0604 1.0610 0.9827 0.9100 1.0492 0.9750 0.9048 0.9012 0.8934 1.0368 1.0038
1.2015 1.0885 1.0679 0.9893 0.9396 0.9463 1.0243 0.9692 0.8831 1.0570 0.9679 0.8397 0.9884 1.0820 1.0000 1.0296
1.3319 1.2343 1.1393 1.0830 1.1188 1.0921 1.0523 0.9966 1.0736 0.8882 0.9077 0.8462 0.8100 0.7969 0.7811 0.8473
0.6597 0.7164 0.9006 0.7546 0.9437 0.9674 0.8508 1.0320 1.0349 0.8975 1.0575 1.0128 1.2248 0.9994 1.2255 1.1968
1.0992 0.9623 0.9417 1.0746 1.0022 0.9695 0.9425 1.1305 0.8689 0.9076 0.9323 0.9063 1.0343 1.0124 1.1184 1.1512
0.6408 0.7319 0.8876 0.8241 0.9478 0.9814 0.9198 1.0170 0.9760 0.9640 1.0809 0.9356 1.2017 1.1216 0.9831 1.2206
1.2447 1.1261 1.1517 1.2043 1.0571 1.0787 1.1150 0.9827 1.0287 0.8666 0.8597 0.8898 0.8640 0.8343 0.8841 0.8095
0.9894 0.8737 0.8503 0.9227 0.8825 0.8985 0.8014 1.1048 0.9440 1.0699 1.1851 0.9947 1.0694 1.1733 1.1136 1.4790
1.1358 1.0367 1.1004 0.9505 0.8515 0.9787 0.9912 1.0489 0.9568 0.9266 0.9703 0.8979 1.0328 0.9037 1.0574 1.1106
1.2425 1.1671 0.9588 0.9277 1.0461 1.0660 1.0065 1.0482 1.0037 0.8881 0.9533 0.9582 0.9598 0.7801 0.7564 0.8891
1.0074 0.9708 1.0637 0.9042 0.9832 1.0305 0.9652 0.9994 1.0000 0.9020 0.9602 1.0409 1.0000 1.0168 1.0506 1.1968
0.9524 0.9525 0.9382 1.0000 0.9746 0.9317 1.0281 1.0487 0.9903 1.0187 1.0487 1.0030 1.0444 1.0743 1.2613 1.2854
1.4413 1.3680 1.0571 1.2555 0.9649 0.9801 1.1246 0.9586 0.8964 1.0000 1.0000 0.8951 1.0000 0.8334 0.9226 0.9275
1.4596 1.0199 1.1962 0.9322 0.8132 1.1031 1.0236 0.9704 1.0817 1.0204 0.9313 1.0094 0.8988 0.8692 0.9538 1.1431
1.1684 1.1039 1.1421 1.2166 0.9817 1.0417 0.9473 0.9495 0.9899 1.0390 0.9224 0.8002 0.8035 0.7650 0.5363 0.5136
1.2788 0.9412 1.0000 0.9426 1.1141 1.0588 0.9264 1.0193 0.9897 0.9837 0.9487 1.0622 0.9128 1.0778 0.9930 1.0238
0.6400 0.7049 0.9540 0.9652 1.0574 0.9934 0.9822 0.9780 0.9557 1.1085 0.9442 1.0346 1.0470 0.9950 0.9875 1.2445
1.0440 0.8734 0.9250 0.9641 0.8485 0.9133 0.8810 0.9344 1.0000 1.1058 0.9442 0.9332 1.1347 1.2686 1.2697 1.4951
1.0437 1.0456 0.8760 1.0463 0.8862 0.9753 0.9420 0.9823 1.1111 0.9393 0.9886 1.0434 0.9619 1.0344 0.5458 1.0794
1.2726 1.0939 0.9961 1.0577 1.0631 1.0418 1.1002 1.0084 1.0153 0.8958 1.0185 0.9039 1.0099 0.8932 0.8914 0.9709
