0.8549 0.9395 0.9310 0.9399 1.0451 1.1063 1.0613 1.1852 1.0869 1.1572 0.9885 0.9468 1.0423 1.0542 0.8157 0.8409
0.9080 0.9333 1.0450 1.1153 1.1635 1.2736 1.2205 0.8646 0.9218 0.8685 1.0929 0.9634 0.9535 0.8236 1.0105 0.7800
0.6972 0.8173 0.9752 0.9649 1.0208 1.1666 1.0388 1.1022 1.0308 1.2589 0.9694 0.8706 0.9149 0.9261 1.0064 0.6475
0.6820 0.8152 0.9093 1.0324 1.0472 1.1034 1.1536 1.0832 0.9457 1.0973 1.1464 0.9255 0.9865 0.8657 0.8930 0.6395
0.8083 0.8581 0.8944 0.9155 1.0000 1.0667 1.1255 1.0454 1.1413 1.2209 1.0039 0.9653 0.9493 1.0690 0.9960 0.9001
0.8645 0.9330 0.9287 1.0052 1.1949 1.1198 1.2006 0.9602 1.1803 1.1255 1.0728 0.9831 0.9387 0.8844 0.8078 0.8007
0.7546 0.8737 0.9725 0.9614 1.1112 0.9722 1.1982 1.1972 1.0968 1.0341 1.0581 1.0190 0.9795 0.8617 0.8174 0.8483
0.9826 0.8590 0.9127 0.9920 1.0000 1.1257 1.1858 1.0364 1.1016 1.1011 1.0679 1.0871 1.0320 0.8882 0.8043 0.8310
0.8429 0.9423 0.8925 0.9361 1.0770 1.0423 1.1688 1.0262 1.1168 1.1002 1.0232 0.9957 1.0122 1.0035 0.8302 0.7610
0.7622 0.8115 0.9215 1.0576 1.0391 1.1123 1.0823 1.1448 0.9523 1.0232 1.1430 0.8029 0.8204 1.0082 1.0671 1.0270
0.8317 0.7604 0.8679 0.8656 1.0547 1.1616 1.2243 1.0562 1.0274 1.1095 1.0040 1.0048 1.0383 0.9793 0.8659 0.8362
0.7943 0.8813 0.8770 1.0557 1.1688 1.1665 1.1773 0.9278 0.9568 1.2199 0.9821 0.9037 0.8916 1.0000 1.0000 0.6124
0.9379 0.9079 0.9171 0.9926 1.1505 1.0839 1.1047 0.9059 1.0862 1.0118 1.0252 0.9723 0.9878 0.7972 0.7505 0.9537
0.9659 0.9293 0.9829 1.0033 0.9567 1.0980 1.1589 1.1032 1.0646 0.9849 1.0789 0.9224 0.9055 1.0000 0.8455 0.7224
0.6825 0.7916 0.8447 0.8797 1.0489 1.2401 1.0571 1.1206 1.0082 1.0509 1.1249 1.1756 1.0141 0.8593 0.9260 0.8248
0.7410 0.9022 0.9426 1.0711 1.0236 1.0106 1.0817 0.9850 1.1239 0.9586 0.9877 1.0302 1.0568 0.9505 0.8728 0.7791
0.9059 0.6935 0.8473 0.8491 1.0831 1.2028 1.0123 1.1796 1.0936 1.1324 1.0403 1.0262 1.1572 0.9143 0.8228 0.9815
0.7008 0.9378 0.8307 0.8317 1.0494 0.9898 1.2160 1.1245 1.0345 1.1737 1.1090 1.0064 0.9222 0.8967 0.9375 0.8921
0.7583 1.0000 0.9465 0.9101 0.9986 1.1138 1.1009 0.9852 1.0921 1.1868 1.1381 0.8692 1.0065 0.8949 0.8995 0.8527
0.8797 0.8657 0.9882 0.8936 1.0875 1.1922 0.9978 1.0813 1.0753 1.1510 0.9851 1.1369 1.0000 0.8989 0.9818 0.7992
0.9330 0.9540 0.9282 0.9483 0.8835 1.1039 1.0474 1.0927 1.0696 0.9679 1.0494 1.2008 0.9797 1.0157 0.9585 0.7985
0.6459 0.8503 0.9688 1.0250 1.0000 1.0485 1.0414 1.0475 1.0084 1.0353 0.9359 1.0557 0.9600 0.8782 1.0000 0.7344
0.7905 0.8106 0.9968 1.0149 1.0315 1.1466 1.1763 0.9212 1.0838 1.1567 1.1485 1.0456 1.0773 0.9284 0.8401 0.8421
0.8644 0.8520 0.9199 0.9974 1.2277 1.0000 1.1207 1.1641 1.0989 1.0366 1.2401 0.8529 0.9081 0.8976 0.9335 0.8864
0.8477 0.9424 0.8475 0.9910 1.1398 1.0849 1.1961 1.1600 1.1316 1.1824 1.1030 0.9115 0.9498 0.8400 0.7256 0.7330
