0.7855 0.8129 0.9074 0.9214 1.0120 1.0588 1.0232 1.1414 1.1264 1.1586 1.0308 0.9744 1.1122 1.0773 0.9353 0.9313
0.8739 0.8955 1.0032 1.0521 1.1103 1.2231 1.1929 0.9429 0.9835 0.9213 1.0797 1.0344 0.9542 0.8595 1.0016 0.7959
0.6683 0.7390 0.9249 0.9447 0.9572 1.0946 1.1390 1.0615 1.0665 1.2297 1.0084 0.9935 0.9398 0.9468 0.9445 0.7492
0.6780 0.7282 0.8501 0.9337 0.9415 1.0585 1.0817 1.0245 0.9638 1.1800 1.1358 1.0121 1.0822 0.9423 0.9956 0.7680
0.7994 0.8838 0.8391 0.9048 1.0000 1.0567 1.0876 1.0557 1.1324 1.1938 1.0419 1.0664 0.9579 1.0377 0.9665 0.8390
0.8884 0.9001 0.8900 0.9582 1.1291 1.0602 1.1494 1.0706 1.1585 1.0856 1.0527 1.0051 0.9807 0.9558 0.8869 0.8347
0.7665 0.8345 0.8938 0.9495 1.0159 1.0382 1.1401 1.1247 1.0853 1.0750 1.0869 1.0622 0.9854 0.9082 0.8360 0.9532
0.9030 0.8231 0.8735 0.9366 1.0000 1.0932 1.1901 1.0824 1.1027 1.0628 1.1590 1.0705 1.0394 0.9381 0.8404 0.8852
0.8295 0.8935 0.8530 0.8771 0.9970 1.0192 1.1398 1.0264 1.0739 1.1198 1.0571 1.1319 1.0042 1.0516 0.9067 0.8646
0.7135 0.7868 0.9041 1.0061 1.0116 1.0397 1.0419 1.1480 1.0146 1.0625 1.1470 0.9772 0.9238 0.9543 0.9770 0.9642
0.7761 0.7275 0.8089 0.8629 0.9858 1.0975 1.1671 1.0742 1.0630 1.1207 1.0604 1.0117 1.0874 1.0263 0.8959 0.9311
0.7456 0.8700 0.9342 1.0054 1.1645 1.1126 1.1021 0.8532 1.0032 1.2066 1.0699 0.9827 0.9517 1.0000 1.0000 0.6706
0.9439 0.8862 0.9358 0.9955 1.1311 1.1115 1.1016 0.9874 1.0811 0.9533 1.0440 0.9946 0.9792 0.8169 0.7950 0.9349
0.9127 0.9153 0.9502 1.0259 0.9920 1.0708 1.1223 1.1035 1.0702 1.0454 1.1191 0.9182 0.9428 1.0000 0.8157 0.8019
0.7161 0.7974 0.8810 0.9356 0.9933 1.1684 1.0881 1.0616 1.0556 1.0546 1.1356 1.1585 1.0397 0.8304 0.9055 0.7545
0.7321 0.8553 0.9694 1.0045 0.9716 1.0406 1.0512 1.0384 1.0524 1.0098 1.0267 1.1092 0.9989 0.9611 0.9180 0.8573
0.8685 0.8086 0.9088 0.8963 1.0355 1.1511 0.9499 1.1068 1.1135 1.1736 1.0245 1.0427 1.1221 0.9400 0.9177 0.9190
0.7306 0.8148 0.8473 0.8629 1.0194 1.0207 1.1247 1.0259 1.0205 1.1162 1.1077 1.0612 1.0280 1.0187 0.9725 0.9598
0.7026 1.0000 0.9067 0.8957 0.9509 1.1190 1.1308 1.0608 1.0449 1.1591 1.0817 0.9185 0.9881 0.9103 0.9249 0.9165
0.8931 0.8655 1.0041 0.9087 1.0737 1.1598 1.0082 1.0811 1.0785 1.1828 1.0100 1.0878 1.0000 0.9297 0.9000 0.8057
0.8886 0.8832 0.9204 0.9742 0.9632 1.0800 1.0686 1.0445 1.0346 0.9650 1.0603 1.1271 1.0522 1.0091 1.0061 0.8915
0.6060 0.7600 0.9190 0.9813 1.0000 1.0250 1.0255 1.0213 0.9878 1.0696 1.0058 1.0639 0.9795 0.9192 1.0000 0.7621
0.8902 0.8162 0.9990 0.9609 1.0891 1.1099 1.1519 0.9376 1.0540 1.1060 1.1333 1.0249 1.0802 0.9366 0.8954 0.8326
0.7564 0.7941 0.8713 0.9227 1.1785 1.0000 1.0584 1.1948 1.0843 1.0286 1.2125 0.9575 0.9666 0.9428 1.0172 1.0188
0.8516 0.9471 0.8881 0.9845 1.0824 1.1161 1.1625 1.2026 1.1365 1.1819 1.0552 0.9624 0.9231 0.8468 0.6930 0.6375
