1.2641 1.1671 1.2021 1.2732 1.1465 1.0659 1.1458 0.9084 1.0750 1.0861 0.9345 0.8165 0.8868 0.7013 0.6934 0.6547
1.0000 0.8717 0.9146 1.0630 1.0810 0.9644 0.9865 0.9767 0.9177 1.0948 1.0658 0.9849 1.0094 1.1461 0.9146 1.0000
1.3695 1.2639 1.3525 2.0010 1.1411 1.2090 1.0000 0.8670 1.0166 1.0104 0.8774 0.7878 0.8300 0.9391 0.7036 0.7695
1.0028 0.8091 0.9670 1.0621 0.9605 0.9795 1.0589 0.9973 1.0826 1.0878 0.9928 0.9679 1.0119 0.8815 1.0011 1.1843
1.5816 1.1435 1.1242 1.0750 0.9815 1.0259 1.1340 1.0871 0.8610 0.9731 1.0000 1.0214 0.9181 0.9509 1.0097 1.0947
0.8229 0.9231 0.7379 0.8877 0.8681 0.9867 1.1257 1.0100 0.8502 1.2293 0.9232 1.1555 1.0092 1.0417 1.0464 1.2613
1.5409 1.2485 1.1742 1.1559 1.1608 0.9382 0.9928 0.8411 0.8678 0.9425 0.8875 0.8483 0.8958 1.0277 1.0000 0.8615
0.9354 1.0713 0.8412 0.9737 0.9038 1.0600 1.0937 1.1250 1.1512 1.0165 0.9718 1.0525 0.9224 0.8537 0.9513 1.1142
0.8466 0.8534 1.0819 0.9448 0.9099 1.0419 0.8937 1.1344 1.1063 0.9691 1.0741 0.9709 1.1001 0.7892 1.0888 1.1047
0.8530 0.8045 0.9017 0.9099 0.9281 0.9696 0.9128 0.9757 0.9139 1.1045 0.9710 1.0089 1.2117 1.1352 1.2175 1.7136
0.6130 0.9167 0.9729 0.8968 0.9067 1.0660 1.0587 1.1960 1.1178 1.0107 0.8606 0.9709 0.9661 1.0301 0.8581 1.1413
0.9487 0.8693 0.9548 0.9881 0.9258 1.0263 1.1170 0.9551 0.9988 1.0085 1.0190 1.0770 1.0342 1.1112 1.1462 0.8573
1.0963 1.1370 1.1336 1.2309 1.1183 1.0176 1.0103 1.3730 0.8478 1.1150 1.0610 0.7583 0.7377 0.7547 0.7489 0.8653
0.9978 0.7816 0.9592 0.7691 0.8248 0.8230 0.8130 1.0423 0.9701 1.0382 1.0786 1.0386 1.1506 1.1458 1.3252 1.1839
1.5396 1.2785 1.0803 1.1550 1.1707 1.1068 1.1482 1.0815 0.9582 0.7022 0.9074 0.8406 0.6896 0.6170 0.5907 0.6499
0.7394 0.8493 0.8895 0.8447 0.8580 0.9184 1.0261 1.0160 1.0000 0.9681 1.1140 1.0241 1.0000 1.2695 1.3343 1.4343
1.1088 0.8996 1.1015 1.0000 0.9350 1.0289 1.0443 0.9033 0.9865 1.0766 1.0170 0.9799 0.9210 0.9736 1.0099 1.0253
0.9421 0.9671 0.7640 1.0853 0.8319 0.9047 1.1203 0.9269 0.9265 1.0000 1.0000 1.1493 1.0000 1.0325 1.1276 1.2042
1.4417 1.1347 1.6124 1.1873 0.9959 1.2253 1.0845 1.0616 1.0852 0.8527 0.8837 0.8633 0.7928 0.7234 0.7562 0.7946
0.8650 0.9289 1.0954 1.1199 0.9754 1.0388 1.0075 1.1010 1.1424 1.3462 1.0557 0.9419 0.9088 0.8721 0.6157 0.5888
1.4344 1.0990 1.0000 1.1300 1.1963 1.1634 1.0747 0.9782 0.9699 0.8263 0.9435 1.0581 0.9226 0.9959 0.9300 0.8122
0.6047 0.5751 0.8432 0.7254 0.8173 0.9564 1.0281 1.0746 1.0742 0.9867 1.0993 1.2887 1.1923 0.9385 1.0053 1.3592
1.1245 0.9705 1.0835 0.8505 1.0394 1.0503 1.0888 1.1189 1.0000 1.3644 0.9975 0.8620 0.8508 0.8033 0.6958 0.6931
0.7873 0.7361 0.7007 0.8180 0.7939 0.8982 0.8210 0.9364 1.1731 1.1398 1.1447 1.1662 1.2901 1.1583 0.5458 1.4129
1.4458 1.3055 1.2111 1.2596 1.2349 1.1754 1.1838 1.0067 0.9174 0.9539 0.9646 0.9989 0.9383 0.8171 0.7949 0.9848
