0.8380 0.9268 0.9238 0.9366 1.0466 1.1029 1.0652 1.1701 1.0629 1.1696 0.9893 0.9912 1.0545 1.0619 0.8342 0.8311
0.8930 0.9353 1.0308 1.0983 1.1518 1.2579 1.2059 0.8849 0.9154 0.8688 1.1065 0.9623 0.9644 0.8349 1.0277 0.7863
0.6974 0.7958 0.9889 0.9805 1.0093 1.1465 1.0283 1.1013 1.0294 1.2869 0.9734 0.8487 0.9273 0.9298 1.0272 0.6441
0.6755 0.8111 0.9146 1.0150 1.0384 1.1002 1.1686 1.0800 0.9350 1.0902 1.1476 0.9338 0.9951 0.8589 0.9122 0.6345
0.7722 0.8469 0.8802 0.9045 1.0000 1.0713 1.1157 1.0455 1.1593 1.2174 1.0065 0.9623 0.9618 1.0667 1.0373 0.8676
0.8597 0.9327 0.9280 1.0035 1.1553 1.1210 1.2047 0.9574 1.1689 1.1209 1.0497 1.0152 0.9614 0.9008 0.8174 0.8099
0.7340 0.8665 0.9607 0.9566 1.0998 0.9480 1.2265 1.2125 1.0754 1.0023 1.0622 1.0014 0.9884 0.9072 0.8394 0.8504
0.9616 0.8556 0.9123 0.9986 1.0000 1.1158 1.2056 1.0408 1.1065 1.0849 1.0600 1.1209 1.0336 0.8774 0.8241 0.8097
0.8520 0.9375 0.8801 0.9129 1.0587 1.0524 1.1476 1.0155 1.1070 1.0927 1.0389 1.0137 1.0337 1.0112 0.8478 0.7515
0.7653 0.8066 0.9138 1.0317 1.0371 1.0732 1.0804 1.1460 0.9687 1.0285 1.1453 0.8017 0.8341 1.0098 1.0592 1.0420
0.8229 0.7433 0.8535 0.8563 1.0541 1.1657 1.2191 1.0510 1.0280 1.1130 0.9926 1.0042 1.0490 0.9975 0.8786 0.8379
0.8134 0.8701 0.8824 1.0687 1.1711 1.1906 1.1894 0.9304 0.9438 1.1835 0.9648 0.8923 0.9020 1.0000 1.0000 0.6065
0.9442 0.9104 0.9248 1.0048 1.1405 1.0703 1.1117 0.8952 1.0724 0.9839 1.0151 0.9847 1.0117 0.8202 0.7647 0.9578
0.9501 0.9450 0.9842 1.0031 0.9501 1.0928 1.1773 1.1111 1.0532 0.9695 1.0834 0.9132 0.9244 1.0000 0.8431 0.7065
0.6671 0.7958 0.8296 0.8806 1.0372 1.2373 1.0626 1.1246 1.0061 1.0520 1.1266 1.1752 1.0231 0.8586 0.9460 0.8160
0.7247 0.8976 0.9759 1.0651 1.0275 1.0199 1.0676 0.9721 1.1223 0.9395 0.9776 1.0323 1.0693 0.9560 0.8800 0.7855
0.9077 0.6821 0.8289 0.8427 1.0688 1.1753 1.0031 1.1793 1.0852 1.1455 1.0398 1.0263 1.1632 0.9334 0.8475 1.0027
0.7089 0.9130 0.8349 0.8320 1.0499 0.9904 1.2289 1.1025 1.0268 1.1747 1.1003 0.9975 0.9295 0.9058 0.9592 0.9203
0.7360 1.0000 0.9502 0.9001 0.9988 1.1269 1.1227 0.9666 1.0908 1.1704 1.1255 0.8643 1.0136 0.8851 0.9123 0.8752
0.8631 0.8500 0.9754 0.8759 1.0918 1.2057 1.0109 1.0921 1.0571 1.1308 1.0109 1.1550 1.0000 0.9166 0.9758 0.7931
0.9381 0.9520 0.9347 0.9496 0.8848 1.1127 1.0393 1.0937 1.0588 0.9637 1.0441 1.1874 0.9834 1.0139 0.9604 0.8014
0.6581 0.8695 0.9744 1.0442 1.0000 1.0585 1.0392 1.0526 0.9910 1.0387 0.9353 1.0611 0.9328 0.8741 1.0000 0.7148
0.8098 0.8238 0.9948 0.9851 1.0372 1.1485 1.1801 0.9111 1.0660 1.1296 1.1486 1.0546 1.0689 0.9487 0.8575 0.8572
0.8544 0.8615 0.9283 0.9879 1.2546 1.0000 1.1040 1.1219 1.0933 1.0338 1.2362 0.8484 0.9346 0.9261 0.9255 0.8961
0.8553 0.9323 0.8571 0.9808 1.1494 1.0919 1.1761 1.1724 1.1433 1.1635 1.0914 0.9230 0.9446 0.8387 0.7280 0.7352
