0.7228 0.7889 0.8393 0.8711 1.0220 1.0871 1.0588 1.1823 1.1706 1.1769 1.0415 1.0264 1.0526 1.0126 0.8527 0.8569
0.8275 0.8599 0.9386 1.0247 1.0867 1.2275 1.2157 0.9785 1.0562 0.9833 1.1080 1.0107 0.9294 0.8477 0.9740 0.7506
0.6512 0.7049 0.9226 0.9124 0.9615 1.0665 1.1499 1.0831 1.0810 1.2512 1.0260 0.9413 0.8844 0.9097 0.8849 0.7244
0.6575 0.7487 0.8342 0.9553 0.9749 1.0925 1.1013 1.0368 0.9956 1.1740 1.1477 0.9598 1.0510 0.8766 0.9204 0.7541
0.7177 0.7764 0.8096 0.9066 1.0000 1.0361 1.0735 1.0555 1.1514 1.2100 1.0856 1.0343 1.0039 1.0344 0.9167 0.8084
0.8244 0.8526 0.8680 0.9356 1.1375 1.0839 1.1715 1.1369 1.1894 1.1226 1.0503 1.0287 0.9706 0.9308 0.8475 0.8446
0.7680 0.8012 0.8613 0.9405 1.0304 1.0346 1.1730 1.1663 1.1228 1.1091 1.0939 1.0482 0.9641 0.9091 0.8268 0.9176
0.8752 0.8018 0.8600 0.9494 1.0000 1.1303 1.2057 1.1323 1.0902 1.0671 1.1572 1.0756 1.0106 0.9044 0.8392 0.9004
0.8188 0.8713 0.8384 0.8923 1.0025 1.0118 1.1264 1.0233 1.1097 1.1344 1.0406 1.1183 0.9790 1.0247 0.8852 0.8481
0.6854 0.7483 0.8562 0.9512 0.9700 1.0429 1.0384 1.0977 1.0391 1.0560 1.2161 1.0061 0.9214 0.9863 0.9850 0.9734
0.7167 0.6384 0.7417 0.7749 0.9560 1.0515 1.1221 1.0581 1.0243 1.0703 1.0385 0.9555 1.0133 0.9693 0.8425 0.9713
0.7365 0.8186 0.8996 0.9517 1.1563 1.1329 1.1206 0.8868 1.0520 1.2301 1.0854 0.9638 0.9625 1.0000 1.0000 0.7080
0.9319 0.8908 0.9073 1.0189 1.1332 1.1129 1.1973 1.0519 1.1430 1.0677 1.0484 1.0343 0.9678 0.8520 0.8095 0.9197
0.8864 0.8742 0.9501 1.0004 0.9945 1.0994 1.1608 1.1588 1.1168 1.0680 1.1755 0.9578 0.9384 1.0000 0.8240 0.7901
0.6882 0.7403 0.8884 0.9086 0.9868 1.1627 1.0616 1.0699 1.0565 1.0881 1.1001 1.1489 0.9872 0.8776 0.8708 0.7984
0.6613 0.7834 0.9095 0.9609 1.0057 1.0463 1.0983 1.0572 1.0846 1.0293 1.0240 1.0454 0.9818 0.9806 0.9386 0.8519
0.8560 0.7924 0.8785 0.8974 1.0424 1.1579 1.0115 1.1754 1.1632 1.1780 1.0588 1.0326 1.0663 0.9235 0.8741 0.8830
0.7148 0.7462 0.7877 0.8028 0.9977 1.0160 1.1166 1.0055 1.0073 1.1106 1.0625 1.0440 1.0116 1.0047 0.8688 0.8748
0.6963 1.0000 0.8891 0.8993 0.9741 1.1209 1.1375 1.0972 1.0947 1.1780 1.1068 0.9248 0.9561 0.8993 0.8568 0.8667
0.8069 0.8277 0.9110 0.8398 1.0155 1.1397 1.0095 1.0850 1.0839 1.1940 1.0751 1.1394 1.0000 0.9716 0.9500 0.9347
0.8480 0.8841 0.8729 0.9713 0.9738 1.1206 1.0802 1.0629 1.0467 0.9773 1.0654 1.1159 1.0019 0.9872 0.9909 0.9177
0.6090 0.7625 0.9041 0.9694 1.0000 1.0861 1.0517 1.0863 1.0516 1.1107 1.0490 1.0244 0.9735 0.9032 1.0000 0.8002
0.8649 0.7971 0.9405 0.9435 1.0727 1.1709 1.2032 0.9822 1.0926 1.1340 1.1504 1.0175 1.0183 0.9313 0.8758 0.8086
0.7481 0.7907 0.8665 0.9363 1.2194 1.0000 1.0949 1.2068 1.1176 1.0741 1.2385 0.9530 0.9258 0.9173 0.9515 0.9526
0.8504 0.9113 0.8803 0.9585 1.0800 1.1252 1.1799 1.1970 1.1954 1.1741 1.1019 0.9651 0.9641 0.8893 0.7876 0.7271
