1.3406 1.1949 1.0462 1.0907 0.9801 0.9405 1.0603 0.8900 1.1014 1.1556 0.8652 0.8455 0.9364 0.8344 0.7870 0.9445
1.0000 1.0836 1.3180 1.2592 1.1459 1.0013 1.1060 0.9559 0.8979 0.9214 0.8775 0.8656 0.8597 0.8907 0.8178 1.0000
1.0168 0.8902 0.9056 1.1389 0.8469 0.9526 1.0000 0.9640 0.9715 1.0524 0.9669 0.9510 1.0458 1.1711 1.0664 1.2603
1.3087 1.2135 1.1723 1.1397 1.0219 1.0711 1.0939 0.9018 0.9503 0.8700 0.8881 0.9354 0.8089 0.9318 0.7842 0.9730
1.2496 0.9810 0.9237 1.0483 0.9637 1.0119 0.9923 0.8998 1.0186 1.0739 1.0169 1.0858 0.8705 1.0622 1.0287 1.2947
1.2235 1.0903 1.0189 1.1456 0.9923 1.0726 1.0508 0.9661 0.9275 1.0050 1.0052 0.8497 0.8743 0.8388 0.9941 0.9417
1.1570 1.0965 1.0468 0.9980 0.9569 0.9373 1.0336 0.9743 0.8988 1.0616 0.9693 0.8565 0.9775 1.0277 1.0000 1.0274
1.3392 1.2260 1.1340 1.1065 1.1319 1.0922 1.0686 1.0147 1.0917 0.8985 0.9159 0.8341 0.8111 0.7796 0.7499 0.8093
0.6514 0.7091 0.8858 0.7380 0.9351 0.9456 0.8228 1.0356 1.0287 0.8922 1.0425 0.9891 1.2095 1.0155 1.1772 1.2149
1.1633 1.0100 1.0089 1.1181 1.0135 0.9654 0.9471 1.1927 0.8816 0.8796 0.9247 0.8814 0.9711 0.9670 1.0380 1.0452
0.6876 0.7264 0.8847 0.8082 0.9610 0.9717 0.9076 1.0246 0.9747 0.9594 1.1051 0.9283 1.2250 1.1065 0.9580 1.3408
1.2388 1.1505 1.1912 1.2021 1.0872 1.1054 1.1393 0.9693 0.9891 0.8828 0.8537 0.8931 0.8733 0.7901 0.8367 0.8031
0.9822 0.8373 0.7936 0.8983 0.8579 0.9129 0.8337 1.0587 0.9640 1.1372 1.1947 1.0281 1.1124 1.2083 1.1563 1.5581
1.2266 1.0883 1.1384 1.0543 0.8653 0.9923 1.0321 1.0296 0.9576 0.8681 0.9485 0.8754 0.9814 0.8710 1.0005 1.0545
1.1561 1.1517 0.9310 0.9105 1.0365 1.0504 0.9873 1.0666 1.0152 0.9336 0.9684 0.9865 0.9738 0.8057 0.7745 0.9418
1.0432 0.9318 1.0298 0.9048 0.9983 1.0688 0.9644 0.9984 1.0000 0.9165 0.9487 1.1304 1.0000 0.9948 0.9754 1.1317
0.9182 0.9173 0.8982 1.0000 0.9751 0.9285 1.0187 1.1031 0.9975 1.0199 1.0745 1.0036 1.0435 1.0904 1.2610 1.2602
1.4670 1.3529 1.0605 1.2777 0.9860 1.0018 1.1260 0.9680 0.9064 1.0000 1.0000 0.8784 1.0000 0.8359 0.8928 0.8947
1.5070 1.0249 1.1479 0.9111 0.7792 1.1072 1.0139 0.9826 1.0712 1.0470 0.9076 1.0255 0.9020 0.8821 0.9818 1.1727
1.1563 1.1180 1.1574 1.2109 0.9882 1.0269 0.9561 0.9173 1.0086 0.9619 0.9082 0.8124 0.8162 0.7772 0.5261 0.5215
1.2295 0.9175 1.0000 0.9053 1.1198 1.0595 0.9208 1.0241 0.9948 1.0499 0.9243 1.0937 0.9038 1.0731 0.9798 1.0856
0.7793 0.7463 0.9977 0.9983 1.1186 1.0104 0.9987 0.9517 0.9177 1.0931 0.9757 0.9867 0.9966 0.9970 0.9714 1.2093
1.0352 0.8777 0.9191 0.9904 0.8525 0.9446 0.8783 0.9327 1.0000 1.1081 0.9391 0.9528 1.1595 1.2895 1.3498 1.6996
1.0396 1.0946 0.8919 1.0454 0.8946 0.9934 0.9521 1.0259 1.1182 0.8939 0.9907 1.0320 0.9272 1.0306 0.5458 1.0300
1.1051 0.9728 0.8747 0.9264 0.9535 0.9925 1.0426 0.9988 0.9979 0.8892 1.0433 0.9783 1.1012 0.9634 1.0441 1.1566
