0.7199 0.7892 0.8344 0.8722 1.0126 1.0844 1.0573 1.1815 1.1687 1.1740 1.0453 1.0274 1.0600 1.0139 0.8556 0.8598
0.8265 0.8620 0.9364 1.0290 1.0882 1.2288 1.2204 0.9751 1.0573 0.9820 1.1067 1.0077 0.9285 0.8501 0.9694 0.7460
0.6540 0.7076 0.9231 0.9146 0.9603 1.0694 1.1516 1.0870 1.0769 1.2499 1.0261 0.9449 0.8877 0.9045 0.8818 0.7202
0.6593 0.7535 0.8335 0.9514 0.9769 1.0917 1.0961 1.0391 0.9980 1.1791 1.1487 0.9565 1.0432 0.8752 0.9198 0.7591
0.7142 0.7715 0.8009 0.9090 1.0000 1.0309 1.0784 1.0736 1.1440 1.2072 1.0840 1.0339 1.0084 1.0315 0.9211 0.8152
0.8258 0.8534 0.8667 0.9387 1.1374 1.0791 1.1713 1.1374 1.1816 1.1164 1.0549 1.0290 0.9702 0.9331 0.8501 0.8445
0.7728 0.8042 0.8626 0.9420 1.0290 1.0317 1.1742 1.1660 1.1233 1.1137 1.0930 1.0508 0.9615 0.9092 0.8267 0.9145
0.8729 0.8034 0.8598 0.9455 1.0000 1.1304 1.2064 1.1294 1.0847 1.0727 1.1589 1.0784 1.0084 0.9065 0.8408 0.9025
0.8156 0.8678 0.8335 0.8932 0.9950 1.0055 1.1259 1.0244 1.1127 1.1372 1.0451 1.1222 0.9838 1.0225 0.8885 0.8473
0.6897 0.7626 0.8588 0.9511 0.9791 1.0367 1.0320 1.0909 1.0268 1.0546 1.2171 1.0076 0.9251 0.9861 0.9862 0.9787
0.7136 0.6395 0.7440 0.7786 0.9559 1.0478 1.1181 1.0601 1.0240 1.0763 1.0460 0.9546 1.0120 0.9648 0.8400 0.9715
0.7361 0.8224 0.9061 0.9528 1.1588 1.1294 1.1217 0.8894 1.0469 1.2317 1.0806 0.9592 0.9608 1.0000 1.0000 0.7031
0.9207 0.8895 0.9109 1.0182 1.1319 1.1164 1.1994 1.0515 1.1452 1.0720 1.0549 1.0375 0.9663 0.8558 0.8085 0.9185
0.8820 0.8788 0.9414 1.0027 0.9906 1.0954 1.1582 1.1576 1.1107 1.0693 1.1800 0.9601 0.9373 1.0000 0.8260 0.7962
0.6964 0.7424 0.8886 0.9142 0.9879 1.1629 1.0652 1.0703 1.0509 1.0904 1.0965 1.1398 0.9798 0.8798 0.8752 0.8077
0.6552 0.7786 0.9033 0.9547 0.9981 1.0476 1.1025 1.0605 1.0854 1.0335 1.0250 1.0437 0.9804 0.9844 0.9411 0.8523
0.8559 0.7920 0.8798 0.8988 1.0372 1.1556 1.0114 1.1798 1.1671 1.1761 1.0562 1.0330 1.0701 0.9221 0.8763 0.8843
0.7114 0.7470 0.7889 0.8059 0.9935 1.0168 1.1198 1.0022 1.0105 1.1028 1.0627 1.0475 1.0104 1.0073 0.8661 0.8815
0.6906 1.0000 0.8869 0.8944 0.9653 1.1210 1.1341 1.0966 1.0973 1.1814 1.1086 0.9298 0.9586 0.9014 0.8589 0.8638
0.8010 0.8242 0.9031 0.8359 1.0102 1.1391 1.0159 1.0820 1.0894 1.1975 1.0803 1.1382 1.0000 0.9703 0.9520 0.9426
0.8470 0.8851 0.8730 0.9753 0.9768 1.1188 1.0758 1.0629 1.0470 0.9782 1.0680 1.1187 0.9965 0.9886 0.9889 0.9127
0.6078 0.7602 0.9063 0.9687 1.0000 1.0859 1.0545 1.0852 1.0577 1.1134 1.0427 1.0252 0.9763 0.8982 1.0000 0.8014
0.8665 0.8002 0.9413 0.9482 1.0700 1.1704 1.1994 0.9824 1.0952 1.1278 1.1530 1.0204 1.0171 0.9305 0.8746 0.8069
0.7482 0.7943 0.8662 0.9364 1.2223 1.0000 1.0957 1.2031 1.1238 1.0743 1.2321 0.9507 0.9205 0.9159 0.9542 0.9509
0.8539 0.9047 0.8789 0.9526 1.0840 1.1287 1.1835 1.1997 1.2068 1.1645 1.1040 0.9619 0.9671 0.8917 0.7811 0.7288
