0.7557 0.8046 0.8874 0.9099 1.0357 1.0982 1.0412 1.1566 1.1412 1.1465 1.0139 0.9549 1.0621 1.0213 0.8697 0.8716
0.8634 0.8630 0.9860 1.0642 1.1150 1.2566 1.2073 0.9311 0.9661 0.9100 1.0924 0.9824 0.9459 0.8488 0.9980 0.7748
0.6583 0.7362 0.9099 0.9317 0.9687 1.0908 1.1026 1.0618 1.0523 1.2120 1.0073 0.9748 0.9107 0.9286 0.9246 0.7297
0.6671 0.7451 0.8684 0.9771 0.9761 1.0846 1.0935 1.0255 0.9639 1.1416 1.1145 0.9879 1.0423 0.8933 0.9491 0.7623
0.7535 0.7998 0.8362 0.9275 1.0000 1.0459 1.0940 1.0469 1.1228 1.2053 1.0139 1.0282 0.9492 1.0518 0.9634 0.8685
0.8508 0.8890 0.8945 0.9564 1.1501 1.0938 1.1778 1.0682 1.1435 1.0836 1.0446 1.0068 0.9884 0.9174 0.8623 0.8759
0.7325 0.8309 0.8874 0.9505 1.0460 1.0436 1.1229 1.1300 1.0979 1.0574 1.0894 1.0472 0.9727 0.9077 0.8431 0.9720
0.8980 0.8175 0.8723 0.9623 1.0000 1.0857 1.1905 1.0939 1.0809 1.0383 1.1281 1.0811 1.0287 0.9354 0.8661 0.9253
0.8135 0.8811 0.8730 0.8990 1.0340 1.0302 1.1493 1.0336 1.0757 1.0972 1.0335 1.0650 0.9809 1.0297 0.8889 0.8551
0.6720 0.7652 0.8716 0.9930 1.0232 1.0278 1.0530 1.1135 0.9584 0.9968 1.1321 0.9392 0.9052 0.9800 1.0147 1.0365
0.7192 0.6638 0.7616 0.8204 0.9547 1.0348 1.1343 1.0273 0.9817 1.0444 0.9916 0.9566 1.0329 0.9901 0.8879 1.0096
0.7435 0.8544 0.8940 0.9839 1.1776 1.1474 1.1265 0.8683 1.0171 1.2244 1.0841 0.9903 0.9565 1.0000 1.0000 0.7028
0.9579 0.8963 0.9404 1.0047 1.1593 1.1037 1.1493 1.0002 1.1144 1.0255 1.0879 1.0182 1.0001 0.8450 0.8234 0.9659
0.9348 0.9285 0.9935 1.0272 1.0011 1.1133 1.1585 1.1187 1.0686 1.0341 1.1343 0.9316 0.9438 1.0000 0.8225 0.7970
0.6683 0.7475 0.8611 0.8997 1.0184 1.2022 1.0966 1.0790 1.0445 1.0383 1.0631 1.0892 0.9752 0.8656 0.9132 0.8512
0.7034 0.8031 0.9091 0.9828 0.9639 1.0270 1.0885 1.0398 1.0736 0.9890 1.0026 1.0682 1.0162 0.9835 0.9587 0.8991
0.8847 0.7660 0.8661 0.8879 1.0480 1.1797 0.9768 1.1620 1.1176 1.1587 1.0409 1.0392 1.1074 0.9389 0.8861 0.9403
0.6895 0.7929 0.7893 0.8296 0.9983 0.9890 1.1240 0.9904 0.9956 1.1066 1.0857 1.0456 1.0069 1.0169 0.9312 0.9360
0.6919 1.0000 0.8981 0.9236 0.9820 1.1286 1.1297 1.0297 1.0678 1.1472 1.0847 0.9011 0.9942 0.8996 0.8967 0.9169
0.8186 0.8032 0.9411 0.8579 1.0471 1.1382 0.9971 1.0622 1.0603 1.1462 1.0165 1.1251 1.0000 0.9663 1.0052 0.9604
0.8826 0.8986 0.9074 0.9627 0.9313 1.0834 1.0471 1.0357 1.0223 0.9249 1.0286 1.1410 1.0093 1.0122 1.0379 0.9840
0.6206 0.7746 0.9209 0.9983 1.0000 1.0441 1.0399 1.0363 1.0100 1.0839 1.0119 1.0752 1.0086 0.9283 1.0000 0.8462
0.8498 0.7867 0.9799 0.9496 1.0514 1.1443 1.1413 0.9394 1.0597 1.1279 1.1548 1.0420 1.0457 0.9273 0.8969 0.8522
0.7741 0.7936 0.8933 0.9553 1.2256 1.0000 1.0713 1.1817 1.0767 1.0322 1.2129 0.9279 0.9284 0.9363 1.0027 0.9923
0.8142 0.9212 0.8944 0.9738 1.1035 1.1170 1.1998 1.1697 1.1684 1.1377 1.0794 0.9598 0.9660 0.9009 0.7961 0.8026
