0.7272 0.7878 0.8506 0.8720 1.0407 1.0937 1.0592 1.1840 1.1721 1.1834 1.0343 1.0265 1.0363 1.0089 0.8480 0.8494
0.8295 0.8544 0.9415 1.0178 1.0865 1.2292 1.2075 0.9846 1.0541 0.9818 1.1127 1.0171 0.9289 0.8464 0.9810 0.7593
0.6469 0.6994 0.9173 0.9097 0.9591 1.0604 1.1479 1.0805 1.0900 1.2513 1.0253 0.9416 0.8820 0.9167 0.8902 0.7285
0.6574 0.7400 0.8372 0.9618 0.9701 1.0903 1.1120 1.0354 0.9968 1.1690 1.1419 0.9659 1.0592 0.8784 0.9180 0.7495
0.7239 0.7886 0.8190 0.8999 1.0000 1.0463 1.0726 1.0232 1.1689 1.2155 1.0768 1.0311 0.9943 1.0409 0.9148 0.8059
0.8207 0.8470 0.8711 0.9305 1.1309 1.0865 1.1735 1.1396 1.1971 1.1341 1.0441 1.0342 0.9723 0.9288 0.8475 0.8444
0.7639 0.7953 0.8580 0.9394 1.0294 1.0411 1.1707 1.1672 1.1187 1.0977 1.0981 1.0427 0.9705 0.9107 0.8268 0.9258
0.8800 0.7972 0.8589 0.9526 1.0000 1.1238 1.2096 1.1399 1.0986 1.0601 1.1529 1.0729 1.0147 0.9056 0.8360 0.8937
0.8236 0.8764 0.8452 0.8860 1.0180 1.0240 1.1287 1.0247 1.1035 1.1267 1.0359 1.1114 0.9715 1.0253 0.8823 0.8465
0.6809 0.7234 0.8497 0.9562 0.9549 1.0482 1.0518 1.1105 1.0526 1.0558 1.2080 0.9993 0.9173 0.9858 0.9835 0.9643
0.7228 0.6395 0.7344 0.7759 0.9543 1.0560 1.1322 1.0549 1.0278 1.0576 1.0250 0.9550 1.0132 0.9766 0.8481 0.9719
0.7403 0.8133 0.8908 0.9541 1.1490 1.1373 1.1211 0.8839 1.0589 1.2195 1.0970 0.9750 0.9596 1.0000 1.0000 0.7161
0.9515 0.8917 0.9010 1.0207 1.1388 1.1107 1.1883 1.0495 1.1402 1.0593 1.0425 1.0247 0.9709 0.8470 0.8130 0.9187
0.8958 0.8683 0.9661 0.9971 1.0017 1.1098 1.1718 1.1566 1.1284 1.0646 1.1657 0.9481 0.9382 1.0000 0.8191 0.7790
0.6805 0.7390 0.8834 0.8972 0.9902 1.1629 1.0597 1.0650 1.0733 1.0784 1.1118 1.1590 0.9939 0.8715 0.8619 0.7830
0.6717 0.7924 0.9178 0.9702 1.0146 1.0479 1.0883 1.0514 1.0823 1.0216 1.0228 1.0525 0.9860 0.9754 0.9293 0.8505
0.8559 0.7930 0.8756 0.8959 1.0465 1.1636 1.0128 1.1692 1.1562 1.1799 1.0655 1.0327 1.0624 0.9250 0.8703 0.8798
0.7195 0.7474 0.7871 0.7996 1.0043 1.0115 1.1124 1.0133 1.0052 1.1224 1.0644 1.0379 1.0070 1.0028 0.8743 0.8654
0.7049 1.0000 0.8895 0.9105 0.9917 1.1244 1.1441 1.0984 1.0877 1.1696 1.1011 0.9158 0.9540 0.8931 0.8546 0.8694
0.8223 0.8329 0.9227 0.8477 1.0328 1.1443 1.0017 1.0857 1.0746 1.1821 1.0609 1.1413 1.0000 0.9799 0.9429 0.9189
0.8500 0.8796 0.8727 0.9672 0.9710 1.1217 1.0887 1.0619 1.0446 0.9778 1.0618 1.1148 1.0116 0.9859 0.9930 0.9263
0.6120 0.7650 0.8981 0.9700 1.0000 1.0824 1.0483 1.0847 1.0431 1.1055 1.0568 1.0258 0.9721 0.9138 1.0000 0.7985
0.8631 0.7933 0.9363 0.9350 1.0775 1.1669 1.2098 0.9835 1.0865 1.1448 1.1488 1.0105 1.0251 0.9350 0.8778 0.8129
0.7484 0.7867 0.8685 0.9378 1.2133 1.0000 1.0956 1.2144 1.1057 1.0717 1.2508 0.9564 0.9376 0.9204 0.9436 0.9516
0.8432 0.9254 0.8837 0.9669 1.0777 1.1212 1.1693 1.1867 1.1799 1.1899 1.0950 0.9740 0.9585 0.8863 0.7933 0.7272
