0.7392 0.7959 0.8637 0.8873 1.0360 1.0789 1.0537 1.1736 1.1415 1.1722 1.0204 0.9946 1.0410 1.0196 0.8693 0.8672
0.8544 0.8622 0.9731 1.0383 1.0960 1.2411 1.2170 0.9660 1.0059 0.9300 1.0946 0.9955 0.9248 0.8432 0.9875 0.7646
0.6611 0.7163 0.9223 0.9313 0.9569 1.0865 1.1274 1.0766 1.0693 1.2179 1.0000 0.9678 0.9041 0.9167 0.9018 0.7244
0.6715 0.7478 0.8607 0.9711 0.9788 1.0898 1.1012 1.0188 0.9737 1.1527 1.1272 0.9709 1.0409 0.8942 0.9422 0.7565
0.7428 0.7899 0.8275 0.9172 1.0000 1.0377 1.1143 1.0584 1.1715 1.2116 1.0206 1.0327 0.9660 1.0301 0.9435 0.8311
0.8449 0.8703 0.8678 0.9501 1.1423 1.0994 1.1858 1.0951 1.1650 1.0950 1.0403 1.0226 0.9745 0.9346 0.8585 0.8573
0.7604 0.8169 0.8666 0.9354 1.0397 1.0246 1.1518 1.1618 1.0931 1.0701 1.0889 1.0463 0.9896 0.9130 0.8400 0.9634
0.8929 0.8047 0.8711 0.9516 1.0000 1.0978 1.1997 1.0992 1.0769 1.0533 1.1398 1.0918 1.0316 0.9191 0.8493 0.9208
0.8171 0.8664 0.8592 0.8785 1.0201 1.0280 1.1405 1.0495 1.0740 1.1051 1.0373 1.0923 0.9844 1.0260 0.9161 0.8442
0.6868 0.7506 0.8571 0.9738 1.0112 1.0265 1.0482 1.1059 0.9805 1.0221 1.1596 0.9509 0.9226 0.9696 1.0141 1.0178
0.7184 0.6527 0.7455 0.8047 0.9427 1.0490 1.1575 1.0289 1.0074 1.0521 1.0209 0.9617 1.0224 0.9831 0.8542 0.9751
0.7440 0.8460 0.9230 0.9941 1.1768 1.1501 1.1379 0.8738 1.0238 1.2294 1.0689 0.9585 0.9418 1.0000 1.0000 0.6934
0.9389 0.9080 0.9077 1.0144 1.1397 1.1051 1.1577 1.0180 1.1152 1.0277 1.0694 1.0233 0.9931 0.8460 0.8369 0.9767
0.9106 0.9098 0.9656 1.0129 0.9885 1.0903 1.1656 1.1410 1.0825 1.0455 1.1416 0.9393 0.9566 1.0000 0.8466 0.7974
0.6850 0.7451 0.8708 0.9128 1.0020 1.2038 1.0920 1.0551 1.0394 1.0520 1.0942 1.1131 0.9893 0.8484 0.9029 0.8229
0.7028 0.8160 0.9270 1.0006 0.9852 1.0384 1.0826 1.0472 1.0798 1.0057 1.0019 1.0728 0.9968 0.9734 0.9213 0.8674
0.8874 0.7611 0.8744 0.8831 1.0341 1.1713 0.9881 1.1720 1.1328 1.1696 1.0547 1.0302 1.1059 0.9272 0.8900 0.9200
0.6996 0.7882 0.7992 0.8263 1.0098 0.9924 1.1224 1.0000 0.9901 1.1039 1.0819 1.0626 1.0300 1.0202 0.8953 0.9157
0.6877 1.0000 0.9033 0.9246 0.9872 1.1389 1.1231 1.0475 1.0627 1.1621 1.0817 0.9046 0.9903 0.8897 0.8802 0.9042
0.8257 0.8157 0.9323 0.8360 1.0484 1.1542 1.0201 1.0754 1.0510 1.1644 1.0388 1.1219 1.0000 0.9654 0.9750 0.9381
0.8794 0.8931 0.8852 0.9483 0.9401 1.1039 1.0695 1.0433 1.0419 0.9554 1.0540 1.1144 1.0027 0.9934 1.0224 0.9595
0.6301 0.7708 0.9153 0.9931 1.0000 1.0649 1.0576 1.0597 1.0223 1.0988 1.0065 1.0497 0.9881 0.9155 1.0000 0.8257
0.8413 0.7819 0.9711 0.9413 1.0550 1.1585 1.1567 0.9387 1.0711 1.1371 1.1601 1.0290 1.0446 0.9409 0.8837 0.8495
0.7753 0.7860 0.8701 0.9479 1.2268 1.0000 1.0790 1.1744 1.1037 1.0545 1.2179 0.9427 0.9439 0.9409 0.9715 0.9699
0.8420 0.9331 0.8826 0.9663 1.0943 1.1080 1.1859 1.1847 1.1806 1.1643 1.0812 0.9676 0.9654 0.8941 0.7771 0.7694
