0.7566 0.8060 0.8844 0.8787 1.0194 1.1015 1.0685 1.1637 1.1737 1.1919 1.0441 1.0157 1.0115 0.9857 0.8554 0.8477
0.8603 0.8656 0.9824 1.0475 1.0868 1.2275 1.2214 0.9586 1.0538 0.9448 1.1048 0.9774 0.9280 0.8614 0.9480 0.7489
0.6663 0.6896 0.9029 0.9028 0.9498 1.0770 1.1335 1.0764 1.0829 1.2403 1.0414 0.9899 0.8947 0.9114 0.8880 0.7325
0.6890 0.7663 0.8631 0.9468 0.9698 1.0709 1.1157 1.0389 1.0198 1.1712 1.1447 0.9697 1.0139 0.8900 0.8965 0.7299
0.7405 0.7918 0.8464 0.8942 1.0000 1.0283 1.0912 1.0684 1.1714 1.1853 1.0527 1.0618 0.9554 1.0151 0.9296 0.7914
0.8145 0.8435 0.8702 0.9651 1.1209 1.0622 1.1853 1.1469 1.1854 1.1315 1.0805 1.0142 0.9597 0.9210 0.8453 0.8437
0.7721 0.8037 0.8562 0.9360 1.0261 1.0711 1.1654 1.1768 1.0962 1.1175 1.1074 1.0550 0.9653 0.9107 0.8183 0.9099
0.8666 0.8030 0.8561 0.9509 1.0000 1.0999 1.2125 1.1521 1.0079 1.0624 1.1869 1.1153 1.0169 0.9250 0.8266 0.9072
0.8429 0.8700 0.8658 0.9004 1.0214 1.0083 1.1277 1.0670 1.0971 1.1284 1.0743 1.0983 0.9601 1.0238 0.8692 0.8353
0.6665 0.7875 0.8665 0.9855 0.9850 1.0408 1.0963 1.1038 1.0440 1.0724 1.1890 0.9968 0.8983 0.9758 0.9566 0.9030
0.7386 0.6516 0.7429 0.7936 0.9205 1.0153 1.1330 1.0545 1.0632 1.0709 1.0436 0.9584 0.9991 0.9626 0.8367 1.0159
0.7378 0.8171 0.9133 0.9953 1.1401 1.1169 1.1462 0.8829 1.0649 1.1996 1.0930 0.9686 0.9310 1.0000 1.0000 0.6992
0.9267 0.8988 0.9333 1.0173 1.1390 1.1557 1.1594 1.0461 1.1284 1.0477 1.0812 1.0033 0.9653 0.8373 0.8085 0.9013
0.9023 0.9153 0.9578 1.0221 1.0075 1.1022 1.1757 1.1462 1.1127 1.0619 1.1510 0.9540 0.9101 1.0000 0.7960 0.7803
0.7145 0.7339 0.8854 0.9173 1.0092 1.1685 1.0587 1.0275 1.0329 1.0710 1.1707 1.1710 1.0408 0.8434 0.8141 0.7537
0.7095 0.8245 0.9485 1.0308 0.9713 1.0606 1.0794 1.0531 1.0839 0.9950 1.0237 1.0573 0.9918 0.9602 0.9043 0.8487
0.8457 0.7992 0.8695 0.8954 1.0288 1.1596 1.0180 1.1438 1.1403 1.1968 1.0902 1.0387 1.0877 0.9201 0.8773 0.8817
0.7139 0.7671 0.7907 0.8001 0.9996 0.9922 1.1241 1.0125 1.0099 1.1113 1.0888 1.0420 1.0014 1.0164 0.8577 0.8527
0.6943 1.0000 0.8794 0.9264 0.9712 1.1515 1.1496 1.0989 1.0764 1.1799 1.1239 0.9234 0.9722 0.8920 0.8337 0.8466
0.8630 0.8518 0.9118 0.8518 1.0433 1.1260 0.9723 1.0774 1.0941 1.1820 1.0927 1.1381 1.0000 0.9935 0.9216 0.9064
0.8776 0.8600 0.8831 0.9777 0.9591 1.1003 1.0866 1.0568 1.0551 1.0120 1.0809 1.1359 1.0216 0.9824 0.9622 0.8770
0.6159 0.7581 0.9065 0.9798 1.0000 1.0739 1.0496 1.0722 1.0621 1.1104 1.0282 1.0418 1.0049 0.8932 1.0000 0.7918
0.8817 0.8062 0.9405 0.9566 1.0698 1.1895 1.1916 0.9760 1.0890 1.1514 1.1829 1.0141 1.0156 0.9245 0.8475 0.7958
0.7558 0.7865 0.8683 0.9277 1.2219 1.0000 1.1063 1.1909 1.1147 1.0819 1.2396 0.9820 0.9474 0.9288 0.9254 0.9074
0.8864 0.9395 0.8926 0.9841 1.1054 1.0954 1.1730 1.1525 1.2093 1.1689 1.0823 0.9660 0.9581 0.9009 0.7460 0.7371
