1.3976 1.2136 1.0475 1.0894 0.9738 0.9325 1.0640 0.8914 1.0999 1.1123 0.8250 0.8293 0.9303 0.8482 0.7950 0.9380
1.0000 1.1115 1.3892 1.2915 1.1357 1.0276 1.0998 0.9617 0.8750 0.9051 0.8533 0.8283 0.8454 0.8866 0.8218 1.0000
1.0108 0.9079 0.8146 1.1667 0.8168 0.9329 1.0000 0.9474 0.9921 1.0566 0.9548 0.9712 1.0567 1.2148 1.0944 1.2848
1.3700 1.2242 1.1927 1.1434 1.0825 1.0563 1.0877 0.9104 0.9448 0.8612 0.8580 0.9349 0.8176 0.9355 0.7939 1.0153
1.2303 0.9741 0.8996 1.0248 0.9476 1.0249 1.0094 0.9019 1.0395 1.1135 0.9442 1.0729 0.8706 1.0585 1.0202 1.2606
1.2605 1.0911 1.0297 1.1486 0.9884 1.0660 1.0524 0.9692 0.9440 0.9856 1.0062 0.8383 0.8591 0.8186 0.9923 0.9184
1.1926 1.1060 1.0391 0.9917 0.9459 0.9494 1.0249 0.9820 0.8833 1.0469 0.9554 0.8266 0.9677 1.0694 1.0000 1.0721
1.3657 1.2198 1.1798 1.1145 1.1423 1.1294 1.0797 1.0098 1.0662 0.9006 0.8793 0.8164 0.7892 0.7818 0.7430 0.7909
0.6480 0.6928 0.9017 0.7353 0.9224 0.9381 0.8148 1.0129 0.9992 0.8790 1.0228 0.9447 1.1805 1.0109 1.1822 1.2833
1.1862 1.0316 1.0151 1.0772 0.9937 0.9591 0.9389 1.2136 0.8710 0.8548 0.9488 0.8839 1.0064 0.9983 1.0798 1.0393
0.7195 0.7444 0.8991 0.8069 0.9720 0.9647 0.9061 1.0211 0.9818 0.9576 1.1092 0.9101 1.2665 1.0975 0.9621 1.3485
1.3010 1.1605 1.1861 1.2325 1.1005 1.1204 1.1344 0.9703 0.9983 0.8716 0.8244 0.8727 0.8505 0.7972 0.8172 0.7842
0.9939 0.8188 0.7959 0.8947 0.8495 0.9291 0.8450 1.0795 0.9564 1.1305 1.2026 0.9884 1.1060 1.2099 1.1803 1.5015
1.2689 1.0982 1.1574 1.0722 0.8583 1.0254 1.0427 1.0285 0.9408 0.8544 0.9225 0.8575 0.9725 0.8501 0.9980 1.0577
1.1274 1.1514 0.9259 0.9052 1.0348 1.0455 0.9819 1.0580 1.0051 0.9656 0.9575 0.9962 0.9896 0.8220 0.7661 1.0045
1.0677 0.9104 1.1304 0.9209 1.0559 1.0472 0.9703 0.9803 1.0000 0.8938 0.9212 1.1057 1.0000 0.9689 0.9671 1.1070
0.9341 0.9282 0.9263 1.0000 1.0215 0.9373 1.0422 1.1402 1.0145 0.9890 1.0164 0.9723 1.0352 1.0507 1.2470 1.2459
1.5196 1.4035 1.0917 1.2948 0.9805 1.0039 1.1163 0.9762 0.9106 1.0000 1.0000 0.8810 1.0000 0.8373 0.9146 0.9122
1.5461 1.0207 1.1985 0.9183 0.8063 1.1083 0.9997 0.9873 1.0888 1.0462 0.9022 1.0104 0.8936 0.8729 0.9905 1.1745
1.1613 1.1278 1.1552 1.2117 0.9801 1.0512 0.9506 0.9050 0.9913 1.0287 0.9113 0.8104 0.8518 0.7944 0.5335 0.5437
1.3052 1.0277 1.0000 0.9628 1.1931 1.1407 0.9320 1.0253 0.9796 1.0672 0.8815 1.0055 0.8672 1.0472 0.9888 1.1092
0.7716 0.7678 1.0049 1.0308 1.1283 1.0319 0.9920 0.9751 0.9382 1.0755 0.9765 0.9652 0.9790 0.9573 0.9430 1.1544
1.0448 0.8787 1.0004 1.0099 0.8737 0.9320 0.8749 0.9250 1.0000 1.1359 0.9203 0.9580 1.1700 1.3348 1.3743 1.7839
1.0492 1.1261 0.9120 1.0607 0.9071 1.0041 0.9685 1.0300 1.1164 0.8965 0.9706 1.0191 0.9134 1.0376 0.5458 1.0368
1.0357 0.8426 0.8635 0.8956 0.9185 0.9593 1.1351 1.0108 0.9632 0.8880 1.0050 1.0110 1.1390 0.9976 1.0910 1.2394
