1.3450 1.2279 1.2757 1.3073 1.1355 1.0505 1.1354 0.9467 1.0837 1.0541 0.8567 0.8183 0.8537 0.7114 0.6529 0.6193
1.0000 0.7997 0.8823 0.9745 0.9851 0.9301 1.0250 0.9959 0.9563 1.1122 1.0576 0.9889 1.0504 1.1906 1.0141 1.0000
1.3854 1.2475 1.3997 2.1290 1.1272 1.1982 1.0000 0.8732 1.0909 1.0183 0.8338 0.7548 0.8409 0.8877 0.6800 0.7868
0.9593 0.7534 0.8792 0.9725 0.8824 0.9707 0.9854 0.9665 1.1236 1.1018 1.0281 0.9914 1.0013 0.9880 1.0064 1.3288
1.4774 1.1403 1.0760 0.9757 0.9799 1.0467 1.1236 1.1479 0.9004 1.0174 1.0459 0.9783 0.8740 0.9034 0.9227 0.9680
0.7843 0.8474 0.7219 0.8512 0.8827 0.9588 1.1824 1.0038 0.8700 1.1981 0.9911 1.1925 1.0576 1.0398 1.0793 1.3527
1.6402 1.2860 1.2454 1.2117 1.1701 0.9615 0.9727 0.8465 0.8809 0.9248 0.8595 0.7996 0.8393 1.0000 1.0000 0.7586
0.9446 0.9977 0.8706 0.9490 0.8484 1.0180 1.0997 1.1697 1.1590 1.0094 0.9981 1.0721 0.9418 0.8855 1.0093 1.1097
0.9336 0.9095 1.1431 0.9789 0.9898 1.0982 0.9363 1.1467 1.0977 0.9529 1.0727 1.0272 1.0619 0.8540 1.0868 0.9914
0.9196 0.7727 1.0578 0.8552 0.9635 0.9930 0.9145 1.0519 0.9233 1.0563 0.8826 1.0356 1.2527 1.1524 1.1950 1.7858
0.6882 1.0376 1.0822 0.9400 0.9826 1.1118 1.0942 1.1447 1.0883 0.9907 0.8544 0.9148 0.9400 0.9157 0.8057 1.1989
0.8706 0.8043 0.8755 0.9420 0.8861 0.9827 1.0469 0.9432 1.0278 1.0707 1.0556 1.1360 1.1027 1.1731 1.2144 0.9053
1.1675 1.1618 1.1439 1.2253 1.0597 1.1069 1.0913 1.4625 0.7568 1.1715 1.1237 0.7558 0.6961 0.7941 0.6823 0.8975
0.9517 0.8025 0.9818 0.7675 0.7613 0.8506 0.8019 1.0680 1.0429 1.0722 1.1479 1.0429 1.1344 1.1314 1.2617 1.1681
1.4476 1.3131 1.0577 1.1210 1.2332 1.0845 1.1572 1.0725 0.9237 0.7863 0.8809 0.8235 0.7419 0.6055 0.6513 0.6337
0.7867 0.8549 0.9038 0.8287 0.8740 0.8992 1.0062 0.9370 1.0000 0.9253 1.0814 1.0576 1.0000 1.2917 1.3471 1.4527
1.1295 0.9280 1.1295 1.0000 0.9291 1.0318 1.0677 0.9307 0.9925 1.0272 0.9990 0.9412 0.9045 0.9373 1.0075 0.9803
0.8657 0.9010 0.7800 0.9813 0.8115 0.8546 1.1188 0.9547 0.9428 1.0000 1.0000 1.1795 1.0000 1.0837 1.1725 1.2158
1.4942 1.2306 1.7359 1.2404 1.0001 1.2154 1.1284 1.0854 1.0554 0.8567 0.9130 0.7763 0.7085 0.7203 0.7506 0.7449
0.8752 0.9497 1.0386 0.9029 0.9799 0.9927 1.0142 1.0151 1.1834 1.5403 1.1015 0.9731 1.0742 0.9727 0.6975 0.6064
1.5281 1.2142 1.0000 1.1511 1.2378 1.2423 1.0696 1.0122 0.9748 0.8646 0.8919 1.0381 0.8617 0.9778 0.8750 0.8451
0.6486 0.5602 0.7822 0.6756 0.8081 0.9300 0.9804 1.0121 1.0649 0.9817 1.0716 1.3469 1.2594 1.0540 1.1084 1.5089
1.0614 0.9796 1.0838 0.9099 1.0204 1.0766 1.1154 1.1364 1.0000 1.4300 0.9967 0.8993 0.8713 0.7801 0.6269 0.6993
0.7649 0.7712 0.7609 0.8263 0.7917 0.8658 0.8542 0.9725 1.1518 1.0723 1.1093 1.1485 1.2465 1.2478 0.5458 1.3829
1.5137 1.3437 1.1803 1.3442 1.2428 1.2371 1.1991 1.1054 1.0215 0.9466 0.9402 0.9412 0.8951 0.8628 1.1270 0.9056
