0.8143 0.8197 0.9059 0.9292 1.0165 1.0515 1.0209 1.1309 1.1486 1.1608 1.0264 0.9421 1.1131 1.0715 0.9207 0.9271
0.8911 0.8962 1.0026 1.0648 1.1047 1.2170 1.1914 0.9322 0.9800 0.9227 1.0780 1.0291 0.9639 0.8581 0.9867 0.7840
0.6731 0.7443 0.9212 0.9501 0.9584 1.0709 1.1349 1.0763 1.0772 1.2355 1.0174 1.0039 0.9297 0.9499 0.9120 0.7285
0.6961 0.7485 0.8649 0.9504 0.9337 1.0694 1.0947 1.0220 0.9659 1.1907 1.1280 1.0057 1.0739 0.9262 0.9774 0.7616
0.7874 0.8712 0.8515 0.9066 1.0000 1.0492 1.1098 1.0779 1.1490 1.2048 1.0205 1.0455 1.0188 1.0603 0.9608 0.8126
0.8734 0.8854 0.8957 0.9632 1.1233 1.0759 1.1453 1.0644 1.1601 1.1080 1.0674 1.0086 0.9901 0.9381 0.8677 0.8298
0.7505 0.8335 0.8905 0.9494 1.0042 1.0393 1.1289 1.1268 1.0871 1.1033 1.0976 1.0628 0.9761 0.8979 0.8321 0.9770
0.8943 0.8164 0.8736 0.9269 1.0000 1.0828 1.1944 1.0874 1.1019 1.0614 1.1513 1.0837 1.0462 0.9307 0.8514 0.9092
0.8265 0.8931 0.8619 0.8901 1.0042 1.0235 1.1606 1.0399 1.0692 1.1446 1.0386 1.0973 1.0018 1.0472 0.8999 0.8480
0.7340 0.8238 0.9293 1.0533 0.9993 1.0701 1.0702 1.1538 0.9810 1.0364 1.1497 0.9050 0.9001 0.9551 0.9894 0.9411
0.7688 0.7310 0.8126 0.8570 0.9807 1.0824 1.1625 1.0668 1.0585 1.1050 1.0562 1.0183 1.0795 1.0161 0.8957 0.9571
0.7632 0.8669 0.8952 0.9901 1.1685 1.1037 1.1285 0.8486 1.0086 1.2160 1.0675 0.9878 0.9596 1.0000 1.0000 0.6570
0.9388 0.8669 0.9304 0.9978 1.1164 1.1009 1.1052 0.9698 1.0938 0.9723 1.0703 0.9907 0.9913 0.8049 0.7983 0.9395
0.9044 0.9216 0.9350 1.0191 0.9690 1.0813 1.1329 1.0994 1.0750 1.0423 1.1274 0.9284 0.9427 1.0000 0.8198 0.7844
0.6939 0.7840 0.8768 0.9171 1.0065 1.1801 1.1115 1.0784 1.0700 1.0645 1.0982 1.1525 1.0329 0.8383 0.8854 0.7375
0.7624 0.8633 0.9497 1.0010 0.9737 1.0314 1.0863 1.0296 1.0524 1.0000 1.0208 1.0902 1.0071 0.9684 0.9260 0.8790
0.8953 0.7818 0.9118 0.8914 1.0546 1.1487 0.9657 1.1212 1.1045 1.1878 1.0208 1.0458 1.1142 0.9313 0.8972 0.9081
0.7241 0.8218 0.8367 0.8411 1.0115 1.0152 1.1375 1.0231 1.0225 1.1213 1.1084 1.0495 1.0323 1.0400 0.9515 0.9419
0.7153 1.0000 0.9115 0.9028 0.9553 1.1471 1.1299 1.0613 1.0390 1.1582 1.0884 0.9085 0.9763 0.9064 0.9043 0.9016
0.9042 0.8862 0.9958 0.8926 1.0562 1.1739 1.0147 1.1001 1.0875 1.1978 0.9991 1.1078 1.0000 0.9273 0.8753 0.7827
0.8858 0.8815 0.8994 0.9754 0.9371 1.0775 1.0464 1.0529 1.0488 0.9620 1.0586 1.1223 1.0576 1.0178 1.0278 0.9050
0.6108 0.7562 0.9002 0.9653 1.0000 1.0139 1.0157 1.0051 0.9913 1.0871 1.0174 1.0729 1.0041 0.9210 1.0000 0.7899
0.8535 0.7909 1.0023 0.9570 1.0819 1.1304 1.1498 0.9373 1.0693 1.1328 1.1419 1.0332 1.0761 0.9250 0.8857 0.8366
0.7703 0.7904 0.8803 0.9116 1.1793 1.0000 1.0501 1.2027 1.1147 1.0219 1.2277 0.9567 0.9559 0.9448 1.0194 0.9718
0.8488 0.9336 0.8895 1.0005 1.0961 1.1149 1.1700 1.1898 1.1376 1.1444 1.0561 0.9521 0.9439 0.8472 0.6885 0.6412
