0.7588 0.8060 0.8826 0.9174 1.0447 1.0911 1.0493 1.1760 1.1416 1.1446 1.0071 0.9600 1.0568 1.0110 0.8637 0.8665
0.8680 0.8801 1.0018 1.0670 1.1243 1.2699 1.2132 0.9303 0.9670 0.9122 1.0756 0.9674 0.9270 0.8375 0.9910 0.7603
0.6625 0.7415 0.9241 0.9344 0.9608 1.1072 1.1103 1.0716 1.0483 1.2146 1.0001 0.9763 0.9074 0.9123 0.9144 0.7064
0.6664 0.7483 0.8667 0.9890 0.9775 1.0824 1.0947 1.0268 0.9727 1.1375 1.1209 0.9819 1.0381 0.8970 0.9442 0.7555
0.7540 0.8083 0.8410 0.9231 1.0000 1.0446 1.0894 1.0479 1.1403 1.2276 1.0178 1.0174 0.9500 1.0410 0.9648 0.8551
0.8429 0.8795 0.8889 0.9624 1.1514 1.1084 1.1721 1.0559 1.1481 1.0936 1.0481 1.0237 0.9663 0.9263 0.8605 0.8698
0.7362 0.8295 0.8773 0.9515 1.0483 1.0349 1.1392 1.1353 1.0923 1.0573 1.0755 1.0549 0.9799 0.9066 0.8402 0.9754
0.8807 0.8189 0.8745 0.9637 1.0000 1.0985 1.1827 1.1039 1.0624 1.0510 1.1185 1.0757 1.0320 0.9330 0.8580 0.9460
0.8031 0.8826 0.8794 0.8862 1.0376 1.0301 1.1290 1.0419 1.0684 1.1065 1.0407 1.0657 0.9792 1.0313 0.8987 0.8468
0.6834 0.7690 0.8806 0.9982 1.0174 1.0228 1.0549 1.1209 0.9734 0.9990 1.1570 0.9447 0.9083 0.9743 0.9972 1.0258
0.7344 0.6701 0.7736 0.8233 0.9795 1.0529 1.1492 1.0351 0.9934 1.0495 0.9918 0.9614 1.0272 0.9720 0.8633 0.9831
0.7407 0.8552 0.9025 0.9941 1.1832 1.1686 1.1498 0.8664 1.0203 1.2158 1.0696 0.9664 0.9360 1.0000 1.0000 0.6874
0.9515 0.8980 0.9416 1.0130 1.1576 1.1080 1.1534 0.9930 1.1265 1.0253 1.0687 1.0200 1.0035 0.8318 0.8198 0.9649
0.9336 0.9287 0.9786 1.0281 1.0123 1.1056 1.1609 1.1366 1.0862 1.0367 1.1174 0.9260 0.9373 1.0000 0.8206 0.7873
0.6793 0.7587 0.8821 0.9115 1.0254 1.2092 1.1145 1.0824 1.0436 1.0497 1.0428 1.0839 0.9507 0.8674 0.9067 0.8282
0.6946 0.8107 0.9073 0.9686 0.9744 1.0219 1.1074 1.0478 1.0701 1.0026 1.0083 1.0815 1.0071 0.9753 0.9392 0.8868
0.8996 0.7638 0.8742 0.8868 1.0462 1.2069 0.9700 1.1754 1.1275 1.1546 1.0387 1.0220 1.1077 0.9308 0.8853 0.9115
0.6959 0.8058 0.7991 0.8196 1.0010 0.9879 1.1319 1.0063 0.9862 1.1096 1.0856 1.0504 1.0051 1.0203 0.9126 0.9290
0.6865 1.0000 0.9067 0.9330 0.9727 1.1409 1.1336 1.0359 1.0689 1.1671 1.0683 0.9046 0.9909 0.8823 0.8874 0.9130
0.8255 0.8242 0.9486 0.8697 1.0623 1.1513 1.0016 1.0652 1.0479 1.1666 1.0090 1.1249 1.0000 0.9576 0.9710 0.9354
0.8695 0.9019 0.9015 0.9649 0.9355 1.1037 1.0421 1.0326 1.0192 0.9484 1.0349 1.1391 1.0062 1.0186 1.0281 0.9582
0.6288 0.7752 0.9133 0.9985 1.0000 1.0456 1.0572 1.0462 1.0123 1.0769 1.0135 1.0707 0.9920 0.9271 1.0000 0.8409
0.8463 0.7908 0.9880 0.9534 1.0604 1.1534 1.1525 0.9274 1.0579 1.1195 1.1552 1.0482 1.0494 0.9294 0.8862 0.8322
0.7695 0.7944 0.8999 0.9528 1.2374 1.0000 1.0781 1.1742 1.0831 1.0457 1.2165 0.9348 0.9335 0.9239 0.9902 0.9647
0.8257 0.9307 0.8845 0.9824 1.0946 1.1131 1.2128 1.1884 1.1420 1.1564 1.0652 0.9596 0.9809 0.9041 0.7794 0.7796
