1.2678 1.1732 1.1023 1.1434 1.0406 1.0169 1.0780 0.8886 1.1032 1.1119 0.8812 0.8304 0.9473 0.7929 0.7926 0.8391
1.0000 1.0409 1.0865 1.2302 1.1048 0.9944 1.0103 0.9830 0.8893 0.9975 0.9555 0.9157 0.9721 0.9941 0.8593 1.0000
1.1422 0.9949 1.0078 1.4443 0.9492 1.0287 1.0000 0.9580 1.0340 1.0866 1.0179 0.9122 1.0043 0.9606 1.0122 0.9846
1.2172 1.0747 1.0811 1.1242 1.0076 1.0660 1.1064 0.9506 1.0205 0.9434 0.9619 0.9334 0.8747 0.9077 0.8539 0.9631
1.4299 1.0863 0.9862 1.0604 0.9523 0.9641 1.0162 0.9643 0.8116 0.8963 1.0654 1.1002 0.8970 1.0467 1.0528 1.2633
1.0693 1.0941 0.9334 1.0480 0.9401 1.0293 1.1091 0.9995 0.8298 1.0995 0.8996 0.9740 0.9369 0.9389 0.9827 1.1069
1.2553 1.1170 1.0694 1.0301 0.9999 0.9127 0.9756 0.9222 0.9077 1.0548 0.9672 0.8753 0.9635 1.0398 1.0000 1.0309
1.1791 1.2188 0.9990 1.0926 1.0467 1.0789 1.0929 1.0540 1.1672 0.9091 0.9296 0.8710 0.8542 0.7708 0.8387 0.9066
0.7187 0.7609 0.9673 0.8002 0.9117 0.9634 0.8673 1.0623 1.0749 0.9387 1.1106 1.0253 1.1799 0.8783 1.2598 1.0493
0.9315 0.8650 0.8174 1.0539 0.9753 0.9815 0.9886 1.0034 0.9136 0.9706 0.9528 1.0106 1.1183 1.0660 1.1945 1.2885
0.6317 0.7481 0.8660 0.8439 0.8875 0.9935 0.9682 1.1091 1.0498 1.0190 0.9579 0.9984 1.1168 1.1441 0.9570 1.0948
1.2191 1.0949 1.1225 1.1889 1.0676 1.0723 1.1255 0.9662 1.0013 0.8971 0.8880 0.9192 0.8701 0.8556 0.9316 0.8049
1.0054 0.9915 0.9821 1.0740 0.9878 0.8700 0.7964 1.1582 0.9150 0.9835 1.1067 0.8653 1.0047 1.1371 1.0358 1.3186
1.0379 0.9716 1.0002 0.8126 0.8802 0.9538 0.9250 1.0912 1.0013 0.9997 1.0264 0.9629 1.0804 0.9703 1.1137 1.1003
1.3260 1.1631 1.0144 0.9762 1.0530 1.1044 1.0601 1.0894 0.9766 0.8081 0.9612 0.9322 0.9240 0.7488 0.7002 0.7784
0.9297 0.9695 1.0816 0.8826 0.9058 1.0431 0.9953 0.9911 1.0000 0.9286 1.0039 0.9503 1.0000 1.0785 1.1376 1.2875
0.9698 0.9183 0.9613 1.0000 0.9528 0.9686 1.0380 0.9373 0.9976 1.0546 1.0797 1.0326 1.0326 1.0379 1.1234 1.2608
1.3397 1.2968 0.9603 1.2643 0.9647 1.0250 1.1576 0.9412 0.8732 1.0000 1.0000 0.9586 1.0000 0.8351 0.9474 0.9903
1.3916 0.9952 1.3537 0.9941 0.8668 1.1636 1.0207 0.9990 1.0953 0.9891 0.8894 0.9823 0.8753 0.8405 0.8914 1.0158
1.1195 1.0814 1.1553 1.1800 0.9889 1.0507 0.9460 0.9581 1.0246 1.1774 0.9067 0.8477 0.8108 0.8031 0.5707 0.5302
1.4075 1.0395 1.0000 0.9657 1.1750 1.1005 0.9524 1.0234 0.9834 0.8188 0.9292 1.0859 0.9376 1.0933 0.9960 0.9145
0.5465 0.6947 0.9860 0.9250 0.9320 1.0246 1.0486 1.0033 0.9938 0.9848 0.9855 1.1125 1.1081 0.9434 0.9686 1.2914
1.0550 0.8667 0.9139 0.8943 0.8817 0.9225 0.9125 0.9837 1.0000 1.1559 0.9839 0.9685 1.1139 1.2043 1.1725 1.1412
0.9925 0.9532 0.8116 0.9572 0.8548 0.9725 0.9082 0.9128 1.1377 0.9811 1.0429 1.1089 1.0381 1.0644 0.5458 1.1615
1.4071 1.1405 1.0787 1.1639 1.0924 1.1056 1.1871 0.9989 0.9658 0.8388 0.9949 0.8829 0.9231 0.8563 0.8011 0.8739
