1.3175 1.1766 1.0336 1.0927 0.9882 0.9521 1.0758 0.8984 1.1129 1.1339 0.8588 0.8476 0.9427 0.8426 0.7915 0.9319
1.0000 1.0821 1.3143 1.2722 1.1329 0.9825 1.1077 0.9658 0.8762 0.9215 0.8902 0.8788 0.8665 0.8996 0.8209 1.0000
0.9865 0.8741 0.9263 1.1623 0.8417 0.9475 1.0000 0.9596 0.9740 1.0605 0.9739 0.9685 1.0447 1.1736 1.0488 1.2713
1.3114 1.1948 1.1505 1.1345 1.0124 1.0718 1.0746 0.8949 0.9526 0.8867 0.8968 0.9544 0.8235 0.9476 0.7941 0.9776
1.2492 0.9724 0.9157 1.0248 0.9562 1.0014 0.9660 0.9106 1.0073 1.0658 0.9692 1.1054 0.8741 1.0991 1.0634 1.3341
1.2344 1.0835 1.0093 1.1374 0.9831 1.0616 1.0494 0.9621 0.9253 0.9872 1.0081 0.8630 0.8841 0.8398 1.0239 0.9509
1.1743 1.0983 1.0431 0.9861 0.9465 0.9580 1.0254 0.9809 0.8960 1.0483 0.9667 0.8414 0.9821 1.0266 1.0000 1.0489
1.3704 1.2390 1.1516 1.1067 1.1310 1.1068 1.0716 1.0041 1.0667 0.9104 0.8923 0.8200 0.7981 0.7811 0.7440 0.8105
0.6432 0.7027 0.8726 0.7440 0.9570 0.9619 0.8359 1.0153 1.0229 0.8977 1.0533 0.9666 1.2063 1.0194 1.1901 1.2021
1.1569 1.0110 0.9797 1.1082 1.0080 0.9595 0.9421 1.1637 0.8824 0.8761 0.9383 0.8971 0.9770 0.9770 1.0653 1.0539
0.6934 0.7419 0.8924 0.8050 0.9742 0.9757 0.9032 1.0338 0.9922 0.9510 1.0925 0.9270 1.2151 1.1259 0.9493 1.3158
1.2590 1.1474 1.1902 1.2120 1.0689 1.0837 1.1455 0.9832 0.9941 0.8910 0.8567 0.8930 0.8634 0.7972 0.8265 0.7983
1.0127 0.8334 0.7973 0.8934 0.8638 0.9019 0.8227 1.0508 0.9525 1.1357 1.2059 1.0263 1.1148 1.1941 1.1536 1.5797
1.2113 1.0717 1.1250 1.0487 0.8475 0.9894 1.0317 1.0231 0.9498 0.8813 0.9458 0.8891 0.9874 0.8894 1.0235 1.0732
1.1468 1.1647 0.9476 0.9112 1.0395 1.0498 0.9841 1.0636 0.9962 0.9471 0.9693 0.9800 0.9598 0.8118 0.7801 0.9525
1.0267 0.9250 1.0425 0.9003 1.0111 1.0634 0.9626 0.9971 1.0000 0.9068 0.9537 1.1095 1.0000 1.0146 0.9998 1.1480
0.8980 0.9259 0.9052 1.0000 0.9649 0.9294 1.0239 1.1066 1.0118 1.0340 1.0661 0.9902 1.0439 1.0940 1.2363 1.2517
1.4592 1.3260 1.0297 1.2569 0.9812 0.9993 1.1207 0.9559 0.9036 1.0000 1.0000 0.8922 1.0000 0.8335 0.9005 0.9125
1.4805 1.0210 1.1325 0.8985 0.7817 1.1062 1.0216 0.9711 1.0872 1.0418 0.8967 1.0263 0.9097 0.8813 1.0242 1.1788
1.1522 1.1277 1.1613 1.2244 0.9917 1.0310 0.9499 0.9251 0.9951 1.0295 0.9068 0.8019 0.8099 0.7723 0.5227 0.5159
1.2864 0.9342 1.0000 0.9433 1.1265 1.0753 0.9246 1.0523 0.9795 1.0497 0.9285 1.0638 0.9208 1.0392 0.9747 1.0477
0.7477 0.7415 0.9745 0.9711 1.1158 1.0213 0.9918 0.9429 0.9105 1.0789 0.9673 0.9708 1.0288 1.0043 1.0155 1.2191
1.0498 0.8661 0.9030 0.9837 0.8482 0.9241 0.8712 0.9260 1.0000 1.1419 0.9591 0.9511 1.1874 1.2770 1.3851 1.7321
1.0350 1.0871 0.8817 1.0456 0.8969 0.9811 0.9519 1.0107 1.1083 0.9038 1.0078 1.0416 0.9235 1.0259 0.5458 1.0492
1.1298 0.9627 0.8999 0.9530 0.9778 0.9957 1.0630 0.9938 0.9871 0.8812 1.0319 0.9704 1.0864 0.9469 1.0159 1.1615
