0.7544 0.8096 0.8854 0.9082 1.0345 1.0914 1.0576 1.1670 1.1308 1.1523 1.0110 0.9646 1.0488 1.0195 0.8643 0.8731
0.8737 0.8781 0.9930 1.0726 1.1208 1.2671 1.2063 0.9322 0.9729 0.9074 1.0677 0.9786 0.9271 0.8388 0.9932 0.7682
0.6594 0.7453 0.9138 0.9250 0.9561 1.1070 1.0997 1.0660 1.0457 1.2198 1.0075 0.9766 0.9100 0.9277 0.9277 0.7138
0.6615 0.7424 0.8747 0.9835 0.9863 1.0821 1.0978 1.0216 0.9802 1.1221 1.1147 0.9829 1.0354 0.8979 0.9454 0.7585
0.7488 0.8047 0.8353 0.9143 1.0000 1.0372 1.0936 1.0555 1.1396 1.2267 1.0155 1.0152 0.9523 1.0381 0.9678 0.8597
0.8353 0.8796 0.8902 0.9579 1.1509 1.1112 1.1758 1.0603 1.1418 1.0920 1.0483 1.0124 0.9749 0.9307 0.8658 0.8747
0.7331 0.8289 0.8881 0.9582 1.0454 1.0339 1.1446 1.1322 1.0817 1.0595 1.0747 1.0439 0.9764 0.9081 0.8413 0.9832
0.8845 0.8167 0.8845 0.9582 1.0000 1.0970 1.1952 1.1003 1.0700 1.0448 1.1122 1.0721 1.0267 0.9362 0.8608 0.9416
0.8035 0.8822 0.8743 0.8935 1.0344 1.0284 1.1426 1.0327 1.0725 1.1020 1.0418 1.0632 0.9874 1.0256 0.9026 0.8422
0.6810 0.7604 0.8784 0.9889 1.0181 1.0199 1.0577 1.1255 0.9615 1.0033 1.1479 0.9272 0.9059 0.9771 1.0108 1.0369
0.7336 0.6705 0.7632 0.8187 0.9727 1.0483 1.1427 1.0227 0.9967 1.0405 0.9887 0.9615 1.0341 0.9918 0.8695 0.9809
0.7476 0.8494 0.9006 0.9911 1.1793 1.1577 1.1401 0.8699 1.0182 1.2190 1.0760 0.9693 0.9484 1.0000 1.0000 0.7006
0.9520 0.8910 0.9276 1.0161 1.1451 1.1040 1.1666 1.0025 1.1194 1.0265 1.0763 1.0088 1.0108 0.8370 0.8298 0.9733
0.9285 0.9260 0.9789 1.0250 0.9956 1.1094 1.1723 1.1352 1.0868 1.0353 1.1253 0.9197 0.9416 1.0000 0.8316 0.7930
0.6741 0.7555 0.8705 0.9121 1.0165 1.2058 1.1168 1.0731 1.0430 1.0508 1.0389 1.0859 0.9640 0.8649 0.9104 0.8497
0.6914 0.8005 0.9044 0.9688 0.9729 1.0311 1.0982 1.0396 1.0695 0.9990 1.0082 1.0855 0.9996 0.9891 0.9399 0.8937
0.8951 0.7552 0.8683 0.8744 1.0369 1.2032 0.9651 1.1802 1.1375 1.1498 1.0384 1.0331 1.1022 0.9427 0.8876 0.9289
0.6926 0.8011 0.7933 0.8247 1.0005 0.9895 1.1210 1.0083 0.9912 1.1061 1.0904 1.0512 0.9995 1.0222 0.9094 0.9398
0.6933 1.0000 0.9059 0.9252 0.9795 1.1293 1.1432 1.0250 1.0671 1.1588 1.0731 0.9056 0.9952 0.8976 0.8799 0.9167
0.8203 0.8120 0.9516 0.8655 1.0608 1.1480 1.0055 1.0690 1.0416 1.1661 1.0166 1.1327 1.0000 0.9630 0.9701 0.9344
0.8629 0.9072 0.9115 0.9624 0.9300 1.0904 1.0438 1.0207 1.0206 0.9487 1.0387 1.1357 1.0104 1.0189 1.0302 0.9674
0.6234 0.7749 0.9176 0.9941 1.0000 1.0524 1.0534 1.0408 1.0070 1.0848 1.0160 1.0754 1.0050 0.9189 1.0000 0.8367
0.8438 0.7981 0.9850 0.9609 1.0558 1.1455 1.1464 0.9387 1.0652 1.1228 1.1507 1.0457 1.0535 0.9260 0.8872 0.8349
0.7759 0.7973 0.8951 0.9640 1.2230 1.0000 1.0695 1.1710 1.0720 1.0380 1.2177 0.9385 0.9432 0.9249 0.9946 0.9749
0.8321 0.9362 0.8806 0.9884 1.1009 1.1075 1.1998 1.1714 1.1401 1.1501 1.0750 0.9645 0.9779 0.9134 0.7772 0.7853
