1.3369 1.1607 1.0209 1.0852 0.9901 0.9528 1.0685 0.8960 1.1227 1.1411 0.8581 0.8451 0.9466 0.8340 0.8007 0.9408
1.0000 1.0747 1.2986 1.2600 1.1251 0.9975 1.1014 0.9754 0.8823 0.9175 0.8881 0.8695 0.8715 0.9170 0.8347 1.0000
1.0288 0.9043 0.8915 1.1807 0.8513 0.9612 1.0000 0.9650 0.9864 1.0524 0.9624 0.9433 1.0359 1.1450 1.0587 1.2739
1.3048 1.1880 1.1635 1.1473 1.0193 1.0574 1.1055 0.8894 0.9646 0.8872 0.8916 0.9512 0.8194 0.9323 0.8008 0.9785
1.2889 0.9790 0.9013 1.0330 0.9430 0.9930 0.9687 0.9060 0.9673 1.0668 0.9727 1.0888 0.9012 1.1044 1.0485 1.3057
1.2137 1.1013 1.0030 1.1200 0.9728 1.0666 1.0672 0.9612 0.9130 1.0079 0.9928 0.8706 0.8856 0.8514 1.0059 0.9742
1.1919 1.1122 1.0206 0.9856 0.9479 0.9403 1.0278 0.9824 0.8889 1.0600 0.9727 0.8457 0.9768 1.0791 1.0000 1.0298
1.3819 1.2503 1.1734 1.1007 1.1140 1.1064 1.0483 1.0091 1.0760 0.8888 0.8914 0.8148 0.8108 0.7857 0.7398 0.8230
0.6639 0.7049 0.8743 0.7333 0.9511 0.9522 0.8415 1.0367 1.0511 0.9147 1.0690 0.9899 1.2223 1.0122 1.2183 1.1985
1.1481 1.0117 0.9744 1.0814 0.9980 0.9765 0.9533 1.1538 0.8740 0.8845 0.9303 0.8834 1.0217 0.9895 1.0914 1.0751
0.6622 0.7255 0.8714 0.8041 0.9439 0.9440 0.8827 1.0589 1.0164 0.9382 1.0629 0.9160 1.2673 1.0961 0.9766 1.3173
1.2819 1.1237 1.1730 1.2011 1.0764 1.0942 1.1142 0.9873 1.0019 0.8780 0.8467 0.8865 0.8453 0.8193 0.8586 0.8113
1.0205 0.8554 0.8327 0.9076 0.8665 0.9040 0.8102 1.0141 0.9451 1.0978 1.1773 0.9981 1.0814 1.1992 1.1638 1.5764
1.2152 1.0926 1.1153 1.0289 0.8602 1.0143 1.0350 1.0463 0.9450 0.8570 0.9339 0.8701 0.9637 0.8847 1.0014 1.0983
1.2087 1.1741 0.9464 0.9190 1.0434 1.0557 0.9833 1.0385 1.0004 0.9142 0.9564 0.9611 0.9543 0.7969 0.7906 0.9456
1.0301 0.9405 1.0248 0.9086 0.9903 1.0584 0.9765 0.9785 1.0000 0.9092 0.9518 1.1004 1.0000 0.9965 1.0289 1.1662
0.9404 0.9265 0.8954 1.0000 0.9517 0.9254 1.0441 1.0832 0.9907 1.0151 1.0624 0.9962 1.0599 1.1052 1.2948 1.2995
1.4233 1.3394 1.0142 1.2524 0.9704 0.9952 1.1097 0.9690 0.9036 1.0000 1.0000 0.9112 1.0000 0.8452 0.9200 0.9247
1.4825 1.0036 1.2402 0.9041 0.7969 1.0977 0.9952 0.9631 1.0767 1.0437 0.9189 1.0169 0.8951 0.8897 0.9796 1.1398
1.1793 1.1371 1.1541 1.2104 0.9755 1.0476 0.9604 0.9256 0.9868 1.0248 0.9033 0.7976 0.8008 0.7737 0.5310 0.5178
1.2304 0.8940 1.0000 0.9241 1.1188 1.0340 0.9227 0.9972 0.9919 1.0204 0.9261 1.0911 0.9117 1.0964 1.0071 1.0659
0.7033 0.7396 0.9688 0.9946 1.0979 1.0069 0.9908 0.9549 0.9159 1.0782 0.9692 0.9861 1.0447 0.9768 1.0165 1.2266
1.0291 0.8526 0.8860 0.9554 0.8299 0.9191 0.8721 0.9033 1.0000 1.1210 0.9386 0.9546 1.1875 1.2879 1.3318 1.7170
1.0296 1.0655 0.8954 1.0378 0.8947 0.9786 0.9459 0.9987 1.1357 0.8975 1.0060 1.0349 0.9341 1.0249 0.5458 1.0818
1.1747 1.0185 0.9240 0.9653 0.9903 1.0013 1.0893 1.0227 1.0049 0.8892 1.0366 0.9491 1.0474 0.9398 0.9872 1.1033
