1.3475 1.1845 1.0535 1.0944 0.9777 0.9558 1.0643 0.8902 1.1155 1.1232 0.8543 0.8453 0.9312 0.8289 0.7944 0.9477
1.0000 1.0729 1.3195 1.2717 1.1421 1.0008 1.1061 0.9716 0.9003 0.9105 0.8699 0.8646 0.8663 0.8923 0.8147 1.0000
0.9787 0.8862 0.9961 1.1519 0.8340 0.9506 1.0000 0.9529 0.9629 1.0429 0.9459 0.9537 1.0370 1.1800 1.0524 1.2718
1.3081 1.2194 1.1828 1.1426 1.0189 1.0745 1.0774 0.8986 0.9562 0.8750 0.8927 0.9477 0.8076 0.9393 0.7886 0.9671
1.2523 0.9503 0.9149 1.0203 0.9612 1.0047 0.9559 0.8965 1.0078 1.0820 0.9779 1.1055 0.8884 1.1070 1.0813 1.3213
1.2230 1.0881 1.0263 1.1556 0.9704 1.0750 1.0443 0.9590 0.9219 1.0105 1.0047 0.8503 0.8693 0.8374 1.0179 0.9450
1.1637 1.0884 1.0654 1.0169 0.9583 0.9484 1.0282 0.9820 0.8809 1.0564 0.9704 0.8431 0.9646 1.0294 1.0000 1.0307
1.3611 1.2429 1.1550 1.1046 1.1192 1.0886 1.0510 0.9996 1.0855 0.8715 0.9022 0.8277 0.8021 0.7924 0.7708 0.8175
0.6301 0.7026 0.8740 0.7433 0.9328 0.9395 0.8314 1.0271 1.0195 0.8907 1.0399 0.9804 1.2065 1.0260 1.1999 1.2365
1.1355 0.9901 0.9796 1.0940 1.0022 0.9564 0.9399 1.1645 0.8821 0.8701 0.9486 0.9011 1.0031 0.9906 1.0776 1.0749
0.6736 0.7254 0.8762 0.8082 0.9642 0.9755 0.9042 1.0329 0.9852 0.9632 1.1114 0.9196 1.2172 1.1107 0.9547 1.3221
1.2682 1.1519 1.2032 1.2048 1.0938 1.1050 1.1319 0.9583 0.9884 0.8853 0.8555 0.8932 0.8736 0.7937 0.8257 0.7818
1.0059 0.8304 0.8124 0.9050 0.8772 0.9010 0.8119 1.0250 0.9568 1.1552 1.1894 1.0246 1.1084 1.1904 1.1455 1.5513
1.2316 1.1070 1.1239 1.0619 0.8588 0.9965 1.0405 1.0432 0.9559 0.8797 0.9340 0.8722 0.9685 0.8696 0.9952 1.0512
1.1768 1.1813 0.9413 0.9213 1.0498 1.0497 0.9684 1.0740 0.9961 0.9490 0.9649 0.9643 0.9474 0.8015 0.7792 0.9504
1.0395 0.9381 1.0578 0.8957 0.9903 1.0573 0.9756 1.0019 1.0000 0.8994 0.9407 1.1106 1.0000 0.9969 1.0040 1.1520
0.9222 0.9314 0.9275 1.0000 0.9852 0.9369 1.0396 1.0914 1.0103 1.0257 1.0682 0.9893 1.0167 1.0713 1.2288 1.2510
1.4627 1.3317 1.0500 1.2544 0.9882 0.9933 1.1145 0.9535 0.9009 1.0000 1.0000 0.8927 1.0000 0.8341 0.9054 0.9008
1.5073 1.0233 1.1711 0.8976 0.7765 1.1056 1.0235 0.9769 1.0902 1.0271 0.9288 1.0125 0.9055 0.8911 0.9841 1.1683
1.1496 1.1153 1.1399 1.2090 0.9882 1.0426 0.9539 0.9087 1.0091 1.0627 0.9204 0.8217 0.8362 0.7701 0.5328 0.5221
1.2682 0.9280 1.0000 0.9263 1.1397 1.0740 0.9168 1.0086 0.9526 1.0423 0.9042 1.0505 0.8939 1.0728 0.9798 1.1153
0.7326 0.7360 0.9682 0.9750 1.1154 1.0228 0.9865 0.9663 0.9346 1.0928 0.9678 0.9894 1.0274 0.9875 0.9839 1.1815
1.0362 0.8733 0.9215 0.9874 0.8532 0.9294 0.8774 0.9175 1.0000 1.1465 0.9425 0.9379 1.1744 1.2594 1.3465 1.6881
1.0287 1.0890 0.8830 1.0628 0.8842 0.9973 0.9582 1.0090 1.1211 0.8958 0.9998 1.0529 0.9206 1.0277 0.5458 1.0365
1.1330 0.9760 0.8922 0.9344 0.9641 0.9801 1.0404 0.9970 0.9895 0.8868 1.0324 0.9803 1.0859 0.9752 1.0381 1.1619
