1.4472 1.3126 1.3600 1.3815 1.1444 1.0514 1.0878 0.9361 1.0513 0.9954 0.8287 0.7572 0.8010 0.6788 0.6261 0.6180
1.0000 0.7717 0.8966 0.9535 1.0115 0.9408 1.0329 0.9926 0.9686 1.1199 1.0623 0.9822 1.0548 1.1885 1.0401 1.0000
1.3586 1.2862 1.3456 2.1076 1.0879 1.2194 1.0000 0.8724 1.0951 1.0335 0.8213 0.7829 0.8243 0.9385 0.7416 0.8312
0.9934 0.7594 0.8314 1.0249 0.8939 1.0167 0.9932 0.9980 1.0984 1.0610 1.0348 0.9995 1.0312 0.9432 0.9876 1.3614
1.3910 1.1769 1.0607 1.1463 0.9529 1.1211 1.2244 1.1506 0.8779 1.0532 1.1726 0.9866 0.8999 0.8398 1.0021 1.0437
0.7220 0.7858 0.7347 0.8795 0.8324 0.9074 1.1970 1.0573 0.8882 1.1701 1.0094 1.2596 1.0932 1.1021 1.1508 1.3048
1.6262 1.3245 1.2753 1.2199 1.1944 1.0002 0.9800 0.8551 0.8709 0.8961 0.8722 0.7771 0.8173 0.9652 1.0000 0.7716
0.9013 0.9416 0.9048 0.9550 0.8380 1.0132 1.0461 1.1694 1.2014 0.9971 1.0288 1.0809 0.9010 0.8990 1.0122 1.1929
0.9828 0.9463 1.2087 1.0146 0.9588 1.1498 0.9731 1.1248 1.1092 0.9541 1.0476 1.0313 1.0244 0.8377 1.0402 1.2155
0.9503 0.7217 0.9708 0.8714 0.9875 0.9839 0.9402 1.0749 0.9635 1.1045 0.9083 1.0249 1.2470 1.0799 1.1879 1.7107
0.6378 1.0590 1.0726 0.9214 0.9976 1.1285 1.1060 1.0990 1.0958 0.9975 0.8378 0.9354 0.9491 0.8880 0.7872 1.2272
0.8688 0.8061 0.8558 0.9305 0.8596 0.9774 1.0495 0.9276 0.9825 1.0758 1.0899 1.1345 1.1329 1.1843 1.2191 0.9027
1.2144 1.1818 1.1019 1.2399 1.1044 1.1615 1.0920 1.4422 0.7411 1.1226 1.0868 0.7315 0.7080 0.7319 0.7486 0.7919
0.9911 0.8702 1.0264 0.8142 0.7938 0.8693 0.8434 1.0749 1.0648 1.0700 1.1138 1.0177 1.0734 1.0647 1.2006 1.0543
1.4837 1.3390 1.1045 1.0946 1.1547 1.0620 1.1384 1.0770 0.9198 0.7617 0.8575 0.8281 0.7706 0.6075 0.5975 0.6725
0.7004 0.9933 0.8897 0.8183 0.8872 0.8869 0.9985 0.9408 1.0000 0.9773 1.0933 1.1036 1.0000 1.3000 1.4205 1.5138
1.1610 0.9526 1.1404 1.0000 0.9631 1.0607 1.0812 0.9307 0.9806 1.0173 0.9432 0.9380 0.8853 0.8898 0.9801 0.9312
0.9260 0.8720 0.7862 0.9971 0.8232 0.9111 1.0508 0.9628 0.9239 1.0000 1.0000 1.2000 1.0000 1.1186 1.2205 1.2630
1.5262 1.1892 1.7251 1.2414 1.0158 1.2197 1.1084 1.0940 1.0068 0.8870 0.8860 0.7681 0.6986 0.6997 0.7666 0.7683
0.8951 0.9358 1.1586 0.9888 0.9537 0.9973 0.9840 1.0288 1.1818 1.5158 1.1128 1.0020 0.9781 1.0591 0.7024 0.5950
1.5188 1.1932 1.0000 1.1187 1.1971 1.1390 1.0887 0.9870 0.9729 0.8158 0.9120 1.0197 0.8755 0.9644 0.8858 0.8699
0.6604 0.6075 0.8053 0.6410 0.8138 0.9512 1.0170 0.9832 1.0483 0.9756 1.1015 1.3001 1.2150 1.0048 1.1010 1.5196
1.0764 1.0107 1.1180 0.8730 1.0108 1.0442 1.1486 1.1451 1.0000 1.4676 0.9960 0.8699 0.8613 0.7512 0.6041 0.7519
0.7948 0.7421 0.7760 0.8530 0.7721 0.8557 0.8278 0.9753 1.1558 1.0556 1.0543 1.1500 1.2074 1.2526 0.6317 1.5117
1.5115 1.4021 1.3404 1.3962 1.2314 1.2451 1.2272 1.0883 0.9386 0.8969 0.8963 0.9189 0.8764 0.8430 0.8947 0.8871
