1.3788 1.2171 1.0574 1.0975 0.9982 0.9450 1.0591 0.8856 1.1011 1.1256 0.8503 0.8369 0.9252 0.8160 0.7747 0.9294
1.0000 1.0947 1.3354 1.2813 1.1318 1.0012 1.1070 0.9779 0.8979 0.9052 0.8741 0.8495 0.8534 0.8836 0.8037 1.0000
1.0389 0.9154 0.9071 1.1842 0.8503 0.9714 1.0000 0.9667 0.9770 1.0515 0.9556 0.9531 1.0272 1.1544 1.0476 1.2377
1.3356 1.2039 1.1598 1.1464 1.0290 1.0570 1.0988 0.9031 0.9681 0.8803 0.8853 0.9487 0.8120 0.9249 0.7719 0.9557
1.2421 0.9706 0.9117 1.0468 0.9755 1.0039 0.9686 0.9102 1.0213 1.0740 1.0197 1.0967 0.8940 1.0665 1.0214 1.2712
1.2351 1.0967 1.0298 1.1474 0.9831 1.0693 1.0694 0.9636 0.9206 0.9919 0.9957 0.8508 0.8583 0.8196 1.0077 0.9412
1.1531 1.0925 1.0312 0.9994 0.9391 0.9550 1.0420 0.9815 0.9124 1.0473 0.9800 0.8445 0.9790 1.0147 1.0000 1.0328
1.3604 1.2341 1.1553 1.0936 1.1382 1.1002 1.0522 1.0235 1.0640 0.9042 0.9022 0.8160 0.8157 0.7794 0.7573 0.8148
0.6395 0.6949 0.8670 0.7226 0.9169 0.9439 0.8252 1.0268 1.0247 0.9022 1.0566 0.9871 1.2141 1.0113 1.1989 1.1988
1.1399 0.9915 0.9935 1.1055 0.9899 0.9586 0.9269 1.1934 0.8977 0.8737 0.9474 0.8978 0.9946 0.9832 1.0694 1.0558
0.7115 0.7447 0.9046 0.8170 0.9683 0.9691 0.8982 1.0306 0.9777 0.9473 1.1044 0.9254 1.1973 1.1206 0.9506 1.3392
1.2561 1.1300 1.1913 1.2168 1.0940 1.1157 1.1400 0.9784 0.9965 0.8725 0.8555 0.8805 0.8618 0.7966 0.8198 0.7924
0.9882 0.8218 0.8004 0.9083 0.8776 0.9065 0.8370 1.0599 0.9626 1.1147 1.2007 1.0148 1.1270 1.1950 1.1507 1.5218
1.2267 1.0853 1.1258 1.0420 0.8556 0.9884 1.0306 1.0236 0.9575 0.8752 0.9510 0.8679 0.9767 0.8725 1.0190 1.0727
1.1610 1.1651 0.9302 0.9162 1.0475 1.0548 0.9882 1.0642 1.0053 0.9352 0.9488 0.9746 0.9683 0.8097 0.7872 0.9637
1.0466 0.9136 1.0516 0.9228 0.9974 1.0602 0.9658 1.0017 1.0000 0.9047 0.9349 1.1172 1.0000 0.9902 0.9931 1.1179
0.9182 0.9291 0.9176 1.0000 0.9734 0.9243 1.0225 1.0983 1.0086 1.0269 1.0667 0.9996 1.0347 1.0824 1.2319 1.2190
1.4676 1.3540 1.0421 1.2917 0.9980 0.9893 1.1285 0.9562 0.9089 1.0000 1.0000 0.8748 1.0000 0.8204 0.8880 0.8990
1.4858 1.0128 1.1440 0.8991 0.7691 1.1145 1.0255 0.9746 1.0724 1.0522 0.9258 1.0181 0.9079 0.9018 1.0028 1.1522
1.1701 1.1139 1.1665 1.2044 0.9809 1.0449 0.9509 0.9238 1.0130 1.0714 0.9099 0.8060 0.8302 0.7652 0.5291 0.5221
1.1935 0.9118 1.0000 0.8879 1.1509 1.0593 0.8984 1.0081 0.9951 1.0625 0.9357 1.0734 0.9001 1.0990 1.0001 1.0887
0.7368 0.7166 0.9616 0.9801 1.0982 0.9873 1.0033 0.9617 0.9319 1.1025 0.9848 0.9907 1.0160 0.9781 1.0066 1.1921
1.0070 0.8564 0.9048 0.9608 0.8328 0.9175 0.8580 0.9313 1.0000 1.1633 0.9590 0.9489 1.1835 1.2708 1.3624 1.7221
1.0478 1.0860 0.8957 1.0469 0.8909 0.9705 0.9342 1.0023 1.1244 0.8994 1.0030 1.0464 0.9264 1.0295 0.5458 1.0404
1.1129 0.9585 0.8954 0.9342 0.9445 0.9599 1.0109 0.9804 0.9909 0.8817 1.0461 0.9919 1.0926 0.9876 1.0609 1.1822
