1.3296 1.2117 1.0420 1.1138 0.9944 0.9433 1.0772 0.8785 1.0942 1.1396 0.8441 0.8376 0.9374 0.8401 0.7882 0.9347
1.0000 1.0797 1.3144 1.2825 1.1409 1.0051 1.1088 0.9600 0.8850 0.9125 0.8724 0.8689 0.8626 0.8939 0.8223 1.0000
1.0046 0.8855 0.8978 1.1444 0.8405 0.9475 1.0000 0.9568 0.9778 1.0681 0.9659 0.9538 1.0400 1.1839 1.0600 1.2611
1.3187 1.2205 1.1604 1.1388 1.0241 1.0776 1.0807 0.8901 0.9517 0.8766 0.8876 0.9507 0.8071 0.9373 0.7778 0.9640
1.2417 0.9686 0.9099 1.0259 0.9833 0.9936 0.9842 0.9072 1.0137 1.0728 0.9638 1.0978 0.8850 1.0810 1.0528 1.2831
1.2153 1.0785 1.0086 1.1407 0.9813 1.0717 1.0463 0.9714 0.9409 1.0137 1.0187 0.8682 0.8793 0.8290 1.0014 0.9387
1.1649 1.1081 1.0418 0.9929 0.9523 0.9599 1.0294 0.9808 0.8925 1.0592 0.9745 0.8411 0.9705 1.0101 1.0000 1.0448
1.3777 1.2279 1.1635 1.1006 1.1382 1.1037 1.0658 0.9951 1.0741 0.9060 0.8855 0.8147 0.8089 0.7846 0.7454 0.8083
0.6352 0.6983 0.8540 0.7356 0.9359 0.9573 0.8290 1.0291 1.0345 0.9052 1.0561 0.9870 1.2060 1.0208 1.1840 1.1979
1.1691 1.0036 0.9996 1.1342 0.9952 0.9584 0.9412 1.1793 0.8953 0.8706 0.9304 0.8885 0.9803 0.9679 1.0536 1.0513
0.7033 0.7383 0.8874 0.8199 0.9705 0.9782 0.9032 1.0236 0.9759 0.9562 1.1085 0.9318 1.2011 1.1142 0.9554 1.3278
1.2699 1.1367 1.1918 1.2370 1.0733 1.1164 1.1560 0.9705 1.0083 0.8749 0.8306 0.8743 0.8539 0.7888 0.8262 0.7876
1.0110 0.8198 0.8015 0.8997 0.8602 0.9108 0.8173 1.0480 0.9613 1.1147 1.2151 1.0308 1.1136 1.2152 1.1684 1.5630
1.2224 1.0896 1.1430 1.0565 0.8655 0.9944 1.0303 1.0336 0.9441 0.8756 0.9385 0.8687 0.9757 0.8750 1.0040 1.0716
1.1377 1.1550 0.9215 0.9202 1.0439 1.0526 0.9869 1.0670 1.0041 0.9521 0.9668 0.9775 0.9689 0.8126 0.7768 0.9606
1.0531 0.9239 1.0441 0.9165 1.0129 1.0609 0.9707 1.0056 1.0000 0.9138 0.9422 1.1126 1.0000 0.9848 0.9811 1.1325
0.9391 0.9483 0.9312 1.0000 0.9807 0.9445 1.0107 1.0959 1.0029 1.0118 1.0368 0.9818 1.0452 1.0689 1.2329 1.2272
1.4596 1.3476 1.0315 1.2589 0.9916 0.9893 1.1110 0.9983 0.9030 1.0000 1.0000 0.8885 1.0000 0.8266 0.8825 0.8919
1.5009 1.0149 1.1455 0.8906 0.7798 1.1243 1.0169 0.9869 1.0633 1.0477 0.9237 1.0257 0.8994 0.8882 0.9962 1.1707
1.1806 1.1208 1.1544 1.2014 0.9889 1.0376 0.9563 0.9136 1.0028 1.0306 0.9017 0.8069 0.8251 0.7716 0.5280 0.5259
1.2730 0.9523 1.0000 0.9481 1.1183 1.0715 0.9288 1.0086 0.9871 1.0399 0.9159 1.0494 0.9141 1.0570 0.9949 1.0753
0.7586 0.7589 1.0059 0.9941 1.0972 1.0011 0.9786 0.9504 0.9402 1.0889 0.9808 0.9827 1.0095 0.9743 1.0108 1.2015
1.0334 0.8817 0.9168 0.9747 0.8490 0.9150 0.8738 0.9214 1.0000 1.1408 0.9606 0.9480 1.1620 1.2820 1.3645 1.7182
1.0430 1.0809 0.8971 1.0466 0.8942 0.9688 0.9489 1.0139 1.1100 0.8924 1.0138 1.0274 0.9388 1.0339 0.5458 1.0472
1.1037 0.9645 0.8851 0.9171 0.9480 0.9828 1.0494 0.9987 0.9828 0.8821 1.0406 0.9866 1.1011 0.9735 1.0468 1.1796
