1.3286 1.1910 1.0423 1.1086 0.9824 0.9423 1.0655 0.8722 1.0898 1.1407 0.8542 0.8495 0.9461 0.8540 0.7975 0.9383
1.0000 1.0787 1.3044 1.2754 1.1465 0.9838 1.1015 0.9544 0.8827 0.9021 0.8808 0.8695 0.8733 0.9076 0.8308 1.0000
1.0226 0.9024 0.9082 1.1554 0.8493 0.9655 1.0000 0.9707 0.9814 1.0588 0.9581 0.9429 1.0222 1.1815 1.0603 1.2714
1.3306 1.2154 1.1670 1.1410 1.0294 1.0663 1.0852 0.9027 0.9623 0.8759 0.8876 0.9496 0.7983 0.9271 0.7756 0.9715
1.2577 0.9959 0.9124 1.0489 0.9779 1.0060 0.9740 0.9009 1.0074 1.0599 0.9795 1.0911 0.8670 1.0824 1.0538 1.2721
1.2302 1.0768 1.0020 1.1318 0.9899 1.0632 1.0525 0.9747 0.9287 0.9987 1.0160 0.8655 0.8793 0.8341 1.0065 0.9427
1.1641 1.0998 1.0307 0.9977 0.9490 0.9532 1.0298 0.9775 0.8980 1.0559 0.9736 0.8500 0.9787 1.0263 1.0000 1.0496
1.3782 1.2309 1.1499 1.1054 1.1420 1.0973 1.0676 1.0150 1.0879 0.8963 0.8899 0.8212 0.8013 0.7702 0.7423 0.8034
0.6447 0.6987 0.8582 0.7389 0.9361 0.9571 0.8348 1.0243 1.0303 0.9039 1.0559 0.9839 1.2119 1.0089 1.1949 1.1841
1.1673 1.0050 0.9948 1.1208 0.9992 0.9591 0.9433 1.1813 0.8949 0.8702 0.9341 0.8949 0.9815 0.9808 1.0617 1.0487
0.7081 0.7357 0.8927 0.8173 0.9722 0.9688 0.9029 1.0293 0.9900 0.9515 1.1038 0.9343 1.1937 1.1269 0.9527 1.3284
1.2625 1.1366 1.2055 1.2247 1.0835 1.1151 1.1430 0.9755 1.0072 0.8867 0.8461 0.8774 0.8449 0.7811 0.8234 0.7789
1.0019 0.8358 0.8113 0.9065 0.8678 0.9015 0.8406 1.0550 0.9565 1.1121 1.1828 1.0267 1.1005 1.2038 1.1423 1.5609
1.2355 1.0960 1.1451 1.0653 0.8702 1.0039 1.0361 1.0194 0.9530 0.8657 0.9322 0.8730 0.9747 0.8656 0.9991 1.0549
1.1588 1.1667 0.9304 0.9255 1.0396 1.0549 0.9855 1.0624 1.0071 0.9277 0.9713 0.9792 0.9701 0.8116 0.7862 0.9607
1.0457 0.9274 1.0417 0.9145 1.0080 1.0518 0.9762 1.0088 1.0000 0.9128 0.9413 1.1174 1.0000 0.9877 0.9798 1.1279
0.9276 0.9323 0.9091 1.0000 0.9740 0.9415 1.0139 1.1013 1.0147 1.0345 1.0623 0.9859 1.0293 1.0722 1.2273 1.2113
1.4643 1.3450 1.0187 1.2577 1.0006 0.9875 1.1165 0.9787 0.9088 1.0000 1.0000 0.8963 1.0000 0.8312 0.8795 0.8956
1.4923 1.0191 1.1456 0.9032 0.7760 1.1234 1.0142 0.9829 1.0768 1.0419 0.9261 1.0162 0.9001 0.8904 1.0015 1.1595
1.1636 1.1075 1.1633 1.2081 0.9927 1.0430 0.9584 0.9192 1.0023 1.0741 0.9031 0.8086 0.8290 0.7709 0.5193 0.5176
1.2305 0.9435 1.0000 0.9266 1.1333 1.0699 0.9361 1.0235 0.9950 1.0535 0.9302 1.0669 0.9276 1.0491 0.9688 1.0682
0.7653 0.7590 1.0001 0.9934 1.0855 0.9940 0.9917 0.9478 0.9344 1.0822 0.9722 0.9852 1.0253 0.9824 0.9862 1.2024
1.0312 0.8853 0.9218 0.9800 0.8506 0.9096 0.8625 0.9214 1.0000 1.1251 0.9699 0.9484 1.1701 1.2791 1.3591 1.7124
1.0442 1.0886 0.8906 1.0431 0.8943 0.9736 0.9493 1.0023 1.1068 0.8918 0.9964 1.0269 0.9350 1.0383 0.5458 1.0504
1.1281 0.9668 0.8886 0.9201 0.9414 0.9896 1.0349 0.9931 0.9830 0.8829 1.0334 0.9726 1.1029 0.9708 1.0344 1.1897
