0.7004 0.7575 0.8650 0.8925 1.0425 1.0880 1.0652 1.1826 1.1850 1.1643 1.0216 1.0201 1.0379 1.0059 0.8639 0.8519
0.8364 0.8521 0.9368 1.0304 1.0890 1.2272 1.2138 0.9897 1.0381 0.9738 1.1223 1.0021 0.9254 0.8522 0.9828 0.7762
0.6483 0.7118 0.9092 0.9141 0.9548 1.0817 1.1687 1.0962 1.0640 1.2187 1.0087 0.9636 0.9068 0.9019 0.8745 0.7484
0.6730 0.7290 0.8430 0.9701 0.9734 1.0714 1.1114 1.0514 1.0126 1.1771 1.1302 0.9682 1.0286 0.8792 0.8980 0.7548
0.7044 0.7662 0.8192 0.9156 1.0000 0.9940 1.0600 1.0475 1.1782 1.2083 1.0599 1.0212 0.9813 1.0395 0.9340 0.8567
0.8228 0.8409 0.8720 0.9519 1.1227 1.0809 1.1760 1.1452 1.1879 1.1276 1.0502 1.0343 0.9689 0.9312 0.8619 0.8316
0.7558 0.7997 0.8581 0.9317 1.0339 1.0410 1.1660 1.1768 1.1194 1.0906 1.1176 1.0413 0.9719 0.9136 0.8177 0.9234
0.8895 0.8059 0.8613 0.9410 1.0000 1.1142 1.2169 1.1200 1.0964 1.0897 1.1425 1.0899 0.9970 0.9200 0.8269 0.8905
0.8242 0.8551 0.8468 0.8707 1.0155 1.0252 1.1335 1.0278 1.0942 1.1353 1.0574 1.1145 0.9836 1.0250 0.8868 0.8475
0.6879 0.7419 0.8530 0.9655 0.9776 1.0245 1.0511 1.1065 1.0254 1.0667 1.1975 0.9880 0.9298 0.9836 0.9582 0.9948
0.7165 0.6603 0.7284 0.8053 0.9500 1.0443 1.1371 1.0567 1.0383 1.0696 1.0287 0.9519 0.9919 0.9768 0.8567 0.9667
0.7435 0.8325 0.9185 0.9763 1.1491 1.1168 1.1279 0.8873 1.0369 1.2114 1.0835 0.9697 0.9472 1.0000 1.0000 0.7137
0.9335 0.8840 0.9180 1.0052 1.1202 1.1180 1.1909 1.0392 1.1308 1.0646 1.0586 1.0179 0.9783 0.8576 0.8209 0.9469
0.8988 0.8848 0.9607 1.0001 0.9990 1.1033 1.1793 1.1454 1.1081 1.0529 1.1674 0.9373 0.9371 1.0000 0.8093 0.7996
0.7043 0.7490 0.8669 0.9340 0.9940 1.1545 1.0858 1.0525 1.0877 1.0677 1.1523 1.1287 0.9804 0.8667 0.8561 0.7667
0.6779 0.7912 0.9237 0.9794 1.0022 1.0432 1.0951 1.0644 1.0776 1.0084 1.0259 1.0743 0.9879 0.9722 0.9075 0.8390
0.8645 0.7909 0.8761 0.8937 1.0287 1.1618 1.0243 1.1802 1.1518 1.1791 1.0544 1.0325 1.0798 0.9217 0.8727 0.8831
0.7124 0.7567 0.7981 0.8172 1.0016 1.0017 1.1124 1.0139 1.0107 1.0926 1.0836 1.0428 0.9964 1.0286 0.8698 0.8493
0.7018 1.0000 0.8857 0.9118 0.9857 1.1537 1.1297 1.0921 1.0806 1.1691 1.0854 0.9216 0.9714 0.8863 0.8566 0.8657
0.8358 0.8285 0.9052 0.8437 1.0203 1.1522 1.0189 1.0696 1.0720 1.1879 1.0637 1.1244 1.0000 0.9885 0.9642 0.9280
0.8643 0.8897 0.8899 0.9809 0.9656 1.0998 1.0838 1.0479 1.0458 1.0003 1.0562 1.1267 0.9946 0.9928 0.9745 0.9246
0.6354 0.7615 0.9032 0.9498 1.0000 1.0784 1.0608 1.0952 1.0579 1.0859 1.0439 1.0436 0.9838 0.8980 1.0000 0.8113
0.8675 0.8071 0.9340 0.9283 1.0767 1.1531 1.1936 0.9889 1.0858 1.1347 1.1538 1.0281 1.0218 0.9464 0.8820 0.8254
0.7457 0.7857 0.8548 0.9415 1.2178 1.0000 1.0952 1.1888 1.1097 1.0740 1.2517 0.9554 0.9381 0.9268 0.9439 0.9334
0.8425 0.9107 0.8989 0.9427 1.0963 1.1396 1.1732 1.1758 1.1985 1.1880 1.0988 0.9713 0.9665 0.8899 0.7615 0.7385
