1.2761 1.1667 1.0955 1.1247 1.0189 0.9670 1.0822 0.8995 1.1461 1.1598 0.8744 0.8331 0.9355 0.7791 0.7841 0.8461
1.0000 1.0586 1.1690 1.2830 1.1253 0.9825 1.0233 0.9879 0.8884 0.9818 0.9198 0.8824 0.9174 0.9587 0.8225 1.0000
1.1557 0.9927 0.9868 1.3915 0.9044 1.0051 1.0000 0.9404 0.9936 1.0666 1.0172 0.9338 1.0147 0.9672 1.0362 1.0307
1.2891 1.0977 1.1018 1.1359 1.0261 1.0391 1.0821 0.9288 1.0023 0.9349 0.9359 0.9515 0.8777 0.9344 0.8208 0.9401
1.3550 1.0802 0.9742 1.0680 0.9374 0.9526 0.9673 0.9208 0.8282 0.9277 1.0283 1.1191 0.9309 1.0928 1.0671 1.3078
1.1381 1.1131 0.9774 1.1032 0.9480 1.0612 1.1156 0.9973 0.8409 1.0489 0.9096 0.9432 0.8984 0.8842 0.9869 1.0492
1.2527 1.1006 1.0792 1.0268 0.9744 0.9457 1.0171 0.9328 0.8936 1.0434 0.9916 0.8242 0.9788 1.0268 1.0000 1.0162
1.2451 1.2299 1.0515 1.0772 1.0842 1.0910 1.0748 1.0143 1.0913 0.9082 0.9359 0.8691 0.8362 0.7871 0.7991 0.8932
0.7098 0.7384 0.9409 0.7782 0.9202 0.9846 0.8527 1.0476 1.0645 0.9486 1.0820 1.0059 1.2181 0.9354 1.2439 1.0945
1.0223 0.9873 0.9042 1.0839 0.9974 0.9929 0.9644 1.0336 0.9041 0.9529 0.9308 0.9527 1.0816 1.0113 1.0880 1.2288
0.6110 0.7421 0.8572 0.8282 0.9138 0.9867 0.9232 1.1068 1.0400 0.9661 1.0051 0.9500 1.1747 1.1388 0.9822 1.1400
1.2372 1.1137 1.1309 1.1619 1.0507 1.1025 1.1218 0.9884 1.0045 0.8852 0.8588 0.9053 0.8763 0.8690 0.9048 0.7905
0.9648 0.9474 0.9127 1.0295 0.9793 0.8799 0.7982 1.1207 0.9580 1.0223 1.1077 0.8778 1.0407 1.1482 1.1089 1.3956
1.0877 1.0010 1.0628 0.8528 0.8842 0.9909 0.9267 1.0833 0.9590 0.9358 0.9904 0.9372 1.0660 0.9711 1.0986 1.1439
1.2820 1.1652 0.9959 0.9814 1.0601 1.0872 1.0545 1.0783 0.9647 0.8164 0.9687 0.9551 0.9148 0.7358 0.7421 0.7842
0.9394 0.9584 1.0586 0.9089 0.9460 1.0380 1.0159 0.9665 1.0000 0.8968 1.0048 0.9834 1.0000 1.0595 1.1047 1.2732
0.9613 0.9206 0.9770 1.0000 0.9635 0.9608 1.0426 0.9698 0.9996 1.0404 1.0614 1.0274 1.0275 1.0374 1.1736 1.3042
1.3889 1.3414 1.0184 1.2232 0.9551 0.9912 1.1205 0.9377 0.8908 1.0000 1.0000 0.9454 1.0000 0.8357 0.9717 0.9580
1.4165 1.0183 1.2768 0.9972 0.8457 1.1373 1.0173 1.0155 1.0645 0.9892 0.9213 0.9767 0.8727 0.8596 0.8920 1.0725
1.1212 1.0957 1.1634 1.1544 0.9845 1.0296 0.9597 0.9836 1.0531 1.0756 0.9095 0.8404 0.8698 0.7611 0.5472 0.5241
1.3723 0.9998 1.0000 0.9664 1.1365 1.0712 0.9205 0.9971 0.9715 0.9170 0.9280 1.0830 0.9550 1.1085 1.0176 0.9831
0.6015 0.7160 0.9870 0.9901 0.9941 1.0076 0.9964 0.9755 0.9938 1.0265 0.9836 1.0889 1.0726 0.9491 0.9506 1.2463
1.0496 0.8928 0.9369 0.8877 0.8806 0.9325 0.8921 0.9547 1.0000 1.2005 0.9636 0.9514 1.0907 1.2118 1.1709 1.1881
1.0239 0.9945 0.8371 1.0147 0.8977 0.9884 0.9133 0.9312 1.1244 0.9689 1.0179 1.0774 1.0051 1.0243 0.5458 1.1101
1.4395 1.1684 1.0887 1.1652 1.1143 1.0958 1.1762 1.0154 0.9918 0.8396 0.9964 0.8474 0.9277 0.8062 0.8042 0.9005
