1.3035 1.1737 1.0883 1.0959 1.0400 0.9690 1.0892 0.8846 1.1312 1.1081 0.8695 0.8225 0.9321 0.8024 0.8169 0.8631
1.0000 1.0847 1.1581 1.2371 1.1718 0.9792 1.0563 0.9765 0.8870 0.9649 0.9056 0.9029 0.9045 0.9429 0.8323 1.0000
1.1474 0.9836 0.9580 1.3654 0.9120 1.0285 1.0000 0.9256 0.9677 1.0540 0.9954 0.9109 1.0112 0.9982 1.0522 1.0836
1.2647 1.1651 1.1195 1.1386 1.0020 1.0451 1.0827 0.9179 0.9836 0.9245 0.9115 0.9617 0.8559 0.9206 0.8343 0.9580
1.3347 1.0465 0.9563 1.0558 0.9539 0.9576 1.0048 0.9246 0.8607 0.9556 0.9506 1.0972 0.9124 1.0959 1.0594 1.3400
1.1135 1.0970 0.9770 1.0661 0.9599 1.1058 1.1110 0.9799 0.8753 1.1096 0.9195 0.9027 0.9059 0.8972 0.9952 1.0066
1.2473 1.0991 1.0821 1.0201 0.9667 0.9309 1.0198 0.9484 0.8984 1.0681 0.9750 0.8250 0.9599 1.0273 1.0000 1.0255
1.2522 1.2159 1.0498 1.1025 1.1146 1.0743 1.0737 1.0142 1.1182 0.9188 0.9488 0.8456 0.8328 0.7858 0.7916 0.8530
0.6958 0.7408 0.9211 0.7874 0.9333 0.9625 0.8393 1.0507 1.0631 0.9181 1.0764 1.0096 1.2307 0.9522 1.2804 1.1039
1.0165 0.9398 0.8740 1.0772 0.9647 0.9805 0.9741 1.0698 0.8791 0.9317 0.9424 0.9546 1.0892 1.0362 1.1487 1.2194
0.6323 0.7283 0.8811 0.8148 0.9014 1.0054 0.9341 1.0811 1.0164 0.9800 1.0568 0.9476 1.1893 1.1181 0.9767 1.1427
1.2152 1.1122 1.1462 1.1666 1.0570 1.0994 1.1414 0.9751 1.0037 0.8814 0.8619 0.9042 0.8894 0.8411 0.9023 0.8058
1.0008 0.9199 0.9038 1.0120 0.9502 0.8745 0.7664 1.1116 0.9617 1.0021 1.1371 0.9046 1.0617 1.1918 1.1076 1.4344
1.1075 1.0171 1.0505 0.8551 0.8608 0.9626 0.9644 1.0558 0.9824 0.9598 0.9832 0.9342 1.0374 0.9641 1.0839 1.1257
1.3783 1.1556 1.0000 0.9571 1.0503 1.0799 1.0246 1.0961 1.0015 0.8640 0.9547 0.9333 0.9173 0.7517 0.7394 0.7949
0.9853 0.9683 1.0235 0.9086 0.9537 1.0233 1.0077 1.0099 1.0000 0.9059 0.9624 0.9644 1.0000 1.0533 1.0937 1.2945
0.9839 0.9636 0.9731 1.0000 0.9601 0.9521 1.0155 0.9803 0.9898 1.0273 1.0503 1.0372 1.0381 1.0496 1.1927 1.3097
1.3790 1.3923 1.0029 1.2446 0.9586 0.9857 1.0839 0.9228 0.8740 1.0000 1.0000 0.9634 1.0000 0.8640 0.9483 0.9656
1.4052 1.0472 1.2643 0.9638 0.8412 1.1291 1.0197 1.0069 1.0641 0.9674 0.9277 0.9963 0.8808 0.8584 0.9117 1.0939
1.1059 1.1041 1.1800 1.1781 0.9908 1.0519 0.9451 0.9428 1.0121 1.0346 0.9211 0.8387 0.8260 0.7587 0.5428 0.5129
1.3968 1.0171 1.0000 0.9981 1.1659 1.1107 0.9290 1.0562 0.9955 0.8907 0.9160 1.0515 0.8954 1.0352 0.9712 0.9447
0.5660 0.7223 0.9928 1.0024 1.0187 1.0360 1.0049 0.9868 0.9670 1.0371 0.9713 1.0470 1.0417 0.9412 0.9717 1.2466
1.0386 0.8893 0.9319 0.9275 0.8605 0.9164 0.8793 0.9447 1.0000 1.1717 0.9431 0.9269 1.1389 1.2623 1.2263 1.2701
0.9950 1.0215 0.8549 1.0146 0.8805 0.9967 0.9210 0.9445 1.1217 0.9452 1.0563 1.0898 0.9954 1.0272 0.5458 1.0942
1.3729 1.1261 1.0463 1.1359 1.1163 1.0753 1.1227 0.9966 0.9980 0.8427 1.0011 0.8861 0.9723 0.8704 0.8524 0.9089
