1.2716 1.1550 1.0899 1.1470 1.0222 1.0127 1.0790 0.8878 1.1070 1.1248 0.8839 0.8353 0.9541 0.7996 0.8036 0.8489
1.0000 1.0257 1.0893 1.2326 1.0991 0.9909 1.0136 0.9864 0.8958 1.0095 0.9620 0.9185 0.9695 0.9805 0.8552 1.0000
1.1434 1.0086 0.9929 1.4626 0.9665 1.0467 1.0000 0.9606 1.0182 1.0736 1.0025 0.8966 0.9931 0.9468 0.9890 0.9660
1.2162 1.0738 1.0826 1.1161 1.0050 1.0641 1.1177 0.9448 1.0182 0.9480 0.9562 0.9466 0.8659 0.9088 0.8627 0.9643
1.4327 1.1010 1.0045 1.0723 0.9525 0.9636 1.0075 0.9620 0.8101 0.8912 1.0369 1.1138 0.9091 1.0442 1.0655 1.3056
1.0460 1.0922 0.9199 1.0390 0.9429 1.0340 1.1081 1.0006 0.8308 1.1239 0.8919 0.9781 0.9391 0.9338 0.9919 1.1041
1.2496 1.1165 1.0623 1.0513 1.0022 0.9148 0.9630 0.9128 0.9021 1.0654 0.9686 0.8670 0.9662 1.0403 1.0000 1.0350
1.1875 1.1922 0.9987 1.0991 1.0614 1.0746 1.0835 1.0383 1.1529 0.9099 0.9379 0.8888 0.8561 0.7755 0.8532 0.9027
0.7115 0.7561 0.9675 0.8100 0.9181 0.9534 0.8702 1.0775 1.0847 0.9426 1.0985 1.0193 1.1750 0.8614 1.2529 1.0775
0.9465 0.8775 0.8443 1.0548 0.9921 0.9958 0.9904 1.0174 0.9063 0.9814 0.9258 0.9982 1.0890 1.0583 1.1553 1.2761
0.6335 0.7501 0.8625 0.8425 0.9005 1.0015 0.9763 1.1116 1.0444 1.0110 0.9568 1.0001 1.1079 1.1501 0.9488 1.0914
1.2142 1.0720 1.1158 1.1799 1.0578 1.0866 1.1197 0.9732 1.0089 0.9043 0.8906 0.9155 0.8886 0.8662 0.9381 0.8152
0.9941 0.9901 0.9869 1.0689 0.9899 0.8701 0.8065 1.1600 0.9198 0.9966 1.0827 0.8659 0.9972 1.1521 1.0354 1.3175
1.0358 0.9796 1.0072 0.8260 0.8796 0.9585 0.9374 1.0812 0.9890 0.9999 1.0203 0.9607 1.0715 0.9727 1.1211 1.1109
1.3174 1.1294 0.9896 0.9655 1.0411 1.0938 1.0563 1.0861 0.9853 0.8148 0.9581 0.9574 0.9508 0.7581 0.7242 0.8076
0.9388 0.9762 1.0812 0.8795 0.9035 1.0374 0.9910 0.9885 1.0000 0.9153 0.9972 0.9604 1.0000 1.0830 1.1425 1.2939
0.9821 0.9413 0.9777 1.0000 0.9598 0.9723 1.0430 0.9258 0.9872 1.0601 1.0760 1.0227 1.0085 1.0354 1.1265 1.2687
1.3497 1.2941 0.9521 1.2432 0.9524 1.0020 1.1441 0.9395 0.8690 1.0000 1.0000 0.9768 1.0000 0.8640 0.9636 0.9999
1.3990 1.0256 1.3652 1.0103 0.8787 1.1573 1.0193 1.0040 1.0699 0.9804 0.8867 0.9731 0.8629 0.8360 0.8808 1.0094
1.1117 1.0662 1.1638 1.1912 0.9867 1.0300 0.9342 0.9589 1.0361 1.1382 0.9147 0.8746 0.8262 0.8045 0.5780 0.5276
1.4338 1.0207 1.0000 0.9508 1.1864 1.0909 0.9479 1.0204 0.9931 0.8363 0.9428 1.0972 0.9520 1.0908 0.9942 0.9091
0.5347 0.6811 0.9636 0.9205 0.9224 1.0235 1.0409 0.9988 0.9946 1.0085 0.9930 1.1188 1.1151 0.9303 0.9852 1.2998
1.0373 0.8628 0.9114 0.8825 0.8776 0.9173 0.9341 0.9844 1.0000 1.1640 1.0033 0.9638 1.1332 1.2059 1.1925 1.1607
0.9844 0.9557 0.8138 0.9731 0.8660 0.9751 0.9136 0.9237 1.1429 0.9875 1.0441 1.1000 1.0349 1.0394 0.5458 1.1576
1.3831 1.1451 1.0774 1.1404 1.0711 1.0929 1.1719 0.9917 0.9758 0.8425 1.0043 0.8943 0.9573 0.8740 0.8018 0.8749
