1.4900 1.4225 1.3134 1.3433 1.1027 0.9554 1.1465 1.0241 0.9848 0.9947 0.7688 0.7781 0.7747 0.7635 0.6241 0.6228
1.0000 0.7922 1.0204 0.9898 0.9057 0.9193 1.0911 1.0117 0.9848 1.1225 1.0764 0.9189 1.0041 1.1522 1.0725 1.0000
1.4341 1.4586 1.6028 2.0139 1.1727 1.2295 1.0000 0.8773 1.0600 1.0394 0.7957 0.7838 0.8804 0.9984 0.8581 0.8820
0.9755 0.8279 0.7896 0.9740 0.8834 0.9748 0.9031 0.9090 1.0751 1.0241 0.9976 1.0563 1.0308 0.9773 1.0211 1.5862
1.1998 0.9459 0.9652 0.8972 0.9793 0.9904 1.2407 1.2194 0.9276 1.1641 1.3254 1.0622 0.9933 1.0645 1.0339 0.9428
0.8745 0.9019 0.7325 0.8646 0.8804 0.9586 1.1339 1.0043 0.9082 1.1565 1.0599 1.2235 1.1056 1.0047 1.1578 1.3289
1.7428 1.4438 1.3404 1.2382 1.1955 1.0499 1.0266 0.8777 0.8409 0.7777 0.7945 0.7465 0.7691 0.9553 1.0000 0.8269
0.9900 0.9351 1.0062 0.9429 0.8547 1.0343 1.0462 1.0975 1.2062 0.9888 0.9853 1.0200 0.9152 0.9355 0.9873 1.1050
1.0597 0.9906 1.2381 1.0844 1.0811 1.3228 0.9758 1.1483 1.1338 0.9104 1.0479 0.8999 0.8935 0.9290 0.9503 1.0425
0.9738 0.7647 1.1859 0.7949 0.9174 0.9268 0.8494 1.1477 0.8723 1.0602 0.9562 1.0823 1.2047 1.1788 1.2080 1.6235
0.7454 1.1717 1.2455 0.8579 1.1411 1.1213 1.0122 1.0923 0.9930 0.8974 0.8673 0.8707 1.0000 0.8587 0.7425 1.4035
0.8041 0.7998 0.8584 0.9067 0.8232 0.9530 1.0258 0.9070 1.0178 1.1407 1.1434 1.1473 1.1357 1.2052 1.1805 1.0382
1.1610 1.0770 1.0939 1.1110 1.0342 1.2167 1.1435 1.4641 0.7504 1.2234 1.0245 0.7574 0.7805 0.8223 0.7095 0.7732
1.1623 0.9481 1.1415 0.9431 0.7389 0.9120 0.8793 1.0435 1.0389 1.0515 1.0874 0.9608 0.9965 0.9495 1.0515 1.0674
1.5109 1.4970 1.0492 1.1919 1.2435 1.0927 1.1492 1.0847 0.8997 0.8151 0.8344 0.7472 0.6730 0.6550 0.6437 0.6569
0.7213 0.9906 0.8739 0.8538 0.8888 0.8431 0.9406 0.9039 1.0000 0.8951 1.1371 1.1673 1.0000 1.3145 1.3745 1.4352
1.1631 0.9458 1.2673 1.0000 1.0578 0.9959 1.1016 1.0595 0.9348 0.9362 0.9397 0.9251 0.8654 0.8557 1.0919 0.9297
0.8148 0.8043 0.8054 0.9083 0.8102 0.8118 1.0394 0.9745 0.9573 1.0000 1.0000 1.2059 1.0000 1.1821 1.1822 1.3052
1.6485 1.3024 1.7187 1.2977 1.0434 1.2074 1.1344 1.0992 1.0068 0.9272 0.8213 0.7854 0.6609 0.6553 0.8245 0.7801
0.7972 0.8494 1.0008 0.9654 0.9014 0.9743 1.0320 1.0281 1.2552 1.1798 1.1438 1.0188 1.0042 1.0823 0.6706 0.7054
1.4493 1.1411 1.0000 1.0920 1.1852 1.1751 1.0471 1.0233 0.9878 0.9303 0.9127 0.9923 0.8411 0.9042 0.8655 0.9714
0.7824 0.6243 0.7621 0.6522 0.8739 0.8672 0.9928 0.9461 1.0236 1.0482 1.0914 1.3218 1.2348 1.1459 1.1717 1.5885
1.0799 1.1325 1.1282 0.9685 1.0465 1.0413 1.1594 1.1254 1.0000 1.5535 0.9613 0.7869 0.8262 0.6508 0.6125 0.8558
0.7690 0.7339 0.8707 0.8621 0.8072 0.8071 0.8508 1.0448 1.1717 1.0898 1.1034 1.1307 1.2976 1.3798 0.7106 1.5663
1.4974 1.4611 1.2002 1.2701 1.1045 1.2786 1.3304 1.1142 0.9738 0.8229 0.8377 0.9549 0.8682 0.8806 0.8515 0.8232
