1.3278 1.1599 1.0745 1.0987 1.0364 0.9755 1.0838 0.8972 1.1279 1.1291 0.8690 0.8207 0.9308 0.7911 0.8082 0.8697
1.0000 1.0850 1.1837 1.2677 1.1435 0.9922 1.0538 0.9641 0.8776 0.9430 0.9175 0.8938 0.9136 0.9551 0.8247 1.0000
1.1186 0.9819 0.9451 1.3271 0.9025 0.9991 1.0000 0.9542 0.9998 1.0461 1.0164 0.9372 1.0274 1.0017 1.0282 1.0669
1.2507 1.1593 1.1033 1.1189 1.0245 1.0563 1.1128 0.9427 0.9929 0.9163 0.8909 0.9294 0.8570 0.9346 0.8380 0.9700
1.3548 1.0237 0.9508 1.0350 0.9463 0.9622 0.9863 0.9160 0.8720 0.9633 0.9910 1.1186 0.9236 1.0921 1.0680 1.3405
1.1250 1.0661 0.9533 1.0808 0.9387 1.0602 1.0808 0.9953 0.8630 1.1083 0.9368 0.9353 0.9210 0.9093 0.9875 1.0497
1.2552 1.0975 1.0801 1.0450 0.9499 0.9509 0.9973 0.9532 0.9033 1.0411 0.9616 0.8277 0.9844 1.0047 1.0000 1.0405
1.2762 1.2642 1.0662 1.0718 1.1078 1.0845 1.0715 1.0121 1.0988 0.9007 0.9070 0.8630 0.8237 0.7913 0.7837 0.8732
0.6760 0.7116 0.9228 0.7843 0.9104 0.9534 0.8474 1.0641 1.0511 0.9256 1.1024 1.0003 1.2174 0.9515 1.2193 1.1442
1.0272 0.9438 0.9275 1.0476 1.0045 0.9769 0.9546 1.0799 0.8778 0.9323 0.9489 0.9097 1.0937 1.0248 1.1365 1.1988
0.6445 0.7430 0.8589 0.8246 0.9200 0.9758 0.9505 1.0855 1.0452 0.9789 1.0208 0.9625 1.1653 1.1250 0.9885 1.1520
1.2222 1.1184 1.1066 1.1717 1.0768 1.1080 1.1022 0.9821 0.9900 0.9115 0.8663 0.9225 0.8804 0.8436 0.9087 0.8086
0.9739 0.9317 0.8923 1.0012 0.9558 0.8709 0.7809 1.1334 0.9360 1.0393 1.1232 0.9451 1.0586 1.1825 1.0967 1.4160
1.0865 1.0109 1.0526 0.8876 0.8854 0.9606 0.9569 1.0481 0.9823 0.9680 0.9780 0.9405 1.0363 0.9643 1.0889 1.0965
1.3240 1.1844 0.9829 0.9788 1.0511 1.0717 1.0284 1.0488 0.9791 0.8559 0.9683 0.9358 0.9253 0.7696 0.7444 0.8232
1.0059 0.9696 1.0250 0.9018 0.9381 1.0318 0.9759 0.9974 1.0000 0.9030 0.9559 1.0001 1.0000 1.0633 1.1098 1.2834
0.9696 0.9529 0.9844 1.0000 0.9628 0.9515 1.0490 0.9569 0.9915 1.0360 1.0547 1.0152 1.0428 1.0304 1.2075 1.3149
1.3646 1.3345 0.9968 1.2592 0.9600 0.9753 1.1182 0.9345 0.8831 1.0000 1.0000 0.9859 1.0000 0.8715 0.9542 0.9393
1.4309 1.0314 1.2222 0.9622 0.8211 1.1252 1.0216 0.9909 1.1013 0.9880 0.9108 0.9926 0.8968 0.8631 0.9367 1.0820
1.1178 1.0783 1.1580 1.1779 0.9844 1.0288 0.9368 0.9542 1.0446 1.1478 0.9164 0.8687 0.8301 0.7727 0.5504 0.5230
1.3266 0.9587 1.0000 0.9644 1.1477 1.1064 0.9251 1.0006 0.9842 0.9569 0.9525 1.0719 0.9149 1.0654 0.9923 0.9866
0.5997 0.6948 0.9943 0.9881 1.0137 1.0328 0.9904 0.9695 0.9654 1.0425 0.9651 1.0332 1.0680 0.9513 0.9838 1.2836
1.0609 0.8668 0.9131 0.9280 0.8721 0.9128 0.8682 0.9515 1.0000 1.1174 0.9556 0.9470 1.1518 1.2753 1.2776 1.3066
0.9794 1.0051 0.8558 1.0226 0.8800 0.9939 0.8961 0.9528 1.1422 0.9313 1.0366 1.0733 0.9977 1.0563 0.5458 1.1062
1.3685 1.0797 1.0368 1.0983 1.0719 1.0524 1.1169 0.9952 1.0204 0.8634 1.0034 0.8980 0.9727 0.8702 0.8635 0.9264
