0.8528 0.9735 0.9418 0.9528 1.0652 1.1205 1.0693 1.2005 1.1082 1.1606 0.9867 0.9269 1.0350 1.0213 0.7804 0.8094
0.9212 0.9474 1.0627 1.1255 1.1938 1.2882 1.2296 0.8734 0.9205 0.8649 1.0958 0.9507 0.9289 0.7943 0.9641 0.7325
0.6908 0.8161 0.9693 0.9811 1.0514 1.1843 1.0598 1.1089 1.0492 1.2428 0.9572 0.8675 0.8990 0.9009 0.9624 0.6089
0.6907 0.8211 0.9112 1.0567 1.0563 1.1153 1.1648 1.0881 0.9527 1.0961 1.1473 0.9295 0.9674 0.8396 0.8475 0.6258
0.7895 0.8688 0.9098 0.9220 1.0000 1.0854 1.1444 1.0517 1.1496 1.2326 1.0025 0.9566 0.9496 1.0441 0.9739 0.8702
0.8530 0.9592 0.9507 1.0138 1.1937 1.1363 1.2086 0.9751 1.2155 1.1171 1.0695 0.9733 0.9317 0.8692 0.7630 0.7674
0.7670 0.9010 0.9661 0.9781 1.1142 1.0024 1.1966 1.1821 1.1093 1.0418 1.0575 1.0217 0.9671 0.8366 0.7964 0.8227
0.9981 0.8613 0.9254 0.9972 1.0000 1.1427 1.1841 1.0367 1.0982 1.0993 1.0839 1.0737 1.0281 0.8818 0.7716 0.8134
0.8323 0.9507 0.9054 0.9405 1.0728 1.0527 1.1857 1.0358 1.1227 1.1076 1.0274 0.9861 0.9873 0.9933 0.8070 0.7350
0.7729 0.8179 0.9362 1.0786 1.0542 1.1215 1.0815 1.1609 0.9482 1.0137 1.1379 0.8049 0.8314 0.9997 1.0146 0.9767
0.8406 0.7618 0.8755 0.8648 1.0719 1.1615 1.2312 1.0670 1.0398 1.1038 1.0011 1.0041 1.0330 0.9635 0.8441 0.8246
0.8004 0.8817 0.8826 1.0443 1.1556 1.1686 1.1830 0.9415 0.9700 1.2122 0.9765 0.9101 0.8712 1.0000 1.0000 0.5822
0.9466 0.9166 0.9061 1.0094 1.1605 1.0780 1.1188 0.9027 1.0924 1.0238 1.0270 0.9574 0.9949 0.7896 0.7201 0.9036
0.9601 0.9639 0.9705 1.0097 0.9763 1.1209 1.1568 1.0806 1.0668 0.9869 1.0705 0.9241 0.8828 1.0000 0.8260 0.7032
0.6821 0.8060 0.8419 0.8907 1.0714 1.2580 1.0762 1.1205 1.0132 1.0474 1.1264 1.1739 1.0121 0.8447 0.8864 0.7866
0.7514 0.9200 0.9385 1.0780 1.0394 1.0155 1.0882 0.9867 1.1203 0.9636 0.9860 1.0324 1.0284 0.9332 0.8663 0.7623
0.9257 0.7097 0.8551 0.8555 1.1050 1.2339 1.0061 1.2006 1.0849 1.1236 1.0159 1.0210 1.1466 0.9084 0.8120 0.9519
0.7104 0.9512 0.8359 0.8395 1.0550 1.0022 1.2076 1.1455 1.0372 1.1772 1.0889 0.9896 0.9241 0.9164 0.9098 0.8649
0.7533 1.0000 0.9491 0.9260 1.0050 1.1365 1.1291 1.0053 1.0862 1.1919 1.1191 0.8667 1.0083 0.8830 0.8747 0.8244
0.8802 0.8761 1.0145 0.9052 1.0799 1.2131 0.9946 1.1034 1.0771 1.1470 0.9684 1.1320 1.0000 0.8975 0.9334 0.7722
0.9263 0.9646 0.9309 0.9703 0.8911 1.1131 1.0560 1.0858 1.0589 0.9675 1.0518 1.1913 0.9753 0.9983 0.9444 0.8014
0.6560 0.8452 0.9759 1.0317 1.0000 1.0443 1.0551 1.0466 1.0080 1.0424 0.9340 1.0389 0.9551 0.8715 1.0000 0.7401
0.7878 0.8082 1.0121 1.0399 1.0413 1.1703 1.1735 0.9086 1.0936 1.1617 1.1493 1.0269 1.0707 0.9165 0.8391 0.8222
0.8653 0.8547 0.9327 1.0058 1.2559 1.0000 1.1226 1.1750 1.1056 1.0203 1.2278 0.8594 0.8896 0.8684 0.9405 0.8801
0.8386 0.9330 0.8419 1.0144 1.1463 1.1059 1.2337 1.1681 1.1341 1.1832 1.0890 0.8985 0.9334 0.8299 0.7057 0.6906
