0.7350 0.7814 0.8474 0.8799 1.0425 1.0657 1.0683 1.1908 1.1906 1.1624 1.0423 1.0131 1.0355 1.0085 0.8648 0.8462
0.8452 0.8428 0.9386 1.0223 1.1046 1.2178 1.2086 0.9879 1.0566 0.9872 1.1267 1.0095 0.9163 0.8547 0.9610 0.7504
0.6635 0.7021 0.9238 0.9078 0.9625 1.0747 1.1621 1.0956 1.0976 1.2417 1.0137 0.9715 0.8850 0.9200 0.8657 0.7003
0.6695 0.7461 0.8701 0.9590 0.9703 1.0775 1.1256 1.0536 1.0073 1.1595 1.1202 0.9696 1.0253 0.8787 0.8989 0.7288
0.7236 0.8334 0.8169 0.8917 1.0000 1.0349 1.1060 1.0295 1.1204 1.1979 1.0464 1.0348 0.9584 1.0367 0.9236 0.7995
0.8470 0.8389 0.8656 0.9556 1.1151 1.0939 1.1612 1.1547 1.1748 1.1302 1.0682 1.0232 0.9499 0.9357 0.8512 0.8350
0.7697 0.7997 0.8638 0.9491 1.0391 1.0742 1.1611 1.1639 1.0989 1.0790 1.1090 1.0596 0.9622 0.9174 0.8143 0.8939
0.8884 0.8118 0.8598 0.9463 1.0000 1.1113 1.2352 1.1199 1.0767 1.0709 1.1668 1.0922 0.9947 0.9058 0.8234 0.8900
0.8255 0.8689 0.8623 0.8865 1.0097 1.0252 1.1239 1.0555 1.0796 1.1444 1.0605 1.1034 0.9671 1.0217 0.8702 0.8113
0.6918 0.7623 0.8607 1.0108 0.9869 1.0162 1.0738 1.1218 1.0183 1.0522 1.2026 0.9972 0.8974 0.9798 0.9540 0.9519
0.7353 0.6567 0.7556 0.8048 0.9503 1.0424 1.1435 1.0443 1.0600 1.0618 1.0328 0.9606 0.9964 0.9693 0.8613 0.9598
0.7596 0.8374 0.9255 0.9833 1.1396 1.1180 1.1254 0.8973 1.0523 1.1982 1.0903 0.9693 0.9218 1.0000 1.0000 0.6991
0.9487 0.8843 0.9231 1.0223 1.1176 1.1070 1.1887 1.0408 1.1275 1.0606 1.0560 1.0177 0.9713 0.8513 0.8183 0.9217
0.9063 0.9053 0.9661 1.0056 1.0093 1.1047 1.1565 1.1463 1.0961 1.0536 1.1729 0.9484 0.9230 1.0000 0.8101 0.7881
0.7117 0.7515 0.8652 0.9169 1.0089 1.1547 1.0880 1.0525 1.0788 1.0457 1.1361 1.1272 0.9655 0.8611 0.8876 0.7828
0.6827 0.7983 0.9078 0.9771 0.9919 1.0600 1.1052 1.0745 1.0807 1.0230 1.0394 1.0672 0.9877 0.9617 0.8944 0.8292
0.8605 0.8047 0.8972 0.9055 1.0496 1.1467 1.0164 1.1780 1.1412 1.1644 1.0718 1.0347 1.0690 0.9240 0.8633 0.8664
0.7159 0.7602 0.7993 0.8160 1.0002 1.0175 1.1140 1.0138 1.0338 1.0917 1.0800 1.0433 0.9780 1.0290 0.8510 0.8751
0.7031 1.0000 0.9041 0.9243 0.9942 1.1481 1.1408 1.1000 1.0829 1.1564 1.0749 0.9182 0.9606 0.9018 0.8418 0.8476
0.8772 0.8444 0.9385 0.8864 1.0319 1.1543 1.0245 1.0776 1.0645 1.1837 1.0570 1.1279 1.0000 0.9662 0.9005 0.8748
0.8703 0.8881 0.8809 0.9813 0.9796 1.1164 1.0740 1.0408 1.0385 1.0196 1.0799 1.1322 1.0025 0.9798 0.9618 0.8942
0.6206 0.7576 0.9062 0.9676 1.0000 1.0861 1.0530 1.0781 1.0645 1.0985 1.0221 1.0217 0.9838 0.9138 1.0000 0.8094
0.8838 0.8297 0.9305 0.9330 1.0675 1.1660 1.1994 0.9774 1.0987 1.1461 1.1518 1.0193 1.0200 0.9233 0.8454 0.8160
0.7570 0.7935 0.8801 0.9538 1.2256 1.0000 1.0853 1.1966 1.1030 1.0680 1.2294 0.9639 0.9343 0.9323 0.9416 0.9328
0.8665 0.9363 0.8920 0.9471 1.0639 1.1008 1.1665 1.1780 1.1780 1.1823 1.1048 0.9831 0.9653 0.8944 0.7822 0.7439
