0.7544 0.8091 0.8859 0.9099 1.0378 1.0814 1.0556 1.1742 1.1357 1.1468 1.0205 0.9750 1.0437 1.0102 0.8613 0.8706
0.8668 0.8795 0.9753 1.0415 1.1134 1.2529 1.2058 0.9365 1.0051 0.9123 1.0811 0.9903 0.9266 0.8438 1.0006 0.7782
0.6674 0.7229 0.9352 0.9263 0.9579 1.0790 1.1270 1.0693 1.0690 1.2130 1.0097 0.9679 0.8952 0.9193 0.9082 0.7428
0.6872 0.7485 0.8739 0.9692 0.9587 1.0936 1.0942 1.0216 0.9834 1.1470 1.1298 0.9809 1.0285 0.9004 0.9341 0.7693
0.7571 0.8004 0.8215 0.9165 1.0000 1.0372 1.0793 1.0411 1.1479 1.2052 1.0294 1.0317 0.9655 1.0351 0.9688 0.8578
0.8522 0.8785 0.8722 0.9624 1.1449 1.0922 1.1839 1.0976 1.1712 1.0867 1.0442 1.0169 0.9823 0.9099 0.8634 0.8427
0.7470 0.8372 0.8771 0.9427 1.0510 1.0564 1.1407 1.1508 1.0861 1.0585 1.0777 1.0343 0.9737 0.9149 0.8328 0.9680
0.8989 0.8093 0.8722 0.9439 1.0000 1.0881 1.1938 1.1140 1.0920 1.0336 1.1366 1.0801 1.0271 0.9297 0.8573 0.9218
0.8189 0.8821 0.8869 0.8923 1.0345 1.0280 1.1300 1.0421 1.0673 1.1025 1.0227 1.0737 0.9779 1.0273 0.9035 0.8487
0.6961 0.7677 0.8752 1.0007 1.0100 1.0235 1.0621 1.1076 0.9757 1.0008 1.1735 0.9554 0.9123 0.9699 0.9982 1.0185
0.7235 0.6644 0.7582 0.8153 0.9604 1.0468 1.1483 1.0378 0.9988 1.0422 1.0044 0.9582 1.0250 0.9847 0.8711 0.9814
0.7534 0.8570 0.9170 0.9793 1.1622 1.1443 1.1158 0.8646 1.0394 1.2228 1.0827 0.9724 0.9501 1.0000 1.0000 0.7178
0.9663 0.9053 0.9203 1.0271 1.1423 1.1007 1.1503 1.0051 1.1114 1.0318 1.0591 1.0235 0.9938 0.8304 0.8345 0.9801
0.9333 0.9259 0.9679 1.0211 1.0056 1.1053 1.1479 1.1187 1.0669 1.0299 1.1478 0.9291 0.9584 1.0000 0.8222 0.8166
0.6835 0.7606 0.8834 0.9016 1.0248 1.1988 1.1064 1.0516 1.0347 1.0408 1.1031 1.1205 1.0089 0.8403 0.8821 0.8050
0.7366 0.8398 0.9371 1.0028 0.9900 1.0297 1.0760 1.0460 1.0615 0.9982 1.0036 1.0712 0.9989 0.9792 0.9303 0.8720
0.9020 0.7707 0.8759 0.8919 1.0383 1.1805 0.9746 1.1591 1.1314 1.1666 1.0262 1.0337 1.1116 0.9279 0.8933 0.9179
0.7086 0.8017 0.8019 0.8307 1.0142 0.9979 1.1190 0.9902 0.9965 1.1057 1.0671 1.0529 1.0174 1.0357 0.8975 0.9240
0.7020 1.0000 0.9214 0.9277 0.9773 1.1514 1.1401 1.0480 1.0519 1.1454 1.0720 0.9026 0.9820 0.8946 0.8832 0.8997
0.8472 0.8333 0.9484 0.8512 1.0604 1.1577 0.9993 1.0693 1.0365 1.1514 1.0250 1.1211 1.0000 0.9636 0.9634 0.9279
0.8777 0.8978 0.8908 0.9708 0.9416 1.0993 1.0526 1.0165 1.0198 0.9663 1.0477 1.1199 1.0123 0.9985 1.0233 0.9725
0.6243 0.7619 0.9086 0.9831 1.0000 1.0591 1.0565 1.0487 1.0256 1.0898 1.0259 1.0697 0.9869 0.9204 1.0000 0.8256
0.8369 0.7804 0.9776 0.9491 1.0594 1.1613 1.1566 0.9264 1.0611 1.1309 1.1419 1.0518 1.0361 0.9421 0.8959 0.8483
0.7806 0.8037 0.8798 0.9457 1.2299 1.0000 1.0710 1.1849 1.0828 1.0407 1.2104 0.9415 0.9372 0.9359 0.9774 0.9793
0.8430 0.9356 0.9010 0.9902 1.1011 1.1201 1.1818 1.1792 1.1596 1.1476 1.0629 0.9744 0.9574 0.8953 0.7761 0.7741
