1.3643 1.1871 1.0493 1.0923 0.9811 0.9404 1.0659 0.8985 1.0909 1.1274 0.8396 0.8431 0.9385 0.8574 0.8000 0.9398
1.0000 1.0804 1.3486 1.2570 1.1200 0.9867 1.0882 0.9537 0.8766 0.9143 0.8612 0.8579 0.8739 0.9295 0.8688 1.0000
0.9981 0.8716 0.9639 1.1844 0.8202 0.9343 1.0000 0.9339 0.9615 1.0301 0.9336 0.9579 1.0437 1.2016 1.1110 1.2620
1.3610 1.2050 1.1631 1.1270 1.0051 1.0614 1.0956 0.9199 0.9575 0.8726 0.8985 0.9443 0.8202 0.9408 0.7865 1.0054
1.2456 0.9854 0.9099 1.0179 0.9506 1.0351 1.0174 0.9181 1.0392 1.0977 0.8746 1.0642 0.8788 1.0786 1.0012 1.2395
1.2322 1.0657 1.0063 1.1420 0.9794 1.0618 1.0569 0.9550 0.9556 0.9929 1.0158 0.8560 0.8714 0.8470 1.0268 0.9531
1.2088 1.1087 1.0527 0.9913 0.9587 0.9563 1.0192 0.9651 0.8795 1.0590 0.9536 0.8269 0.9709 1.0765 1.0000 1.0413
1.3398 1.2043 1.1813 1.1119 1.1106 1.1139 1.0526 1.0063 1.0736 0.8961 0.8768 0.8307 0.8045 0.7988 0.7852 0.8242
0.6477 0.7081 0.8804 0.7278 0.9169 0.9427 0.8222 0.9994 0.9869 0.8787 0.9977 0.9689 1.1802 1.0194 1.1700 1.2520
1.1850 1.0098 1.0327 1.0903 0.9972 0.9792 0.9322 1.2094 0.8727 0.8544 0.9270 0.8696 0.9805 0.9821 1.0424 1.0199
0.7079 0.7298 0.9087 0.8136 0.9832 0.9888 0.9018 1.0252 0.9672 0.9448 1.1052 0.9034 1.2658 1.0830 0.9675 1.3190
1.2832 1.1476 1.1996 1.1912 1.0918 1.1154 1.1375 0.9768 1.0136 0.8758 0.8323 0.8562 0.8633 0.7939 0.8368 0.7847
1.0060 0.8087 0.7954 0.8963 0.8526 0.9194 0.8548 1.0552 0.9631 1.1141 1.2012 1.0044 1.1173 1.2019 1.1984 1.5464
1.2945 1.0971 1.1053 1.0433 0.8558 1.0123 1.0578 1.0177 0.9423 0.8524 0.9183 0.8447 0.9697 0.8585 1.0183 1.0868
1.1366 1.1819 0.9266 0.9095 1.0594 1.0273 0.9888 1.0734 1.0116 0.9588 0.9531 0.9708 0.9648 0.8079 0.8257 0.9736
1.0650 0.8996 1.0394 0.9058 1.0111 1.0587 0.9680 0.9930 1.0000 0.9095 0.9212 1.0990 1.0000 0.9876 0.9855 1.1162
0.9450 0.9229 0.9202 1.0000 1.0088 0.9281 1.0487 1.1278 0.9883 0.9865 1.0300 0.9863 1.0586 1.0687 1.2706 1.2027
1.4687 1.3052 1.0602 1.2707 1.0037 0.9983 1.1258 0.9838 0.9231 1.0000 1.0000 0.9042 1.0000 0.8400 0.9083 0.8870
1.5234 1.0015 1.2023 0.9368 0.8093 1.1162 1.0187 0.9906 1.0790 1.0377 0.9138 0.9987 0.8805 0.8965 1.0036 1.1357
1.1300 1.1240 1.1428 1.2160 0.9800 1.0522 0.9553 0.9049 1.0125 1.0287 0.8988 0.8280 0.8438 0.7974 0.5448 0.5794
1.1909 1.0444 1.0000 0.9788 1.0999 1.0524 0.9372 1.0095 0.9826 1.0275 0.8861 0.9889 0.9431 1.0329 1.0194 1.1205
0.7663 0.7520 0.9790 1.0134 1.1299 1.0309 0.9833 0.9603 0.9531 1.0611 0.9631 0.9821 1.0095 0.9903 1.0149 1.2447
1.0088 0.8980 0.9308 0.9854 0.8660 0.9458 0.8852 0.9336 1.0000 1.1208 0.9366 0.9506 1.1647 1.3384 1.3774 1.7959
1.0485 1.1076 0.9144 1.0562 0.8781 1.0015 0.9627 1.0284 1.1015 0.9141 0.9791 1.0167 0.9223 1.0393 0.5458 1.0481
1.0329 0.8855 0.8521 0.8847 0.8958 0.9470 1.0453 0.9877 0.9712 0.8812 1.0166 1.0171 1.1211 1.0029 1.1091 1.2771
