0.7400 0.7976 0.8587 0.8857 1.0237 1.0803 1.0422 1.1750 1.1496 1.1707 1.0214 1.0035 1.0450 1.0261 0.8594 0.8743
0.8463 0.8426 0.9629 1.0320 1.0944 1.2128 1.1969 0.9666 1.0252 0.9526 1.1080 1.0025 0.9324 0.8592 0.9970 0.7717
0.6554 0.6987 0.9177 0.9190 0.9552 1.0882 1.1219 1.0743 1.0720 1.2238 1.0003 0.9697 0.8991 0.9207 0.9223 0.7289
0.6565 0.7357 0.8531 0.9615 0.9826 1.0879 1.1086 1.0313 0.9791 1.1591 1.1301 0.9618 1.0397 0.8928 0.9388 0.7479
0.7126 0.7716 0.8052 0.8937 1.0000 1.0298 1.0702 1.0591 1.1862 1.2184 1.0275 1.0396 0.9581 1.0436 0.9445 0.8745
0.8324 0.8525 0.8593 0.9419 1.1521 1.0854 1.1772 1.1074 1.1632 1.1195 1.0596 1.0224 0.9752 0.9280 0.8600 0.8617
0.7522 0.8131 0.8606 0.9413 1.0428 1.0420 1.1517 1.1611 1.1070 1.0812 1.0877 1.0475 0.9841 0.9154 0.8305 0.9334
0.8922 0.8168 0.8656 0.9365 1.0000 1.0905 1.1826 1.1129 1.0962 1.0761 1.1454 1.0826 1.0128 0.9224 0.8536 0.9165
0.8179 0.8668 0.8748 0.8664 1.0194 1.0138 1.1247 1.0489 1.0820 1.1129 1.0414 1.0899 0.9892 1.0358 0.9109 0.8413
0.6842 0.7536 0.8615 0.9760 1.0036 1.0220 1.0537 1.1326 0.9884 1.0171 1.1725 0.9615 0.9088 0.9589 0.9972 1.0091
0.7230 0.6510 0.7476 0.7891 0.9637 1.0415 1.1389 1.0368 1.0228 1.0654 1.0104 0.9616 1.0185 0.9831 0.8603 0.9652
0.7532 0.8398 0.9183 0.9753 1.1547 1.1394 1.1357 0.8746 1.0380 1.2359 1.0886 0.9697 0.9404 1.0000 1.0000 0.6920
0.9310 0.8792 0.8978 1.0079 1.1471 1.1179 1.1693 1.0176 1.1238 1.0448 1.0590 1.0318 0.9963 0.8482 0.8389 0.9702
0.9054 0.8972 0.9621 1.0214 0.9947 1.1047 1.1618 1.1189 1.0925 1.0545 1.1505 0.9408 0.9452 1.0000 0.8443 0.8157
0.6649 0.7374 0.8555 0.8996 0.9938 1.1899 1.0749 1.0602 1.0522 1.0536 1.1000 1.1296 1.0026 0.8639 0.8940 0.8275
0.6793 0.7938 0.9098 0.9957 0.9803 1.0379 1.0909 1.0397 1.0819 1.0144 1.0041 1.0684 1.0003 0.9781 0.9304 0.8715
0.8734 0.7738 0.8645 0.8887 1.0353 1.1666 0.9714 1.1726 1.1348 1.1731 1.0492 1.0408 1.1079 0.9381 0.8876 0.9239
0.6963 0.7781 0.7981 0.8251 1.0038 0.9983 1.1181 1.0095 1.0031 1.1230 1.0872 1.0520 1.0097 1.0135 0.8953 0.9077
0.6857 1.0000 0.8907 0.9266 0.9752 1.1229 1.1225 1.0459 1.0692 1.1673 1.0865 0.9174 0.9930 0.9024 0.8820 0.8998
0.8335 0.8148 0.9165 0.8565 1.0263 1.1324 1.0164 1.0607 1.0672 1.1683 1.0456 1.1330 1.0000 0.9789 0.9673 0.9241
0.8755 0.8949 0.8931 0.9589 0.9488 1.0945 1.0478 1.0340 1.0452 0.9591 1.0554 1.1170 1.0084 0.9948 1.0168 0.9544
0.6310 0.7771 0.9116 0.9806 1.0000 1.0715 1.0598 1.0618 1.0311 1.1005 1.0076 1.0636 0.9781 0.9139 1.0000 0.8178
0.8427 0.7831 0.9541 0.9410 1.0682 1.1523 1.1726 0.9462 1.0745 1.1330 1.1513 1.0327 1.0465 0.9341 0.8836 0.8382
0.7617 0.7895 0.8748 0.9504 1.2065 1.0000 1.0853 1.1840 1.0933 1.0551 1.2357 0.9324 0.9373 0.9511 0.9767 0.9648
0.8319 0.9103 0.8870 0.9633 1.0967 1.0980 1.1846 1.1723 1.1773 1.1704 1.0993 0.9723 0.9682 0.9123 0.7843 0.7905
