0.7552 0.8117 0.8877 0.9050 1.0324 1.0931 1.0556 1.1619 1.1274 1.1519 1.0138 0.9676 1.0496 1.0240 0.8629 0.8753
0.8755 0.8770 0.9898 1.0757 1.1181 1.2607 1.2035 0.9326 0.9731 0.9078 1.0698 0.9837 0.9304 0.8415 0.9923 0.7725
0.6592 0.7459 0.9108 0.9247 0.9558 1.1031 1.0976 1.0635 1.0469 1.2200 1.0109 0.9767 0.9130 0.9321 0.9290 0.7186
0.6608 0.7403 0.8759 0.9782 0.9853 1.0823 1.0977 1.0196 0.9782 1.1226 1.1133 0.9849 1.0386 0.8983 0.9468 0.7641
0.7467 0.8014 0.8334 0.9156 1.0000 1.0333 1.0957 1.0555 1.1384 1.2203 1.0151 1.0188 0.9532 1.0378 0.9691 0.8656
0.8341 0.8799 0.8917 0.9560 1.1517 1.1086 1.1768 1.0627 1.1417 1.0895 1.0471 1.0070 0.9804 0.9310 0.8680 0.8781
0.7324 0.8297 0.8914 0.9598 1.0438 1.0342 1.1413 1.1295 1.0825 1.0613 1.0779 1.0394 0.9741 0.9093 0.8430 0.9832
0.8884 0.8135 0.8851 0.9579 1.0000 1.0935 1.1953 1.0978 1.0763 1.0423 1.1145 1.0748 1.0273 0.9372 0.8631 0.9342
0.8072 0.8816 0.8730 0.8973 1.0312 1.0285 1.1485 1.0293 1.0752 1.0988 1.0380 1.0672 0.9891 1.0248 0.9001 0.8430
0.6795 0.7598 0.8760 0.9877 1.0190 1.0220 1.0570 1.1280 0.9572 1.0034 1.1412 0.9217 0.9040 0.9783 1.0169 1.0387
0.7308 0.6691 0.7599 0.8196 0.9682 1.0467 1.1421 1.0201 0.9959 1.0401 0.9879 0.9616 1.0359 0.9961 0.8748 0.9828
0.7504 0.8508 0.8995 0.9883 1.1775 1.1536 1.1321 0.8710 1.0133 1.2229 1.0771 0.9730 0.9539 1.0000 1.0000 0.7025
0.9551 0.8901 0.9235 1.0168 1.1402 1.1021 1.1685 1.0072 1.1168 1.0261 1.0778 1.0055 1.0103 0.8417 0.8290 0.9712
0.9309 0.9268 0.9836 1.0281 0.9904 1.1091 1.1695 1.1296 1.0826 1.0343 1.1310 0.9173 0.9418 1.0000 0.8338 0.7954
0.6747 0.7543 0.8646 0.9123 1.0148 1.2053 1.1143 1.0702 1.0474 1.0513 1.0410 1.0843 0.9704 0.8616 0.9110 0.8558
0.6918 0.7975 0.9031 0.9732 0.9716 1.0322 1.0929 1.0349 1.0708 0.9948 1.0061 1.0831 1.0018 0.9933 0.9457 0.8971
0.8942 0.7556 0.8664 0.8725 1.0368 1.1922 0.9639 1.1787 1.1377 1.1511 1.0380 1.0376 1.1023 0.9468 0.8874 0.9370
0.6941 0.7997 0.7911 0.8279 1.0008 0.9879 1.1181 1.0043 0.9952 1.1047 1.0914 1.0506 0.9993 1.0225 0.9135 0.9451
0.6946 1.0000 0.9054 0.9193 0.9803 1.1260 1.1451 1.0220 1.0641 1.1521 1.0777 0.9060 0.9979 0.9049 0.8809 0.9174
0.8196 0.8065 0.9509 0.8642 1.0608 1.1480 1.0056 1.0701 1.0425 1.1613 1.0207 1.1335 1.0000 0.9654 0.9722 0.9359
0.8634 0.9039 0.9147 0.9621 0.9272 1.0854 1.0477 1.0172 1.0229 0.9463 1.0382 1.1355 1.0122 1.0154 1.0340 0.9742
0.6190 0.7745 0.9200 0.9928 1.0000 1.0571 1.0488 1.0388 1.0047 1.0877 1.0162 1.0766 1.0078 0.9156 1.0000 0.8347
0.8443 0.7974 0.9827 0.9605 1.0501 1.1413 1.1415 0.9441 1.0674 1.1261 1.1505 1.0441 1.0548 0.9260 0.8909 0.8405
0.7784 0.7987 0.8922 0.9650 1.2188 1.0000 1.0657 1.1725 1.0696 1.0324 1.2178 0.9376 0.9452 0.9293 0.9961 0.9818
0.8312 0.9353 0.8821 0.9886 1.1063 1.1067 1.1973 1.1632 1.1483 1.1462 1.0807 0.9648 0.9721 0.9113 0.7772 0.7853
