0.7212 0.7890 0.8364 0.8714 1.0166 1.0854 1.0582 1.1817 1.1698 1.1750 1.0436 1.0268 1.0571 1.0135 0.8544 0.8587
0.8269 0.8612 0.9375 1.0270 1.0873 1.2277 1.2183 0.9767 1.0569 0.9829 1.1072 1.0090 0.9291 0.8487 0.9716 0.7481
0.6527 0.7065 0.9232 0.9135 0.9612 1.0683 1.1508 1.0848 1.0784 1.2507 1.0260 0.9427 0.8859 0.9071 0.8833 0.7224
0.6583 0.7514 0.8336 0.9533 0.9761 1.0923 1.0983 1.0378 0.9964 1.1764 1.1487 0.9580 1.0471 0.8759 0.9204 0.7565
0.7156 0.7731 0.8053 0.9083 1.0000 1.0330 1.0755 1.0658 1.1468 1.2084 1.0860 1.0345 1.0065 1.0328 0.9188 0.8113
0.8253 0.8534 0.8672 0.9373 1.1380 1.0818 1.1712 1.1369 1.1856 1.1191 1.0527 1.0284 0.9703 0.9319 0.8484 0.8446
0.7701 0.8030 0.8622 0.9412 1.0300 1.0328 1.1737 1.1661 1.1234 1.1120 1.0932 1.0498 0.9625 0.9090 0.8267 0.9157
0.8738 0.8029 0.8600 0.9476 1.0000 1.1310 1.2056 1.1304 1.0873 1.0700 1.1581 1.0770 1.0094 0.9051 0.8401 0.9019
0.8171 0.8694 0.8359 0.8932 0.9982 1.0081 1.1261 1.0236 1.1114 1.1363 1.0428 1.1205 0.9817 1.0239 0.8867 0.8480
0.6875 0.7563 0.8579 0.9508 0.9750 1.0400 1.0346 1.0938 1.0330 1.0554 1.2172 1.0074 0.9232 0.9862 0.9856 0.9765
0.7149 0.6387 0.7433 0.7761 0.9561 1.0496 1.1197 1.0591 1.0238 1.0739 1.0427 0.9553 1.0128 0.9669 0.8410 0.9714
0.7360 0.8206 0.9030 0.9520 1.1579 1.1311 1.1210 0.8880 1.0492 1.2318 1.0824 0.9609 0.9622 1.0000 1.0000 0.7054
0.9256 0.8901 0.9093 1.0184 1.1321 1.1144 1.1989 1.0520 1.1440 1.0701 1.0515 1.0365 0.9669 0.8540 0.8088 0.9195
0.8838 0.8765 0.9453 1.0016 0.9922 1.0969 1.1587 1.1585 1.1133 1.0689 1.1782 0.9596 0.9380 1.0000 0.8251 0.7936
0.6922 0.7412 0.8889 0.9118 0.9869 1.1626 1.0632 1.0706 1.0528 1.0902 1.0978 1.1445 0.9836 0.8790 0.8733 0.8032
0.6580 0.7807 0.9063 0.9576 1.0018 1.0465 1.1009 1.0590 1.0851 1.0317 1.0246 1.0441 0.9809 0.9827 0.9405 0.8522
0.8560 0.7923 0.8792 0.8981 1.0400 1.1565 1.0114 1.1777 1.1653 1.1770 1.0571 1.0327 1.0681 0.9228 0.8754 0.8839
0.7130 0.7464 0.7883 0.8043 0.9955 1.0167 1.1182 1.0034 1.0087 1.1064 1.0625 1.0459 1.0117 1.0060 0.8672 0.8784
0.6933 1.0000 0.8882 0.8963 0.9691 1.1206 1.1355 1.0968 1.0964 1.1801 1.1079 0.9277 0.9573 0.9008 0.8579 0.8653
0.8031 0.8258 0.9067 0.8374 1.0117 1.1391 1.0126 1.0837 1.0871 1.1966 1.0786 1.1387 1.0000 0.9704 0.9516 0.9393
0.8474 0.8850 0.8730 0.9732 0.9752 1.1198 1.0777 1.0629 1.0470 0.9776 1.0668 1.1171 0.9989 0.9879 0.9900 0.9150
0.6083 0.7614 0.9054 0.9690 1.0000 1.0863 1.0532 1.0861 1.0548 1.1122 1.0458 1.0247 0.9748 0.9002 1.0000 0.8008
0.8657 0.7987 0.9412 0.9461 1.0712 1.1712 1.2010 0.9821 1.0941 1.1306 1.1516 1.0194 1.0172 0.9306 0.8752 0.8075
0.7481 0.7925 0.8661 0.9362 1.2210 1.0000 1.0951 1.2046 1.1212 1.0744 1.2349 0.9518 0.9226 0.9165 0.9533 0.9520
0.8526 0.9074 0.8796 0.9555 1.0819 1.1270 1.1823 1.1991 1.2013 1.1688 1.1033 0.9629 0.9658 0.8905 0.7844 0.7277
