1.3371 1.1911 1.0496 1.0834 1.0022 0.9650 1.0827 0.9025 1.1053 1.1160 0.8567 0.8337 0.9355 0.8280 0.7940 0.9130
1.0000 1.0454 1.2881 1.2819 1.1415 1.0029 1.0895 0.9820 0.8837 0.9064 0.8826 0.8832 0.8709 0.9145 0.8359 1.0000
1.0549 0.9036 0.9203 1.2164 0.8625 0.9635 1.0000 0.9479 0.9773 1.0295 0.9857 0.9398 1.0550 1.1388 1.0697 1.2525
1.2864 1.2006 1.1600 1.1360 1.0256 1.0659 1.1085 0.9106 0.9838 0.8937 0.8927 0.9386 0.8051 0.9303 0.7862 0.9607
1.2623 0.9902 0.9020 1.0313 0.9539 0.9876 0.9718 0.9077 0.9510 1.0388 0.9742 1.1001 0.8768 1.1031 1.0659 1.3570
1.1855 1.1016 1.0021 1.1252 0.9730 1.0668 1.0749 0.9671 0.9190 1.0257 0.9842 0.8818 0.8991 0.8537 0.9945 0.9535
1.1852 1.0846 1.0474 0.9938 0.9536 0.9477 1.0158 0.9702 0.8882 1.0432 0.9622 0.8457 0.9740 1.1142 1.0000 1.0441
1.3619 1.2420 1.1522 1.0884 1.0996 1.0809 1.0559 1.0171 1.0933 0.8891 0.9013 0.8297 0.8209 0.7668 0.7828 0.8294
0.6686 0.7253 0.9061 0.7534 0.9424 0.9586 0.8429 1.0498 1.0488 0.9019 1.0519 0.9861 1.2077 1.0077 1.2334 1.2285
1.1400 0.9945 0.9891 1.1106 0.9878 0.9717 0.9515 1.1713 0.8670 0.8829 0.9176 0.8774 1.0032 0.9843 1.0939 1.0968
0.6621 0.7264 0.8912 0.8104 0.9382 0.9798 0.9027 1.0449 1.0096 0.9697 1.0653 0.9083 1.2608 1.0986 0.9506 1.2385
1.2696 1.1334 1.1845 1.2001 1.0799 1.1133 1.1332 0.9716 0.9863 0.8932 0.8484 0.9113 0.8523 0.8014 0.8297 0.7918
1.0276 0.8665 0.8229 0.9185 0.8678 0.8874 0.7915 1.0564 0.9426 1.1127 1.1527 1.0019 1.1166 1.1836 1.1407 1.5103
1.1992 1.0600 1.1021 1.0087 0.8570 1.0001 1.0363 1.0471 0.9411 0.8964 0.9553 0.8841 0.9847 0.8959 1.0315 1.0533
1.1966 1.1739 0.9326 0.9147 1.0406 1.0454 0.9995 1.0723 1.0031 0.9219 0.9616 0.9678 0.9685 0.8047 0.7818 0.9238
1.0170 0.9634 1.0631 0.8998 0.9655 1.0682 0.9783 0.9802 1.0000 0.9121 0.9428 1.0814 1.0000 1.0126 1.0214 1.1543
0.9491 0.9314 0.9211 1.0000 0.9668 0.9116 1.0229 1.0862 0.9877 1.0151 1.0547 0.9869 1.0509 1.0944 1.2972 1.2918
1.4802 1.3580 1.0476 1.2404 0.9649 1.0096 1.1308 0.9665 0.8875 1.0000 1.0000 0.9076 1.0000 0.8427 0.9168 0.9202
1.4882 1.0065 1.2607 0.9149 0.8023 1.1140 0.9950 0.9725 1.0511 1.0319 0.9023 0.9999 0.8911 0.8892 0.9628 1.1448
1.1643 1.1270 1.1620 1.2118 0.9879 1.0457 0.9665 0.9250 0.9931 1.0756 0.9085 0.7968 0.7998 0.7532 0.5288 0.5109
1.2725 0.9494 1.0000 0.9253 1.1072 1.0690 0.9307 1.0216 0.9822 1.0316 0.9241 1.0652 0.9067 1.0805 0.9849 1.0699
0.6872 0.7453 0.9848 0.9771 1.1037 1.0116 1.0008 0.9395 0.9291 1.0991 0.9635 0.9762 1.0327 0.9779 0.9956 1.2407
1.0316 0.8721 0.9196 0.9624 0.8248 0.9174 0.8441 0.9000 1.0000 1.1282 0.9558 0.9230 1.1681 1.2581 1.3411 1.6332
1.0367 1.0651 0.8794 1.0555 0.8814 0.9728 0.9422 1.0015 1.1259 0.8995 1.0045 1.0342 0.9349 1.0418 0.5458 1.0838
1.2090 1.0436 0.9458 0.9978 1.0124 1.0226 1.0705 1.0010 1.0269 0.8877 1.0422 0.9465 1.0371 0.9295 0.9499 1.0562
