0.7253 0.7705 0.8602 0.8927 1.0328 1.0843 1.0523 1.1737 1.1679 1.1774 1.0268 1.0166 1.0499 1.0112 0.8602 0.8625
0.8313 0.8579 0.9448 1.0435 1.0755 1.2407 1.2236 0.9800 1.0321 0.9627 1.1129 0.9946 0.9294 0.8625 0.9793 0.7644
0.6390 0.7059 0.9009 0.9231 0.9582 1.0825 1.1610 1.0741 1.0796 1.2412 1.0229 0.9533 0.9010 0.9057 0.8740 0.7174
0.6488 0.7357 0.8443 0.9605 0.9721 1.0687 1.1153 1.0507 1.0148 1.1623 1.1300 0.9699 1.0248 0.8778 0.9189 0.7658
0.6977 0.7729 0.8076 0.9091 1.0000 0.9937 1.0724 1.0449 1.1688 1.2333 1.0537 1.0356 0.9757 1.0431 0.9296 0.8407
0.8249 0.8389 0.8605 0.9589 1.1481 1.0801 1.1769 1.1192 1.1866 1.1139 1.0667 1.0043 0.9752 0.9332 0.8629 0.8466
0.7633 0.8125 0.8579 0.9316 1.0377 1.0398 1.1709 1.1715 1.1110 1.0854 1.0922 1.0230 0.9796 0.9234 0.8218 0.9409
0.8752 0.7968 0.8520 0.9268 1.0000 1.1086 1.2181 1.1301 1.0978 1.0868 1.1574 1.0759 1.0205 0.9343 0.8335 0.8965
0.8159 0.8751 0.8613 0.8600 1.0209 1.0168 1.1262 1.0464 1.0996 1.1193 1.0514 1.0978 0.9701 1.0254 0.8886 0.8524
0.6934 0.7418 0.8640 0.9720 0.9772 1.0229 1.0644 1.1165 1.0078 1.0895 1.1997 0.9730 0.9229 0.9952 0.9766 0.9787
0.7142 0.6553 0.7365 0.7997 0.9643 1.0544 1.1246 1.0622 1.0329 1.0758 1.0346 0.9543 1.0030 0.9721 0.8446 0.9635
0.7295 0.8189 0.9107 0.9709 1.1448 1.1492 1.1225 0.9004 1.0390 1.2179 1.0859 0.9544 0.9552 1.0000 1.0000 0.6943
0.9420 0.8928 0.9117 1.0228 1.1297 1.1221 1.1859 1.0280 1.1224 1.0639 1.0694 0.9995 0.9904 0.8343 0.8314 0.9430
0.8994 0.8916 0.9607 1.0032 0.9947 1.0981 1.1609 1.1534 1.1053 1.0615 1.1672 0.9368 0.9490 1.0000 0.8133 0.7913
0.7016 0.7296 0.8437 0.9194 0.9924 1.1467 1.0632 1.0651 1.0681 1.0734 1.1161 1.1123 1.0114 0.8757 0.8741 0.8321
0.6760 0.8015 0.9173 0.9741 0.9921 1.0323 1.1055 1.0501 1.0840 1.0085 1.0155 1.0458 0.9852 0.9833 0.9328 0.8661
0.8551 0.7957 0.8739 0.9040 1.0578 1.1694 1.0014 1.1793 1.1437 1.1785 1.0465 1.0320 1.0934 0.9214 0.8743 0.8809
0.7006 0.7474 0.7803 0.8118 1.0061 0.9969 1.1238 1.0045 1.0096 1.1143 1.0678 1.0387 1.0025 1.0072 0.8722 0.8736
0.6879 1.0000 0.8842 0.9080 0.9730 1.1264 1.1436 1.0784 1.0909 1.1746 1.0850 0.9331 0.9756 0.8859 0.8668 0.8743
0.8247 0.8194 0.9055 0.8510 1.0235 1.1446 1.0218 1.0761 1.0772 1.1872 1.0633 1.1121 1.0000 0.9976 0.9719 0.9403
0.8397 0.8891 0.9005 0.9805 0.9577 1.1186 1.0856 1.0573 1.0494 0.9849 1.0659 1.1062 1.0101 0.9642 0.9893 0.9258
0.6335 0.7674 0.8927 0.9667 1.0000 1.0687 1.0639 1.0774 1.0530 1.1054 1.0343 1.0446 0.9742 0.9010 1.0000 0.8113
0.8732 0.7977 0.9408 0.9382 1.0667 1.1600 1.1971 0.9828 1.0801 1.1299 1.1588 1.0191 1.0341 0.9419 0.8950 0.8076
0.7430 0.7909 0.8545 0.9446 1.2209 1.0000 1.0924 1.1829 1.1004 1.0788 1.2381 0.9545 0.9463 0.9482 0.9594 0.9521
0.8323 0.9187 0.8840 0.9685 1.0958 1.1045 1.1857 1.1655 1.1866 1.1894 1.0974 0.9487 0.9565 0.9129 0.7845 0.7598
