1.4238 1.3371 1.3351 1.3238 1.1565 1.1080 1.0991 0.9713 1.0240 0.9737 0.7987 0.7700 0.8286 0.7080 0.6353 0.6549
1.0000 0.7620 0.9394 0.9551 0.9403 0.9433 1.0931 0.9958 0.9720 1.1269 1.0372 0.9810 1.0514 1.1835 1.0651 1.0000
1.3892 1.3163 1.4585 2.0558 1.0574 1.2200 1.0000 0.8016 1.1507 1.0381 0.9617 0.8113 0.8613 0.9545 0.7024 0.8447
1.0196 0.8129 0.8267 0.9520 0.8731 0.9447 0.9562 0.9395 1.1488 1.0621 1.0198 1.0148 1.0806 0.9521 0.9819 1.4334
1.3443 1.2419 1.0373 0.9968 0.9400 0.9949 1.2749 1.2017 0.9052 1.1420 1.2213 1.0095 0.9772 0.9904 0.9533 0.9541
0.7232 0.8737 0.6956 0.8786 0.8642 0.9690 1.1967 0.9753 0.9267 1.1770 0.9717 1.2507 1.1033 1.1137 1.2317 1.3671
1.6953 1.3628 1.3301 1.2068 1.1954 1.0145 1.0031 0.8520 0.8803 0.8615 0.8360 0.7554 0.8125 0.9724 1.0000 0.7746
0.9497 0.9110 0.9060 0.9677 0.8426 0.9958 1.0793 1.1419 1.1748 0.9726 0.9793 1.0681 0.9322 0.9095 1.0089 1.1496
1.0277 0.9498 1.1699 1.0748 1.0000 1.1990 0.9927 1.1227 1.0656 0.9611 1.0136 0.9481 0.9862 0.8592 1.0316 1.1196
0.9493 0.8178 0.9720 0.8646 0.9169 1.0056 0.8830 1.1018 0.9473 1.0837 1.0255 1.1233 1.2825 1.1124 1.1811 1.6373
0.6954 1.1018 1.1581 0.8809 1.0679 1.1481 1.0619 1.1561 1.0585 0.9550 0.8731 0.9183 0.9572 0.8677 0.7944 1.2923
0.8353 0.7849 0.8466 0.8783 0.8225 0.9294 1.0132 0.9207 1.0061 1.1437 1.1260 1.1744 1.1798 1.2003 1.2669 0.9763
1.2092 1.1293 1.0874 1.1484 1.1085 1.1586 1.1106 1.4883 0.7795 1.1900 1.0757 0.7164 0.7681 0.7656 0.7558 0.8546
1.0604 0.8919 1.0820 0.8673 0.8162 0.8938 0.8697 1.0512 1.0658 1.1057 1.0964 1.0172 1.0829 1.0348 1.0807 1.0467
1.5646 1.4111 1.0799 1.0666 1.2313 1.0740 1.1288 1.0938 0.8752 0.7710 0.9067 0.7710 0.7882 0.6115 0.6742 0.7790
0.6942 0.9253 0.8550 0.7874 0.8489 0.8562 0.9812 0.9057 1.0000 0.9594 1.1887 1.1489 1.0000 1.3871 1.4348 1.4779
1.1832 0.9431 1.2030 1.0000 0.9649 1.0401 1.0953 0.9920 0.9584 0.9428 0.9443 0.9213 0.8607 0.8946 1.0448 0.9390
0.8461 0.8797 0.8099 0.9735 0.7940 0.8714 1.0428 0.9674 0.9522 1.0000 1.0000 1.1889 1.0000 1.0983 1.1872 1.2756
1.5049 1.2634 1.7292 1.1878 0.9039 1.2048 1.1068 1.0539 1.0301 0.9087 0.9512 0.7795 0.6752 0.7161 0.8191 0.7630
0.8510 0.8046 1.1728 0.9097 0.9130 0.9845 1.0237 1.0764 1.1776 1.4011 1.1514 1.0063 1.1247 1.0697 0.7149 0.7194
1.5018 1.1285 1.0000 1.1595 1.2616 1.1548 1.0665 1.0229 0.9744 0.8928 0.8960 1.0323 0.8329 0.9578 0.8695 0.9334
0.7030 0.6014 0.7885 0.7070 0.8209 0.9226 1.0071 1.0025 1.0186 1.0218 1.0489 1.3435 1.2049 1.0542 1.1275 1.5412
0.9993 1.0013 1.0542 0.8733 1.0091 1.0300 1.1578 1.1537 1.0000 1.5483 1.0049 0.8613 0.8965 0.7016 0.6110 0.7359
0.8088 0.7542 0.8250 0.8306 0.8051 0.8964 0.8445 0.9876 1.1385 1.0735 1.1099 1.1351 1.2206 1.1990 1.7356 1.3789
1.5128 1.4140 1.2421 1.3516 1.1958 1.2733 1.2908 1.2224 1.0215 0.9245 0.8760 0.9452 1.0319 0.7759 0.8343 0.9375
