1.3655 1.2137 1.0546 1.0932 0.9940 0.9399 1.0793 0.8893 1.1067 1.1379 0.8449 0.8396 0.9283 0.8294 0.7806 0.9136
1.0000 1.1012 1.3386 1.2742 1.1388 1.0128 1.1020 0.9723 0.8703 0.9059 0.8745 0.8600 0.8543 0.8708 0.8233 1.0000
0.9880 0.8601 0.9529 1.1336 0.8251 0.9450 1.0000 0.9671 0.9845 1.0634 0.9624 0.9540 1.0519 1.1625 1.0881 1.2577
1.3254 1.2120 1.1711 1.1382 1.0108 1.0576 1.0935 0.8973 0.9609 0.8742 0.8932 0.9506 0.8164 0.9305 0.7801 0.9708
1.2144 0.9655 0.9070 1.0297 0.9529 1.0034 0.9777 0.9287 1.0254 1.0973 0.9599 1.0959 0.8897 1.0766 1.0366 1.2991
1.2141 1.0681 1.0074 1.1260 0.9664 1.0654 1.0512 0.9760 0.9409 1.0106 1.0128 0.8819 0.8860 0.8423 1.0092 0.9458
1.1873 1.0947 1.0294 0.9728 0.9352 0.9493 1.0231 0.9818 0.8935 1.0460 0.9857 0.8449 0.9966 1.0302 1.0000 1.0668
1.3606 1.2283 1.1504 1.1089 1.1453 1.1205 1.0876 1.0106 1.0762 0.9105 0.8912 0.8257 0.7993 0.7704 0.7365 0.7983
0.6471 0.7053 0.8692 0.7363 0.9335 0.9584 0.8340 1.0431 1.0315 0.8983 1.0462 0.9745 1.1945 0.9979 1.1960 1.2233
1.1598 0.9906 0.9913 1.1100 1.0095 0.9659 0.9469 1.1878 0.8941 0.8895 0.9376 0.8983 0.9768 0.9690 1.0695 1.0444
0.6943 0.7484 0.9019 0.8242 0.9770 0.9850 0.9106 1.0174 0.9662 0.9638 1.1160 0.9308 1.1759 1.1055 0.9596 1.2960
1.2633 1.1426 1.1938 1.2198 1.0764 1.1049 1.1433 0.9739 1.0119 0.8914 0.8382 0.8796 0.8412 0.8023 0.8181 0.7847
0.9973 0.8219 0.8010 0.8935 0.8506 0.9048 0.8261 1.0547 0.9625 1.1118 1.2122 1.0272 1.1125 1.2008 1.1556 1.5164
1.2285 1.0781 1.1357 1.0370 0.8493 0.9937 1.0414 1.0260 0.9447 0.8778 0.9529 0.8823 0.9806 0.8690 1.0095 1.0639
1.1626 1.1684 0.9301 0.9049 1.0528 1.0515 0.9879 1.0661 0.9975 0.9377 0.9704 0.9838 0.9536 0.8110 0.7755 0.9611
1.0521 0.9312 1.0574 0.9101 1.0045 1.0488 0.9669 0.9904 1.0000 0.9166 0.9456 1.1257 1.0000 1.0015 0.9793 1.1256
0.9388 0.9267 0.9230 1.0000 0.9850 0.9186 0.9957 1.0751 0.9870 1.0126 1.0519 1.0033 1.0573 1.1049 1.2668 1.2437
1.4795 1.3563 1.0495 1.2729 0.9866 0.9881 1.1140 0.9878 0.9173 1.0000 1.0000 0.8828 1.0000 0.8282 0.8894 0.8841
1.5247 1.0274 1.1470 0.9095 0.7929 1.1138 1.0101 1.0014 1.0740 1.0450 0.8952 1.0205 0.9008 0.8865 0.9910 1.1572
1.1612 1.1191 1.1760 1.1938 0.9785 1.0310 0.9470 0.9208 1.0011 1.0593 0.9164 0.8198 0.8094 0.7846 0.5309 0.5280
1.1967 0.9460 1.0000 0.9593 1.1300 1.0408 0.9628 1.0247 0.9755 1.0273 0.9426 1.0370 0.9481 1.0437 1.0463 1.0707
0.7457 0.7519 0.9960 1.0052 1.1005 1.0124 0.9903 0.9504 0.9120 1.0852 0.9812 0.9739 1.0086 0.9844 0.9986 1.1584
1.0091 0.8685 0.9081 0.9639 0.8577 0.9025 0.8684 0.9212 1.0000 1.1343 0.9558 0.9630 1.1852 1.2918 1.3703 1.7544
1.0289 1.0776 0.8833 1.0338 0.8937 0.9800 0.9482 1.0148 1.1008 0.8982 1.0185 1.0298 0.9476 1.0430 0.5458 1.0420
1.0916 0.9414 0.8661 0.9361 0.9357 0.9711 1.0410 0.9932 0.9901 0.8848 1.0358 0.9900 1.1015 0.9735 1.0486 1.1877
