1.3673 1.1780 1.0272 1.0929 0.9642 0.9419 1.0741 0.8956 1.0985 1.1301 0.8437 0.8484 0.9289 0.8629 0.8090 0.9416
1.0000 1.0878 1.3266 1.2634 1.1324 0.9925 1.0966 0.9741 0.8780 0.8993 0.8787 0.8456 0.8759 0.9031 0.8270 1.0000
1.0323 0.8992 0.9497 1.1383 0.8446 0.9521 1.0000 0.9558 0.9584 1.0556 0.9704 0.9656 1.0543 1.1685 1.0781 1.2671
1.3739 1.2056 1.1845 1.1237 1.0186 1.0701 1.0806 0.9127 0.9594 0.8712 0.8932 0.9472 0.8233 0.9409 0.7929 0.9950
1.2472 0.9744 0.9017 1.0115 0.9768 1.0232 0.9752 0.8969 1.0315 1.1112 1.0013 1.0821 0.8830 1.0616 1.0269 1.2542
1.2379 1.0815 1.0086 1.1437 0.9932 1.0738 1.0537 0.9615 0.9376 0.9966 1.0066 0.8501 0.8660 0.8466 1.0029 0.9323
1.2118 1.1111 1.0510 0.9953 0.9515 0.9596 1.0202 0.9651 0.8875 1.0419 0.9675 0.8357 0.9623 1.0744 1.0000 1.0531
1.3532 1.2661 1.1703 1.1394 1.1439 1.1143 1.0767 1.0191 1.0640 0.8818 0.8839 0.8129 0.7879 0.7551 0.7264 0.7833
0.6627 0.7117 0.8931 0.7480 0.9455 0.9551 0.8345 1.0169 1.0028 0.8752 1.0170 0.9547 1.1787 0.9980 1.1634 1.2657
1.1741 1.0256 1.0151 1.0988 1.0190 0.9855 0.9476 1.1877 0.8704 0.8579 0.9214 0.8736 0.9721 0.9707 1.0380 1.0019
0.7174 0.7374 0.8901 0.8132 0.9712 0.9769 0.9030 1.0169 0.9630 0.9578 1.1127 0.9288 1.2365 1.1079 0.9677 1.3174
1.2691 1.1505 1.1861 1.2293 1.0919 1.1017 1.1286 0.9663 0.9942 0.8769 0.8298 0.8863 0.8415 0.7758 0.8193 0.7761
1.0117 0.8269 0.8058 0.8855 0.8369 0.9162 0.8450 1.0690 0.9376 1.1257 1.2167 1.0383 1.1309 1.2312 1.1819 1.5524
1.2397 1.0701 1.1435 1.0518 0.8631 1.0101 1.0424 1.0246 0.9363 0.8556 0.9274 0.8551 0.9855 0.8587 0.9965 1.0526
1.1274 1.1758 0.9383 0.9057 1.0416 1.0379 0.9874 1.0620 1.0098 0.9549 0.9625 0.9784 0.9659 0.8052 0.7924 0.9680
1.0401 0.8983 1.0269 0.9112 1.0127 1.0552 0.9757 0.9938 1.0000 0.9068 0.9212 1.1112 1.0000 0.9859 0.9874 1.1247
0.9460 0.9215 0.9115 1.0000 1.0020 0.9407 1.0155 1.1208 0.9959 1.0067 1.0448 0.9889 1.0544 1.0634 1.2365 1.2535
1.4883 1.3644 1.0815 1.2931 0.9913 1.0151 1.1404 0.9767 0.9214 1.0000 1.0000 0.8947 1.0000 0.8331 0.8975 0.8874
1.5013 0.9851 1.1521 0.9038 0.7904 1.1021 1.0250 0.9873 1.0790 1.0414 0.8979 1.0207 0.9085 0.8976 0.9961 1.1798
1.1666 1.1091 1.1426 1.2203 0.9836 1.0372 0.9490 0.9126 1.0027 1.0287 0.9082 0.8144 0.8408 0.7928 0.5319 0.5298
1.2556 0.9827 1.0000 0.9659 1.1315 1.0611 0.9465 1.0130 0.9778 1.0111 0.8995 1.0478 0.8546 1.0245 0.9302 1.0272
0.7274 0.7372 0.9722 1.0086 1.0987 1.0093 0.9916 0.9576 0.9703 1.0650 0.9583 0.9727 1.0167 0.9929 0.9849 1.1388
1.0386 0.8904 0.9242 0.9780 0.8482 0.9101 0.8605 0.9197 1.0000 1.1172 0.9331 0.9347 1.1818 1.3088 1.3813 1.7577
1.0281 1.0938 0.8970 1.0562 0.8991 0.9846 0.9691 1.0322 1.1069 0.9052 0.9898 1.0362 0.9249 1.0529 0.5458 1.0411
1.0740 0.9258 0.8768 0.9019 0.9282 0.9412 1.0436 0.9847 0.9613 0.8960 1.0224 1.0014 1.1244 0.9818 1.0649 1.2220
