0.7343 0.7862 0.8693 0.8860 1.0182 1.0811 1.0464 1.1847 1.1602 1.1774 1.0271 1.0137 1.0315 1.0199 0.8564 0.8570
0.8382 0.8369 0.9515 1.0336 1.0889 1.2368 1.2087 0.9694 1.0231 0.9528 1.1182 1.0031 0.9350 0.8537 0.9863 0.7649
0.6474 0.6964 0.9004 0.9119 0.9510 1.0896 1.1351 1.0770 1.0828 1.2373 0.9920 0.9708 0.9079 0.9191 0.9092 0.7241
0.6556 0.7324 0.8473 0.9551 0.9792 1.0709 1.1096 1.0479 0.9940 1.1649 1.1264 0.9680 1.0384 0.8911 0.9323 0.7647
0.7161 0.7493 0.7951 0.8969 1.0000 0.9959 1.0915 1.0677 1.1902 1.2396 1.0363 1.0388 0.9615 1.0359 0.9510 0.8552
0.8229 0.8413 0.8510 0.9381 1.1379 1.0869 1.1807 1.1082 1.1776 1.1326 1.0701 1.0245 0.9835 0.9241 0.8573 0.8605
0.7418 0.8167 0.8593 0.9225 1.0296 1.0244 1.1652 1.1637 1.1042 1.0734 1.0936 1.0429 0.9871 0.9299 0.8355 0.9518
0.8634 0.7997 0.8553 0.9309 1.0000 1.0875 1.1991 1.1110 1.1023 1.0770 1.1480 1.0952 1.0340 0.9320 0.8469 0.9207
0.8127 0.8713 0.8689 0.8597 1.0200 1.0144 1.1426 1.0350 1.1035 1.1179 1.0469 1.0944 0.9878 1.0236 0.8949 0.8317
0.6975 0.7592 0.8540 0.9535 0.9897 1.0114 1.0514 1.1148 0.9997 1.0375 1.1845 0.9762 0.9057 0.9815 0.9998 1.0132
0.7181 0.6485 0.7307 0.7889 0.9352 1.0301 1.1354 1.0349 1.0210 1.0809 1.0298 0.9715 1.0180 0.9789 0.8651 0.9632
0.7435 0.8350 0.9196 0.9721 1.1643 1.1312 1.1206 0.8780 1.0406 1.2352 1.0832 0.9896 0.9467 1.0000 1.0000 0.6977
0.9228 0.8735 0.8945 1.0034 1.1386 1.0851 1.1742 1.0329 1.1213 1.0430 1.0772 1.0387 1.0015 0.8551 0.8402 0.9650
0.8892 0.8965 0.9560 1.0037 0.9944 1.1098 1.1774 1.1386 1.1030 1.0559 1.1645 0.9370 0.9371 1.0000 0.8424 0.8057
0.6621 0.7317 0.8480 0.8991 0.9931 1.1578 1.0716 1.0429 1.0662 1.0755 1.1060 1.1134 0.9992 0.8920 0.9065 0.8317
0.6745 0.7906 0.9188 0.9903 0.9875 1.0314 1.0943 1.0292 1.0932 1.0011 1.0093 1.0690 1.0102 0.9643 0.9206 0.8765
0.8836 0.7629 0.8708 0.8839 1.0207 1.1503 0.9935 1.1799 1.1549 1.1900 1.0537 1.0315 1.0979 0.9422 0.8824 0.9086
0.6950 0.7614 0.7836 0.8209 1.0136 0.9971 1.1293 0.9940 0.9972 1.0830 1.0913 1.0583 1.0157 1.0428 0.8977 0.9181
0.6972 1.0000 0.8817 0.9163 0.9776 1.1366 1.1074 1.0556 1.0836 1.1689 1.0746 0.9121 0.9927 0.9085 0.8831 0.9090
0.8279 0.8099 0.9145 0.8346 1.0400 1.1330 1.0149 1.0737 1.0667 1.1797 1.0611 1.1258 1.0000 0.9723 0.9650 0.9328
0.8588 0.8696 0.8742 0.9614 0.9439 1.0884 1.0727 1.0588 1.0595 0.9637 1.0683 1.1218 1.0011 0.9800 1.0136 0.9463
0.6199 0.7690 0.9057 0.9754 1.0000 1.0773 1.0591 1.0713 1.0388 1.0974 1.0276 1.0617 0.9851 0.9083 1.0000 0.8011
0.8600 0.7884 0.9506 0.9520 1.0655 1.1623 1.1695 0.9618 1.0877 1.1270 1.1546 1.0183 1.0306 0.9280 0.8780 0.8209
0.7618 0.7859 0.8594 0.9430 1.2144 1.0000 1.0886 1.1955 1.1113 1.0688 1.2346 0.9429 0.9423 0.9271 0.9619 0.9666
0.8205 0.9268 0.8715 0.9640 1.0753 1.0920 1.1638 1.1964 1.2001 1.1810 1.0997 0.9906 0.9846 0.8930 0.7835 0.7481
