0.7394 0.7963 0.8674 0.8878 1.0285 1.0787 1.0440 1.1731 1.1474 1.1720 1.0175 0.9994 1.0453 1.0235 0.8652 0.8730
0.8509 0.8516 0.9746 1.0374 1.0955 1.2309 1.2171 0.9640 1.0140 0.9383 1.1013 0.9961 0.9264 0.8495 0.9831 0.7656
0.6541 0.7096 0.9189 0.9294 0.9631 1.0853 1.1217 1.0724 1.0699 1.2241 0.9975 0.9702 0.9044 0.9102 0.9127 0.7203
0.6635 0.7439 0.8520 0.9726 0.9787 1.0934 1.1017 1.0206 0.9788 1.1640 1.1303 0.9688 1.0329 0.8956 0.9389 0.7550
0.7225 0.7674 0.8104 0.9007 1.0000 1.0354 1.1027 1.0610 1.1796 1.2106 1.0258 1.0423 0.9612 1.0420 0.9543 0.8498
0.8382 0.8639 0.8608 0.9438 1.1420 1.0877 1.1876 1.0971 1.1631 1.1035 1.0467 1.0309 0.9828 0.9315 0.8593 0.8641
0.7552 0.8030 0.8654 0.9377 1.0374 1.0309 1.1521 1.1605 1.1013 1.0758 1.0835 1.0520 0.9929 0.9184 0.8438 0.9478
0.8974 0.8100 0.8709 0.9460 1.0000 1.0952 1.1877 1.1003 1.0874 1.0656 1.1499 1.0856 1.0239 0.9164 0.8524 0.9155
0.8125 0.8632 0.8637 0.8732 1.0191 1.0187 1.1383 1.0544 1.0760 1.1131 1.0434 1.0971 0.9839 1.0215 0.9098 0.8410
0.6905 0.7621 0.8657 0.9679 1.0178 1.0261 1.0599 1.1235 0.9933 1.0331 1.1750 0.9438 0.9098 0.9516 1.0008 1.0049
0.7242 0.6621 0.7492 0.7963 0.9537 1.0511 1.1472 1.0304 1.0077 1.0579 1.0179 0.9607 1.0200 0.9799 0.8549 0.9707
0.7538 0.8464 0.9147 0.9849 1.1576 1.1512 1.1468 0.8806 1.0226 1.2338 1.0714 0.9554 0.9417 1.0000 1.0000 0.6918
0.9301 0.8974 0.9063 1.0104 1.1378 1.1135 1.1654 1.0161 1.1179 1.0312 1.0668 1.0250 0.9944 0.8549 0.8358 0.9761
0.9101 0.9004 0.9718 1.0233 0.9895 1.0989 1.1626 1.1310 1.0908 1.0382 1.1478 0.9457 0.9500 1.0000 0.8464 0.7949
0.6817 0.7487 0.8667 0.9041 1.0026 1.1947 1.0909 1.0509 1.0452 1.0555 1.0992 1.1211 0.9893 0.8578 0.8983 0.8230
0.6970 0.8019 0.9099 0.9982 0.9802 1.0399 1.0870 1.0528 1.0891 1.0017 1.0023 1.0701 1.0049 0.9725 0.9251 0.8680
0.8757 0.7636 0.8719 0.8845 1.0304 1.1726 0.9894 1.1735 1.1384 1.1757 1.0582 1.0331 1.1056 0.9273 0.8837 0.9179
0.6918 0.7777 0.7971 0.8258 0.9988 0.9909 1.1263 1.0056 0.9915 1.1151 1.0944 1.0649 1.0161 1.0211 0.8913 0.9100
0.6804 1.0000 0.8956 0.9183 0.9850 1.1342 1.1211 1.0460 1.0607 1.1771 1.0854 0.9181 0.9902 0.8861 0.8788 0.9028
0.8302 0.8208 0.9157 0.8434 1.0344 1.1431 1.0271 1.0663 1.0598 1.1686 1.0485 1.1273 1.0000 0.9774 0.9703 0.9245
0.8826 0.8911 0.8935 0.9493 0.9392 1.1001 1.0581 1.0486 1.0490 0.9626 1.0554 1.1146 1.0033 0.9903 1.0164 0.9491
0.6331 0.7736 0.9162 0.9832 1.0000 1.0659 1.0550 1.0606 1.0261 1.1033 1.0079 1.0583 0.9833 0.9197 1.0000 0.8173
0.8438 0.7858 0.9663 0.9390 1.0576 1.1650 1.1675 0.9407 1.0755 1.1395 1.1509 1.0323 1.0445 0.9350 0.8794 0.8407
0.7677 0.7841 0.8647 0.9477 1.2234 1.0000 1.0815 1.1791 1.1015 1.0539 1.2308 0.9378 0.9467 0.9453 0.9693 0.9611
0.8380 0.9206 0.8843 0.9672 1.0908 1.1028 1.1792 1.1814 1.1772 1.1664 1.0937 0.9713 0.9633 0.9032 0.7803 0.7835
