1.5049 1.3664 1.3184 1.3039 1.0528 0.9850 1.1484 1.0121 0.9366 1.0187 0.7947 0.8059 0.8012 0.7682 0.6410 0.6525
1.0000 0.8042 1.0620 1.0370 0.9259 0.9167 1.1021 1.0038 1.0017 1.0864 1.0545 0.8821 0.9289 1.1341 1.0851 1.0000
1.2292 1.2577 1.4311 2.1611 0.9967 1.1062 1.0000 0.8489 1.0773 1.0434 0.8973 0.8539 0.9792 1.0758 0.8393 1.0764
1.0521 0.9181 0.7938 0.9436 0.8493 0.9570 0.9295 0.8996 1.0839 1.0100 1.0284 1.0569 0.9810 0.9602 0.9672 1.6307
1.1855 1.1083 1.0356 0.9835 0.9777 1.0981 1.1121 1.1527 1.0093 1.2034 1.2569 1.0019 0.9535 0.9624 1.0061 0.9945
0.7769 0.8280 0.7433 0.9482 0.8740 0.9809 1.0956 1.0102 0.9457 1.0796 1.0769 1.1695 1.0438 1.0771 1.1712 1.2809
1.5609 1.3592 1.2833 1.1653 1.1682 1.0304 1.0448 0.8968 0.9013 0.8297 0.8208 0.7683 0.7948 0.9729 1.0000 0.8261
1.0091 0.9454 1.0196 0.9204 0.8591 1.0537 1.0307 1.0909 1.2234 0.9789 1.0035 1.0012 0.9143 0.9537 0.9992 1.0809
0.9940 0.9050 1.1668 1.0476 1.0764 1.2168 0.9293 1.1484 1.0923 0.9218 1.0651 0.9713 0.9656 0.9661 1.0067 1.1211
1.0157 0.8453 1.1471 0.8917 0.9089 0.9816 0.9148 1.2278 0.9377 1.0052 0.9402 1.0092 1.1022 1.0724 1.0545 1.5349
0.7202 1.0689 1.2482 0.8172 1.1013 1.1698 1.0376 1.0198 1.0303 0.9284 0.9384 0.8447 1.0156 0.9194 0.7711 1.3934
0.8329 0.8334 0.9197 0.9341 0.8668 0.9420 1.0193 0.9282 0.9816 1.1091 1.0818 1.1228 1.1256 1.2159 1.1685 1.0172
1.1495 1.0893 0.9355 1.1049 0.9725 1.1857 1.1080 1.4201 0.7835 1.2727 1.0463 0.7870 0.8653 0.8434 0.8377 0.9168
1.1294 0.9661 1.2068 0.9320 0.7346 0.9317 0.8901 1.0452 1.0577 1.0563 1.0638 0.9899 0.9903 1.0277 1.0675 1.0187
1.4537 1.4820 1.0217 1.1098 1.2288 1.0383 1.1494 1.0711 0.9563 0.8129 0.8518 0.7831 0.7126 0.6169 0.6454 0.7190
0.7310 0.9059 0.8679 0.7809 0.9060 0.8740 0.9679 0.9208 1.0000 0.9419 1.1350 1.2962 1.0000 1.3669 1.3988 1.4181
1.0679 0.9286 1.1723 1.0000 1.0317 0.9726 1.0731 1.0685 0.9694 0.9200 0.9503 0.9686 0.9272 0.9510 1.1478 0.9991
0.7914 0.7813 0.8128 0.9052 0.7653 0.7768 0.9997 0.9736 0.9951 1.0000 1.0000 1.2141 1.0000 1.2259 1.2247 1.3058
1.7477 1.2811 1.6433 1.2850 0.9985 1.1702 1.0491 1.0176 0.9870 0.9358 0.8608 0.7656 0.6784 0.6818 0.8818 0.8889
0.8630 0.8866 1.0063 1.1183 0.9089 1.0259 1.0304 1.0166 1.2412 1.0833 1.1036 1.0243 1.0395 1.1107 0.6381 0.7305
1.3679 1.0791 1.0000 1.0382 1.1412 1.1496 1.0111 1.0601 0.9627 0.9453 0.9238 1.0451 0.8679 0.9601 0.8635 0.9875
0.8210 0.5547 0.8226 0.6976 0.9425 0.9287 0.9749 0.9250 0.9725 1.0243 1.0419 1.2324 1.1761 1.1251 1.1281 1.4962
0.9600 1.1318 1.0696 0.9338 0.9809 1.0098 1.0830 1.1065 1.0000 1.5823 1.0053 0.8999 0.8622 0.8123 0.7348 0.9818
0.7490 0.7836 0.8527 0.9324 0.8383 0.7985 0.8486 1.0959 1.1518 0.9886 1.0721 1.1208 1.2239 1.2564 0.6658 1.4218
1.3387 1.2630 1.1149 1.1525 1.0576 1.2643 1.2807 1.1471 0.9526 0.8860 0.8976 0.9882 0.9469 0.8335 0.6793 0.9586
