0.8271 0.8657 0.9272 0.9397 1.0227 1.0790 1.0303 1.1557 1.1679 1.1532 1.0255 0.8917 1.0911 1.0406 0.8746 0.9019
0.9257 0.9236 1.0532 1.0916 1.1696 1.2384 1.2207 0.8893 0.9338 0.8885 1.0700 0.9781 0.9460 0.8272 0.9693 0.7549
0.6812 0.8048 0.9354 0.9729 0.9798 1.0921 1.1226 1.0746 1.0807 1.2392 1.0001 0.9535 0.9393 0.9195 0.9090 0.7039
0.7058 0.7872 0.8865 0.9811 0.9700 1.0834 1.1124 1.0102 0.9816 1.1357 1.1450 0.9838 1.0297 0.9234 0.9287 0.7317
0.8091 0.8892 0.8781 0.9162 1.0000 1.0955 1.1405 1.0527 1.1316 1.2380 1.0046 1.0081 0.9659 1.0422 0.9501 0.8036
0.8772 0.9449 0.9463 0.9692 1.1231 1.1188 1.1604 1.0292 1.1564 1.1099 1.0477 0.9750 0.9681 0.9135 0.8379 0.8225
0.7714 0.8661 0.9231 0.9611 1.0184 1.0257 1.1263 1.1191 1.1167 1.0862 1.1147 1.0576 0.9509 0.8573 0.8224 0.9514
0.9482 0.8354 0.8834 0.9660 1.0000 1.1021 1.1719 1.0551 1.1174 1.0653 1.1561 1.0515 1.0246 0.9093 0.8258 0.8852
0.8308 0.9096 0.8661 0.9238 1.0367 1.0067 1.1459 1.0375 1.1147 1.1231 1.0717 1.0506 0.9762 1.0319 0.8773 0.8209
0.7335 0.8219 0.9513 1.0734 1.0245 1.0798 1.0564 1.1517 0.9697 1.0358 1.1551 0.8931 0.8752 0.9584 0.9526 0.9391
0.7993 0.7412 0.8367 0.8764 1.0024 1.1029 1.1911 1.0756 1.0640 1.1362 1.0409 1.0098 1.0526 0.9753 0.8685 0.8994
0.7918 0.8619 0.9042 1.0219 1.1510 1.1012 1.1137 0.8839 1.0077 1.2152 1.0558 0.9594 0.9368 1.0000 1.0000 0.6173
0.9379 0.8745 0.9434 0.9877 1.1472 1.0801 1.0962 0.9380 1.0908 1.0231 1.0743 0.9504 1.0008 0.8061 0.7680 0.9329
0.9285 0.9615 0.9508 0.9975 0.9631 1.1058 1.1529 1.0721 1.0755 1.0200 1.0905 0.9369 0.9329 1.0000 0.8086 0.7571
0.6921 0.7998 0.8849 0.9371 1.0296 1.1768 1.0944 1.0709 1.0492 1.0562 1.1227 1.1360 1.0141 0.8127 0.8847 0.8020
0.8010 0.9043 0.9602 1.0377 0.9898 1.0508 1.0669 1.0396 1.0629 1.0040 1.0212 1.0543 0.9615 0.9422 0.9034 0.8255
0.9031 0.7682 0.8810 0.8659 1.1014 1.2053 0.9944 1.1487 1.0708 1.1916 1.0182 1.0478 1.1247 0.8997 0.8672 0.8902
0.7065 0.8732 0.8278 0.8436 1.0442 1.0227 1.1308 1.0257 1.0444 1.1450 1.1149 1.0383 1.0040 0.9861 0.9551 0.9082
0.7472 1.0000 0.9283 0.9110 0.9776 1.1734 1.1377 1.0592 1.0462 1.1391 1.1051 0.9107 0.9624 0.8814 0.8914 0.8742
0.8853 0.9091 1.0102 0.8844 1.0885 1.2012 0.9814 1.0761 1.0944 1.1555 0.9800 1.0955 1.0000 0.9014 0.9125 0.8076
0.9084 0.9235 0.9336 0.9821 0.9264 1.1123 1.0661 1.0640 1.0339 0.9595 1.0480 1.0880 1.0222 1.0131 0.9845 0.8629
0.6486 0.7871 0.9140 0.9788 1.0000 1.0162 1.0062 1.0234 1.0063 1.0823 1.0043 1.0665 1.0014 0.8977 1.0000 0.7742
0.8234 0.7917 1.0141 1.0199 1.0837 1.1488 1.1501 0.9113 1.0887 1.1678 1.1592 1.0355 1.0651 0.8960 0.8531 0.8023
0.8321 0.8144 0.8870 0.9691 1.2267 1.0000 1.0789 1.1773 1.1006 1.0178 1.1692 0.9424 0.9545 0.8935 0.9590 0.9773
0.8511 0.9755 0.8829 0.9954 1.1070 1.0965 1.1517 1.1592 1.1543 1.1398 1.0704 0.9544 0.9328 0.8457 0.7188 0.6813
