1.3742 1.2220 1.0592 1.1016 0.9994 0.9429 1.0616 0.8937 1.0963 1.1195 0.8570 0.8348 0.9241 0.8156 0.7699 0.9275
1.0000 1.1005 1.3362 1.2792 1.1285 1.0006 1.1073 0.9842 0.8933 0.8976 0.8703 0.8557 0.8551 0.8866 0.8013 1.0000
1.0256 0.9036 0.9418 1.1825 0.8554 0.9677 1.0000 0.9693 0.9760 1.0652 0.9595 0.9564 1.0283 1.1547 1.0457 1.2234
1.3390 1.2014 1.1567 1.1426 1.0206 1.0537 1.0938 0.9046 0.9665 0.8758 0.8930 0.9525 0.8169 0.9335 0.7758 0.9616
1.2492 0.9696 0.9084 1.0473 0.9728 1.0009 0.9689 0.9126 1.0219 1.0791 1.0152 1.1019 0.8910 1.0874 1.0225 1.2767
1.2323 1.1009 1.0361 1.1519 0.9825 1.0743 1.0655 0.9630 0.9260 1.0004 0.9957 0.8528 0.8580 0.8189 1.0077 0.9365
1.1533 1.0968 1.0368 0.9952 0.9375 0.9525 1.0393 0.9823 0.9093 1.0479 0.9782 0.8464 0.9736 1.0200 1.0000 1.0411
1.3562 1.2345 1.1488 1.0949 1.1424 1.1006 1.0741 1.0223 1.0650 0.9006 0.9056 0.8183 0.8094 0.7767 0.7522 0.8056
0.6422 0.6978 0.8753 0.7165 0.9202 0.9407 0.8275 1.0267 1.0234 0.8998 1.0497 0.9866 1.2159 1.0116 1.2023 1.1957
1.1544 0.9973 0.9918 1.1101 0.9908 0.9544 0.9254 1.1912 0.8954 0.8744 0.9455 0.8956 0.9977 0.9849 1.0713 1.0489
0.7062 0.7435 0.8996 0.8176 0.9667 0.9682 0.9053 1.0331 0.9759 0.9506 1.1061 0.9290 1.1979 1.1139 0.9505 1.3366
1.2555 1.1265 1.1870 1.2212 1.0845 1.1184 1.1480 0.9768 0.9986 0.8828 0.8517 0.8836 0.8554 0.7967 0.8187 0.8005
0.9782 0.8133 0.7926 0.9074 0.8757 0.9079 0.8364 1.0541 0.9631 1.1216 1.1996 1.0178 1.1214 1.1948 1.1533 1.5340
1.2244 1.0789 1.1238 1.0443 0.8543 0.9866 1.0275 1.0222 0.9541 0.8775 0.9597 0.8691 0.9780 0.8719 1.0238 1.0748
1.1776 1.1624 0.9316 0.9158 1.0579 1.0565 0.9927 1.0643 1.0027 0.9275 0.9522 0.9712 0.9629 0.8092 0.7807 0.9551
1.0487 0.9286 1.0547 0.9139 0.9940 1.0694 0.9676 1.0008 1.0000 0.9066 0.9363 1.1178 1.0000 0.9834 0.9869 1.1180
0.9170 0.9308 0.9131 1.0000 0.9725 0.9201 1.0231 1.1011 1.0026 1.0306 1.0638 1.0050 1.0331 1.0868 1.2450 1.2329
1.4606 1.3502 1.0341 1.2827 0.9953 0.9948 1.1291 0.9582 0.9151 1.0000 1.0000 0.8832 1.0000 0.8175 0.8854 0.8980
1.4844 1.0104 1.1306 0.8972 0.7705 1.1137 1.0213 0.9789 1.0754 1.0570 0.9237 1.0232 0.9080 0.8995 1.0057 1.1547
1.1636 1.1082 1.1602 1.1979 0.9811 1.0418 0.9559 0.9211 1.0119 1.0742 0.9170 0.8171 0.8319 0.7746 0.5383 0.5242
1.1828 0.9197 1.0000 0.8877 1.1339 1.0601 0.8942 1.0119 0.9968 1.0591 0.9280 1.0727 0.8996 1.1075 1.0104 1.0758
0.7506 0.7246 0.9704 0.9792 1.0984 0.9974 0.9965 0.9618 0.9163 1.1118 0.9871 0.9851 1.0170 0.9823 0.9954 1.2041
1.0028 0.8651 0.9015 0.9543 0.8241 0.9019 0.8539 0.9312 1.0000 1.1692 0.9586 0.9542 1.1845 1.2895 1.3695 1.7413
1.0402 1.0884 0.8964 1.0482 0.8918 0.9791 0.9367 1.0057 1.1233 0.8988 1.0073 1.0439 0.9287 1.0279 0.5458 1.0370
1.1128 0.9757 0.8969 0.9414 0.9544 0.9689 1.0349 0.9762 0.9861 0.8823 1.0426 0.9865 1.0869 0.9795 1.0474 1.1777
