0.7342 0.7861 0.8665 0.8852 1.0205 1.0817 1.0485 1.1851 1.1579 1.1794 1.0260 1.0108 1.0307 1.0191 0.8570 0.8596
0.8368 0.8381 0.9531 1.0350 1.0886 1.2364 1.2094 0.9689 1.0202 0.9542 1.1170 1.0027 0.9377 0.8538 0.9843 0.7648
0.6494 0.6965 0.9015 0.9114 0.9504 1.0888 1.1322 1.0769 1.0838 1.2388 0.9921 0.9730 0.9080 0.9173 0.9103 0.7242
0.6542 0.7326 0.8481 0.9556 0.9813 1.0715 1.1103 1.0473 0.9915 1.1633 1.1275 0.9687 1.0373 0.8917 0.9307 0.7647
0.7166 0.7492 0.7959 0.8975 1.0000 0.9957 1.0921 1.0672 1.1889 1.2407 1.0396 1.0390 0.9627 1.0377 0.9505 0.8549
0.8228 0.8418 0.8518 0.9381 1.1379 1.0855 1.1778 1.1079 1.1780 1.1314 1.0692 1.0241 0.9846 0.9267 0.8585 0.8615
0.7407 0.8154 0.8586 0.9221 1.0293 1.0253 1.1660 1.1593 1.1052 1.0723 1.0935 1.0443 0.9884 0.9299 0.8364 0.9540
0.8652 0.7991 0.8571 0.9332 1.0000 1.0865 1.1989 1.1102 1.1012 1.0760 1.1453 1.0957 1.0332 0.9307 0.8484 0.9201
0.8112 0.8720 0.8666 0.8588 1.0212 1.0139 1.1406 1.0362 1.1035 1.1191 1.0471 1.0940 0.9868 1.0244 0.8977 0.8309
0.6950 0.7602 0.8526 0.9540 0.9913 1.0099 1.0532 1.1133 0.9956 1.0379 1.1809 0.9756 0.9060 0.9799 1.0008 1.0148
0.7188 0.6512 0.7320 0.7914 0.9353 1.0312 1.1347 1.0315 1.0214 1.0804 1.0281 0.9708 1.0171 0.9810 0.8646 0.9635
0.7444 0.8366 0.9195 0.9743 1.1634 1.1301 1.1226 0.8771 1.0392 1.2354 1.0808 0.9874 0.9482 1.0000 1.0000 0.7018
0.9226 0.8748 0.8942 1.0040 1.1395 1.0841 1.1718 1.0302 1.1223 1.0443 1.0767 1.0387 1.0032 0.8548 0.8417 0.9643
0.8904 0.8968 0.9552 1.0028 0.9953 1.1089 1.1767 1.1370 1.1008 1.0565 1.1659 0.9370 0.9397 1.0000 0.8422 0.8058
0.6620 0.7312 0.8468 0.8999 0.9947 1.1570 1.0739 1.0438 1.0641 1.0771 1.1051 1.1144 0.9973 0.8892 0.9061 0.8320
0.6745 0.7903 0.9198 0.9888 0.9877 1.0323 1.0939 1.0300 1.0933 1.0038 1.0085 1.0682 1.0086 0.9668 0.9192 0.8751
0.8818 0.7622 0.8724 0.8840 1.0199 1.1504 0.9925 1.1825 1.1533 1.1898 1.0533 1.0314 1.1003 0.9413 0.8826 0.9070
0.6933 0.7617 0.7834 0.8194 1.0122 0.9987 1.1294 0.9940 0.9976 1.0855 1.0908 1.0593 1.0159 1.0412 0.8968 0.9164
0.6965 1.0000 0.8816 0.9162 0.9764 1.1364 1.1094 1.0545 1.0840 1.1663 1.0752 0.9127 0.9941 0.9084 0.8842 0.9068
0.8263 0.8103 0.9143 0.8365 1.0386 1.1350 1.0144 1.0711 1.0686 1.1809 1.0592 1.1249 1.0000 0.9726 0.9642 0.9325
0.8610 0.8714 0.8746 0.9585 0.9450 1.0883 1.0714 1.0591 1.0553 0.9645 1.0668 1.1210 1.0033 0.9814 1.0137 0.9490
0.6176 0.7689 0.9061 0.9732 1.0000 1.0741 1.0613 1.0715 1.0391 1.0958 1.0270 1.0628 0.9865 0.9086 1.0000 0.8031
0.8587 0.7889 0.9512 0.9517 1.0644 1.1625 1.1717 0.9602 1.0874 1.1281 1.1548 1.0184 1.0296 0.9281 0.8784 0.8215
0.7618 0.7862 0.8621 0.9439 1.2172 1.0000 1.0865 1.1945 1.1113 1.0692 1.2340 0.9427 0.9403 0.9268 0.9617 0.9652
0.8215 0.9258 0.8729 0.9606 1.0754 1.0918 1.1646 1.1967 1.1972 1.1786 1.1004 0.9905 0.9841 0.8938 0.7858 0.7519
