1.3904 1.2188 1.0521 1.0931 0.9777 0.9354 1.0783 0.8864 1.0955 1.1192 0.8318 0.8343 0.9283 0.8500 0.7898 0.9277
1.0000 1.0940 1.3378 1.2672 1.1209 1.0000 1.1160 0.9710 0.8844 0.9123 0.8692 0.8475 0.8588 0.8991 0.8265 1.0000
1.0071 0.9153 0.8799 1.1997 0.8253 0.9550 1.0000 0.9544 0.9779 1.0519 0.9562 0.9583 1.0716 1.1937 1.0996 1.2750
1.3623 1.2169 1.1881 1.1427 1.0473 1.0563 1.0865 0.9222 0.9472 0.8684 0.8896 0.9502 0.8182 0.9277 0.7955 0.9957
1.2250 0.9676 0.8948 1.0159 0.9646 1.0101 0.9970 0.8934 1.0417 1.1211 0.9083 1.0796 0.8913 1.0893 1.0381 1.2853
1.2308 1.0840 1.0064 1.1598 0.9809 1.0770 1.0553 0.9537 0.9452 1.0014 1.0112 0.8599 0.8726 0.8368 1.0119 0.9445
1.2029 1.1003 1.0483 0.9954 0.9440 0.9584 1.0317 0.9703 0.8904 1.0469 0.9666 0.8325 0.9633 1.0636 1.0000 1.0603
1.3581 1.2173 1.1686 1.1026 1.1408 1.1019 1.0702 1.0182 1.0740 0.8892 0.8960 0.8222 0.7984 0.7871 0.7546 0.7938
0.6434 0.6946 0.8512 0.7161 0.9246 0.9336 0.8130 1.0202 0.9947 0.8835 1.0324 0.9631 1.1903 1.0176 1.1769 1.2877
1.1978 1.0513 1.0292 1.1016 1.0023 0.9668 0.9428 1.1989 0.8623 0.8507 0.9209 0.8661 0.9799 0.9612 1.0582 0.9860
0.7123 0.7338 0.9013 0.8145 0.9880 0.9696 0.9027 1.0061 0.9841 0.9579 1.1210 0.9140 1.2570 1.1039 0.9453 1.3447
1.2915 1.1494 1.2014 1.2323 1.0895 1.1194 1.1405 0.9809 0.9983 0.8758 0.8290 0.8708 0.8489 0.7814 0.8178 0.7787
0.9944 0.8074 0.7975 0.8859 0.8583 0.9210 0.8509 1.0807 0.9459 1.1266 1.2251 1.0242 1.1106 1.2078 1.1827 1.5109
1.2504 1.0841 1.1481 1.0562 0.8572 1.0134 1.0571 1.0223 0.9371 0.8638 0.9239 0.8631 0.9786 0.8624 0.9976 1.0660
1.1394 1.1598 0.9259 0.9057 1.0462 1.0584 0.9864 1.0532 1.0114 0.9617 0.9682 0.9884 0.9691 0.7990 0.8040 0.9544
1.0570 0.9093 1.1036 0.9137 1.0012 1.0498 0.9807 1.0032 1.0000 0.8952 0.9212 1.1000 1.0000 0.9845 0.9771 1.1107
0.9345 0.9171 0.9150 1.0000 1.0087 0.9363 1.0456 1.1337 0.9850 1.0003 1.0367 0.9807 1.0431 1.0603 1.2392 1.2399
1.5277 1.3805 1.0776 1.2952 0.9969 1.0133 1.1439 0.9919 0.9194 1.0000 1.0000 0.8910 1.0000 0.8242 0.8684 0.8639
1.5430 1.0058 1.1835 0.8979 0.8027 1.1076 1.0057 0.9787 1.0796 1.0475 0.9194 1.0130 0.9009 0.8869 0.9969 1.1677
1.1677 1.1163 1.1524 1.2118 0.9841 1.0436 0.9496 0.9117 0.9882 1.0287 0.9252 0.8118 0.8358 0.7969 0.5404 0.5409
1.2260 0.9420 1.0000 0.9000 1.1468 1.0835 0.9277 1.0118 0.9739 1.0530 0.9257 1.0372 0.9385 1.0067 0.8907 1.0394
0.7309 0.7354 0.9759 0.9923 1.0873 1.0036 0.9951 0.9760 0.9339 1.1021 0.9778 0.9941 1.0150 0.9954 0.9735 1.1662
1.0333 0.8913 0.9243 0.9907 0.8549 0.9305 0.8678 0.9019 1.0000 1.1179 0.9402 0.9438 1.1705 1.3130 1.3828 1.7618
1.0447 1.1030 0.9168 1.0579 0.9034 0.9982 0.9674 1.0326 1.1011 0.8895 0.9814 1.0223 0.9116 1.0202 0.5458 1.0447
1.0307 0.8891 0.8547 0.8876 0.9243 0.9578 1.0283 0.9885 0.9583 0.8958 1.0109 1.0164 1.1301 1.0109 1.0799 1.2317
