0.7135 0.7696 0.8547 0.8841 1.0317 1.0807 1.0553 1.1704 1.1630 1.1697 1.0244 1.0292 1.0540 1.0111 0.8610 0.8701
0.8308 0.8483 0.9451 1.0450 1.0776 1.2416 1.2242 0.9811 1.0346 0.9612 1.1135 0.9987 0.9252 0.8657 0.9795 0.7714
0.6432 0.7016 0.8967 0.9159 0.9577 1.0855 1.1608 1.0775 1.0785 1.2467 1.0227 0.9562 0.9023 0.9041 0.8731 0.7099
0.6496 0.7374 0.8418 0.9631 0.9765 1.0703 1.1158 1.0526 1.0183 1.1626 1.1240 0.9696 1.0227 0.8781 0.9188 0.7583
0.6943 0.7668 0.7910 0.9047 1.0000 1.0140 1.0642 1.0453 1.1571 1.2311 1.0516 1.0362 0.9760 1.0363 0.9560 0.8486
0.8210 0.8340 0.8567 0.9522 1.1518 1.0748 1.1787 1.1237 1.1809 1.1160 1.0664 1.0104 0.9800 0.9330 0.8671 0.8517
0.7593 0.8146 0.8573 0.9362 1.0378 1.0369 1.1820 1.1713 1.1086 1.0844 1.0930 1.0273 0.9804 0.9227 0.8160 0.9291
0.8774 0.7957 0.8442 0.9232 1.0000 1.1151 1.2196 1.1305 1.0899 1.0856 1.1594 1.0844 1.0172 0.9278 0.8376 0.8925
0.8126 0.8735 0.8479 0.8640 1.0166 1.0282 1.1280 1.0461 1.1031 1.1293 1.0480 1.1044 0.9703 1.0167 0.8926 0.8444
0.6907 0.7381 0.8657 0.9593 0.9696 1.0245 1.0706 1.1217 1.0145 1.0720 1.1890 0.9841 0.9249 0.9949 0.9713 0.9673
0.7136 0.6552 0.7349 0.8011 0.9577 1.0480 1.1268 1.0537 1.0340 1.0778 1.0319 0.9639 1.0084 0.9725 0.8468 0.9594
0.7292 0.8141 0.9187 0.9729 1.1428 1.1447 1.1218 0.9117 1.0454 1.2094 1.0864 0.9529 0.9560 1.0000 1.0000 0.7035
0.9295 0.8860 0.9077 1.0093 1.1272 1.1233 1.1829 1.0372 1.1284 1.0573 1.0750 1.0082 0.9832 0.8347 0.8384 0.9491
0.8954 0.8830 0.9575 1.0009 0.9893 1.1011 1.1635 1.1475 1.1121 1.0599 1.1714 0.9394 0.9447 1.0000 0.8198 0.8019
0.7018 0.7256 0.8421 0.9049 0.9994 1.1447 1.0678 1.0649 1.0795 1.0888 1.1106 1.1202 1.0007 0.8778 0.8699 0.8322
0.6696 0.7966 0.9031 0.9674 0.9901 1.0356 1.1020 1.0596 1.0859 1.0110 1.0087 1.0586 0.9910 0.9857 0.9264 0.8663
0.8539 0.7905 0.8675 0.9023 1.0471 1.1671 1.0027 1.1836 1.1519 1.1784 1.0503 1.0295 1.0981 0.9272 0.8790 0.8773
0.6944 0.7518 0.7839 0.8125 1.0015 1.0012 1.1135 1.0065 1.0205 1.1119 1.0685 1.0430 1.0112 1.0092 0.8649 0.8768
0.6893 1.0000 0.8804 0.9077 0.9703 1.1337 1.1450 1.0863 1.0865 1.1672 1.0969 0.9347 0.9732 0.8865 0.8696 0.8619
0.8267 0.8229 0.9000 0.8515 1.0345 1.1343 1.0034 1.0673 1.0878 1.1810 1.0586 1.1108 1.0000 1.0065 0.9785 0.9355
0.8333 0.8828 0.8947 0.9830 0.9546 1.1098 1.0786 1.0596 1.0415 0.9905 1.0643 1.1159 1.0139 0.9679 0.9923 0.9254
0.6395 0.7664 0.8883 0.9611 1.0000 1.0620 1.0719 1.0764 1.0479 1.1011 1.0359 1.0491 0.9793 0.9058 1.0000 0.8156
0.8673 0.7938 0.9302 0.9411 1.0659 1.1602 1.1973 0.9781 1.0804 1.1400 1.1519 1.0225 1.0347 0.9503 0.8955 0.8080
0.7345 0.7917 0.8524 0.9412 1.2169 1.0000 1.0967 1.1839 1.1128 1.0830 1.2319 0.9592 0.9486 0.9379 0.9614 0.9529
0.8275 0.9102 0.8755 0.9768 1.1009 1.1109 1.1764 1.1648 1.1992 1.1895 1.1003 0.9622 0.9524 0.9096 0.7831 0.7560
