0.7393 0.7966 0.8646 0.8861 1.0255 1.0776 1.0419 1.1749 1.1493 1.1713 1.0173 1.0010 1.0457 1.0228 0.8658 0.8777
0.8503 0.8476 0.9713 1.0345 1.0949 1.2227 1.2114 0.9642 1.0192 0.9442 1.1036 1.0000 0.9278 0.8536 0.9871 0.7690
0.6548 0.7058 0.9203 0.9235 0.9630 1.0873 1.1200 1.0727 1.0721 1.2231 0.9986 0.9704 0.9029 0.9119 0.9182 0.7236
0.6607 0.7403 0.8518 0.9685 0.9801 1.0940 1.1049 1.0219 0.9789 1.1633 1.1324 0.9672 1.0333 0.8958 0.9373 0.7528
0.7179 0.7659 0.8071 0.8965 1.0000 1.0347 1.0922 1.0623 1.1811 1.2113 1.0276 1.0415 0.9613 1.0462 0.9483 0.8584
0.8349 0.8586 0.8598 0.9414 1.1452 1.0865 1.1843 1.0986 1.1612 1.1081 1.0497 1.0298 0.9820 0.9311 0.8614 0.8663
0.7540 0.8052 0.8650 0.9400 1.0386 1.0352 1.1521 1.1599 1.1035 1.0760 1.0825 1.0502 0.9911 0.9182 0.8401 0.9438
0.8960 0.8135 0.8686 0.9440 1.0000 1.0930 1.1841 1.1062 1.0908 1.0724 1.1472 1.0836 1.0171 0.9166 0.8541 0.9158
0.8129 0.8647 0.8668 0.8723 1.0193 1.0169 1.1308 1.0517 1.0787 1.1159 1.0423 1.0945 0.9872 1.0256 0.9101 0.8403
0.6875 0.7604 0.8661 0.9705 1.0147 1.0242 1.0574 1.1295 0.9933 1.0284 1.1735 0.9482 0.9083 0.9497 0.9975 1.0062
0.7246 0.6615 0.7508 0.7922 0.9591 1.0498 1.1441 1.0313 1.0114 1.0605 1.0137 0.9603 1.0172 0.9823 0.8565 0.9688
0.7555 0.8442 0.9148 0.9796 1.1533 1.1466 1.1458 0.8767 1.0283 1.2352 1.0782 0.9596 0.9435 1.0000 1.0000 0.6932
0.9297 0.8901 0.9023 1.0103 1.1414 1.1161 1.1657 1.0146 1.1186 1.0353 1.0653 1.0272 0.9952 0.8538 0.8370 0.9750
0.9090 0.8963 0.9701 1.0235 0.9923 1.1026 1.1621 1.1254 1.0922 1.0437 1.1487 0.9447 0.9477 1.0000 0.8456 0.8010
0.6764 0.7456 0.8618 0.9030 1.0024 1.1929 1.0857 1.0510 1.0473 1.0536 1.1001 1.1235 0.9913 0.8610 0.8977 0.8275
0.6911 0.7974 0.9080 0.9956 0.9804 1.0386 1.0877 1.0487 1.0886 1.0064 1.0038 1.0711 1.0033 0.9741 0.9279 0.8692
0.8735 0.7661 0.8715 0.8864 1.0299 1.1710 0.9823 1.1749 1.1377 1.1765 1.0553 1.0347 1.1063 0.9304 0.8851 0.9197
0.6913 0.7763 0.7971 0.8244 0.9978 0.9950 1.1243 1.0073 0.9940 1.1205 1.0956 1.0615 1.0126 1.0174 0.8922 0.9076
0.6809 1.0000 0.8932 0.9198 0.9814 1.1319 1.1206 1.0475 1.0620 1.1771 1.0852 0.9215 0.9900 0.8907 0.8787 0.9005
0.8299 0.8198 0.9163 0.8508 1.0291 1.1373 1.0269 1.0589 1.0627 1.1682 1.0463 1.1279 1.0000 0.9816 0.9685 0.9238
0.8794 0.8929 0.8938 0.9529 0.9439 1.0985 1.0500 1.0430 1.0454 0.9626 1.0560 1.1150 1.0046 0.9920 1.0187 0.9519
0.6332 0.7749 0.9138 0.9806 1.0000 1.0689 1.0574 1.0611 1.0285 1.1021 1.0078 1.0604 0.9801 0.9196 1.0000 0.8170
0.8413 0.7843 0.9636 0.9411 1.0608 1.1625 1.1713 0.9435 1.0758 1.1373 1.1487 1.0318 1.0445 0.9337 0.8810 0.8382
0.7655 0.7847 0.8680 0.9488 1.2184 1.0000 1.0836 1.1809 1.0985 1.0556 1.2335 0.9339 0.9450 0.9471 0.9706 0.9595
0.8333 0.9152 0.8873 0.9673 1.0929 1.1012 1.1792 1.1773 1.1751 1.1686 1.0957 0.9724 0.9643 0.9094 0.7841 0.7884
