1.3370 1.1836 1.0490 1.0921 0.9854 0.9647 1.0726 0.8917 1.0895 1.1302 0.8493 0.8431 0.9449 0.8410 0.8037 0.9238
1.0000 1.0797 1.2958 1.2580 1.1305 0.9964 1.0867 0.9592 0.8924 0.9104 0.8896 0.8782 0.8728 0.9150 0.8437 1.0000
1.0195 0.8983 0.9159 1.1712 0.8331 0.9404 1.0000 0.9665 0.9794 1.0438 0.9862 0.9458 1.0508 1.1558 1.0661 1.2958
1.3051 1.1876 1.1550 1.1392 1.0261 1.0545 1.1074 0.9024 0.9707 0.8923 0.8891 0.9478 0.8224 0.9244 0.7912 0.9777
1.2556 0.9549 0.8876 1.0032 0.9238 0.9696 0.9571 0.9052 0.9708 1.0730 0.9789 1.0954 0.9142 1.1194 1.0787 1.3470
1.2180 1.0833 1.0096 1.1291 0.9838 1.0687 1.0671 0.9621 0.9336 1.0178 0.9713 0.8679 0.8863 0.8375 1.0000 0.9641
1.1778 1.0789 1.0261 0.9838 0.9538 0.9534 1.0293 0.9818 0.9015 1.0455 0.9631 0.8416 0.9742 1.1126 1.0000 1.0365
1.3524 1.2419 1.1384 1.1035 1.1177 1.1092 1.0290 1.0222 1.0799 0.8849 0.9092 0.8343 0.8158 0.7878 0.7555 0.8158
0.6548 0.7190 0.8947 0.7343 0.9404 0.9480 0.8326 1.0359 1.0291 0.9258 1.0781 0.9826 1.2132 1.0233 1.2081 1.2239
1.1524 1.0140 0.9941 1.0890 0.9877 0.9611 0.9430 1.1429 0.8577 0.8778 0.9323 0.8981 0.9994 1.0124 1.0900 1.0751
0.6798 0.7276 0.8810 0.8082 0.9509 0.9623 0.8782 1.0669 1.0066 0.9343 1.0602 0.9071 1.2820 1.0985 0.9597 1.2884
1.2559 1.1408 1.1815 1.2088 1.0811 1.1050 1.1145 0.9892 0.9769 0.8697 0.8420 0.8871 0.8494 0.8204 0.8696 0.8030
1.0218 0.8450 0.8243 0.9196 0.8715 0.9124 0.8117 1.0196 0.9372 1.0843 1.1770 1.0047 1.0998 1.1920 1.1419 1.5281
1.2215 1.0770 1.1327 1.0223 0.8600 1.0045 1.0170 1.0233 0.9396 0.8815 0.9381 0.8784 0.9875 0.8895 1.0181 1.0855
1.2074 1.2033 0.9434 0.9215 1.0609 1.0459 0.9972 1.0432 0.9809 0.9236 0.9482 0.9508 0.9450 0.7968 0.7648 0.9426
1.0300 0.9389 1.0405 0.9044 0.9916 1.0526 0.9652 0.9845 1.0000 0.8979 0.9452 1.1005 1.0000 1.0029 1.0295 1.1609
0.9596 0.9331 0.8970 1.0000 0.9898 0.9194 1.0285 1.0967 0.9917 1.0169 1.0483 0.9977 1.0324 1.0940 1.2602 1.2821
1.4667 1.3677 1.0329 1.2633 0.9705 1.0055 1.1331 0.9739 0.9053 1.0000 1.0000 0.8936 1.0000 0.8369 0.9044 0.9153
1.4763 0.9855 1.2528 0.9116 0.7959 1.0950 1.0014 0.9676 1.0776 1.0323 0.9153 1.0010 0.8758 0.8883 0.9961 1.1765
1.1792 1.1507 1.1583 1.2166 0.9813 1.0504 0.9431 0.9283 0.9898 1.0380 0.8906 0.7897 0.7935 0.7582 0.5299 0.5203
1.2911 0.9718 1.0000 0.9244 1.1359 1.0476 0.9182 0.9887 0.9563 1.0116 0.9067 1.0613 0.8938 1.1050 1.0107 1.1049
0.7071 0.7296 0.9834 0.9954 1.1076 0.9984 0.9910 0.9552 0.9172 1.0804 0.9652 0.9726 1.0456 0.9812 1.0066 1.2144
1.0350 0.8518 0.9050 0.9471 0.8457 0.9084 0.8619 0.9237 1.0000 1.1056 0.9460 0.9320 1.1687 1.2529 1.3282 1.6354
1.0150 1.0598 0.8797 1.0606 0.8745 0.9663 0.9412 0.9982 1.1239 0.9072 1.0121 1.0442 0.9423 1.0565 0.5458 1.0678
1.2007 1.0287 0.9504 0.9824 0.9923 1.0249 1.0520 0.9949 0.9996 0.8889 1.0404 0.9348 1.0327 0.9552 0.9804 1.0898
