1.2416 1.1254 1.1961 1.2409 1.1211 1.0459 1.1071 0.9199 1.1210 1.1200 0.9111 0.8347 0.8771 0.7049 0.7444 0.6771
1.0000 0.9402 0.9566 1.1408 1.1099 0.9712 0.9764 0.9761 0.8970 1.1066 1.0132 0.9639 0.9989 1.0821 0.8617 1.0000
1.2963 1.1985 1.2066 1.8204 1.1248 1.1419 1.0000 0.9407 1.0236 1.0321 0.9959 0.8267 0.8544 0.9133 0.7953 0.7931
1.0568 0.8194 0.9564 1.0722 0.9696 0.9773 1.0844 0.9717 1.0989 1.0683 0.9937 0.9687 0.9904 0.9188 0.9686 1.1055
1.5185 1.1345 1.0796 1.0304 0.9274 0.9847 0.9688 1.0467 0.8428 0.9665 1.0295 1.0487 0.9447 0.9724 0.9701 1.1499
0.8780 1.0057 0.8197 0.9518 0.8832 1.0472 1.1522 1.0177 0.8214 1.1607 0.9106 1.0970 0.9960 0.9695 1.0517 1.2413
1.4043 1.1749 1.1623 1.1313 1.1243 0.9159 0.9651 0.8672 0.8886 0.9868 0.9268 0.8585 0.9443 1.0434 1.0000 0.8968
0.9999 1.1359 0.8878 1.0381 1.0032 1.0562 1.1029 1.1219 1.1271 0.9750 0.9766 1.0037 0.8553 0.7807 0.8967 1.0235
0.7825 0.8089 1.0349 0.8825 0.8827 1.0215 0.8818 1.1131 1.1243 0.9755 1.1467 1.0248 1.1399 0.7917 1.2028 1.0330
0.8346 0.7853 0.8284 0.9412 0.9294 0.9873 0.9775 0.9627 0.9242 1.1029 0.9648 1.0354 1.2108 1.0924 1.2009 1.5376
0.5907 0.8417 0.9423 0.9076 0.9020 1.0348 1.0548 1.1498 1.0910 1.0090 0.8850 0.9833 0.9924 1.0716 0.9120 1.0814
1.0135 0.9279 1.0187 1.0497 0.9884 1.0666 1.1183 0.9911 1.0328 0.9659 0.9599 1.0366 0.9947 1.0152 1.0498 0.8035
1.0957 1.2008 1.1611 1.2245 1.1372 0.9813 0.9221 1.3341 0.8684 1.0667 1.0375 0.7523 0.7007 0.8308 0.7415 0.9318
0.9773 0.8268 0.9948 0.8139 0.9026 0.9095 0.8463 1.0990 0.9694 1.0489 1.0941 1.0128 1.0944 1.0581 1.2006 1.1239
1.4499 1.1285 1.0158 1.1058 1.1009 1.1627 1.1139 1.1308 0.9965 0.7518 0.8947 0.9005 0.7894 0.6324 0.6472 0.6541
0.7905 0.8779 0.9665 0.8816 0.8795 1.0042 1.0529 0.9772 1.0000 0.9683 1.0745 0.9531 1.0000 1.1879 1.2679 1.4097
1.0854 0.9283 1.1143 1.0000 0.9153 1.0108 1.0431 0.8439 1.0053 1.1063 1.0578 1.0137 0.9390 0.9644 1.0167 1.0990
1.1003 1.1333 0.8399 1.1716 0.8668 0.9502 1.1254 0.8861 0.8831 1.0000 1.0000 1.0861 1.0000 0.9110 1.1103 1.1208
1.3751 1.1107 1.5197 1.1443 0.9257 1.1816 1.0952 1.0574 1.1265 0.8859 0.8433 0.9255 0.8107 0.7323 0.7260 0.8444
0.9219 0.9978 1.1443 1.1058 0.9788 1.0058 0.9617 0.9984 1.0731 1.0467 1.0094 0.8832 0.9513 0.8401 0.6222 0.5949
1.3980 1.0237 1.0000 1.0389 1.2109 1.1294 1.0182 1.0211 0.9917 0.8205 0.9620 1.1036 0.9314 0.9834 0.9283 0.8081
0.5933 0.5745 0.8825 0.8028 0.8276 0.9266 1.0636 1.0668 1.0802 0.9645 1.0662 1.2517 1.2205 0.9342 0.9537 1.2738
1.0955 0.9338 1.0191 0.8334 0.9808 0.9962 1.0180 1.0970 1.0000 1.3474 1.0186 0.9262 0.8949 0.9690 0.8154 0.7997
0.8803 0.8111 0.7438 0.8852 0.8459 0.9693 0.8179 0.8889 1.1273 1.0792 1.0733 1.1476 1.2184 1.1143 0.5458 1.2942
1.5853 1.3435 1.1492 1.2579 1.2391 1.1161 1.1369 1.0473 0.9768 0.8655 0.9518 0.8589 0.9068 0.8060 0.7493 0.8682
