1.3628 1.2000 1.0478 1.0934 0.9833 0.9378 1.0741 0.8917 1.0968 1.1390 0.8469 0.8460 0.9314 0.8311 0.7858 0.9258
1.0000 1.0886 1.3128 1.2691 1.1410 0.9968 1.1127 0.9770 0.8735 0.9021 0.8722 0.8560 0.8668 0.8848 0.8300 1.0000
1.0190 0.8691 0.9260 1.1464 0.8458 0.9631 1.0000 0.9690 0.9811 1.0516 0.9595 0.9532 1.0343 1.1746 1.0807 1.2805
1.3294 1.2167 1.1748 1.1322 1.0185 1.0668 1.0927 0.9026 0.9684 0.8693 0.8906 0.9422 0.8051 0.9260 0.7771 0.9747
1.2203 0.9493 0.9048 1.0461 0.9669 1.0028 0.9840 0.9297 1.0188 1.0855 1.0277 1.0695 0.8777 1.0677 1.0172 1.2808
1.2271 1.0833 1.0121 1.1295 0.9713 1.0661 1.0413 0.9667 0.9314 1.0150 1.0137 0.8715 0.8748 0.8260 1.0007 0.9452
1.1872 1.1014 1.0492 0.9866 0.9442 0.9544 1.0321 0.9655 0.8824 1.0536 0.9765 0.8496 0.9825 1.0219 1.0000 1.0679
1.3861 1.2487 1.1728 1.1214 1.1538 1.1256 1.0741 0.9989 1.0570 0.8921 0.8789 0.8010 0.7829 0.7551 0.7420 0.7922
0.6458 0.7108 0.8760 0.7342 0.9332 0.9624 0.8313 1.0334 1.0297 0.9030 1.0390 0.9862 1.1962 0.9996 1.2089 1.2147
1.1530 0.9884 0.9930 1.1026 1.0069 0.9826 0.9462 1.1868 0.8942 0.8778 0.9409 0.9006 0.9841 0.9792 1.0642 1.0497
0.7134 0.7572 0.9169 0.8360 0.9884 0.9851 0.9136 1.0240 0.9684 0.9656 1.1090 0.9262 1.1768 1.1063 0.9541 1.2837
1.2687 1.1351 1.1871 1.2233 1.0844 1.1068 1.1444 0.9710 0.9926 0.8887 0.8433 0.8849 0.8508 0.7919 0.8215 0.7804
1.0002 0.8259 0.8024 0.9035 0.8562 0.9236 0.8304 1.0511 0.9694 1.1254 1.1940 1.0192 1.1283 1.1980 1.1555 1.4991
1.2328 1.0791 1.1303 1.0403 0.8485 0.9967 1.0351 1.0223 0.9507 0.8802 0.9627 0.8796 0.9789 0.8619 1.0026 1.0582
1.1721 1.1677 0.9236 0.9081 1.0408 1.0507 0.9821 1.0699 0.9951 0.9442 0.9607 0.9835 0.9674 0.8072 0.7753 0.9637
1.0461 0.9168 1.0517 0.9047 1.0008 1.0648 0.9724 0.9974 1.0000 0.9138 0.9507 1.1184 1.0000 0.9964 0.9834 1.1258
0.9139 0.9176 0.9214 1.0000 0.9840 0.9320 1.0011 1.0825 0.9982 1.0188 1.0518 1.0104 1.0639 1.1044 1.2601 1.2521
1.4792 1.3676 1.0449 1.2868 0.9751 0.9843 1.1170 0.9723 0.9099 1.0000 1.0000 0.8761 1.0000 0.8414 0.8938 0.9002
1.5299 1.0330 1.1506 0.9160 0.7933 1.1212 1.0183 0.9808 1.0604 1.0331 0.8968 1.0174 0.8968 0.8897 1.0001 1.1677
1.1560 1.1129 1.1718 1.1983 0.9928 1.0364 0.9483 0.9196 0.9981 1.0734 0.9058 0.8132 0.8203 0.7704 0.5236 0.5177
1.2525 0.9423 1.0000 0.9651 1.1879 1.0244 0.9543 1.0348 0.9764 1.0243 0.9423 1.0348 0.9119 1.0511 0.9798 1.0627
0.7325 0.7324 0.9727 1.0114 1.0987 1.0161 0.9893 0.9614 0.9332 1.0725 0.9820 0.9756 1.0159 0.9794 0.9979 1.1614
1.0192 0.8748 0.9184 0.9868 0.8598 0.9342 0.8716 0.9158 1.0000 1.1561 0.9537 0.9582 1.1763 1.2711 1.3574 1.7433
1.0276 1.0795 0.9030 1.0435 0.9056 0.9850 0.9641 1.0109 1.1093 0.8936 1.0101 1.0341 0.9393 1.0232 0.5458 1.0431
1.0920 0.9629 0.8805 0.9413 0.9466 0.9682 1.0223 0.9917 0.9805 0.8865 1.0393 0.9786 1.0974 0.9857 1.0639 1.1861
