1.3555 1.2079 1.0556 1.0914 0.9971 0.9419 1.0802 0.8841 1.1173 1.1424 0.8420 0.8383 0.9287 0.8264 0.7847 0.9126
1.0000 1.1037 1.3416 1.2755 1.1402 1.0157 1.0982 0.9691 0.8757 0.9116 0.8764 0.8577 0.8491 0.8625 0.8118 1.0000
0.9854 0.8678 0.9390 1.1344 0.8133 0.9340 1.0000 0.9548 0.9884 1.0622 0.9615 0.9681 1.0515 1.1613 1.0846 1.2612
1.3241 1.2272 1.1701 1.1415 1.0190 1.0580 1.0935 0.8957 0.9597 0.8784 0.8884 0.9521 0.8142 0.9274 0.7746 0.9663
1.2197 0.9742 0.9109 1.0314 0.9617 1.0046 0.9748 0.9182 1.0243 1.0946 0.9538 1.0975 0.8835 1.0768 1.0392 1.2971
1.2190 1.0641 1.0022 1.1258 0.9699 1.0663 1.0563 0.9761 0.9464 1.0112 1.0115 0.8791 0.8865 0.8470 1.0086 0.9481
1.1869 1.0922 1.0241 0.9798 0.9400 0.9509 1.0187 0.9856 0.8954 1.0419 0.9879 0.8407 1.0047 1.0337 1.0000 1.0592
1.3487 1.2170 1.1342 1.1008 1.1367 1.1080 1.0819 1.0096 1.0786 0.9185 0.9021 0.8328 0.8120 0.7839 0.7444 0.8075
0.6464 0.7017 0.8611 0.7383 0.9312 0.9583 0.8307 1.0452 1.0368 0.8975 1.0565 0.9757 1.1952 1.0012 1.1892 1.2295
1.1546 0.9895 0.9911 1.1173 1.0061 0.9576 0.9493 1.1886 0.8942 0.8920 0.9422 0.8978 0.9739 0.9637 1.0683 1.0439
0.6899 0.7449 0.9002 0.8190 0.9722 0.9826 0.9088 1.0130 0.9672 0.9601 1.1160 0.9362 1.1812 1.1070 0.9651 1.3130
1.2638 1.1519 1.1953 1.2175 1.0784 1.1060 1.1392 0.9759 1.0107 0.8847 0.8402 0.8779 0.8399 0.8038 0.8208 0.7846
0.9931 0.8248 0.8040 0.8927 0.8523 0.9055 0.8300 1.0588 0.9599 1.1056 1.2163 1.0252 1.1065 1.2047 1.1550 1.5157
1.2284 1.0847 1.1371 1.0367 0.8556 0.9906 1.0421 1.0332 0.9479 0.8749 0.9442 0.8793 0.9805 0.8731 1.0127 1.0630
1.1524 1.1648 0.9277 0.9090 1.0540 1.0512 0.9899 1.0638 1.0002 0.9401 0.9692 0.9855 0.9523 0.8108 0.7768 0.9641
1.0526 0.9287 1.0525 0.9209 1.0065 1.0408 0.9639 0.9868 1.0000 0.9186 0.9433 1.1242 1.0000 1.0075 0.9844 1.1275
0.9448 0.9345 0.9304 1.0000 0.9934 0.9314 0.9994 1.0763 0.9916 1.0085 1.0513 0.9923 1.0398 1.0865 1.2439 1.2314
1.4773 1.3528 1.0512 1.2698 0.9821 0.9883 1.1158 0.9794 0.9192 1.0000 1.0000 0.8830 1.0000 0.8307 0.8897 0.8802
1.5142 1.0239 1.1489 0.9035 0.7863 1.1134 1.0066 0.9980 1.0790 1.0492 0.9000 1.0195 0.9066 0.8884 0.9860 1.1527
1.1710 1.1287 1.1761 1.1925 0.9731 1.0338 0.9440 0.9222 0.9981 1.0459 0.9178 0.8112 0.8097 0.7789 0.5290 0.5266
1.1943 0.9365 1.0000 0.9451 1.1412 1.0496 0.9586 1.0070 0.9773 1.0175 0.9281 1.0423 0.9353 1.0471 1.0457 1.0973
0.7429 0.7536 0.9923 0.9975 1.0994 1.0214 0.9888 0.9523 0.9131 1.0831 0.9779 0.9785 1.0064 0.9884 0.9965 1.1618
1.0202 0.8708 0.9096 0.9675 0.8569 0.8976 0.8699 0.9244 1.0000 1.1194 0.9554 0.9615 1.1811 1.3007 1.3669 1.7469
1.0356 1.0793 0.8777 1.0357 0.8913 0.9773 0.9384 1.0154 1.0960 0.9010 1.0169 1.0324 0.9436 1.0540 0.5458 1.0483
1.0903 0.9322 0.8650 0.9260 0.9351 0.9720 1.0380 0.9935 0.9913 0.8839 1.0404 0.9962 1.1054 0.9745 1.0476 1.1910
