0.8015 0.8151 0.8980 0.9266 1.0133 1.0547 1.0215 1.1452 1.1347 1.1574 1.0258 0.9621 1.0980 1.0744 0.9319 0.9384
0.8826 0.8973 1.0051 1.0546 1.0959 1.2213 1.1882 0.9409 0.9797 0.9276 1.0809 1.0355 0.9620 0.8523 0.9947 0.7883
0.6749 0.7508 0.9150 0.9490 0.9597 1.0768 1.1430 1.0624 1.0704 1.2339 1.0167 0.9982 0.9308 0.9418 0.9436 0.7293
0.6783 0.7369 0.8568 0.9363 0.9355 1.0608 1.0845 1.0187 0.9591 1.1665 1.1393 1.0175 1.0868 0.9330 0.9964 0.7699
0.8141 0.8878 0.8464 0.8943 1.0000 1.0701 1.0992 1.0487 1.1494 1.2145 1.0202 1.0594 0.9507 1.0490 0.9441 0.8137
0.8792 0.8953 0.8991 0.9649 1.1287 1.0659 1.1458 1.0698 1.1594 1.0956 1.0510 1.0014 0.9859 0.9376 0.8790 0.8360
0.7593 0.8393 0.8848 0.9444 1.0073 1.0257 1.1316 1.1218 1.0879 1.0839 1.0946 1.0584 0.9922 0.9222 0.8500 0.9691
0.9109 0.8207 0.8719 0.9316 1.0000 1.0796 1.1813 1.0825 1.1009 1.0643 1.1525 1.0743 1.0450 0.9468 0.8485 0.8923
0.8296 0.8977 0.8562 0.8882 0.9951 1.0167 1.1361 1.0248 1.0871 1.1276 1.0550 1.1148 1.0024 1.0345 0.9060 0.8588
0.7603 0.8047 0.9240 1.0289 1.0266 1.0471 1.0703 1.1442 1.0181 1.0780 1.1202 0.9344 0.8967 0.9541 0.9759 0.9132
0.7750 0.7353 0.8116 0.8623 0.9815 1.0816 1.1674 1.0628 1.0664 1.1160 1.0563 1.0149 1.0819 1.0226 0.8922 0.9741
0.7539 0.8683 0.9177 1.0005 1.1665 1.0956 1.1131 0.8491 1.0044 1.2121 1.0739 0.9936 0.9515 1.0000 1.0000 0.6657
0.9431 0.8829 0.9319 1.0005 1.1336 1.1009 1.0906 0.9892 1.0970 0.9629 1.0552 0.9851 0.9838 0.8163 0.7975 0.9330
0.9166 0.9191 0.9374 1.0260 0.9824 1.0807 1.1365 1.0956 1.0609 1.0369 1.1309 0.9182 0.9382 1.0000 0.8198 0.7862
0.7137 0.7966 0.8731 0.9387 1.0144 1.1739 1.0861 1.0717 1.0650 1.0616 1.1307 1.1518 1.0261 0.8329 0.8614 0.7609
0.7398 0.8605 0.9635 1.0039 0.9671 1.0376 1.0554 1.0310 1.0530 1.0136 1.0186 1.0964 1.0051 0.9685 0.9241 0.8571
0.8763 0.8071 0.9014 0.8916 1.0358 1.1515 0.9600 1.1172 1.1135 1.1833 1.0331 1.0407 1.1200 0.9283 0.9080 0.9130
0.7247 0.8250 0.8406 0.8592 1.0085 1.0164 1.1121 1.0272 1.0257 1.1229 1.1056 1.0688 1.0445 1.0240 0.9544 0.9425
0.7047 1.0000 0.9040 0.8917 0.9573 1.1245 1.1251 1.0576 1.0502 1.1611 1.0889 0.9163 0.9749 0.9175 0.9149 0.9180
0.9095 0.8743 1.0073 0.9043 1.0609 1.1564 0.9950 1.0956 1.0924 1.2007 0.9973 1.0850 1.0000 0.9124 0.8811 0.8137
0.8877 0.8949 0.9220 0.9727 0.9563 1.0805 1.0509 1.0441 1.0355 0.9641 1.0456 1.1248 1.0473 1.0195 1.0157 0.9069
0.6024 0.7553 0.9117 0.9685 1.0000 1.0190 1.0136 1.0117 0.9925 1.0798 1.0140 1.0716 0.9956 0.9182 1.0000 0.7802
0.8854 0.8119 1.0065 0.9559 1.0946 1.1228 1.1416 0.9327 1.0557 1.1202 1.1338 1.0358 1.0721 0.9262 0.8928 0.8322
0.7643 0.7890 0.8718 0.9242 1.1893 1.0000 1.0601 1.1831 1.0832 1.0287 1.2092 0.9643 0.9633 0.9447 1.0117 1.0088
0.8546 0.9286 0.9063 0.9683 1.0945 1.1201 1.1663 1.1960 1.1457 1.1485 1.0407 0.9651 0.9190 0.8598 0.6883 0.6417
