0.7967 0.8513 0.9058 0.9331 1.0609 1.1206 1.0618 1.2033 1.0543 1.1967 0.9833 1.0490 1.0703 1.0810 0.8460 0.7849
0.8532 0.9172 1.0318 1.0769 1.1245 1.2072 1.1788 0.9641 0.9590 0.9386 1.0727 0.9867 0.9530 0.8387 0.9859 0.7189
0.7217 0.7807 0.9921 0.9910 0.9876 1.1391 1.0628 1.1007 1.0515 1.2689 1.0127 0.8679 0.9572 0.8900 0.9160 0.5629
0.6609 0.7806 0.8960 0.9864 1.0034 1.1156 1.1562 1.0749 0.9161 1.1093 1.1787 0.9367 0.9970 0.8411 0.8960 0.5382
0.7149 0.8116 0.8476 0.9213 1.0000 1.0484 1.1360 1.0662 1.1752 1.2594 1.0713 1.0472 1.0167 1.0440 0.9518 0.8061
0.8721 0.8795 0.8721 0.9907 1.1671 1.0563 1.1588 0.9766 1.2002 1.1213 1.0648 1.0387 1.0026 0.9212 0.8652 0.8182
0.7198 0.8678 0.9332 0.9533 1.0581 0.9666 1.1726 1.2072 1.0806 0.9761 1.0922 1.0348 0.9826 1.0098 0.8623 0.8129
0.9256 0.8447 0.9230 0.9679 1.0000 1.1392 1.2159 1.0693 1.0945 1.0584 1.0724 1.1377 1.0768 0.8770 0.8495 0.7669
0.8471 0.9083 0.8858 0.8893 1.0471 1.0269 1.1113 1.0178 1.0695 1.1219 1.0362 1.0985 0.9994 1.0665 0.9186 0.7321
0.7011 0.7712 0.8804 0.9924 0.9788 1.0381 1.0879 1.1209 0.9879 1.0464 1.1788 0.8483 0.8669 0.9874 1.0354 1.0224
0.7837 0.7149 0.8017 0.8588 1.0023 1.1198 1.2075 1.0422 1.0398 1.1661 1.0163 1.0170 1.1030 1.0273 0.8593 0.8852
0.7874 0.8976 0.8990 1.0352 1.1863 1.1793 1.1690 0.8997 0.9334 1.2168 0.9855 0.9048 0.9074 1.0000 1.0000 0.6296
0.9525 0.9026 0.9178 1.0423 1.1214 1.0887 1.1066 0.9359 1.0836 0.9635 1.0129 1.0410 0.9982 0.8491 0.8173 0.9608
0.9385 0.9231 0.9557 1.0221 0.9966 1.0803 1.1458 1.0844 1.0357 1.0319 1.1028 0.9112 0.9671 1.0000 0.8076 0.7170
0.6778 0.7687 0.8442 0.8972 0.9975 1.1717 1.0811 1.0786 1.0295 1.0330 1.1034 1.1422 1.0355 0.8539 0.9228 0.8266
0.6953 0.8635 0.9793 1.0126 1.0148 1.0638 1.0859 0.9637 1.0929 0.9243 1.0080 1.0780 1.0414 0.9711 0.9065 0.7630
0.8924 0.7210 0.8685 0.8729 1.0304 1.1738 0.9660 1.1852 1.1284 1.1737 1.0406 1.0663 1.1447 0.9436 0.8546 0.9314
0.7303 0.8704 0.8844 0.8714 1.0825 0.9899 1.2374 1.0896 1.0311 1.1404 1.1150 0.9987 0.9096 0.8598 0.9332 0.9482
0.7107 1.0000 0.9663 0.9217 0.9754 1.1411 1.1225 0.9703 1.0709 1.1659 1.0968 0.9040 1.0086 0.8873 0.8864 0.8933
0.8299 0.8557 0.9667 0.8550 1.0470 1.1902 1.0024 1.0773 1.0348 1.1387 1.0125 1.1483 1.0000 0.9866 0.9700 0.8847
0.9454 0.9441 0.9196 0.9428 0.8980 1.1417 1.0707 1.0878 1.0860 0.9618 1.0791 1.1479 1.0172 1.0102 0.9560 0.6855
0.6368 0.8517 0.9758 1.0196 1.0000 1.1717 1.0931 1.0913 0.9668 1.0115 0.9794 1.0116 0.8632 0.8187 1.0000 0.5892
0.8603 0.8349 0.9859 0.9458 1.1132 1.1210 1.1670 0.9620 1.0472 1.1000 1.1339 1.0637 1.0820 0.9673 0.8747 0.7672
0.7881 0.8181 0.8833 1.0012 1.2775 1.0000 1.0837 1.1742 1.1449 1.0653 1.2490 0.8429 0.9525 0.9475 0.9458 0.8332
0.8080 0.9030 0.8593 0.9596 1.1294 1.0915 1.1654 1.1814 1.1127 1.1493 1.0836 0.9369 0.9897 0.8782 0.7614 0.7654
