1.3021 1.1693 1.0652 1.1243 1.0168 0.9600 1.0823 0.8884 1.1262 1.1450 0.8517 0.8437 0.9367 0.8122 0.8005 0.8652
1.0000 1.0737 1.1650 1.2805 1.1278 0.9859 1.0305 0.9659 0.8675 0.9792 0.9035 0.8713 0.9294 0.9721 0.8472 1.0000
1.0959 0.9697 0.9473 1.3499 0.8835 0.9879 1.0000 0.9391 0.9733 1.0748 1.0370 0.9621 1.0448 1.0007 1.0410 1.0597
1.2709 1.1305 1.1098 1.1641 1.0107 1.0428 1.1190 0.9177 0.9777 0.9187 0.9254 0.9445 0.8513 0.9251 0.8363 0.9520
1.3398 1.0368 0.9656 1.0244 0.9378 0.9549 1.0076 0.9359 0.8586 0.9459 0.9633 1.1440 0.9045 1.0898 1.0777 1.3143
1.1167 1.0776 0.9549 1.0495 0.9326 1.0487 1.0915 0.9844 0.8532 1.1015 0.9265 0.9386 0.9312 0.8980 1.0287 1.0798
1.2926 1.1160 1.0745 1.0450 0.9799 0.9445 1.0078 0.9224 0.8839 1.0574 0.9662 0.8213 0.9894 1.0250 1.0000 0.9983
1.2230 1.2489 1.0606 1.0790 1.1192 1.0872 1.0530 1.0174 1.0979 0.9203 0.9289 0.8510 0.8507 0.7829 0.8247 0.8773
0.6867 0.7180 0.9090 0.7709 0.9128 0.9285 0.8438 1.0495 1.0711 0.9419 1.0999 1.0152 1.2241 0.9335 1.2461 1.1473
1.0014 0.9579 0.8849 1.0640 0.9663 0.9583 0.9536 1.0442 0.8860 0.9386 0.9406 0.9551 1.1144 1.0412 1.1656 1.2395
0.6311 0.7602 0.8857 0.8336 0.9144 0.9836 0.9381 1.0994 1.0296 0.9698 1.0125 0.9683 1.1652 1.1372 0.9803 1.1554
1.2241 1.0909 1.1402 1.1403 1.0483 1.1098 1.1218 0.9720 1.0322 0.8890 0.8543 0.8869 0.8950 0.8592 0.9306 0.8005
1.0071 0.9554 0.9079 1.0229 0.9597 0.8746 0.8035 1.1052 0.9303 1.0017 1.1216 0.8980 1.0489 1.1779 1.0863 1.4050
1.0868 1.0136 1.0668 0.8574 0.8937 0.9900 0.9588 1.0788 0.9779 0.9329 0.9941 0.9389 1.0290 0.9422 1.0901 1.1074
1.3252 1.1323 0.9726 0.9676 1.0303 1.0899 1.0208 1.0844 0.9702 0.8366 0.9716 0.9407 0.9681 0.7686 0.7521 0.8329
0.9648 0.9696 1.0375 0.9134 0.9401 1.0380 0.9914 0.9856 1.0000 0.9035 0.9774 0.9815 1.0000 1.0632 1.1091 1.3056
0.9605 0.9328 0.9692 1.0000 0.9871 0.9719 1.0229 0.9662 1.0252 1.0495 1.0571 1.0126 1.0345 1.0123 1.1738 1.2929
1.3178 1.3719 0.9837 1.2510 0.9408 0.9877 1.1214 0.9460 0.8938 1.0000 1.0000 0.9235 1.0000 0.8471 0.9637 0.9774
1.4063 1.0372 1.2532 0.9699 0.8189 1.1410 1.0258 1.0117 1.0813 1.0042 0.9009 0.9577 0.8951 0.8588 0.9416 1.0791
1.1208 1.0767 1.1770 1.1664 0.9913 1.0573 0.9382 0.9575 1.0306 1.1151 0.9044 0.8446 0.7692 0.7654 0.5633 0.5205
1.3861 1.0095 1.0000 0.9745 1.1507 1.0748 0.9139 1.0135 0.9854 0.9112 0.9175 1.0857 0.9376 1.0864 1.0008 0.9779
0.5701 0.7069 0.9802 1.0119 0.9936 1.0005 1.0154 0.9756 0.9545 1.0287 0.9728 1.0651 1.0637 0.9555 0.9965 1.2700
1.0214 0.8638 0.8990 0.8854 0.8788 0.9310 0.8932 0.9827 1.0000 1.1728 0.9838 0.9617 1.1006 1.2445 1.2049 1.2074
0.9899 1.0064 0.8639 1.0131 0.8802 0.9751 0.9161 0.9287 1.1402 0.9602 1.0371 1.1028 0.9953 1.0267 0.5458 1.1090
1.3755 1.0988 1.0291 1.1198 1.0895 1.0905 1.1509 1.0388 1.0372 0.8612 1.0160 0.8696 0.9566 0.8522 0.8028 0.9150
