1.2386 1.2004 1.2199 1.2337 1.1166 1.0477 1.1339 0.9067 1.1090 1.0927 0.9097 0.8224 0.9029 0.7088 0.7218 0.6664
1.0000 0.8923 0.9012 1.0716 1.0710 0.9445 0.9613 0.9929 0.9255 1.0968 1.0616 1.0200 1.0519 1.1283 0.9162 1.0000
1.3459 1.1894 1.1310 1.8033 1.0759 1.0807 1.0000 0.9344 1.0340 1.0465 0.9457 0.8373 0.8952 0.9511 0.8672 0.7967
1.0515 0.8581 0.9900 1.1068 1.0158 0.9705 1.0936 0.9731 1.0857 1.0781 0.9966 0.9530 0.9597 0.8734 0.9458 1.0895
1.6134 1.1807 1.1562 1.1127 0.9830 0.9962 1.0254 1.0233 0.8016 0.9292 1.0197 1.0562 0.8804 0.9087 0.9763 1.1011
0.8809 1.0217 0.8065 0.9029 0.8507 1.0150 1.1249 1.0053 0.8521 1.1826 0.9366 1.1979 0.9692 1.0368 1.0282 1.1957
1.4862 1.1990 1.1972 1.1493 1.1365 0.9240 0.9788 0.8622 0.8962 0.9784 0.8846 0.8299 0.9005 0.9916 1.0000 0.8666
0.9871 1.1491 0.8477 1.0141 0.9684 1.0762 1.1021 1.1086 1.1590 0.9719 0.9764 1.0148 0.8861 0.7906 0.9037 1.0457
0.8083 0.8234 1.0128 0.8897 0.8810 1.0264 0.8859 1.1126 1.1232 0.9630 1.1333 0.9889 1.1111 0.7769 1.1778 1.0874
0.8463 0.7492 0.7846 0.9383 0.9406 1.0435 0.9783 0.9724 0.9278 1.0954 0.9240 1.0427 1.1384 1.0615 1.1603 1.5946
0.5775 0.8442 0.8989 0.8880 0.8621 1.0392 1.0927 1.1327 1.1194 1.0208 0.8758 1.0127 1.0120 1.0801 0.9083 1.0831
1.0036 0.8785 0.9496 1.0096 0.9279 1.0655 1.1123 1.0202 1.0544 0.9761 0.9855 1.0559 1.0051 1.0417 1.0796 0.8296
1.0670 1.1238 1.0865 1.2275 1.1037 0.9632 0.9433 1.3146 0.8339 1.0599 1.0774 0.7612 0.7764 0.8609 0.7691 0.9806
0.9512 0.8183 0.9480 0.7371 0.8571 0.8791 0.8340 1.1062 0.9761 1.0518 1.0836 1.0462 1.1389 1.0949 1.2522 1.1617
1.4315 1.1568 1.0500 1.1142 1.1151 1.1470 1.1737 1.1144 0.9714 0.7351 0.9023 0.8601 0.7712 0.6306 0.6482 0.6591
0.7743 0.8890 0.9432 0.8661 0.8594 0.9873 1.0662 1.0207 1.0000 0.9862 1.1082 0.9892 1.0000 1.1720 1.2449 1.3972
1.1037 0.9024 1.0679 1.0000 0.9238 1.0310 1.0812 0.8923 1.0253 1.0875 1.0150 0.9935 0.9318 0.9373 1.0110 1.0375
1.0958 1.0865 0.8008 1.1332 0.8633 0.9376 1.1054 0.9370 0.8852 1.0000 1.0000 1.1172 1.0000 0.9571 1.1021 1.1480
1.3908 1.0973 1.5892 1.1410 0.9610 1.1995 1.1012 1.0474 1.1178 0.8662 0.8696 0.8934 0.8109 0.7390 0.7448 0.8351
0.9290 0.9857 1.0989 1.0298 0.9886 1.0682 0.9882 1.0855 1.1833 0.9110 0.9954 0.8879 0.8455 0.8215 0.5892 0.5634
1.4353 1.1102 1.0000 1.0325 1.2210 1.1508 1.0714 1.0396 1.0084 0.8282 0.9478 1.0711 0.8988 0.9818 0.9093 0.7989
0.5903 0.5486 0.8396 0.7756 0.8342 0.9211 1.0541 1.0807 1.0766 0.9811 1.0637 1.2508 1.2056 0.9486 0.9783 1.3470
1.1457 0.9824 1.0251 0.8503 0.9887 1.0170 1.0344 1.1070 1.0000 1.3128 0.9947 0.9171 0.9219 0.9501 0.7914 0.8156
0.8237 0.7984 0.7358 0.8885 0.8116 0.9584 0.8734 0.9327 1.1553 1.1247 1.1087 1.1535 1.2103 1.0693 0.5458 1.2549
1.4736 1.3209 1.0994 1.2191 1.1147 1.1749 1.2688 1.0189 1.0185 0.8136 0.9511 0.8878 0.8400 0.7863 0.6906 0.8473
