0.7257 0.7694 0.8476 0.8731 1.0157 1.0974 1.0500 1.1761 1.1735 1.1877 1.0321 1.0191 1.0273 1.0261 0.8590 0.8702
0.8240 0.8351 0.9436 1.0307 1.0834 1.2387 1.2165 0.9788 1.0339 0.9729 1.1027 0.9958 0.9311 0.8602 0.9895 0.7715
0.6467 0.7013 0.8927 0.9077 0.9532 1.0742 1.1276 1.0883 1.0773 1.2415 1.0110 0.9677 0.9121 0.9140 0.9039 0.7364
0.6450 0.7284 0.8376 0.9394 0.9756 1.0713 1.1089 1.0438 1.0015 1.1720 1.1297 0.9732 1.0377 0.9035 0.9215 0.7813
0.6863 0.7549 0.7773 0.8741 1.0000 0.9641 1.0685 1.0571 1.1697 1.2481 1.0705 1.0427 0.9774 1.0695 0.9550 0.8737
0.8106 0.8362 0.8620 0.9372 1.1290 1.0863 1.1778 1.1214 1.1911 1.1216 1.0660 1.0307 0.9744 0.9370 0.8564 0.8697
0.7394 0.7991 0.8554 0.9193 1.0233 1.0273 1.1722 1.1581 1.1082 1.0878 1.1035 1.0507 0.9907 0.9250 0.8306 0.9529
0.8692 0.7924 0.8559 0.9267 1.0000 1.0952 1.2045 1.1261 1.1204 1.0761 1.1546 1.0798 1.0235 0.9256 0.8420 0.9129
0.8069 0.8645 0.8532 0.8573 1.0017 1.0179 1.1156 1.0375 1.1143 1.1335 1.0462 1.1138 0.9767 1.0347 0.9034 0.8654
0.6933 0.7528 0.8548 0.9539 0.9763 1.0161 1.0501 1.1080 1.0160 1.0546 1.1784 0.9753 0.9014 0.9879 0.9870 1.0068
0.7091 0.6596 0.7279 0.8026 0.9482 1.0411 1.1319 1.0263 1.0436 1.0801 1.0261 0.9645 1.0196 0.9758 0.8662 0.9317
0.7282 0.8275 0.9128 0.9721 1.1539 1.1290 1.1302 0.8926 1.0510 1.2366 1.0979 0.9767 0.9493 1.0000 1.0000 0.7205
0.9042 0.8673 0.8968 1.0077 1.1351 1.1081 1.1738 1.0209 1.1322 1.0745 1.0725 1.0344 0.9991 0.8555 0.8429 0.9618
0.8985 0.8819 0.9447 0.9976 0.9958 1.0951 1.1536 1.1445 1.1021 1.0698 1.1849 0.9518 0.9471 1.0000 0.8260 0.8068
0.6791 0.7215 0.8176 0.8886 0.9595 1.1447 1.0791 1.0694 1.0678 1.0960 1.1568 1.1526 1.0289 0.8624 0.8698 0.8074
0.6882 0.8135 0.9213 1.0091 0.9864 1.0256 1.0676 1.0438 1.0868 1.0023 1.0192 1.0699 0.9919 0.9727 0.9250 0.8759
0.8651 0.7750 0.8729 0.8819 1.0175 1.1468 0.9787 1.1771 1.1615 1.1977 1.0678 1.0307 1.1045 0.9316 0.8873 0.9049
0.6957 0.7544 0.7927 0.8136 1.0104 1.0105 1.1087 0.9960 0.9912 1.1093 1.0874 1.0666 1.0214 1.0402 0.8983 0.9085
0.6854 1.0000 0.8748 0.9194 0.9658 1.1287 1.1080 1.0735 1.0764 1.1788 1.0893 0.9186 0.9858 0.9008 0.8788 0.8932
0.8223 0.8095 0.9015 0.8531 1.0325 1.1326 1.0066 1.0675 1.0934 1.2228 1.0649 1.1146 1.0000 0.9679 0.9472 0.9088
0.8579 0.8734 0.8772 0.9638 0.9479 1.0879 1.0862 1.0544 1.0619 0.9756 1.0601 1.1208 1.0104 0.9732 0.9899 0.9443
0.6237 0.7644 0.8928 0.9604 1.0000 1.0718 1.0640 1.0899 1.0462 1.0957 1.0365 1.0630 0.9881 0.8981 1.0000 0.7906
0.8562 0.7879 0.9387 0.9390 1.0636 1.1580 1.1744 0.9846 1.0845 1.1403 1.1587 1.0240 1.0142 0.9256 0.8924 0.8154
0.7498 0.7829 0.8581 0.9498 1.2054 1.0000 1.1037 1.1922 1.1131 1.0761 1.2370 0.9501 0.9519 0.9228 0.9530 0.9514
0.8162 0.9190 0.8857 0.9565 1.0755 1.0940 1.1626 1.1854 1.1992 1.1978 1.1099 0.9766 0.9541 0.9136 0.7747 0.7732
