0.8333 0.8797 0.9267 0.9360 1.0248 1.0881 1.0266 1.1617 1.1695 1.1391 1.0185 0.8835 1.0925 1.0330 0.8756 0.9148
0.9284 0.9385 1.0604 1.0926 1.1736 1.2510 1.2256 0.8828 0.9309 0.8854 1.0637 0.9688 0.9436 0.8238 0.9684 0.7552
0.6909 0.8030 0.9343 0.9771 0.9853 1.1067 1.1172 1.0826 1.0859 1.2332 1.0010 0.9435 0.9240 0.9220 0.9042 0.6953
0.7155 0.7972 0.8948 0.9791 0.9805 1.1002 1.1266 1.0171 0.9780 1.1395 1.1282 0.9607 1.0217 0.9145 0.9186 0.7195
0.8116 0.8799 0.9004 0.9059 1.0000 1.0889 1.1408 1.0577 1.1285 1.2367 1.0000 0.9929 0.9579 1.0372 0.9483 0.8447
0.8775 0.9441 0.9495 0.9771 1.1340 1.1200 1.1681 1.0253 1.1678 1.1063 1.0419 0.9692 0.9606 0.9091 0.8345 0.8196
0.7733 0.8825 0.9386 0.9634 1.0208 1.0321 1.1304 1.1224 1.1133 1.0786 1.1066 1.0504 0.9407 0.8564 0.8161 0.9538
0.9531 0.8352 0.8964 0.9676 1.0000 1.1100 1.1716 1.0598 1.1153 1.0748 1.1393 1.0435 1.0268 0.9053 0.8169 0.8737
0.8271 0.9208 0.8752 0.9384 1.0370 1.0066 1.1520 1.0339 1.1162 1.1225 1.0708 1.0381 0.9689 1.0296 0.8730 0.8081
0.7374 0.8370 0.9473 1.0779 1.0449 1.0971 1.0524 1.1635 0.9514 1.0390 1.1299 0.8831 0.8592 0.9722 0.9582 0.9404
0.8098 0.7503 0.8518 0.8812 1.0064 1.1069 1.1968 1.0679 1.0545 1.1260 1.0289 1.0110 1.0512 0.9754 0.8669 0.8910
0.7853 0.8636 0.9086 1.0233 1.1508 1.0957 1.1125 0.8976 1.0157 1.1994 1.0542 0.9609 0.9309 1.0000 1.0000 0.6270
0.9399 0.8794 0.9470 1.0022 1.1527 1.0725 1.0922 0.9316 1.0882 1.0260 1.0664 0.9372 1.0028 0.7855 0.7618 0.9323
0.9264 0.9673 0.9609 0.9981 0.9776 1.1205 1.1575 1.0589 1.0677 1.0114 1.0860 0.9242 0.9345 1.0000 0.8092 0.7652
0.7024 0.8095 0.8860 0.9336 1.0310 1.1886 1.0949 1.0744 1.0308 1.0590 1.1263 1.1203 1.0206 0.8102 0.8798 0.8055
0.8091 0.9176 0.9649 1.0485 1.0006 1.0538 1.0697 1.0351 1.0603 1.0006 1.0210 1.0472 0.9540 0.9322 0.8899 0.8170
0.9153 0.7660 0.8848 0.8659 1.1137 1.2190 1.0011 1.1453 1.0595 1.1830 1.0102 1.0449 1.1212 0.8970 0.8638 0.8879
0.7116 0.8822 0.8305 0.8448 1.0429 1.0095 1.1395 1.0367 1.0420 1.1497 1.1105 1.0316 1.0020 0.9898 0.9446 0.9047
0.7435 1.0000 0.9326 0.9110 0.9807 1.1794 1.1503 1.0598 1.0382 1.1358 1.0939 0.9140 0.9574 0.8861 0.8889 0.8699
0.8991 0.9208 1.0148 0.8990 1.0855 1.2000 0.9786 1.0862 1.0994 1.1447 0.9680 1.0747 1.0000 0.9050 0.9098 0.8047
0.9202 0.9421 0.9390 0.9985 0.9182 1.1198 1.0681 1.0742 1.0294 0.9680 1.0425 1.0834 1.0100 1.0063 0.9766 0.8553
0.6463 0.7931 0.9245 0.9773 1.0000 1.0100 1.0225 1.0284 1.0135 1.0761 0.9991 1.0582 0.9951 0.8931 1.0000 0.7778
0.8210 0.7995 1.0286 1.0234 1.0736 1.1537 1.1484 0.9166 1.0951 1.1612 1.1607 1.0276 1.0668 0.8908 0.8490 0.8017
0.8376 0.8158 0.8942 0.9774 1.2264 1.0000 1.0802 1.1683 1.1021 1.0142 1.1582 0.9449 0.9533 0.8897 0.9605 0.9762
0.8413 0.9897 0.8801 0.9998 1.1150 1.0999 1.1591 1.1590 1.1505 1.1483 1.0529 0.9485 0.9304 0.8361 0.7174 0.6846
