0.8607 0.9846 0.9566 0.9606 1.0618 1.1284 1.0561 1.2012 1.1378 1.1629 1.0005 0.9038 1.0320 0.9923 0.7716 0.7955
0.9338 0.9709 1.0742 1.1260 1.1937 1.2856 1.2340 0.8688 0.9317 0.8652 1.0896 0.9474 0.9038 0.7817 0.9286 0.7101
0.6944 0.8238 0.9561 0.9893 1.0626 1.2060 1.0707 1.1185 1.0418 1.2321 0.9672 0.8770 0.8936 0.8793 0.9307 0.6072
0.7100 0.8236 0.9179 1.0542 1.0515 1.1103 1.1519 1.0730 0.9638 1.1135 1.1552 0.9368 0.9621 0.8505 0.8398 0.6224
0.7999 0.9026 0.9077 0.9174 1.0000 1.0995 1.1401 1.0726 1.1546 1.2185 0.9943 0.9574 0.9415 1.0474 0.9473 0.8297
0.8577 0.9670 0.9599 1.0210 1.2026 1.1724 1.1966 0.9897 1.2230 1.1157 1.0668 0.9577 0.9202 0.8564 0.7520 0.7433
0.7737 0.9129 0.9744 0.9948 1.1193 1.0383 1.1875 1.1626 1.1259 1.0573 1.0585 1.0264 0.9480 0.8075 0.7658 0.8251
0.9919 0.8661 0.9373 1.0089 1.0000 1.1619 1.2009 1.0573 1.0961 1.1032 1.0955 1.0496 1.0090 0.8738 0.7420 0.8068
0.8435 0.9566 0.9247 0.9637 1.0829 1.0543 1.1885 1.0396 1.1230 1.1148 1.0263 0.9761 0.9496 0.9826 0.7936 0.7112
0.7753 0.8264 0.9594 1.1061 1.0774 1.1397 1.0932 1.1814 0.9336 1.0280 1.1388 0.7996 0.8064 0.9720 0.9954 0.9560
0.8399 0.7738 0.8883 0.8747 1.1064 1.1822 1.2526 1.0860 1.0437 1.1123 1.0091 0.9977 1.0083 0.9260 0.8129 0.7859
0.8054 0.8844 0.8919 1.0369 1.1652 1.1711 1.1876 0.9343 0.9831 1.2003 0.9757 0.9042 0.8578 1.0000 1.0000 0.5636
0.9425 0.9201 0.9290 1.0331 1.1733 1.0699 1.1413 0.9020 1.1060 0.9988 1.0147 0.9417 0.9814 0.7679 0.7059 0.8762
0.9485 0.9832 0.9932 1.0247 0.9956 1.1444 1.1721 1.0619 1.0544 0.9907 1.0728 0.9055 0.8704 1.0000 0.7902 0.6941
0.7052 0.8195 0.8779 0.9172 1.0888 1.2823 1.1068 1.0948 1.0290 1.0584 1.1134 1.1484 0.9897 0.8308 0.8423 0.7536
0.7631 0.9272 0.9621 1.1005 1.0429 1.0322 1.1041 1.0055 1.1195 0.9603 0.9880 1.0142 0.9965 0.9091 0.8332 0.7510
0.9397 0.7219 0.8758 0.8749 1.1355 1.2651 1.0015 1.2129 1.0826 1.1225 0.9960 1.0129 1.1221 0.8740 0.7887 0.9043
0.7196 0.9552 0.8521 0.8575 1.0775 1.0091 1.2203 1.1480 1.0290 1.1680 1.1005 0.9780 0.9308 0.9010 0.8718 0.8451
0.7707 1.0000 0.9611 0.9307 1.0132 1.1619 1.1593 1.0264 1.0906 1.1868 1.1132 0.8662 0.9775 0.8614 0.8490 0.8011
0.9005 0.8923 1.0219 0.9294 1.0949 1.2393 0.9995 1.1226 1.0729 1.1459 0.9758 1.1155 1.0000 0.8708 0.8930 0.7419
0.9486 0.9735 0.9230 0.9719 0.9045 1.1291 1.0700 1.0866 1.0508 0.9730 1.0427 1.1802 0.9712 0.9742 0.9381 0.7828
0.6581 0.8351 0.9679 1.0317 1.0000 1.0380 1.0493 1.0428 1.0181 1.0520 0.9413 1.0385 0.9584 0.8611 1.0000 0.7319
0.8065 0.8192 1.0319 1.0488 1.0522 1.1747 1.1762 0.9082 1.1082 1.1710 1.1498 1.0213 1.0610 0.8934 0.8108 0.7865
0.8761 0.8656 0.9332 1.0144 1.2740 1.0000 1.1124 1.1857 1.1055 1.0202 1.2175 0.8802 0.8907 0.8469 0.9224 0.8590
0.8425 0.9573 0.8558 1.0349 1.1389 1.1169 1.2382 1.1638 1.1291 1.1855 1.0676 0.9140 0.9169 0.8139 0.6666 0.6456
