0.7224 0.7742 0.8524 0.8690 1.0189 1.0840 1.0485 1.1804 1.1806 1.1900 1.0410 1.0196 1.0303 1.0179 0.8554 0.8552
0.8249 0.8396 0.9394 1.0216 1.0817 1.2284 1.2140 0.9782 1.0418 0.9693 1.1155 0.9966 0.9358 0.8578 0.9941 0.7756
0.6456 0.6994 0.8915 0.9060 0.9513 1.0685 1.1374 1.0885 1.0789 1.2373 1.0034 0.9679 0.9111 0.9182 0.9102 0.7426
0.6462 0.7283 0.8378 0.9346 0.9762 1.0767 1.1072 1.0464 1.0029 1.1797 1.1230 0.9725 1.0417 0.9018 0.9182 0.7809
0.6836 0.7521 0.7752 0.8749 1.0000 0.9495 1.0679 1.0605 1.1706 1.2461 1.0791 1.0526 0.9755 1.0607 0.9485 0.8719
0.8145 0.8427 0.8564 0.9304 1.1329 1.0744 1.1717 1.1328 1.1885 1.1335 1.0777 1.0276 0.9741 0.9389 0.8481 0.8636
0.7488 0.8090 0.8543 0.9161 1.0182 1.0298 1.1658 1.1634 1.1083 1.0880 1.1054 1.0440 0.9895 0.9291 0.8305 0.9570
0.8671 0.7927 0.8508 0.9201 1.0000 1.0950 1.2043 1.1305 1.1181 1.0762 1.1607 1.0849 1.0221 0.9293 0.8290 0.9163
0.8080 0.8618 0.8564 0.8497 1.0031 1.0176 1.1152 1.0375 1.1148 1.1359 1.0447 1.1081 0.9776 1.0347 0.9003 0.8643
0.6868 0.7608 0.8640 0.9491 0.9648 1.0029 1.0502 1.1103 1.0190 1.0702 1.1924 0.9799 0.9033 0.9831 0.9803 1.0136
0.7102 0.6645 0.7152 0.7957 0.9433 1.0416 1.1414 1.0256 1.0420 1.0819 1.0284 0.9662 1.0143 0.9697 0.8699 0.9345
0.7272 0.8286 0.9099 0.9673 1.1485 1.1385 1.1303 0.8849 1.0470 1.2383 1.1011 0.9757 0.9472 1.0000 1.0000 0.7220
0.9059 0.8677 0.9005 1.0064 1.1370 1.1069 1.1648 1.0247 1.1277 1.0765 1.0669 1.0394 0.9973 0.8627 0.8379 0.9721
0.8979 0.8757 0.9435 0.9970 0.9868 1.0914 1.1447 1.1477 1.1063 1.0654 1.1865 0.9570 0.9478 1.0000 0.8323 0.8138
0.6786 0.7195 0.8277 0.8948 0.9527 1.1327 1.0646 1.0671 1.0784 1.0929 1.1738 1.1513 1.0449 0.8550 0.8608 0.8058
0.6865 0.8117 0.9213 1.0081 0.9902 1.0156 1.0700 1.0374 1.0859 1.0035 1.0317 1.0685 0.9938 0.9764 0.9249 0.8742
0.8603 0.7729 0.8740 0.8854 1.0086 1.1447 0.9808 1.1775 1.1574 1.1979 1.0711 1.0382 1.1047 0.9374 0.8825 0.9052
0.6942 0.7494 0.7970 0.8167 1.0020 1.0001 1.1156 0.9998 0.9967 1.1097 1.0857 1.0600 1.0164 1.0442 0.9017 0.9056
0.6871 1.0000 0.8667 0.9136 0.9703 1.1390 1.0955 1.0777 1.0822 1.1922 1.0927 0.9194 0.9784 0.8974 0.8743 0.8920
0.8109 0.8057 0.8920 0.8567 1.0376 1.1265 1.0063 1.0596 1.0947 1.2267 1.0718 1.1233 1.0000 0.9734 0.9517 0.9097
0.8513 0.8740 0.8757 0.9698 0.9508 1.0875 1.0824 1.0516 1.0692 0.9761 1.0617 1.1228 1.0021 0.9720 0.9891 0.9505
0.6175 0.7593 0.8923 0.9608 1.0000 1.0685 1.0650 1.0926 1.0443 1.1058 1.0343 1.0685 0.9801 0.8966 1.0000 0.7949
0.8532 0.7862 0.9397 0.9360 1.0649 1.1535 1.1707 0.9878 1.0877 1.1474 1.1534 1.0353 1.0212 0.9257 0.8889 0.8071
0.7473 0.7808 0.8474 0.9513 1.2027 1.0000 1.1072 1.1912 1.1147 1.0759 1.2324 0.9502 0.9566 0.9256 0.9577 0.9530
0.8179 0.9178 0.8750 0.9577 1.0766 1.0948 1.1550 1.1933 1.1972 1.1960 1.1061 0.9621 0.9615 0.9143 0.7842 0.7834
