1.3170 1.2084 1.0628 1.1287 1.0104 0.9622 1.0811 0.8791 1.1035 1.1380 0.8790 0.8372 0.9200 0.8130 0.7965 0.8575
1.0000 1.0747 1.2245 1.2639 1.1463 1.0073 1.1004 0.9841 0.8877 0.9362 0.8990 0.8728 0.8786 0.9161 0.8083 1.0000
1.0673 0.9525 0.9030 1.2979 0.8907 0.9796 1.0000 0.9448 0.9655 1.0393 0.9914 0.9425 1.0419 1.0360 1.0760 1.1611
1.2865 1.1497 1.1191 1.1203 1.0019 1.0466 1.0847 0.9160 0.9864 0.9222 0.9053 0.9621 0.8573 0.9511 0.8230 0.9715
1.3449 1.0263 0.9512 1.0363 0.9584 0.9501 0.9895 0.9273 0.8964 0.9844 0.9562 1.1088 0.9118 1.1083 1.0950 1.3635
1.1561 1.0938 0.9762 1.1042 0.9641 1.0702 1.0731 0.9644 0.8916 1.0442 0.9401 0.9113 0.9071 0.8798 1.0183 1.0054
1.2090 1.0999 1.0658 1.0036 0.9519 0.9268 1.0243 0.9825 0.8739 1.0391 0.9745 0.8394 0.9696 1.0372 1.0000 1.0679
1.2676 1.1996 1.0866 1.0879 1.0991 1.0854 1.0763 1.0182 1.1044 0.9067 0.9354 0.8562 0.8335 0.7776 0.7985 0.8701
0.6829 0.7285 0.9161 0.7551 0.9416 0.9720 0.8657 1.0334 1.0461 0.9195 1.0405 1.0227 1.2261 0.9577 1.2501 1.1406
1.0981 0.9541 0.9070 1.1136 1.0000 0.9616 0.9495 1.1080 0.8777 0.9214 0.9365 0.9157 1.0536 0.9926 1.1214 1.1631
0.6559 0.7353 0.8994 0.8406 0.9426 0.9729 0.9518 1.0703 0.9782 0.9803 1.0708 0.9324 1.1665 1.0954 0.9682 1.1751
1.2515 1.1006 1.1412 1.1867 1.0477 1.1089 1.1316 0.9591 1.0031 0.8794 0.8621 0.8936 0.8897 0.8185 0.9030 0.8234
0.9674 0.8718 0.8501 0.9517 0.8955 0.8642 0.7909 1.1369 0.9484 1.0437 1.1680 0.9870 1.0977 1.1770 1.1332 1.4776
1.1005 1.0269 1.0884 0.9293 0.8503 0.9426 0.9881 1.0386 0.9656 0.9215 0.9876 0.9275 1.0424 0.9267 1.0870 1.1102
1.2430 1.1406 0.9645 0.9473 1.0457 1.0565 1.0097 1.0798 1.0115 0.8764 0.9625 0.9758 0.9630 0.7792 0.7564 0.8577
0.9771 0.9480 1.0218 0.9126 0.9291 1.0563 0.9807 1.0097 1.0000 0.9371 0.9673 1.0368 1.0000 1.0465 1.0675 1.2419
0.9498 0.9462 0.9376 1.0000 0.9551 0.9307 1.0128 1.0003 0.9975 1.0496 1.0684 1.0385 1.0450 1.0742 1.2489 1.3163
1.4051 1.3219 1.0251 1.2550 0.9538 0.9831 1.1161 0.9513 0.8830 1.0000 1.0000 0.9344 1.0000 0.8544 0.9345 0.9646
1.4607 1.0446 1.2179 0.9588 0.8200 1.1336 1.0365 0.9806 1.0867 0.9873 0.8920 1.0220 0.8825 0.8676 0.9282 1.1030
1.1439 1.1019 1.1697 1.1910 1.0001 1.0157 0.9688 0.9364 0.9882 1.0747 0.9247 0.8208 0.8204 0.7763 0.5362 0.5072
1.2958 0.9438 1.0000 0.9479 1.1538 1.0975 0.9198 0.9974 0.9903 0.9503 0.9324 1.0871 0.9134 1.0931 1.0118 1.0189
0.6239 0.7154 0.9634 0.9829 1.0611 1.0168 0.9972 0.9828 0.9218 1.0942 0.9721 1.0084 1.0465 0.9624 0.9939 1.2584
1.0363 0.8445 0.9065 0.9326 0.8502 0.9192 0.8763 0.9438 1.0000 1.1614 0.9633 0.9581 1.1631 1.2586 1.2802 1.4286
1.0054 1.0298 0.8521 1.0230 0.8892 1.0086 0.9115 0.9790 1.1292 0.9259 1.0392 1.0626 0.9722 1.0325 0.5458 1.0751
1.2907 1.0792 0.9988 1.0705 1.0759 1.0464 1.1184 1.0179 1.0170 0.8515 1.0414 0.9023 1.0150 0.8834 0.8713 0.9409
