1.2925 1.1915 1.2683 1.2813 1.1093 1.0662 1.1263 0.9194 1.0496 1.0766 0.9248 0.8076 0.8639 0.7551 0.6485 0.6489
1.0000 0.8318 0.8920 1.0084 1.0448 0.9787 1.0061 1.0107 0.9043 1.0835 1.0597 1.0062 1.0297 1.1562 0.9493 1.0000
1.4245 1.3104 1.3775 2.0153 1.0923 1.1964 1.0000 0.8578 1.1327 1.0228 0.8402 0.7847 0.8597 0.9937 0.8374 0.8400
0.9815 0.7363 0.8634 1.0121 0.8935 0.9695 1.0387 0.9896 1.1272 1.1156 0.9984 1.0223 1.0507 0.9467 1.0362 1.2758
1.3611 1.0605 1.1196 1.0643 0.9092 0.9632 1.0345 1.1107 0.8294 0.9878 1.0380 1.0513 0.9285 0.9969 1.0719 1.1686
0.7756 0.8143 0.7283 0.8069 0.8344 0.9563 1.1453 1.0450 0.8289 1.1870 1.0192 1.2480 1.1049 1.1411 1.1372 1.3094
1.5806 1.2329 1.2355 1.1639 1.1444 0.9567 0.9551 0.8563 0.8885 0.9548 0.9082 0.8539 0.8628 1.0538 1.0000 0.8119
0.9961 1.1011 0.8910 1.0344 0.8796 1.0520 1.1077 1.1685 1.1496 0.9366 0.9959 1.0031 0.8366 0.7986 0.9655 1.0907
0.8789 0.8799 1.1044 0.9451 0.9084 1.0571 0.9114 1.1533 1.1083 0.9518 1.0957 1.0164 1.0508 0.8217 1.1425 1.0548
0.8921 0.7663 0.9486 0.8577 0.9168 1.0089 0.9021 1.0001 0.9671 1.0779 0.9036 1.0502 1.2358 1.1711 1.2137 1.6023
0.5807 0.9626 0.9670 0.8780 0.8981 1.0699 1.0666 1.2102 1.0984 1.0172 0.8312 0.9607 0.9616 1.0251 0.8751 1.1654
0.9081 0.8302 0.8923 0.9424 0.8872 0.9892 1.0831 0.9700 1.0668 1.0457 1.0538 1.0960 1.0872 1.1248 1.1778 0.8613
1.0815 1.1550 1.1575 1.2251 1.1832 1.0577 1.0308 1.3814 0.8501 1.1508 1.0572 0.7383 0.7471 0.7477 0.7295 0.8399
0.9788 0.8136 0.9954 0.7939 0.8629 0.9101 0.8340 1.0411 1.0381 1.0320 1.1034 1.0359 1.0862 1.1122 1.2389 1.1360
1.4460 1.2182 1.0483 1.1323 1.1278 1.1065 1.1644 1.1369 0.9623 0.7637 0.9064 0.8231 0.7823 0.6469 0.6484 0.6648
0.7311 0.9246 0.8920 0.8144 0.8608 0.9187 1.0649 0.9583 1.0000 0.9506 1.0855 1.0561 1.0000 1.2718 1.3835 1.4586
1.1544 0.9160 1.1159 1.0000 0.9131 1.0304 1.0757 0.9029 0.9985 1.0830 0.9984 0.9740 0.9265 0.9296 1.0045 1.0082
0.9398 0.9213 0.7824 1.0621 0.8155 0.9194 1.0888 0.9481 0.9358 1.0000 1.0000 1.0883 1.0000 1.0480 1.1807 1.3015
1.4265 1.1508 1.5829 1.2020 0.9647 1.2079 1.0929 1.0883 1.0749 0.8808 0.9219 0.8432 0.7442 0.7075 0.7332 0.7525
0.8819 0.9280 1.0930 1.0119 0.9878 1.0126 0.9856 1.0510 1.1516 1.5038 1.0503 1.0041 0.9909 0.8886 0.7219 0.6113
1.3930 1.0126 1.0000 1.0418 1.2083 1.1130 1.0196 0.9718 0.9720 0.8786 0.9587 1.0808 0.9119 1.0371 0.9556 0.8858
0.6153 0.5637 0.8330 0.6971 0.8099 0.9502 1.0506 1.0638 1.0607 0.9778 1.0908 1.2762 1.2279 0.9784 1.0284 1.3889
1.1156 1.0168 1.0760 0.8665 1.0180 1.0323 1.0937 1.1318 1.0000 1.4083 1.0478 0.8703 0.8617 0.7768 0.6714 0.7347
0.7570 0.7082 0.7156 0.8281 0.7993 0.9121 0.8224 0.9382 1.1597 1.1136 1.1422 1.1677 1.3004 1.2105 0.5458 1.4431
1.4232 1.2894 1.0925 1.3270 1.1601 1.2353 1.2899 1.0703 0.9334 0.8902 0.9413 1.0119 0.9579 0.9436 0.9486 1.0034
