1.3533 1.2057 1.0559 1.0908 0.9975 0.9453 1.0730 0.8728 1.1209 1.1461 0.8383 0.8378 0.9284 0.8197 0.7869 0.9206
1.0000 1.0964 1.3349 1.2802 1.1420 1.0098 1.1028 0.9682 0.8953 0.9158 0.8783 0.8469 0.8463 0.8633 0.7991 1.0000
1.0284 0.9021 0.8914 1.1631 0.8235 0.9494 1.0000 0.9421 0.9874 1.0423 0.9550 0.9722 1.0368 1.1628 1.0663 1.2733
1.3248 1.2343 1.1676 1.1468 1.0398 1.0636 1.0985 0.8975 0.9644 0.8838 0.8770 0.9487 0.8040 0.9204 0.7665 0.9524
1.2325 0.9732 0.9158 1.0414 0.9785 1.0061 0.9726 0.9049 1.0209 1.0808 0.9940 1.0886 0.8805 1.0586 1.0286 1.2784
1.2325 1.0778 1.0065 1.1332 0.9791 1.0652 1.0655 0.9694 0.9332 1.0004 1.0059 0.8598 0.8734 0.8354 1.0048 0.9489
1.1731 1.0898 1.0229 0.9993 0.9512 0.9577 1.0298 0.9830 0.9030 1.0426 0.9856 0.8363 1.0017 1.0223 1.0000 1.0360
1.3464 1.2157 1.1412 1.0935 1.1262 1.0991 1.0511 1.0074 1.0694 0.9212 0.9051 0.8288 0.8231 0.7940 0.7637 0.8209
0.6382 0.6957 0.8504 0.7369 0.9219 0.9563 0.8221 1.0386 1.0376 0.8998 1.0697 0.9865 1.2021 1.0108 1.1849 1.2351
1.1311 0.9869 0.9929 1.1144 0.9946 0.9581 0.9432 1.1909 0.8959 0.8802 0.9496 0.8986 0.9810 0.9710 1.0644 1.0583
0.7066 0.7436 0.9053 0.8141 0.9707 0.9759 0.9014 1.0158 0.9747 0.9499 1.1076 0.9312 1.1945 1.1182 0.9642 1.3386
1.2611 1.1475 1.1946 1.2138 1.0925 1.1100 1.1334 0.9788 0.9965 0.8644 0.8502 0.8771 0.8564 0.8004 0.8271 0.7834
0.9906 0.8294 0.8097 0.8988 0.8646 0.9110 0.8373 1.0655 0.9609 1.1040 1.2120 1.0176 1.1192 1.2074 1.1527 1.5078
1.2288 1.0938 1.1338 1.0378 0.8598 0.9890 1.0380 1.0337 0.9567 0.8724 0.9391 0.8703 0.9784 0.8752 1.0133 1.0646
1.1323 1.1642 0.9209 0.9151 1.0389 1.0515 0.9846 1.0623 1.0051 0.9491 0.9540 0.9865 0.9699 0.8100 0.7861 0.9763
1.0486 0.9028 1.0415 0.9386 1.0049 1.0421 0.9621 0.9905 1.0000 0.9117 0.9382 1.1187 1.0000 1.0077 0.9950 1.1244
0.9359 0.9351 0.9327 1.0000 0.9939 0.9443 1.0127 1.0870 1.0096 1.0123 1.0596 0.9844 1.0290 1.0658 1.2122 1.2081
1.4773 1.3541 1.0552 1.2884 0.9803 0.9834 1.1208 0.9594 0.9069 1.0000 1.0000 0.8691 1.0000 0.8346 0.8930 0.8910
1.4957 1.0187 1.1581 0.8998 0.7729 1.1160 1.0169 0.9775 1.0757 1.0470 0.9190 1.0147 0.9120 0.8985 0.9910 1.1512
1.1794 1.1295 1.1728 1.2016 0.9740 1.0431 0.9415 0.9249 1.0009 1.0472 0.9052 0.7973 0.8199 0.7633 0.5221 0.5227
1.2152 0.9120 1.0000 0.9097 1.1698 1.0595 0.9311 0.9956 0.9860 1.0331 0.9281 1.0589 0.9035 1.0670 0.9990 1.1224
0.7234 0.7306 0.9653 0.9857 1.0988 1.0144 0.9945 0.9590 0.9402 1.0796 0.9770 0.9925 1.0088 0.9825 1.0071 1.1742
1.0342 0.8655 0.9149 0.9812 0.8528 0.9262 0.8714 0.9291 1.0000 1.1241 0.9574 0.9510 1.1713 1.2789 1.3526 1.7085
1.0494 1.0817 0.8875 1.0430 0.8903 0.9688 0.9318 1.0106 1.1112 0.9016 1.0047 1.0431 0.9312 1.0526 0.5458 1.0500
1.0981 0.9306 0.8783 0.9152 0.9371 0.9615 0.9986 0.9920 0.9927 0.8820 1.0486 1.0004 1.1067 0.9905 1.0625 1.1888
