1.3171 1.1878 1.0498 1.0938 1.0098 0.9639 1.0788 0.9006 1.1045 1.1314 0.8642 0.8319 0.9345 0.8185 0.8067 0.9197
1.0000 1.0784 1.3154 1.2710 1.1411 0.9968 1.0919 0.9774 0.8801 0.9019 0.8865 0.8690 0.8713 0.9036 0.8197 1.0000
1.0424 0.9000 0.9032 1.2114 0.8432 0.9678 1.0000 0.9385 0.9720 1.0211 0.9662 0.9358 1.0581 1.1586 1.0666 1.2703
1.2798 1.2023 1.1548 1.1511 1.0191 1.0697 1.1035 0.9040 0.9764 0.8829 0.8983 0.9426 0.8106 0.9336 0.7924 0.9714
1.2593 0.9965 0.8954 1.0294 0.9298 0.9784 0.9831 0.9040 0.9667 1.0701 0.9926 1.0764 0.8935 1.0817 1.0638 1.3494
1.1949 1.0808 0.9926 1.1123 0.9692 1.0625 1.0734 0.9713 0.8971 1.0290 0.9873 0.8646 0.8927 0.8521 1.0254 0.9862
1.1979 1.1053 1.0390 1.0058 0.9379 0.9480 1.0276 0.9638 0.8799 1.0501 0.9661 0.8381 0.9519 1.1256 1.0000 1.0468
1.3569 1.2436 1.1352 1.1123 1.0981 1.0978 1.0461 0.9905 1.0991 0.9161 0.9008 0.8329 0.7976 0.7825 0.7702 0.8114
0.6634 0.7093 0.8972 0.7647 0.9515 0.9593 0.8348 1.0535 1.0237 0.9215 1.0710 0.9976 1.1988 1.0275 1.2009 1.1826
1.1605 1.0001 0.9922 1.1023 0.9956 0.9761 0.9598 1.1453 0.8762 0.8881 0.9131 0.8954 0.9965 0.9889 1.0679 1.0783
0.6785 0.7400 0.8874 0.8134 0.9644 0.9565 0.8924 1.0449 0.9950 0.9654 1.0549 0.9170 1.2646 1.0869 0.9554 1.2641
1.2639 1.1428 1.1873 1.1692 1.0724 1.1070 1.1428 0.9781 0.9996 0.8774 0.8382 0.8750 0.8506 0.8128 0.8675 0.8124
1.0395 0.8457 0.8230 0.9301 0.8633 0.9030 0.8087 1.0481 0.9242 1.1114 1.1334 0.9981 1.0983 1.1993 1.1339 1.5312
1.2088 1.0808 1.1170 1.0115 0.8506 0.9944 1.0429 1.0294 0.9350 0.8773 0.9489 0.8711 1.0004 0.8884 1.0254 1.0851
1.1898 1.1634 0.9326 0.9068 1.0351 1.0576 1.0080 1.0688 1.0112 0.9297 0.9620 0.9617 0.9476 0.8023 0.7800 0.9255
1.0097 0.9570 1.0498 0.8977 0.9796 1.0458 0.9535 0.9853 1.0000 0.9091 0.9541 1.1096 1.0000 1.0261 1.0210 1.1721
0.9547 0.9502 0.9365 1.0000 0.9847 0.9142 1.0115 1.0855 0.9860 1.0185 1.0441 0.9852 1.0438 1.0828 1.2637 1.2859
1.4977 1.3591 1.0519 1.2764 0.9701 1.0015 1.1201 0.9639 0.8886 1.0000 1.0000 0.8800 1.0000 0.8400 0.9235 0.9172
1.5018 1.0370 1.2544 0.9252 0.8047 1.0967 0.9969 0.9627 1.0542 1.0277 0.8865 0.9926 0.8733 0.8838 0.9723 1.1693
1.1711 1.1327 1.1676 1.1989 0.9907 1.0488 0.9588 0.9284 0.9816 1.0117 0.8960 0.8009 0.7901 0.7680 0.5265 0.5182
1.2611 0.9441 1.0000 0.9175 1.1185 1.0623 0.8990 0.9963 0.9680 1.0343 0.9386 1.0449 0.9090 1.1017 1.0392 1.0901
0.7008 0.7312 0.9831 0.9828 1.0943 1.0305 0.9960 0.9524 0.9195 1.0724 0.9556 0.9747 1.0524 0.9947 0.9939 1.2043
1.0413 0.8644 0.8923 0.9344 0.8312 0.9117 0.8700 0.9115 1.0000 1.1308 0.9454 0.9508 1.1577 1.2523 1.3269 1.6170
1.0323 1.0636 0.8855 1.0361 0.8751 0.9805 0.9392 0.9874 1.1198 0.9222 1.0232 1.0416 0.9397 1.0363 0.5458 1.0821
1.2232 1.0409 0.9613 0.9975 1.0202 1.0362 1.0824 1.0164 1.0159 0.8877 1.0294 0.9272 1.0349 0.9199 0.9404 1.0496
