1.3420 1.1898 1.0471 1.0830 1.0007 0.9558 1.0816 0.8940 1.1218 1.1294 0.8609 0.8428 0.9436 0.8201 0.7896 0.8976
1.0000 1.0785 1.3050 1.2930 1.1403 1.0253 1.0850 0.9592 0.8756 0.9239 0.8799 0.8561 0.8641 0.9064 0.8234 1.0000
1.0552 0.9280 0.8909 1.1659 0.8627 0.9617 1.0000 0.9587 1.0093 1.0213 0.9513 0.9386 1.0420 1.1296 1.0939 1.2289
1.2541 1.1825 1.1387 1.1465 1.0201 1.0532 1.0922 0.8978 0.9836 0.8836 0.9150 0.9529 0.8297 0.9395 0.8135 0.9640
1.3000 1.0039 0.9415 1.0340 0.9417 0.9692 0.9928 0.8921 0.9236 1.0164 0.9811 1.0816 0.8872 1.1116 1.0727 1.3432
1.1685 1.0846 0.9846 1.0810 0.9573 1.0698 1.0597 0.9659 0.9187 1.0253 0.9779 0.8863 0.9153 0.8737 1.0403 1.0001
1.1783 1.0898 1.0503 0.9952 0.9473 0.9561 1.0151 0.9753 0.9005 1.0522 0.9462 0.8255 0.9649 1.0921 1.0000 1.0509
1.3483 1.2325 1.1225 1.0899 1.1025 1.1136 1.0703 1.0124 1.0799 0.9045 0.9042 0.8278 0.8091 0.7806 0.7719 0.8194
0.6674 0.7073 0.8815 0.7491 0.9545 0.9565 0.8351 1.0650 1.0538 0.9102 1.0761 0.9927 1.2092 0.9797 1.2288 1.1795
1.1199 0.9680 0.9372 1.0696 0.9928 0.9633 0.9537 1.1446 0.8743 0.8973 0.9504 0.9135 1.0520 0.9994 1.1192 1.0923
0.6592 0.7150 0.8903 0.8258 0.9555 0.9647 0.9109 1.0093 0.9802 0.9818 1.0642 0.9327 1.2446 1.1221 0.9675 1.2246
1.2499 1.1324 1.1479 1.1882 1.0830 1.0991 1.1387 0.9715 0.9966 0.8785 0.8634 0.8942 0.8608 0.8218 0.8675 0.8034
1.0388 0.8699 0.8294 0.9415 0.8917 0.8980 0.7922 1.0061 0.9604 1.0380 1.1809 0.9945 1.1098 1.1997 1.1388 1.5430
1.1450 1.0663 1.0612 0.9822 0.8629 0.9835 1.0165 1.0545 0.9561 0.9217 0.9733 0.9009 1.0137 0.8965 1.0336 1.0993
1.2078 1.1407 0.9423 0.9171 1.0554 1.0552 0.9955 1.0673 1.0240 0.9023 0.9664 0.9490 0.9620 0.7577 0.7596 0.9056
1.0130 0.9575 1.0282 0.9000 0.9947 1.0354 0.9717 1.0030 1.0000 0.9160 0.9403 1.0699 1.0000 1.0238 1.0349 1.1796
0.9267 0.9394 0.9071 1.0000 0.9694 0.9237 1.0237 1.0477 1.0005 1.0168 1.0627 1.0024 1.0720 1.1065 1.2750 1.2944
1.4774 1.3435 1.0388 1.2528 0.9453 0.9675 1.1273 0.9671 0.8988 1.0000 1.0000 0.9083 1.0000 0.8617 0.9188 0.9285
1.4391 1.0022 1.1778 0.9040 0.7922 1.1010 0.9916 0.9821 1.0861 1.0338 0.9329 1.0415 0.8822 0.8814 0.9804 1.1467
1.1781 1.1240 1.1753 1.1935 0.9849 1.0486 0.9318 0.9421 1.0005 1.0482 0.9078 0.8014 0.8043 0.7439 0.5269 0.5147
1.3019 0.9648 1.0000 0.9534 1.1324 1.0797 0.9214 0.9946 0.9893 0.9915 0.9312 1.0758 0.8895 1.0764 0.9816 1.0368
0.6334 0.6997 0.9782 0.9845 1.0703 1.0240 0.9762 0.9780 0.9368 1.0857 0.9417 1.0029 1.0401 0.9829 1.0060 1.2487
1.0454 0.8636 0.9292 0.9607 0.8567 0.9374 0.8945 0.9175 1.0000 1.0888 0.9246 0.9340 1.1456 1.2733 1.2985 1.5387
1.0486 1.0353 0.8704 1.0031 0.8775 0.9724 0.9367 1.0151 1.1058 0.9173 1.0217 1.0364 0.9667 1.0521 0.5458 1.0860
1.2572 1.0687 1.0037 1.0543 1.0536 1.0539 1.0890 0.9972 1.0208 0.8873 1.0234 0.9218 0.9984 0.9109 0.9042 0.9752
