0.7089 0.7761 0.8510 0.8776 1.0425 1.0784 1.0642 1.1761 1.1788 1.1804 1.0388 1.0106 1.0398 1.0176 0.8620 0.8478
0.8560 0.8597 0.9342 1.0289 1.0789 1.2186 1.2122 0.9939 1.0501 0.9701 1.1356 1.0117 0.9137 0.8514 0.9819 0.7460
0.6605 0.6966 0.9102 0.9119 0.9520 1.0927 1.1494 1.0898 1.0684 1.2334 1.0267 0.9444 0.9014 0.9137 0.8805 0.7220
0.6650 0.7323 0.8475 0.9411 0.9706 1.0924 1.1112 1.0378 1.0225 1.2036 1.1489 0.9649 1.0188 0.8754 0.8874 0.7349
0.6981 0.7935 0.8091 0.9305 1.0000 1.0393 1.0955 1.0585 1.1687 1.2208 1.0423 1.0149 0.9570 1.0185 0.9290 0.8151
0.8396 0.8583 0.8703 0.9502 1.1170 1.0858 1.1554 1.1539 1.1624 1.1210 1.0598 1.0213 0.9571 0.9255 0.8601 0.8596
0.7768 0.8005 0.8516 0.9447 1.0201 1.0600 1.1651 1.1683 1.1167 1.1047 1.1075 1.0580 0.9701 0.9185 0.8066 0.9139
0.8822 0.8040 0.8585 0.9335 1.0000 1.1130 1.2047 1.1208 1.0706 1.0970 1.1665 1.0915 1.0081 0.9018 0.8358 0.9098
0.8192 0.8640 0.8566 0.8737 1.0199 1.0007 1.1328 1.0389 1.0929 1.1372 1.0392 1.1157 0.9721 1.0248 0.8955 0.8360
0.6889 0.7609 0.8757 0.9790 0.9874 1.0193 1.0358 1.1184 1.0375 1.0383 1.2006 1.0014 0.9216 0.9949 0.9704 0.9672
0.7257 0.6496 0.7547 0.7902 0.9605 1.0507 1.1175 1.0557 1.0390 1.0779 1.0353 0.9718 0.9917 0.9592 0.8577 0.9580
0.7529 0.8170 0.9170 0.9654 1.1504 1.1364 1.1346 0.8989 1.0660 1.2088 1.0711 0.9539 0.9429 1.0000 1.0000 0.6863
0.9303 0.8822 0.9121 1.0150 1.1288 1.1322 1.1883 1.0491 1.1441 1.0668 1.0308 1.0135 0.9817 0.8536 0.8138 0.9243
0.8980 0.8799 0.9613 1.0077 1.0001 1.0803 1.1724 1.1372 1.1232 1.0675 1.1715 0.9499 0.9268 1.0000 0.8261 0.7939
0.6852 0.7136 0.8543 0.9138 1.0027 1.1608 1.0993 1.0847 1.0512 1.0728 1.0864 1.1071 0.9761 0.8785 0.9005 0.8175
0.6688 0.7801 0.8957 0.9608 0.9927 1.0583 1.0956 1.0772 1.1021 1.0096 1.0294 1.0815 1.0048 0.9709 0.8932 0.8418
0.8423 0.7952 0.8947 0.9133 1.0386 1.1569 1.0211 1.1771 1.1616 1.1696 1.0743 1.0435 1.0661 0.9223 0.8691 0.8575
0.7164 0.7506 0.7873 0.7983 0.9946 1.0138 1.1254 0.9966 1.0102 1.1058 1.0548 1.0377 1.0137 1.0136 0.8564 0.8913
0.6975 1.0000 0.8827 0.9237 0.9787 1.1254 1.1493 1.0975 1.0831 1.1485 1.1125 0.9291 0.9629 0.9070 0.8643 0.8543
0.8355 0.8340 0.9061 0.8476 1.0383 1.1301 1.0028 1.0446 1.0760 1.1981 1.0777 1.1471 1.0000 0.9652 0.9464 0.9381
0.8546 0.8825 0.8746 0.9839 0.9808 1.1059 1.0726 1.0471 1.0724 0.9882 1.0626 1.1230 1.0134 0.9978 0.9854 0.8849
0.6132 0.7576 0.9068 0.9679 1.0000 1.0762 1.0835 1.0669 1.0555 1.0915 1.0198 1.0319 0.9914 0.9070 1.0000 0.7907
0.8930 0.7984 0.9395 0.9387 1.0660 1.1781 1.1932 0.9825 1.0852 1.1461 1.1552 1.0242 1.0097 0.9329 0.8606 0.8180
0.7364 0.7823 0.8667 0.9246 1.2154 1.0000 1.0912 1.1994 1.1230 1.0933 1.2319 0.9885 0.9397 0.9311 0.9577 0.9308
0.8240 0.9151 0.8929 0.9602 1.0907 1.1134 1.1867 1.1836 1.1564 1.1719 1.1225 0.9625 0.9646 0.9097 0.7744 0.7764
