1.3210 1.1781 1.0399 1.0851 0.9854 0.9486 1.0746 0.8948 1.1108 1.1388 0.8617 0.8515 0.9413 0.8437 0.7982 0.9323
1.0000 1.0846 1.3111 1.2626 1.1370 0.9880 1.1048 0.9698 0.8792 0.9244 0.8898 0.8731 0.8668 0.8975 0.8197 1.0000
0.9817 0.8679 0.9320 1.1436 0.8322 0.9384 1.0000 0.9562 0.9795 1.0675 0.9799 0.9653 1.0455 1.1743 1.0636 1.2714
1.3095 1.1999 1.1508 1.1342 1.0142 1.0689 1.0771 0.8949 0.9515 0.8819 0.8957 0.9595 0.8219 0.9463 0.7929 0.9791
1.2553 0.9754 0.9179 1.0307 0.9673 1.0069 0.9754 0.9066 1.0056 1.0602 0.9592 1.1048 0.8679 1.0997 1.0556 1.3226
1.2362 1.0915 1.0118 1.1483 0.9885 1.0726 1.0517 0.9619 0.9227 0.9857 1.0023 0.8585 0.8710 0.8384 1.0193 0.9454
1.1721 1.1007 1.0409 0.9847 0.9420 0.9509 1.0308 0.9782 0.9020 1.0536 0.9595 0.8441 0.9857 1.0299 1.0000 1.0552
1.3558 1.2306 1.1475 1.1034 1.1278 1.1051 1.0709 1.0112 1.0750 0.9164 0.8980 0.8249 0.7995 0.7770 0.7459 0.8012
0.6470 0.7031 0.8677 0.7399 0.9499 0.9606 0.8341 1.0206 1.0245 0.9045 1.0541 0.9708 1.2096 1.0182 1.1855 1.2019
1.1642 1.0137 0.9912 1.1197 1.0084 0.9640 0.9483 1.1707 0.8810 0.8751 0.9249 0.8806 0.9660 0.9730 1.0595 1.0556
0.6940 0.7413 0.8954 0.8025 0.9737 0.9746 0.8972 1.0374 0.9920 0.9499 1.0866 0.9272 1.2194 1.1258 0.9568 1.3140
1.2560 1.1593 1.1909 1.2068 1.0768 1.0819 1.1403 0.9770 0.9952 0.8881 0.8484 0.9008 0.8616 0.7959 0.8294 0.7970
1.0134 0.8354 0.7913 0.9023 0.8568 0.9007 0.8153 1.0477 0.9481 1.1363 1.2055 1.0293 1.1221 1.2004 1.1548 1.5747
1.2204 1.0752 1.1267 1.0502 0.8503 0.9814 1.0322 1.0189 0.9467 0.8792 0.9481 0.8805 0.9892 0.8879 1.0160 1.0752
1.1612 1.1570 0.9434 0.9055 1.0409 1.0451 0.9855 1.0591 1.0065 0.9485 0.9692 0.9803 0.9684 0.8074 0.7813 0.9478
1.0308 0.9367 1.0405 0.8981 1.0102 1.0636 0.9609 0.9983 1.0000 0.9080 0.9556 1.1072 1.0000 1.0133 0.9978 1.1478
0.8996 0.9191 0.9027 1.0000 0.9596 0.9254 1.0205 1.1089 1.0094 1.0335 1.0702 1.0042 1.0522 1.1063 1.2492 1.2614
1.4675 1.3305 1.0339 1.2624 0.9815 1.0100 1.1306 0.9484 0.9070 1.0000 1.0000 0.8912 1.0000 0.8334 0.9022 0.9066
1.4884 1.0240 1.1446 0.9005 0.7814 1.1051 1.0157 0.9730 1.0827 1.0363 0.8981 1.0217 0.9064 0.8827 1.0244 1.1846
1.1531 1.1312 1.1628 1.2146 0.9838 1.0321 0.9461 0.9258 0.9996 1.0005 0.9139 0.8111 0.8030 0.7765 0.5229 0.5169
1.2316 0.8885 1.0000 0.9350 1.0966 1.0715 0.9200 1.0422 0.9917 1.0521 0.9400 1.0812 0.9262 1.0463 0.9862 1.0676
0.7440 0.7446 0.9855 0.9729 1.1189 1.0193 0.9942 0.9532 0.9128 1.0752 0.9652 0.9752 1.0259 1.0017 1.0088 1.2147
1.0352 0.8651 0.9003 0.9743 0.8467 0.9288 0.8720 0.9304 1.0000 1.1374 0.9575 0.9508 1.1844 1.2853 1.3762 1.7247
1.0356 1.0877 0.8834 1.0477 0.9003 0.9796 0.9458 1.0116 1.1097 0.9081 1.0037 1.0392 0.9233 1.0328 0.5458 1.0458
1.1126 0.9625 0.9002 0.9447 0.9747 0.9977 1.0804 0.9976 0.9940 0.8855 1.0389 0.9717 1.0915 0.9492 1.0172 1.1484
