1.3028 1.2245 1.2473 1.2935 1.0918 1.0268 1.1114 0.9119 1.0917 1.0865 0.9249 0.8268 0.8441 0.7019 0.7035 0.6437
1.0000 0.8899 0.9445 1.0292 1.0738 0.9670 0.9946 0.9929 0.8959 1.1066 1.0714 0.9796 0.9962 1.1281 0.8839 1.0000
1.4446 1.2838 1.3649 1.9640 1.1240 1.1643 1.0000 0.9252 1.0391 0.9944 0.8659 0.7729 0.8572 0.9116 0.7387 0.7595
1.0280 0.7980 0.9461 1.0707 0.9589 0.9993 1.1077 0.9909 1.0827 1.0679 1.0065 0.9513 0.9953 0.9054 0.9612 1.1363
1.5524 1.2202 1.0754 1.0914 0.9103 0.9697 1.0460 1.0502 0.8365 0.9456 1.0849 0.9976 0.9075 0.9069 0.9993 1.1520
0.8054 0.9308 0.7399 0.9154 0.8717 0.9708 1.1498 1.0169 0.8404 1.2194 0.9277 1.1708 1.0593 1.0264 1.0803 1.2694
1.5008 1.2376 1.1978 1.1676 1.1422 0.9435 0.9447 0.8223 0.8700 0.9585 0.9120 0.8771 0.9027 1.0190 1.0000 0.8505
0.9645 1.1012 0.8425 0.9846 0.9035 1.0273 1.1159 1.1479 1.1522 0.9907 1.0039 1.0207 0.8917 0.8316 0.9575 1.0695
0.8249 0.8406 1.0967 0.9466 0.9039 1.0581 0.8860 1.1428 1.1320 0.9596 1.1570 1.0039 1.0705 0.8000 1.1379 1.0437
0.8281 0.7256 0.8233 0.8684 0.9206 0.9822 0.9143 0.9226 0.9490 1.1744 0.9537 1.0941 1.2455 1.1190 1.2399 1.6901
0.6088 0.9125 0.9618 0.8971 0.9420 1.0608 1.0745 1.1918 1.1105 1.0217 0.8560 0.9692 0.9805 0.9841 0.8500 1.1022
1.0123 0.8971 0.9570 1.0123 0.9399 1.0311 1.1344 0.9371 1.0402 1.0069 0.9943 1.0449 1.0104 1.0499 1.1075 0.8276
1.1160 1.1703 1.1280 1.2598 1.1400 0.9968 0.9747 1.3575 0.8548 1.0742 1.0384 0.7582 0.7215 0.7594 0.7142 0.8927
0.9531 0.7947 0.9886 0.7794 0.8612 0.8717 0.8220 1.0361 1.0045 1.0478 1.0829 1.0290 1.1253 1.1145 1.2506 1.1477
1.4517 1.2310 1.0387 1.1191 1.0902 1.0642 1.1434 1.0923 0.9488 0.7135 0.9464 0.9150 0.7657 0.6477 0.6515 0.6527
0.7379 0.9610 0.9031 0.8354 0.8517 0.9648 1.1076 0.9929 1.0000 0.9652 1.0758 0.9943 1.0000 1.2083 1.2993 1.3875
1.0826 0.8787 1.1134 1.0000 0.9315 0.9966 1.0676 0.8814 1.0088 1.1043 1.0238 1.0050 0.9298 0.9434 1.0033 0.9973
1.0061 0.9808 0.7711 1.0799 0.8301 0.9277 1.1291 0.9300 0.9149 1.0000 1.0000 1.1592 1.0000 1.0265 1.1237 1.1856
1.4388 1.1349 1.6058 1.2191 0.9906 1.1979 1.0816 1.0489 1.0737 0.8613 0.8639 0.8779 0.7738 0.7435 0.7845 0.8211
0.9058 0.9553 1.1082 1.0472 1.0130 1.0345 0.9729 1.0521 1.1351 1.2698 1.0140 0.9157 0.9721 0.8066 0.6370 0.5773
1.6012 1.2326 1.0000 1.1764 1.2659 1.1943 1.0695 0.9931 0.9424 0.7820 0.8873 1.0439 0.8282 0.9552 0.8550 0.7992
0.5918 0.5563 0.8033 0.7398 0.8132 0.9338 0.9975 1.0549 1.0919 0.9652 1.0673 1.3406 1.2517 0.9722 0.9942 1.3659
1.1323 0.9324 1.0345 0.8336 0.9997 1.0414 1.0741 1.1451 1.0000 1.3528 0.9933 0.9274 0.9136 0.8737 0.7563 0.7510
0.7987 0.7578 0.7114 0.8648 0.8147 0.9374 0.8310 0.9146 1.1815 1.0946 1.0895 1.1769 1.2614 1.1753 0.5458 1.3277
1.4453 1.2654 1.1460 1.1821 1.1158 1.1280 1.2166 1.0960 0.9326 0.7752 0.9081 0.9436 0.9824 0.9124 0.8533 0.9562
