1.2848 1.1738 1.1842 1.1896 1.1244 1.0340 1.1449 0.8823 1.0967 1.0756 0.8956 0.8248 0.8909 0.7230 0.7447 0.6884
1.0000 0.9626 0.9495 1.1102 1.1212 0.9790 0.9746 0.9772 0.8949 1.0936 1.0350 0.9886 1.0060 1.0791 0.8551 1.0000
1.2829 1.1537 1.0925 1.6876 1.0539 1.0708 1.0000 0.9027 1.0329 1.0633 1.0307 0.8710 0.9358 0.9355 0.8671 0.8362
1.0852 0.9051 1.0456 1.1355 1.0252 1.0011 1.0852 0.9912 1.0643 1.0572 0.9656 0.9296 0.9401 0.8741 0.9270 1.0122
1.5476 1.1445 1.1058 1.0850 0.9569 0.9770 1.0077 1.0112 0.8041 0.8949 1.0763 1.0463 0.8957 0.9753 0.9580 1.1537
0.9441 1.0530 0.8417 0.9334 0.8773 1.0588 1.0988 1.0205 0.8287 1.1964 0.8995 1.0867 1.0017 1.0093 0.9722 1.1409
1.4107 1.1664 1.1803 1.1063 1.0663 0.9060 0.9774 0.8483 0.8650 0.9872 0.9651 0.8511 0.9168 1.0572 1.0000 0.9633
1.0351 1.2054 0.8476 1.0479 1.0199 1.0847 1.1120 1.1023 1.1492 0.9452 0.9886 0.9804 0.8610 0.7792 0.8548 0.9719
0.7942 0.7555 1.0313 0.8738 0.8774 0.9903 0.8815 1.1292 1.1156 0.9639 1.1354 1.0186 1.1444 0.7736 1.2244 0.9784
0.8878 0.7846 0.8199 0.9676 0.9591 1.0036 1.0050 0.9344 0.8953 1.0702 0.9466 1.0225 1.1806 1.0701 1.1821 1.5029
0.5997 0.8319 0.9278 0.9079 0.9112 1.0583 1.0516 1.1256 1.0791 1.0075 0.8286 0.9858 1.0204 1.0950 0.9314 1.0625
1.0576 0.9629 1.0046 1.0546 0.9855 1.0795 1.1215 0.9557 1.0519 0.9537 0.9720 1.0251 0.9916 0.9674 1.0035 0.8135
1.0423 1.1278 1.1042 1.1888 1.1460 0.9580 0.8833 1.2695 0.8766 1.0218 1.0614 0.7733 0.7986 0.9242 0.8434 1.0048
0.9351 0.8643 0.9560 0.7617 0.8904 0.9012 0.8601 1.1237 0.9909 1.0899 1.0679 1.0494 1.1396 1.0280 1.1689 1.1167
1.4241 1.1523 1.0036 1.0933 1.1063 1.1210 1.0887 1.1050 0.9984 0.7597 0.9254 0.9103 0.8467 0.6466 0.6426 0.6733
0.8034 0.8903 1.0005 0.8789 0.8657 1.0049 1.0598 1.0213 1.0000 0.9319 1.0563 0.9677 1.0000 1.1770 1.2205 1.3855
1.0940 0.9234 1.0534 1.0000 0.9433 1.0033 1.0551 0.8608 0.9974 1.0901 1.0687 1.0011 0.9829 0.9236 1.0049 1.0826
1.1631 1.1793 0.8453 1.2237 0.8817 0.9790 1.1437 0.8955 0.8611 1.0000 1.0000 1.0559 1.0000 0.9224 1.0686 1.0812
1.3606 1.0203 1.4749 1.0991 0.9278 1.1827 1.0878 1.0601 1.1165 0.8987 0.9295 0.9467 0.8256 0.7630 0.7546 0.8871
1.0107 1.0528 1.1756 1.1093 0.9778 1.0279 0.9570 0.9867 1.0717 1.0693 0.9570 0.8943 0.8821 0.8111 0.5858 0.5762
1.4249 1.1166 1.0000 1.0698 1.2159 1.1557 1.0260 1.0639 1.0022 0.8029 0.9441 1.0762 0.9197 0.9671 0.8976 0.8068
0.5614 0.5884 0.9082 0.8660 0.8468 0.9746 1.0335 1.0704 1.0355 0.9632 1.0613 1.2038 1.1499 0.9356 0.9699 1.3288
1.1073 0.9246 1.0219 0.8215 0.9540 0.9865 0.9666 1.0764 1.0000 1.2793 0.9836 0.9787 0.9813 1.0368 0.8860 0.8392
0.9290 0.8633 0.7621 0.9367 0.8285 0.9985 0.8511 0.8988 1.1594 1.0460 1.0710 1.1332 1.1603 1.0607 0.5458 1.2391
1.5455 1.4570 1.1179 1.2474 1.1224 1.1343 1.2234 1.0021 0.9691 0.8262 0.9992 0.8719 0.8633 0.8338 0.7541 0.8761
