0.7505 0.8112 0.8908 0.9128 1.0377 1.0771 1.0446 1.1746 1.1322 1.1507 1.0139 0.9779 1.0472 1.0182 0.8597 0.8692
0.8642 0.8743 0.9702 1.0399 1.1084 1.2417 1.2032 0.9466 1.0059 0.9223 1.0960 0.9946 0.9253 0.8421 0.9984 0.7756
0.6628 0.7204 0.9282 0.9297 0.9533 1.0686 1.1248 1.0710 1.0725 1.2061 1.0098 0.9719 0.9020 0.9239 0.9146 0.7385
0.6751 0.7494 0.8676 0.9745 0.9558 1.0886 1.0888 1.0158 0.9776 1.1569 1.1340 0.9771 1.0319 0.9012 0.9456 0.7715
0.7559 0.7921 0.8200 0.9078 1.0000 1.0349 1.0834 1.0398 1.1556 1.2076 1.0287 1.0385 0.9621 1.0438 0.9669 0.8520
0.8496 0.8738 0.8680 0.9573 1.1492 1.0871 1.1871 1.0929 1.1637 1.0882 1.0427 1.0234 0.9890 0.9150 0.8614 0.8537
0.7486 0.8319 0.8715 0.9357 1.0423 1.0509 1.1533 1.1445 1.0870 1.0636 1.0812 1.0337 0.9710 0.9150 0.8425 0.9812
0.9044 0.8104 0.8733 0.9481 1.0000 1.0859 1.1922 1.1159 1.0922 1.0324 1.1377 1.0781 1.0315 0.9281 0.8556 0.9191
0.8224 0.8827 0.8822 0.8922 1.0403 1.0230 1.1336 1.0467 1.0624 1.0978 1.0221 1.0829 0.9761 1.0270 0.9023 0.8465
0.7021 0.7740 0.8731 1.0038 1.0083 1.0304 1.0637 1.1175 0.9747 1.0065 1.1780 0.9426 0.9161 0.9640 1.0023 1.0109
0.7226 0.6667 0.7552 0.8107 0.9566 1.0480 1.1446 1.0341 1.0028 1.0423 1.0098 0.9547 1.0299 0.9822 0.8705 0.9793
0.7477 0.8588 0.9230 0.9803 1.1512 1.1429 1.1188 0.8685 1.0323 1.2255 1.0862 0.9741 0.9528 1.0000 1.0000 0.7126
0.9622 0.9082 0.9238 1.0156 1.1380 1.1014 1.1571 1.0136 1.1078 1.0225 1.0681 1.0220 1.0027 0.8342 0.8313 0.9752
0.9322 0.9208 0.9729 1.0151 1.0016 1.1067 1.1476 1.1148 1.0765 1.0232 1.1544 0.9285 0.9600 1.0000 0.8259 0.8183
0.6753 0.7609 0.8865 0.9013 1.0215 1.1957 1.0966 1.0449 1.0383 1.0416 1.1082 1.1257 1.0092 0.8407 0.8839 0.8077
0.7268 0.8283 0.9360 1.0024 0.9818 1.0335 1.0828 1.0507 1.0661 1.0005 0.9996 1.0653 0.9970 0.9716 0.9354 0.8772
0.8970 0.7745 0.8664 0.8854 1.0384 1.1783 0.9732 1.1626 1.1298 1.1744 1.0280 1.0328 1.1131 0.9312 0.9003 0.9156
0.7089 0.7961 0.7992 0.8286 1.0128 0.9952 1.1147 0.9854 0.9939 1.1015 1.0650 1.0586 1.0192 1.0491 0.9045 0.9265
0.6991 1.0000 0.9213 0.9237 0.9761 1.1426 1.1441 1.0503 1.0564 1.1512 1.0667 0.9021 0.9865 0.8949 0.8858 0.8959
0.8481 0.8314 0.9392 0.8527 1.0629 1.1695 1.0052 1.0647 1.0430 1.1498 1.0273 1.1252 1.0000 0.9647 0.9580 0.9180
0.8836 0.9024 0.8917 0.9670 0.9388 1.1053 1.0567 1.0185 1.0237 0.9625 1.0484 1.1183 1.0041 1.0017 1.0278 0.9579
0.6176 0.7664 0.9118 0.9823 1.0000 1.0629 1.0469 1.0493 1.0297 1.0970 1.0220 1.0647 0.9835 0.9225 1.0000 0.8261
0.8358 0.7827 0.9782 0.9477 1.0580 1.1624 1.1574 0.9294 1.0635 1.1257 1.1509 1.0508 1.0389 0.9368 0.8935 0.8457
0.7856 0.7988 0.8785 0.9424 1.2296 1.0000 1.0632 1.1833 1.0769 1.0378 1.2138 0.9477 0.9388 0.9384 0.9755 0.9851
0.8436 0.9331 0.8986 0.9875 1.1031 1.1256 1.1888 1.1775 1.1595 1.1427 1.0742 0.9724 0.9589 0.8923 0.7780 0.7670
