0.7399 0.7994 0.8643 0.8909 1.0379 1.0759 1.0531 1.1765 1.1361 1.1671 1.0194 0.9895 1.0406 1.0168 0.8728 0.8707
0.8594 0.8663 0.9657 1.0351 1.0959 1.2337 1.2060 0.9660 1.0064 0.9334 1.0971 1.0025 0.9240 0.8432 0.9981 0.7705
0.6675 0.7169 0.9271 0.9244 0.9501 1.0844 1.1278 1.0793 1.0730 1.2057 1.0054 0.9689 0.9038 0.9271 0.9066 0.7324
0.6707 0.7466 0.8677 0.9681 0.9756 1.0858 1.1006 1.0146 0.9680 1.1463 1.1316 0.9701 1.0471 0.8959 0.9468 0.7577
0.7567 0.8050 0.8364 0.9202 1.0000 1.0371 1.1048 1.0537 1.1655 1.2128 1.0210 1.0265 0.9672 1.0344 0.9282 0.8289
0.8464 0.8667 0.8711 0.9514 1.1514 1.1030 1.1798 1.0924 1.1610 1.0918 1.0387 1.0164 0.9724 0.9338 0.8606 0.8594
0.7602 0.8327 0.8668 0.9361 1.0398 1.0302 1.1564 1.1564 1.0890 1.0644 1.0899 1.0368 0.9794 0.9090 0.8351 0.9787
0.8923 0.8071 0.8694 0.9545 1.0000 1.0929 1.2026 1.1110 1.0754 1.0484 1.1275 1.0894 1.0287 0.9221 0.8496 0.9253
0.8228 0.8761 0.8633 0.8858 1.0280 1.0307 1.1313 1.0414 1.0720 1.1011 1.0275 1.0852 0.9875 1.0349 0.9163 0.8453
0.6849 0.7477 0.8552 0.9908 1.0022 1.0276 1.0385 1.1062 0.9698 1.0053 1.1493 0.9556 0.9317 0.9759 1.0174 1.0259
0.7165 0.6501 0.7473 0.8063 0.9443 1.0474 1.1571 1.0279 1.0112 1.0496 1.0158 0.9579 1.0227 0.9893 0.8587 0.9758
0.7379 0.8462 0.9315 0.9903 1.1768 1.1404 1.1272 0.8622 1.0323 1.2284 1.0810 0.9712 0.9487 1.0000 1.0000 0.6993
0.9497 0.9069 0.9062 1.0154 1.1447 1.1023 1.1538 1.0175 1.1107 1.0256 1.0725 1.0235 0.9993 0.8366 0.8375 0.9734
0.9136 0.9119 0.9629 1.0034 0.9933 1.0926 1.1650 1.1337 1.0801 1.0526 1.1416 0.9300 0.9596 1.0000 0.8417 0.8121
0.6749 0.7409 0.8721 0.9164 1.0057 1.2047 1.0832 1.0536 1.0385 1.0438 1.0958 1.1143 0.9940 0.8453 0.9030 0.8282
0.7016 0.8198 0.9402 0.9979 0.9866 1.0345 1.0820 1.0398 1.0697 1.0148 1.0036 1.0735 0.9863 0.9734 0.9268 0.8731
0.8939 0.7657 0.8718 0.8826 1.0372 1.1712 0.9723 1.1719 1.1259 1.1693 1.0430 1.0297 1.1080 0.9329 0.9016 0.9233
0.7066 0.7952 0.8008 0.8242 1.0179 0.9991 1.1136 0.9935 0.9923 1.1011 1.0705 1.0572 1.0329 1.0238 0.9038 0.9193
0.6959 1.0000 0.9097 0.9305 0.9822 1.1377 1.1303 1.0525 1.0665 1.1503 1.0720 0.8987 0.9895 0.9002 0.8836 0.8977
0.8268 0.8138 0.9452 0.8463 1.0550 1.1613 1.0131 1.0661 1.0478 1.1573 1.0250 1.1205 1.0000 0.9634 0.9717 0.9412
0.8766 0.9014 0.8810 0.9547 0.9460 1.1070 1.0646 1.0271 1.0272 0.9506 1.0529 1.1138 1.0006 1.0027 1.0340 0.9662
0.6239 0.7716 0.9122 0.9953 1.0000 1.0688 1.0573 1.0576 1.0248 1.0947 1.0066 1.0478 0.9848 0.9148 1.0000 0.8331
0.8334 0.7779 0.9749 0.9481 1.0566 1.1515 1.1548 0.9398 1.0670 1.1274 1.1644 1.0294 1.0452 0.9407 0.8903 0.8502
0.7822 0.7886 0.8802 0.9488 1.2228 1.0000 1.0739 1.1737 1.0938 1.0527 1.2111 0.9443 0.9389 0.9398 0.9769 0.9792
0.8381 0.9342 0.8888 0.9693 1.1023 1.1161 1.1948 1.1784 1.1754 1.1594 1.0749 0.9661 0.9674 0.8954 0.7822 0.7643
