1.3397 1.1876 1.0701 1.0889 0.9902 0.9400 1.0712 0.8998 1.1092 1.1375 0.8696 0.8348 0.9290 0.8301 0.8005 0.9127
1.0000 1.0904 1.3099 1.2690 1.1390 0.9953 1.0997 0.9674 0.8826 0.9120 0.8792 0.8685 0.8684 0.9149 0.8234 1.0000
1.0509 0.8959 0.9170 1.2248 0.8459 0.9548 1.0000 0.9447 0.9675 1.0328 0.9438 0.9602 1.0565 1.1736 1.0768 1.2607
1.2915 1.1808 1.1589 1.1629 1.0170 1.0886 1.1092 0.8984 0.9685 0.8892 0.8963 0.9434 0.8120 0.9246 0.7892 0.9587
1.2588 0.9841 0.9011 1.0272 0.9458 0.9740 0.9759 0.9038 0.9695 1.0496 0.9811 1.1030 0.9043 1.0999 1.0750 1.3272
1.1996 1.0824 1.0027 1.1285 0.9823 1.0737 1.0684 0.9685 0.9026 1.0355 0.9934 0.8746 0.8800 0.8524 0.9909 0.9790
1.2066 1.1154 1.0746 0.9835 0.9309 0.9358 1.0280 0.9703 0.8844 1.0405 0.9577 0.8495 0.9601 1.0865 1.0000 1.0425
1.3909 1.2302 1.1786 1.0788 1.1116 1.0907 1.0653 0.9955 1.0929 0.8789 0.8885 0.8211 0.8017 0.7857 0.7755 0.8202
0.6795 0.7169 0.8915 0.7475 0.9411 0.9679 0.8387 1.0418 1.0296 0.9226 1.0633 0.9991 1.2083 0.9959 1.2309 1.2422
1.1403 0.9798 0.9528 1.0895 0.9916 0.9647 0.9525 1.1464 0.8754 0.8920 0.9281 0.9040 1.0229 0.9864 1.1060 1.0927
0.6655 0.7252 0.8807 0.8147 0.9619 0.9734 0.8958 1.0506 1.0009 0.9697 1.0688 0.9168 1.2532 1.0970 0.9683 1.2363
1.2392 1.1287 1.1511 1.1999 1.0807 1.0991 1.1365 0.9754 1.0117 0.8785 0.8478 0.8864 0.8677 0.8297 0.8609 0.8047
1.0319 0.8552 0.8365 0.9272 0.8592 0.8879 0.8011 1.0616 0.9291 1.1094 1.1743 0.9653 1.1093 1.1940 1.1336 1.5380
1.1989 1.0724 1.0802 0.9994 0.8575 0.9932 1.0420 1.0525 0.9575 0.8998 0.9440 0.8843 0.9922 0.8977 1.0222 1.0827
1.1568 1.1656 0.9426 0.9084 1.0561 1.0534 0.9867 1.0924 1.0109 0.9182 0.9464 0.9730 0.9574 0.8096 0.7774 0.9165
1.0140 0.9697 1.0610 0.9112 0.9809 1.0464 0.9633 0.9699 1.0000 0.9118 0.9445 1.0863 1.0000 1.0173 1.0267 1.1653
0.9386 0.9510 0.9331 1.0000 0.9805 0.9121 1.0368 1.0744 0.9752 1.0061 1.0354 0.9998 1.0559 1.1127 1.2768 1.2752
1.5033 1.3628 1.0307 1.2639 0.9592 1.0061 1.1270 0.9589 0.8994 1.0000 1.0000 0.9010 1.0000 0.8354 0.9176 0.9324
1.4868 1.0217 1.2549 0.9175 0.8015 1.0894 0.9832 0.9637 1.0729 1.0258 0.9158 1.0101 0.8858 0.8876 0.9883 1.1578
1.1755 1.1464 1.1586 1.2098 0.9883 1.0398 0.9475 0.9361 0.9949 1.0201 0.8923 0.7908 0.8027 0.7608 0.5306 0.5137
1.2514 0.9352 1.0000 0.9377 1.1244 1.0549 0.9205 1.0265 0.9815 1.0138 0.9318 1.0829 0.8868 1.0721 1.0068 1.0460
0.6611 0.7341 0.9808 0.9925 1.0972 1.0312 1.0008 0.9497 0.9315 1.0912 0.9651 0.9899 1.0354 0.9608 0.9877 1.2237
1.0311 0.8592 0.9059 0.9587 0.8260 0.9358 0.8752 0.9190 1.0000 1.1417 0.9387 0.9283 1.1313 1.2582 1.3192 1.6138
1.0383 1.0740 0.8648 1.0429 0.8844 0.9759 0.9610 0.9957 1.1305 0.9073 1.0200 1.0232 0.9232 1.0327 0.5458 1.0717
1.2287 1.0542 0.9692 1.0243 1.0391 1.0398 1.0642 1.0132 1.0085 0.8873 1.0274 0.9053 1.0196 0.9128 0.9412 1.0304
