0.8597 0.9417 0.9386 0.9481 1.0395 1.1119 1.0553 1.1883 1.1339 1.1457 1.0013 0.8866 1.0624 1.0173 0.8095 0.8596
0.9263 0.9464 1.0773 1.1138 1.1837 1.2662 1.2447 0.8676 0.9304 0.8695 1.0897 0.9584 0.9141 0.7974 0.9482 0.7290
0.6818 0.8178 0.9502 0.9870 1.0331 1.1738 1.0893 1.1036 1.0671 1.2319 0.9600 0.8965 0.9060 0.8986 0.9168 0.6293
0.7001 0.8075 0.9121 1.0252 1.0119 1.1161 1.1360 1.0477 0.9717 1.1290 1.1521 0.9463 0.9883 0.8620 0.8585 0.6645
0.7857 0.8709 0.9143 0.9268 1.0000 1.0952 1.1687 1.0751 1.1270 1.2333 1.0103 0.9772 0.9476 1.0432 0.9389 0.8211
0.8832 0.9419 0.9525 1.0231 1.1847 1.1507 1.1726 0.9793 1.2291 1.1082 1.0558 0.9478 0.9371 0.8741 0.7871 0.7743
0.7596 0.9110 0.9564 0.9751 1.0885 1.0350 1.1772 1.1266 1.1250 1.0484 1.0738 1.0351 0.9402 0.8274 0.7889 0.8828
0.9721 0.8548 0.9350 0.9797 1.0000 1.1384 1.1913 1.0599 1.0807 1.0862 1.0894 1.0562 1.0377 0.9018 0.7691 0.8288
0.8308 0.9462 0.8932 0.9634 1.0593 1.0312 1.1993 1.0248 1.1530 1.1204 1.0353 1.0028 0.9453 0.9938 0.8228 0.7275
0.7299 0.8248 0.9460 1.0700 1.0555 1.0987 1.0809 1.1752 0.9492 1.0273 1.1402 0.8393 0.8306 0.9776 0.9684 0.9580
0.8219 0.7482 0.8727 0.8678 1.0763 1.1491 1.2302 1.0695 1.0479 1.1096 1.0158 1.0007 1.0232 0.9500 0.8292 0.8407
0.7829 0.8737 0.8981 1.0325 1.1453 1.1320 1.1695 0.9154 0.9919 1.2179 1.0075 0.9294 0.8887 1.0000 1.0000 0.5800
0.9488 0.9018 0.9450 1.0132 1.1655 1.0859 1.1233 0.9072 1.1144 1.0115 1.0326 0.9393 0.9887 0.7710 0.7208 0.8965
0.9252 0.9886 0.9836 1.0073 0.9896 1.1519 1.1520 1.0483 1.0576 1.0041 1.0858 0.9074 0.8956 1.0000 0.8058 0.7249
0.6863 0.8030 0.8727 0.9090 1.0543 1.2292 1.0805 1.0754 1.0285 1.0708 1.1137 1.1419 1.0169 0.8334 0.8522 0.7794
0.7594 0.9145 0.9588 1.0906 1.0294 1.0393 1.1058 1.0166 1.0964 0.9617 1.0090 1.0386 0.9828 0.9025 0.8537 0.7812
0.9277 0.7378 0.8765 0.8631 1.1416 1.2666 0.9952 1.1981 1.0715 1.1388 0.9959 1.0095 1.1358 0.8884 0.8222 0.8985
0.7048 0.9338 0.8389 0.8310 1.0590 0.9930 1.1885 1.1266 1.0431 1.1592 1.1062 0.9988 0.9641 0.9406 0.8915 0.8764
0.7586 1.0000 0.9559 0.9249 0.9866 1.1594 1.1612 1.0461 1.0617 1.1787 1.1041 0.8969 0.9633 0.8831 0.8603 0.8195
0.8919 0.8840 1.0295 0.9169 1.0884 1.2259 0.9771 1.1082 1.0793 1.1702 0.9574 1.1139 1.0000 0.8873 0.8907 0.7778
0.9310 0.9624 0.9298 0.9831 0.9166 1.1324 1.0804 1.0747 1.0550 0.9614 1.0412 1.1532 0.9735 0.9726 0.9523 0.8013
0.6576 0.8256 0.9554 1.0156 1.0000 1.0268 1.0514 1.0447 1.0295 1.0687 0.9491 1.0411 0.9575 0.8577 1.0000 0.7394
0.8032 0.8031 1.0328 1.0497 1.0654 1.1633 1.1591 0.9041 1.1220 1.1634 1.1636 1.0257 1.0661 0.8899 0.8108 0.7980
0.8590 0.8429 0.8974 0.9986 1.2601 1.0000 1.1108 1.1989 1.1002 1.0238 1.1862 0.9087 0.9141 0.8493 0.9468 0.9070
0.8170 0.9815 0.8552 1.0127 1.1269 1.1044 1.2156 1.1914 1.1357 1.1741 1.0508 0.9284 0.9194 0.8217 0.6990 0.6685
