1.3169 1.1631 1.0763 1.0953 1.0449 0.9700 1.0825 0.8982 1.1196 1.1174 0.8709 0.8314 0.9275 0.8064 0.8179 0.8642
1.0000 1.0812 1.1792 1.2551 1.1398 0.9887 1.0473 0.9620 0.8859 0.9453 0.9204 0.9006 0.9172 0.9619 0.8261 1.0000
1.1117 0.9731 0.9228 1.3397 0.9002 0.9981 1.0000 0.9570 0.9957 1.0538 1.0221 0.9284 1.0496 1.0122 1.0559 1.0785
1.2425 1.1474 1.1024 1.1145 1.0267 1.0547 1.1072 0.9393 1.0011 0.9166 0.9039 0.9356 0.8556 0.9219 0.8493 0.9663
1.3634 1.0389 0.9484 1.0479 0.9304 0.9493 0.9788 0.8932 0.8689 0.9532 0.9857 1.1215 0.9342 1.1079 1.0947 1.3669
1.1393 1.0793 0.9435 1.0746 0.9359 1.0547 1.0573 0.9813 0.8536 1.1051 0.9194 0.9344 0.9242 0.9238 1.0188 1.0533
1.2562 1.0968 1.0847 1.0374 0.9461 0.9533 1.0053 0.9450 0.8919 1.0414 0.9634 0.8201 0.9963 1.0201 1.0000 1.0347
1.2633 1.2605 1.0668 1.0743 1.1062 1.0839 1.0786 1.0211 1.1062 0.9018 0.9093 0.8633 0.8183 0.7883 0.7767 0.8639
0.6759 0.7164 0.9286 0.7900 0.9228 0.9507 0.8475 1.0465 1.0562 0.9295 1.0912 1.0007 1.2331 0.9540 1.2434 1.1014
1.0371 0.9445 0.9075 1.0514 0.9943 0.9734 0.9583 1.0848 0.8667 0.9401 0.9430 0.9256 1.0998 1.0275 1.1215 1.2018
0.6326 0.7380 0.8580 0.8262 0.9140 0.9777 0.9425 1.0854 1.0462 0.9715 1.0274 0.9642 1.1754 1.1372 0.9871 1.1524
1.2164 1.1107 1.1173 1.1752 1.0863 1.1023 1.1088 0.9814 0.9935 0.8971 0.8593 0.9172 0.8780 0.8433 0.9041 0.8133
0.9793 0.9222 0.8962 0.9995 0.9493 0.8677 0.7857 1.1254 0.9370 1.0415 1.1018 0.9486 1.0558 1.1890 1.1010 1.4145
1.0923 1.0134 1.0453 0.8761 0.8749 0.9649 0.9519 1.0530 0.9695 0.9637 0.9696 0.9424 1.0294 0.9652 1.1015 1.1208
1.3014 1.1688 0.9804 0.9803 1.0523 1.0728 1.0372 1.0643 0.9840 0.8726 0.9609 0.9281 0.9251 0.7597 0.7382 0.8218
0.9952 0.9520 1.0202 0.9050 0.9376 1.0289 0.9672 0.9931 1.0000 0.9011 0.9621 1.0011 1.0000 1.0659 1.1117 1.3062
0.9611 0.9475 0.9808 1.0000 0.9532 0.9394 1.0408 0.9585 0.9882 1.0430 1.0610 1.0243 1.0438 1.0421 1.2141 1.3146
1.3602 1.3433 0.9961 1.2518 0.9521 0.9673 1.1198 0.9184 0.8828 1.0000 1.0000 0.9726 1.0000 0.8791 0.9586 0.9590
1.4140 1.0248 1.2328 0.9744 0.8182 1.1223 1.0137 0.9959 1.0884 0.9829 0.9241 0.9900 0.8961 0.8747 0.9458 1.0757
1.1198 1.0807 1.1536 1.1813 0.9822 1.0508 0.9403 0.9519 1.0309 1.1142 0.9076 0.8570 0.8218 0.7675 0.5490 0.5215
1.3370 0.9615 1.0000 0.9454 1.1043 1.0859 0.9108 0.9965 0.9722 0.9537 0.9447 1.0919 0.9272 1.0969 1.0213 1.0018
0.5872 0.6813 0.9935 0.9844 1.0053 1.0386 1.0018 0.9689 0.9575 1.0442 0.9720 1.0497 1.0641 0.9389 0.9865 1.2737
1.0669 0.8781 0.9199 0.9229 0.8675 0.9221 0.8763 0.9553 1.0000 1.0967 0.9553 0.9407 1.1543 1.2709 1.2766 1.3209
0.9870 1.0068 0.8396 1.0165 0.8672 0.9803 0.8982 0.9474 1.1314 0.9312 1.0361 1.0914 1.0072 1.0672 0.5458 1.1121
1.3544 1.1066 1.0368 1.0823 1.0826 1.0535 1.1063 0.9894 1.0098 0.8646 1.0190 0.9032 0.9718 0.8816 0.8858 0.9292
