1.4828 1.4250 1.2641 1.3329 1.0679 0.9824 1.1559 1.0020 0.9870 1.0192 0.8053 0.7599 0.7948 0.7450 0.6036 0.6939
1.0000 0.8063 1.0942 1.0245 0.9144 0.9280 1.1691 1.0178 1.0266 1.0745 1.0309 0.8811 0.9040 1.1017 1.0921 1.0000
1.2674 1.2159 1.5380 2.0193 0.9393 1.1514 1.0000 0.9011 1.1059 1.0585 0.8386 0.8250 0.9132 1.0734 0.8759 0.9960
1.0981 0.8819 0.8606 0.9487 0.8646 0.9508 0.9612 0.8722 1.0455 0.9710 1.0554 1.0871 1.0237 1.0069 1.0199 1.6117
1.3370 1.2621 0.9638 0.9278 0.9162 1.0386 1.2420 1.1185 1.0473 1.2058 1.4062 0.9784 1.0054 0.9598 0.9404 0.9518
0.8092 0.8197 0.7234 0.9357 0.9026 0.9153 1.1108 0.9926 0.9560 1.0669 1.1429 1.1674 1.0745 0.9957 1.2503 1.3059
1.5554 1.3703 1.2903 1.1458 1.1725 1.0709 1.0260 0.8945 0.8735 0.8003 0.8066 0.7294 0.7939 0.9228 1.0000 0.8261
1.0815 0.9087 1.0871 0.8961 0.8417 1.0492 1.0320 1.0999 1.2345 0.9728 0.9866 0.9848 0.8381 0.9566 0.9805 1.0913
0.9790 0.9189 1.1616 1.0020 1.1043 1.2190 0.9076 1.1335 1.0987 0.9364 0.9794 1.0471 1.0174 1.0166 1.0161 1.2718
1.0653 0.8368 1.1642 0.9200 0.9717 0.9921 0.8608 1.2361 0.8645 1.0115 0.8678 0.9460 1.0956 1.0102 1.0646 1.4383
0.7619 1.1247 1.3026 0.7859 1.1692 1.1668 1.0145 0.9937 0.9927 0.9029 0.9873 0.8405 1.0558 0.8636 0.8139 1.4566
0.8559 0.8377 0.9107 0.9410 0.8813 0.9573 1.0120 0.8991 0.9676 1.1011 1.0881 1.0965 1.1426 1.2155 1.2873 1.0322
1.1421 0.9744 0.8888 1.0549 0.8993 1.1935 1.1283 1.3606 0.8031 1.2660 1.0826 0.8136 0.8704 0.8923 0.9001 1.0021
1.1820 0.9843 1.2072 0.9781 0.7370 0.9520 0.9124 1.0247 1.0376 1.0035 1.0828 0.9661 0.9472 0.9711 1.0636 1.0356
1.3927 1.4822 0.9997 1.0655 1.2559 1.0289 1.0948 1.1127 0.9623 0.8335 0.8310 0.8411 0.7518 0.6946 0.6503 0.7748
0.7732 1.0308 0.8192 0.8121 0.9391 0.9018 0.9565 0.9498 1.0000 0.9921 1.1021 1.3314 1.0000 1.3331 1.3624 1.3689
1.0443 0.9205 1.1571 1.0000 1.0271 0.9746 1.0451 1.1079 0.9686 0.9184 0.9367 0.9687 0.9344 0.9645 1.2140 1.0273
0.9063 0.8223 0.8391 0.9070 0.7691 0.7356 0.9971 0.9869 1.0068 1.0000 1.0000 1.1962 1.0000 1.1965 1.1928 1.3086
1.7769 1.3127 1.6707 1.2907 0.9925 1.1686 1.0445 1.0561 0.9468 0.9444 0.9155 0.7825 0.7057 0.7081 0.9522 0.9156
0.9385 0.9857 1.0411 1.1929 0.9435 0.9686 1.0418 1.0127 1.2603 1.0608 0.9858 0.9477 1.0188 1.0451 0.6277 0.6053
1.3711 1.1109 1.0000 1.1014 1.1955 1.1070 1.0082 1.0175 0.9629 0.9684 0.8983 0.9866 0.8427 0.9052 0.8607 1.0193
0.7503 0.5739 0.7798 0.6889 0.9396 0.9111 0.9135 0.9303 0.9705 1.0930 1.0785 1.1891 1.2210 1.1425 1.2020 1.5242
0.9456 1.0386 1.0655 0.9434 0.9804 1.0453 1.1636 1.1552 1.0000 1.5824 0.9564 0.8512 0.8509 0.8101 0.8201 1.0084
0.7639 0.8174 0.8613 0.9282 0.8232 0.8454 0.8436 1.0445 1.1764 0.9921 1.0530 1.0535 1.1708 1.3100 0.6579 1.3562
1.2208 1.1061 1.0827 1.1581 1.1064 1.2322 1.2413 1.2581 0.9462 0.8562 0.9117 0.9649 0.9738 0.8017 0.7159 0.9631
