1.2492 1.1693 1.1662 1.2705 1.1025 1.0427 1.1224 0.9018 1.0988 1.1175 0.9324 0.8424 0.8740 0.7461 0.7144 0.6760
1.0000 0.8791 0.8855 1.0301 1.0538 0.9361 0.9570 0.9837 0.9166 1.1115 1.0714 1.0182 1.0628 1.1789 0.9284 1.0000
1.3666 1.2348 1.2686 1.8748 1.1243 1.1348 1.0000 0.9284 1.0492 1.0177 0.9201 0.8074 0.8518 0.9145 0.8114 0.8119
0.9716 0.7527 0.8930 1.0355 0.9088 0.9771 1.0821 0.9819 1.1099 1.1225 1.0232 0.9956 1.0281 0.9392 0.9792 1.1606
1.6993 1.2064 1.1965 1.1143 1.0052 1.0346 1.0629 1.0448 0.7762 0.9005 1.2025 1.0512 0.8701 0.8886 1.0200 1.1930
0.8581 0.9632 0.7538 0.8772 0.8782 0.9672 1.1249 0.9954 0.8542 1.2005 0.9224 1.1560 1.0584 1.0480 1.1038 1.2879
1.4790 1.2005 1.1971 1.1411 1.1380 0.9278 0.9783 0.8531 0.8821 0.9763 0.9350 0.8832 0.9111 1.0363 1.0000 0.8609
0.9845 1.0918 0.8699 1.0094 0.9142 1.0503 1.1206 1.1164 1.1358 0.9740 0.9974 1.0156 0.8931 0.8041 0.9340 1.0609
0.8290 0.8225 1.0680 0.9345 0.8851 1.0483 0.8883 1.1283 1.1063 0.9453 1.1215 1.0006 1.0680 0.8145 1.1487 1.1031
0.8631 0.7757 0.8621 0.9076 0.9295 0.9661 0.9296 0.8935 0.9266 1.0721 0.9659 1.0554 1.2119 1.1322 1.2704 1.6954
0.6423 0.9155 0.9497 0.9140 0.8942 1.0465 1.0900 1.1909 1.0888 1.0415 0.8565 0.9706 0.9802 1.0416 0.8430 1.1258
0.8758 0.8293 0.9126 0.9891 0.9053 1.0367 1.1106 0.9775 1.0880 1.0380 1.0220 1.0739 1.0566 1.0904 1.1131 0.8479
1.0825 1.1298 1.1081 1.2039 1.1486 1.0090 0.9710 1.3328 0.8458 1.1004 1.0888 0.7218 0.7310 0.8059 0.7907 0.9228
0.9090 0.7883 0.9844 0.7719 0.8439 0.8970 0.8256 1.0601 0.9714 1.0505 1.0867 1.0352 1.1432 1.1158 1.2625 1.1467
1.5059 1.2010 1.0162 1.0981 1.1254 1.1158 1.1240 1.0855 0.9713 0.7122 0.9189 0.8928 0.7593 0.6397 0.6620 0.6839
0.8023 0.9657 0.9200 0.8426 0.8440 0.9447 1.0236 0.9874 1.0000 0.9509 1.0678 0.9946 1.0000 1.2420 1.3084 1.4612
1.0905 0.8700 1.1191 1.0000 0.8819 0.9909 1.0191 0.8554 0.9786 1.1251 1.0883 1.0552 0.9750 0.9815 1.0724 1.0957
1.0476 1.0667 0.8180 1.1794 0.8330 0.9419 1.1216 0.9146 0.9194 1.0000 1.0000 1.0939 1.0000 0.9713 1.0941 1.1474
1.4225 1.1284 1.5561 1.1999 0.9832 1.2213 1.1074 1.0727 1.0788 0.8578 0.9086 0.8484 0.7922 0.7039 0.7192 0.7849
0.8860 0.9105 1.0216 1.0111 0.9542 0.9891 0.9594 1.0987 1.1647 1.1633 1.0935 1.0057 0.9856 0.9700 0.7114 0.6126
1.3986 1.0912 1.0000 0.9961 1.1957 1.1308 1.0149 1.0063 0.9942 0.8430 0.9641 1.1172 0.9156 1.0376 0.9343 0.8456
0.6322 0.5521 0.8606 0.7585 0.8486 0.9535 1.0234 1.0728 1.0518 0.9356 1.0451 1.3214 1.1823 0.9369 1.0116 1.3969
1.1481 0.9291 1.0493 0.8515 1.0022 1.0213 1.0737 1.1401 1.0000 1.3721 0.9815 0.8994 0.8754 0.8772 0.7556 0.7515
0.7998 0.7874 0.7470 0.8425 0.8019 0.8921 0.7981 0.8967 1.1384 1.0871 1.1425 1.1576 1.2579 1.2092 0.5458 1.3883
1.5557 1.3657 1.1222 1.3644 1.1760 1.2588 1.2451 1.0452 1.0404 0.8431 0.9340 0.9293 0.9297 0.7922 0.8077 0.9296
