1.3521 1.1844 1.0250 1.0881 0.9994 0.9408 1.0900 0.9072 1.1164 1.1438 0.8449 0.8448 0.9154 0.8285 0.8015 0.9214
1.0000 1.0901 1.3063 1.2655 1.1376 1.0039 1.1008 0.9625 0.8861 0.9150 0.8810 0.8462 0.8630 0.9025 0.8407 1.0000
1.0208 0.8953 0.9287 1.1735 0.8370 0.9373 1.0000 0.9609 0.9885 1.0599 0.9489 0.9583 1.0554 1.1604 1.0612 1.2323
1.3498 1.2029 1.1475 1.1531 1.0087 1.0557 1.1005 0.8989 0.9599 0.8618 0.8986 0.9412 0.8063 0.9221 0.8008 0.9794
1.2559 0.9696 0.8816 1.0219 0.9601 0.9925 0.9691 0.9127 1.0025 1.0788 0.9811 1.0974 0.9014 1.0843 1.0698 1.3134
1.1884 1.0795 0.9950 1.1296 0.9779 1.0796 1.0651 0.9749 0.9213 1.0198 0.9917 0.8598 0.8823 0.8417 1.0016 0.9744
1.1897 1.0745 1.0318 1.0028 0.9639 0.9443 1.0188 0.9835 0.9076 1.0507 0.9583 0.8355 0.9738 1.0692 1.0000 1.0463
1.3626 1.2339 1.1449 1.0953 1.1078 1.0947 1.0628 0.9947 1.0803 0.8925 0.8906 0.8318 0.8045 0.7817 0.7571 0.8274
0.6669 0.7097 0.8632 0.7549 0.9555 0.9582 0.8358 1.0373 1.0526 0.9150 1.0701 0.9866 1.2196 1.0190 1.2260 1.1971
1.1469 1.0058 0.9925 1.1082 1.0106 0.9939 0.9556 1.1647 0.8699 0.8675 0.9001 0.8783 1.0001 0.9642 1.0735 1.0923
0.6688 0.7372 0.8935 0.8165 0.9469 0.9449 0.9061 1.0649 1.0247 0.9512 1.0599 0.9094 1.2439 1.0800 0.9628 1.3123
1.2839 1.1459 1.1675 1.1813 1.0766 1.0982 1.1071 0.9787 1.0113 0.8841 0.8442 0.8961 0.8523 0.8074 0.8524 0.8046
1.0038 0.8148 0.7953 0.9075 0.8652 0.8908 0.8219 1.0222 0.9453 1.1330 1.1734 1.0223 1.1186 1.2098 1.1591 1.5464
1.2187 1.0658 1.1012 1.0116 0.8444 1.0014 1.0287 1.0349 0.9670 0.8814 0.9575 0.8826 0.9877 0.8944 1.0131 1.0792
1.1950 1.1708 0.9400 0.9024 1.0392 1.0430 0.9870 1.0622 1.0048 0.9357 0.9565 0.9798 0.9464 0.8020 0.7737 0.9269
1.0465 0.9458 1.0494 0.9104 0.9874 1.0469 0.9614 0.9945 1.0000 0.8882 0.9291 1.0888 1.0000 1.0182 1.0139 1.1749
0.9513 0.9378 0.9384 1.0000 0.9959 0.9359 1.0283 1.0852 0.9841 1.0143 1.0240 0.9848 1.0442 1.0848 1.2619 1.2769
1.4923 1.3701 1.0457 1.2818 0.9749 0.9742 1.0962 0.9494 0.8918 1.0000 1.0000 0.8930 1.0000 0.8473 0.9267 0.9255
1.4688 1.0094 1.1996 0.9127 0.7980 1.1043 0.9934 0.9887 1.0806 1.0347 0.8975 1.0008 0.8979 0.8879 0.9901 1.1463
1.1760 1.1228 1.1615 1.2250 0.9800 1.0405 0.9500 0.9278 0.9926 0.9837 0.8950 0.7960 0.7881 0.7772 0.5366 0.5308
1.2371 0.9335 1.0000 0.9474 1.1365 1.0815 0.9294 1.0411 1.0120 1.0453 0.9198 1.0427 0.8770 1.0162 0.9741 1.0601
0.7446 0.7273 0.9761 0.9822 1.0876 1.0055 0.9724 0.9435 0.9409 1.0672 0.9764 0.9929 1.0393 1.0135 1.0255 1.2411
1.0398 0.8894 0.9046 0.9454 0.8416 0.9324 0.8573 0.9023 1.0000 1.1198 0.9430 0.9571 1.1526 1.2939 1.3585 1.7033
1.0232 1.0664 0.8913 1.0436 0.8856 0.9767 0.9476 1.0025 1.0991 0.9105 1.0176 1.0438 0.9406 1.0311 0.5458 1.0589
1.1582 1.0042 0.9325 0.9664 0.9789 0.9878 1.0651 1.0009 1.0005 0.8777 1.0441 0.9765 1.0538 0.9511 1.0092 1.1143
