0.8289 0.8709 0.9272 0.9384 1.0254 1.0832 1.0275 1.1572 1.1703 1.1461 1.0230 0.8890 1.0909 1.0366 0.8743 0.9066
0.9259 0.9281 1.0551 1.0921 1.1711 1.2438 1.2226 0.8872 0.9326 0.8880 1.0679 0.9761 0.9467 0.8254 0.9667 0.7539
0.6853 0.8050 0.9349 0.9738 0.9816 1.0958 1.1204 1.0772 1.0838 1.2375 1.0006 0.9498 0.9355 0.9197 0.9082 0.7010
0.7089 0.7918 0.8897 0.9791 0.9734 1.0903 1.1183 1.0115 0.9798 1.1368 1.1405 0.9741 1.0262 0.9202 0.9258 0.7277
0.8095 0.8828 0.8831 0.9108 1.0000 1.0919 1.1401 1.0515 1.1304 1.2390 1.0026 1.0043 0.9665 1.0413 0.9535 0.8261
0.8763 0.9462 0.9474 0.9714 1.1265 1.1183 1.1640 1.0287 1.1594 1.1095 1.0454 0.9740 0.9654 0.9105 0.8365 0.8211
0.7726 0.8723 0.9274 0.9620 1.0184 1.0275 1.1283 1.1211 1.1159 1.0826 1.1127 1.0540 0.9466 0.8572 0.8198 0.9532
0.9487 0.8347 0.8877 0.9660 1.0000 1.1067 1.1718 1.0575 1.1187 1.0688 1.1512 1.0484 1.0249 0.9082 0.8242 0.8837
0.8290 0.9119 0.8696 0.9288 1.0373 1.0071 1.1492 1.0370 1.1134 1.1215 1.0712 1.0454 0.9753 1.0287 0.8785 0.8162
0.7340 0.8255 0.9489 1.0739 1.0333 1.0874 1.0539 1.1590 0.9609 1.0362 1.1457 0.8909 0.8677 0.9631 0.9533 0.9374
0.8028 0.7440 0.8416 0.8780 1.0017 1.1035 1.1934 1.0726 1.0607 1.1326 1.0361 1.0121 1.0528 0.9751 0.8674 0.9005
0.7890 0.8628 0.9052 1.0228 1.1512 1.0970 1.1131 0.8900 1.0112 1.2086 1.0563 0.9619 0.9337 1.0000 1.0000 0.6196
0.9384 0.8756 0.9445 0.9940 1.1483 1.0768 1.0940 0.9365 1.0886 1.0239 1.0729 0.9453 1.0008 0.7987 0.7659 0.9325
0.9279 0.9633 0.9531 0.9988 0.9689 1.1108 1.1542 1.0681 1.0724 1.0167 1.0881 0.9330 0.9363 1.0000 0.8079 0.7605
0.6945 0.8029 0.8835 0.9360 1.0301 1.1804 1.0931 1.0738 1.0402 1.0564 1.1254 1.1323 1.0168 0.8126 0.8827 0.8046
0.8035 0.9084 0.9632 1.0421 0.9932 1.0514 1.0669 1.0376 1.0621 1.0032 1.0191 1.0524 0.9601 0.9387 0.8990 0.8228
0.9074 0.7676 0.8831 0.8659 1.1055 1.2093 0.9954 1.1480 1.0660 1.1882 1.0146 1.0477 1.1244 0.8986 0.8666 0.8900
0.7077 0.8748 0.8282 0.8427 1.0421 1.0179 1.1326 1.0287 1.0433 1.1459 1.1142 1.0378 1.0066 0.9890 0.9514 0.9093
0.7471 1.0000 0.9299 0.9111 0.9779 1.1758 1.1413 1.0606 1.0440 1.1384 1.0988 0.9122 0.9598 0.8809 0.8897 0.8714
0.8895 0.9122 1.0131 0.8886 1.0864 1.1990 0.9799 1.0791 1.0952 1.1502 0.9770 1.0881 1.0000 0.9008 0.9114 0.8076
0.9109 0.9287 0.9359 0.9873 0.9234 1.1155 1.0676 1.0680 1.0318 0.9624 1.0456 1.0843 1.0195 1.0115 0.9810 0.8604
0.6483 0.7884 0.9165 0.9786 1.0000 1.0129 1.0116 1.0243 1.0082 1.0805 1.0022 1.0643 0.9982 0.8974 1.0000 0.7753
0.8214 0.7929 1.0193 1.0220 1.0799 1.1506 1.1487 0.9133 1.0918 1.1649 1.1603 1.0325 1.0670 0.8925 0.8517 0.8009
0.8335 0.8150 0.8896 0.9719 1.2249 1.0000 1.0768 1.1725 1.1021 1.0154 1.1648 0.9442 0.9573 0.8947 0.9610 0.9789
0.8459 0.9805 0.8811 0.9962 1.1090 1.0981 1.1552 1.1585 1.1530 1.1427 1.0665 0.9514 0.9325 0.8416 0.7227 0.6848
