1.3463 1.1771 1.0524 1.0828 0.9847 0.9539 1.0632 0.8882 1.1142 1.1300 0.8516 0.8465 0.9366 0.8293 0.7961 0.9470
1.0000 1.0777 1.3032 1.2740 1.1437 1.0118 1.1041 0.9712 0.8997 0.9112 0.8712 0.8606 0.8572 0.8915 0.8160 1.0000
0.9797 0.8798 1.0150 1.1348 0.8284 0.9449 1.0000 0.9520 0.9593 1.0396 0.9511 0.9533 1.0373 1.1832 1.0512 1.2655
1.3156 1.2128 1.1789 1.1433 1.0153 1.0714 1.0749 0.8916 0.9608 0.8686 0.8947 0.9487 0.8076 0.9372 0.7903 0.9778
1.2380 0.9524 0.9133 1.0291 0.9654 1.0070 0.9633 0.8944 1.0093 1.0764 0.9675 1.1026 0.8886 1.1175 1.0747 1.3173
1.2189 1.0867 1.0267 1.1566 0.9733 1.0729 1.0478 0.9595 0.9198 1.0115 1.0060 0.8518 0.8713 0.8376 1.0127 0.9467
1.1742 1.0960 1.0690 1.0161 0.9515 0.9474 1.0267 0.9742 0.8828 1.0554 0.9648 0.8455 0.9638 1.0354 1.0000 1.0361
1.3418 1.2363 1.1421 1.0963 1.1100 1.0818 1.0436 1.0008 1.1002 0.8795 0.9119 0.8374 0.8179 0.7973 0.7703 0.8321
0.6400 0.7054 0.8706 0.7404 0.9333 0.9458 0.8250 1.0319 1.0221 0.8888 1.0413 0.9732 1.2069 1.0250 1.1934 1.2361
1.1234 0.9910 0.9748 1.1018 1.0060 0.9646 0.9405 1.1715 0.8934 0.8795 0.9594 0.9002 1.0022 0.9875 1.0707 1.0615
0.6818 0.7370 0.8802 0.8125 0.9647 0.9787 0.9028 1.0306 0.9833 0.9635 1.1123 0.9227 1.2171 1.1108 0.9544 1.3207
1.2765 1.1490 1.1979 1.2012 1.0954 1.1166 1.1308 0.9530 0.9954 0.8894 0.8559 0.8857 0.8671 0.7837 0.8278 0.7733
1.0037 0.8300 0.8147 0.9141 0.8749 0.8974 0.8182 1.0255 0.9578 1.1453 1.1985 1.0279 1.1037 1.1967 1.1415 1.5450
1.2432 1.1106 1.1268 1.0638 0.8611 0.9943 1.0378 1.0400 0.9528 0.8768 0.9342 0.8642 0.9708 0.8677 0.9915 1.0565
1.1819 1.1709 0.9371 0.9186 1.0443 1.0406 0.9654 1.0679 0.9964 0.9459 0.9713 0.9688 0.9553 0.8070 0.7805 0.9624
1.0393 0.9476 1.0533 0.8944 0.9914 1.0555 0.9758 1.0020 1.0000 0.9021 0.9449 1.1079 1.0000 0.9988 0.9973 1.1448
0.9376 0.9371 0.9312 1.0000 0.9872 0.9381 1.0240 1.0841 1.0097 1.0163 1.0641 0.9885 1.0198 1.0633 1.2384 1.2602
1.4519 1.3485 1.0494 1.2616 0.9882 0.9844 1.1170 0.9536 0.9072 1.0000 1.0000 0.8912 1.0000 0.8281 0.8941 0.9024
1.4886 1.0249 1.1728 0.9030 0.7790 1.1074 1.0228 0.9750 1.0912 1.0263 0.9328 1.0094 0.8985 0.8895 0.9709 1.1745
1.1471 1.1163 1.1325 1.2155 0.9912 1.0420 0.9491 0.9119 1.0091 1.0315 0.9148 0.8176 0.8261 0.7710 0.5289 0.5177
1.2427 0.9001 1.0000 0.9209 1.1088 1.0596 0.9061 1.0003 0.9470 1.0394 0.9077 1.0546 0.9006 1.0940 1.0015 1.1669
0.7298 0.7413 0.9719 0.9747 1.1248 1.0253 0.9944 0.9738 0.9377 1.0887 0.9633 0.9897 1.0131 0.9821 0.9725 1.1796
1.0340 0.8729 0.9200 0.9835 0.8537 0.9214 0.8741 0.9110 1.0000 1.1290 0.9463 0.9528 1.1798 1.2852 1.3499 1.6919
1.0370 1.0895 0.8826 1.0642 0.8882 0.9916 0.9528 1.0129 1.1150 0.8952 0.9933 1.0453 0.9288 1.0300 0.5458 1.0351
1.1237 0.9648 0.8876 0.9357 0.9624 0.9759 1.0396 0.9940 0.9941 0.8941 1.0318 0.9832 1.0840 0.9735 1.0428 1.1750
