1.4301 1.3543 1.3528 1.3293 1.0917 1.0010 1.0924 0.9687 1.0281 0.9602 0.8220 0.7863 0.8056 0.7435 0.6501 0.6367
1.0000 0.7888 0.8973 0.9749 0.9452 0.8897 1.0634 0.9853 0.9863 1.0771 1.0679 0.9885 1.0875 1.2481 1.0976 1.0000
1.3630 1.3454 1.3647 2.0764 1.0726 1.1622 1.0000 0.8926 1.1378 1.0441 0.8361 0.7575 0.9343 0.9432 0.7475 0.8028
0.9704 0.7320 0.8097 0.9577 0.8750 0.9263 0.9366 0.9162 1.1269 1.0603 1.0679 1.0375 1.0904 1.0391 1.0749 1.5605
1.2620 1.2094 0.9646 0.9387 0.9667 0.9798 1.2610 1.2248 0.9298 1.1652 1.2546 0.9756 0.9567 0.9507 0.9845 1.0557
0.8332 0.8402 0.6957 0.8101 0.8818 1.0080 1.1817 0.9969 0.9163 1.1742 1.0164 1.3048 1.1209 1.0437 1.1517 1.3403
1.6945 1.3621 1.3200 1.2161 1.1926 0.9925 0.9872 0.8608 0.8651 0.8481 0.8252 0.7505 0.8129 0.9774 1.0000 0.7765
0.8855 0.9040 0.9132 0.9157 0.8173 0.9609 1.0644 1.1618 1.2329 1.0110 0.9942 1.0612 0.9199 0.9526 1.0701 1.1536
1.0219 0.9386 1.1367 1.0540 0.9746 1.1938 0.9358 1.1658 1.1175 0.9703 1.0573 0.9901 0.9998 0.8976 1.0376 1.1444
1.0031 0.8053 1.1179 0.8250 0.9153 1.0077 0.9066 1.0829 0.9138 1.0356 0.9210 1.0364 1.2305 1.2140 1.2307 1.6654
0.7087 1.1174 1.1393 0.8944 1.0420 1.1443 0.9979 1.1830 1.0506 0.9328 0.8381 0.8866 0.9468 0.9122 0.7889 1.3507
0.8095 0.7459 0.8436 0.8830 0.8170 0.9230 0.9682 0.9309 1.0378 1.1645 1.1462 1.1743 1.1493 1.2557 1.2597 0.9971
1.1948 1.1738 1.1073 1.2200 1.0363 1.2014 1.0995 1.5223 0.7977 1.1209 1.0693 0.7247 0.7250 0.6817 0.7275 0.9254
1.0432 0.8717 1.0391 0.8235 0.7708 0.8567 0.8528 1.0433 1.0554 1.0940 1.0937 1.0557 1.0439 1.1218 1.1775 1.1837
1.5271 1.4647 1.0885 1.1820 1.3058 1.0325 1.2038 1.0765 0.8642 0.8027 0.8025 0.8186 0.7070 0.6349 0.6528 0.6816
0.7373 0.9713 0.8951 0.7993 0.9132 0.8798 0.9506 0.9124 1.0000 0.9296 1.1425 1.1300 1.0000 1.3749 1.3898 1.5054
1.1647 0.9414 1.1805 1.0000 0.9450 1.0528 1.0791 0.9458 0.9526 0.9683 0.9100 0.9523 0.8954 0.9338 1.0749 0.9655
0.7926 0.8226 0.8441 0.9273 0.7848 0.8303 1.0038 0.9801 0.9738 1.0000 1.0000 1.2267 1.0000 1.2108 1.2365 1.3070
1.6698 1.2855 1.8346 1.3412 1.0295 1.2208 1.1346 1.1085 1.0092 0.8696 0.8221 0.7873 0.7009 0.7042 0.7762 0.7955
0.8326 0.8422 1.0713 1.0272 0.9662 0.9294 1.0391 1.0816 1.2581 1.3648 1.2789 1.1177 1.1720 1.1760 0.7657 0.7844
1.5139 1.2350 1.0000 1.1393 1.1740 1.1730 1.0826 1.0036 0.9817 0.8891 0.8940 1.0060 0.8871 0.8944 0.8513 0.8875
0.7543 0.6317 0.8108 0.6353 0.8296 0.8841 1.0198 0.9578 1.0366 0.9914 1.0607 1.3492 1.3244 1.1256 1.1333 1.5128
1.1893 1.0975 1.1835 0.9421 1.0453 1.0601 1.1665 1.1173 1.0000 1.4374 0.9555 0.8285 0.8338 0.6918 0.6015 0.7496
0.7189 0.7575 0.7522 0.8362 0.7612 0.8798 0.7751 0.9768 1.1222 1.1267 1.1288 1.1876 1.2426 1.3594 -6.9489 1.5871
1.5163 1.4752 1.1198 1.3499 1.1032 1.3338 1.2497 1.0327 0.9285 0.8860 0.9159 0.9292 0.8840 0.8498 0.8311 0.9817
