0.7744 0.8232 0.9015 0.9548 1.0358 1.1076 1.0533 1.1989 1.0735 1.1799 0.9710 1.0214 1.0605 1.0899 0.8833 0.8656
0.8345 0.8964 0.9949 1.0397 1.1128 1.2310 1.1707 0.9716 0.9950 0.9235 1.0413 1.0078 0.9438 0.8707 1.0510 0.8138
0.7112 0.7794 0.9997 0.9877 0.9764 1.1166 1.0795 1.0687 1.0436 1.2151 0.9778 0.8595 0.9763 0.9323 0.9907 0.6665
0.6928 0.7749 0.9042 0.9831 0.9779 1.0898 1.1075 1.0232 0.8938 1.1061 1.1189 0.9340 1.0339 0.9379 1.0101 0.6439
0.7586 0.8532 0.8524 0.9278 1.0000 1.0305 1.0879 1.0167 1.1246 1.2050 1.0176 1.0100 1.0113 1.0933 1.0331 0.9515
0.8753 0.9030 0.8955 0.9853 1.1487 1.0705 1.1617 1.0121 1.1966 1.1301 1.0429 1.0188 0.9694 0.9482 0.8523 0.7911
0.7548 0.8621 0.9292 0.9890 1.0593 0.9901 1.1753 1.2091 1.1273 0.9964 1.0725 1.0445 1.0168 0.9349 0.8374 0.7682
0.9376 0.8644 0.9296 0.9934 1.0000 1.1744 1.2446 1.0698 1.0580 1.0586 1.0954 1.0923 1.0551 0.8373 0.8363 0.7569
0.8361 0.9086 0.8901 0.8840 1.0316 1.0569 1.1411 1.0372 1.0564 1.1280 1.0184 1.1216 0.9683 1.0454 0.9172 0.7705
0.7141 0.7660 0.8682 0.9933 0.9735 1.0573 1.0782 1.1338 0.9811 1.0369 1.1567 0.8509 0.8696 0.9691 1.0326 1.0721
0.7862 0.7284 0.7962 0.8796 0.9966 1.1098 1.1936 1.0708 1.0650 1.1500 1.0223 1.0130 1.1151 1.0253 0.8400 0.8659
0.7707 0.8873 0.8956 1.0407 1.1956 1.1792 1.1697 0.8736 0.9279 1.2287 1.0075 0.9141 0.9126 1.0000 1.0000 0.6466
0.9477 0.9001 0.9088 1.0273 1.1204 1.0800 1.1107 0.9972 1.0877 0.9762 1.0022 1.0403 0.9893 0.8381 0.8034 0.9267
0.9362 0.9190 0.9448 1.0159 0.9817 1.0619 1.1104 1.1091 1.0729 1.0431 1.1037 0.9287 0.9559 1.0000 0.8239 0.7359
0.7053 0.7635 0.8717 0.9115 0.9814 1.1577 1.0746 1.0727 1.0379 1.0370 1.0920 1.1407 1.0259 0.8517 0.9178 0.8585
0.6968 0.8737 0.9859 1.0190 1.0091 1.0646 1.0777 0.9937 1.0743 0.9604 1.0192 1.0845 1.0070 0.9492 0.8957 0.7372
0.8757 0.7452 0.9030 0.8927 1.0339 1.1670 0.9507 1.1610 1.1295 1.1906 1.0376 1.0710 1.1292 0.9204 0.8652 0.9203
0.7292 0.8440 0.9069 0.8989 1.0804 1.0035 1.2018 1.0555 1.0370 1.1584 1.1196 1.0102 0.8981 0.8526 0.9680 0.9293
0.7035 1.0000 0.9509 0.9345 0.9703 1.1717 1.1199 1.0069 1.0597 1.1568 1.0938 0.9009 0.9863 0.8809 0.8923 0.8794
0.8331 0.8618 0.9518 0.8486 1.0446 1.1718 0.9870 1.0608 1.0544 1.1508 0.9882 1.1384 1.0000 1.0154 0.9753 0.9185
0.9062 0.9026 0.8809 0.9543 0.9291 1.1504 1.1192 1.0961 1.0918 0.9606 1.0863 1.1206 1.0250 0.9924 0.9511 0.6877
0.6087 0.8170 0.9658 1.0349 1.0000 1.1551 1.1371 1.0924 0.9901 1.0110 0.9819 0.9866 0.8437 0.8051 1.0000 0.5783
0.9130 0.8581 1.0033 0.9751 1.1286 1.1216 1.1735 0.9908 1.0307 1.0794 1.1101 1.0232 1.0345 0.9267 0.8739 0.7617
0.8097 0.8281 0.9176 1.0143 1.2991 1.0000 1.0994 1.2327 1.1254 1.0360 1.2018 0.8161 0.9286 0.9141 0.9361 0.8417
0.8457 0.9517 0.8955 0.9868 1.1365 1.1201 1.1908 1.1700 1.1228 1.1247 1.0481 0.8937 0.9393 0.8477 0.7243 0.7444
