0.7614 0.8073 0.8872 0.8790 1.0226 1.0979 1.0578 1.1607 1.1758 1.1893 1.0402 1.0161 1.0180 0.9768 0.8550 0.8525
0.8652 0.8668 0.9786 1.0469 1.0840 1.2253 1.2247 0.9587 1.0509 0.9351 1.0978 0.9794 0.9278 0.8637 0.9551 0.7551
0.6629 0.6977 0.8924 0.9064 0.9507 1.0803 1.1285 1.0848 1.0780 1.2366 1.0322 0.9915 0.9005 0.9103 0.8959 0.7305
0.6950 0.7627 0.8709 0.9443 0.9739 1.0746 1.1072 1.0310 1.0156 1.1596 1.1442 0.9742 1.0146 0.8863 0.9070 0.7203
0.7559 0.8080 0.8437 0.9029 1.0000 1.0423 1.1074 1.0667 1.1858 1.1517 1.0378 1.0477 0.9332 1.0180 0.9195 0.7934
0.8211 0.8444 0.8765 0.9732 1.1222 1.0580 1.1806 1.1382 1.1859 1.1290 1.0741 1.0145 0.9659 0.9188 0.8521 0.8421
0.7691 0.8039 0.8596 0.9422 1.0328 1.0672 1.1620 1.1694 1.0930 1.1173 1.1051 1.0528 0.9649 0.9052 0.8236 0.9139
0.8704 0.8070 0.8577 0.9552 1.0000 1.0915 1.2087 1.1440 0.9988 1.0671 1.1875 1.1184 1.0153 0.9307 0.8293 0.9083
0.8522 0.8757 0.8660 0.9007 1.0222 1.0076 1.1307 1.0654 1.1002 1.1294 1.0728 1.0900 0.9639 1.0282 0.8750 0.8309
0.6634 0.7947 0.8725 1.0012 0.9868 1.0293 1.0844 1.1099 1.0499 1.0744 1.1778 0.9957 0.8903 0.9663 0.9665 0.9167
0.7436 0.6536 0.7480 0.8081 0.9189 1.0227 1.1368 1.0523 1.0648 1.0697 1.0356 0.9537 0.9992 0.9657 0.8459 1.0071
0.7402 0.8198 0.9191 1.0000 1.1370 1.1181 1.1463 0.8735 1.0528 1.2002 1.0986 0.9689 0.9262 1.0000 1.0000 0.6973
0.9244 0.9017 0.9403 1.0196 1.1442 1.1473 1.1475 1.0544 1.1226 1.0529 1.0808 0.9937 0.9722 0.8421 0.8098 0.9057
0.9109 0.9134 0.9509 1.0276 1.0095 1.1039 1.1735 1.1474 1.1121 1.0606 1.1588 0.9544 0.9136 1.0000 0.7859 0.7842
0.7089 0.7353 0.8892 0.9066 1.0056 1.1737 1.0546 1.0285 1.0273 1.0686 1.1591 1.1624 1.0359 0.8406 0.8104 0.7558
0.7171 0.8289 0.9522 1.0352 0.9708 1.0524 1.0796 1.0503 1.0847 0.9935 1.0224 1.0531 0.9928 0.9607 0.9045 0.8537
0.8465 0.8003 0.8743 0.8989 1.0323 1.1612 1.0145 1.1414 1.1429 1.1899 1.0883 1.0348 1.0940 0.9179 0.8779 0.8795
0.7060 0.7705 0.7901 0.7968 1.0000 0.9978 1.1260 1.0105 1.0118 1.1109 1.0915 1.0429 1.0055 1.0099 0.8581 0.8528
0.6954 1.0000 0.8799 0.9259 0.9713 1.1568 1.1458 1.0893 1.0801 1.1782 1.1257 0.9249 0.9780 0.8861 0.8350 0.8489
0.8771 0.8585 0.9277 0.8551 1.0491 1.1236 0.9648 1.0702 1.0915 1.1706 1.0863 1.1333 1.0000 0.9676 0.9279 0.8972
0.8755 0.8623 0.8839 0.9781 0.9577 1.1027 1.0874 1.0572 1.0431 1.0067 1.0869 1.1401 1.0197 0.9783 0.9643 0.8743
0.6235 0.7575 0.9130 0.9815 1.0000 1.0801 1.0470 1.0728 1.0499 1.1070 1.0415 1.0335 1.0037 0.8845 1.0000 0.7852
0.8644 0.8070 0.9464 0.9559 1.0720 1.1852 1.1841 0.9713 1.0868 1.1499 1.1826 1.0186 1.0137 0.9286 0.8553 0.7958
0.7537 0.7846 0.8705 0.9273 1.2271 1.0000 1.1091 1.1845 1.1122 1.0755 1.2420 0.9807 0.9444 0.9289 0.9187 0.9086
0.8992 0.9546 0.8977 1.0074 1.1070 1.1032 1.1745 1.1462 1.2137 1.1707 1.0852 0.9575 0.9339 0.8922 0.7387 0.7242
