0.7552 0.8069 0.8854 0.9151 1.0504 1.0953 1.0455 1.1766 1.1385 1.1413 1.0026 0.9636 1.0559 1.0146 0.8595 0.8650
0.8666 0.8853 0.9978 1.0761 1.1213 1.2595 1.2060 0.9345 0.9678 0.9148 1.0783 0.9717 0.9257 0.8377 0.9910 0.7630
0.6629 0.7378 0.9232 0.9339 0.9611 1.1003 1.1144 1.0753 1.0499 1.2119 1.0074 0.9755 0.9088 0.9072 0.9117 0.7141
0.6635 0.7456 0.8656 0.9831 0.9749 1.0840 1.0973 1.0272 0.9688 1.1446 1.1261 0.9781 1.0372 0.8986 0.9381 0.7541
0.7569 0.8000 0.8342 0.9244 1.0000 1.0446 1.0876 1.0465 1.1433 1.2219 1.0211 1.0220 0.9514 1.0392 0.9669 0.8635
0.8426 0.8792 0.8862 0.9603 1.1573 1.1105 1.1673 1.0607 1.1488 1.0865 1.0522 1.0183 0.9662 0.9310 0.8637 0.8685
0.7376 0.8329 0.8710 0.9512 1.0459 1.0356 1.1353 1.1360 1.0999 1.0581 1.0766 1.0549 0.9797 0.9087 0.8432 0.9731
0.8880 0.8151 0.8729 0.9615 1.0000 1.0926 1.1792 1.0975 1.0727 1.0507 1.1237 1.0793 1.0347 0.9372 0.8521 0.9432
0.8066 0.8786 0.8831 0.8870 1.0290 1.0291 1.1294 1.0422 1.0742 1.1059 1.0378 1.0763 0.9807 1.0339 0.8929 0.8418
0.6862 0.7761 0.8808 1.0005 1.0122 1.0348 1.0570 1.1281 0.9715 0.9959 1.1587 0.9368 0.9049 0.9762 0.9964 1.0214
0.7360 0.6728 0.7735 0.8238 0.9770 1.0587 1.1581 1.0316 0.9966 1.0532 0.9921 0.9594 1.0244 0.9595 0.8667 0.9797
0.7446 0.8637 0.9065 0.9951 1.1807 1.1662 1.1465 0.8678 1.0138 1.2151 1.0720 0.9587 0.9347 1.0000 1.0000 0.6814
0.9562 0.9058 0.9449 1.0157 1.1599 1.1100 1.1525 0.9987 1.1255 1.0183 1.0569 1.0200 1.0012 0.8302 0.8161 0.9662
0.9385 0.9290 0.9787 1.0395 1.0150 1.1020 1.1449 1.1282 1.0792 1.0390 1.1233 0.9251 0.9348 1.0000 0.8233 0.7966
0.6807 0.7607 0.8788 0.9196 1.0279 1.2169 1.1148 1.0795 1.0461 1.0491 1.0466 1.0741 0.9528 0.8624 0.8996 0.8253
0.6977 0.8122 0.9025 0.9768 0.9831 1.0240 1.1043 1.0482 1.0701 0.9972 1.0051 1.0806 1.0111 0.9680 0.9421 0.8846
0.9013 0.7632 0.8773 0.8901 1.0509 1.1982 0.9637 1.1726 1.1230 1.1576 1.0381 1.0219 1.1132 0.9315 0.8870 0.9125
0.6945 0.8084 0.8043 0.8230 1.0041 0.9807 1.1318 1.0044 0.9870 1.1090 1.0853 1.0535 1.0084 1.0214 0.9121 0.9238
0.6851 1.0000 0.9118 0.9334 0.9681 1.1443 1.1304 1.0460 1.0543 1.1589 1.0721 0.9104 0.9915 0.8836 0.8907 0.9055
0.8346 0.8282 0.9452 0.8770 1.0613 1.1548 0.9971 1.0587 1.0540 1.1584 1.0144 1.1181 1.0000 0.9616 0.9678 0.9280
0.8671 0.8922 0.8984 0.9687 0.9350 1.1056 1.0479 1.0275 1.0134 0.9566 1.0293 1.1428 1.0077 1.0147 1.0272 0.9677
0.6334 0.7763 0.9128 0.9959 1.0000 1.0566 1.0597 1.0551 1.0144 1.0771 1.0106 1.0674 0.9832 0.9211 1.0000 0.8419
0.8510 0.7826 0.9890 0.9538 1.0510 1.1502 1.1483 0.9308 1.0577 1.1230 1.1534 1.0498 1.0518 0.9328 0.8887 0.8360
0.7706 0.7966 0.9003 0.9431 1.2327 1.0000 1.0746 1.1820 1.0895 1.0407 1.2241 0.9349 0.9357 0.9307 0.9837 0.9597
0.8321 0.9338 0.8823 0.9821 1.1033 1.1175 1.2084 1.1843 1.1535 1.1497 1.0676 0.9586 0.9705 0.9016 0.7775 0.7758
