1.3730 1.2048 1.0264 1.1003 0.9730 0.9476 1.0681 0.8922 1.0985 1.1306 0.8392 0.8367 0.9319 0.8432 0.8081 0.9259
1.0000 1.1113 1.3358 1.2788 1.1471 0.9997 1.0992 0.9635 0.8787 0.9010 0.8492 0.8501 0.8709 0.9034 0.8361 1.0000
1.0429 0.9041 1.0980 1.1537 0.8300 0.9457 1.0000 0.9578 0.9419 1.0273 0.9319 0.9274 1.0266 1.1506 1.0471 1.2361
1.3655 1.2118 1.1847 1.1470 1.0106 1.0664 1.0802 0.9136 0.9521 0.8682 0.8920 0.9495 0.8140 0.9356 0.7866 0.9842
1.2380 0.9881 0.9133 1.0278 0.9573 1.0136 0.9719 0.9003 1.0353 1.1155 0.9408 1.1001 0.8665 1.0496 1.0285 1.2419
1.2880 1.1060 1.0350 1.1569 0.9928 1.0752 1.0637 0.9691 0.9384 0.9813 1.0002 0.8403 0.8621 0.8105 0.9727 0.9072
1.2192 1.1221 1.0629 0.9875 0.9356 0.9560 1.0183 0.9740 0.8894 1.0451 0.9752 0.8337 0.9784 1.0638 1.0000 1.0484
1.4098 1.2535 1.1846 1.0995 1.1612 1.1236 1.0518 1.0093 1.0609 0.8886 0.8744 0.8124 0.7890 0.7745 0.7433 0.7878
0.6622 0.7065 0.8832 0.7401 0.9248 0.9464 0.8226 1.0170 1.0080 0.8783 1.0252 0.9521 1.1957 1.0062 1.1814 1.2960
1.1827 1.0163 1.0231 1.0952 1.0033 0.9618 0.9400 1.1979 0.8708 0.8583 0.9269 0.8748 0.9887 0.9952 1.0675 1.0129
0.7155 0.7385 0.8826 0.8111 0.9642 0.9867 0.9029 1.0167 0.9652 0.9477 1.1115 0.9289 1.2486 1.1053 0.9549 1.3219
1.3049 1.1737 1.1998 1.2353 1.0739 1.1017 1.1333 0.9778 0.9912 0.8761 0.8308 0.8825 0.8535 0.7863 0.8162 0.7888
1.0043 0.8048 0.7933 0.8816 0.8388 0.9224 0.8397 1.0783 0.9777 1.1174 1.1915 1.0020 1.1071 1.2177 1.1694 1.5041
1.2965 1.0917 1.1648 1.0579 0.8619 1.0130 1.0443 1.0161 0.9328 0.8520 0.9193 0.8503 0.9784 0.8651 1.0104 1.0724
1.1385 1.1720 0.9300 0.9002 1.0474 1.0465 1.0009 1.0664 1.0070 0.9589 0.9671 0.9845 0.9751 0.8113 0.7799 0.9752
1.0587 0.9220 1.0220 0.9082 1.0339 1.0587 0.9699 0.9869 1.0000 0.8902 0.9212 1.1029 1.0000 0.9748 0.9709 1.1153
0.9106 0.9254 0.9192 1.0000 0.9935 0.9526 1.0274 1.1097 0.9869 1.0124 1.0331 1.0029 1.0547 1.0774 1.2462 1.2714
1.5330 1.3845 1.0751 1.2927 0.9914 1.0001 1.1271 0.9847 0.9186 1.0000 1.0000 0.8996 1.0000 0.8378 0.9138 0.8812
1.5178 1.0098 1.1792 0.9280 0.8078 1.1010 1.0241 0.9865 1.0919 1.0367 0.9059 1.0184 0.8977 0.8947 0.9774 1.1516
1.1690 1.1186 1.1646 1.2188 0.9814 1.0356 0.9500 0.9145 0.9995 1.0287 0.9047 0.8026 0.8281 0.7922 0.5264 0.5181
1.2765 1.0086 1.0000 0.9607 1.1449 1.0506 0.9108 0.9954 0.9707 1.0081 0.8820 1.0217 0.8800 1.0683 0.9721 1.1076
0.7578 0.7539 1.0056 1.0109 1.1444 1.0113 0.9800 0.9598 0.9338 1.0795 0.9607 0.9800 1.0011 0.9661 0.9833 1.1544
1.0378 0.8691 0.9186 0.9773 0.8376 0.9139 0.8607 0.9227 1.0000 1.1329 0.9519 0.9741 1.2099 1.3243 1.4160 1.8098
1.0330 1.0932 0.8963 1.0635 0.8925 0.9867 0.9667 1.0275 1.1088 0.9055 0.9907 1.0369 0.9304 1.0501 0.5458 1.0361
1.0370 0.9039 0.8508 0.8758 0.9205 0.9342 1.0503 0.9782 0.9653 0.8861 1.0244 1.0153 1.1238 1.0091 1.0904 1.2649
