1.3473 1.1887 1.0508 1.0877 1.0035 0.9605 1.0820 0.8901 1.1104 1.1330 0.8557 0.8470 0.9420 0.8111 0.7939 0.8931
1.0000 1.0898 1.3019 1.2802 1.1395 1.0184 1.0816 0.9614 0.8732 0.9315 0.8812 0.8625 0.8638 0.8950 0.8249 1.0000
1.0577 0.9186 0.8950 1.1760 0.8673 0.9632 1.0000 0.9624 1.0061 1.0215 0.9471 0.9426 1.0412 1.1263 1.0929 1.2432
1.2625 1.1858 1.1491 1.1461 1.0190 1.0558 1.0981 0.9051 0.9833 0.8917 0.9169 0.9503 0.8272 0.9250 0.8077 0.9584
1.3113 0.9970 0.9334 1.0144 0.9484 0.9622 0.9807 0.8965 0.9439 1.0200 0.9738 1.0936 0.9033 1.1236 1.0873 1.3555
1.1635 1.0814 0.9856 1.0803 0.9631 1.0790 1.0606 0.9709 0.9157 1.0353 0.9774 0.8879 0.9085 0.8645 1.0346 0.9905
1.1786 1.0938 1.0496 0.9947 0.9502 0.9520 1.0254 0.9785 0.8900 1.0523 0.9530 0.8149 0.9584 1.0865 1.0000 1.0490
1.3655 1.2386 1.1275 1.0988 1.0981 1.1206 1.0757 1.0149 1.0856 0.8911 0.8972 0.8142 0.7929 0.7838 0.7636 0.8260
0.6699 0.7052 0.8788 0.7524 0.9523 0.9532 0.8392 1.0602 1.0578 0.9121 1.0730 0.9852 1.2077 0.9857 1.2315 1.1859
1.1204 0.9699 0.9298 1.0736 0.9867 0.9617 0.9586 1.1500 0.8742 0.8980 0.9439 0.9133 1.0503 1.0002 1.1143 1.0935
0.6565 0.7109 0.8878 0.8209 0.9558 0.9735 0.9169 1.0254 0.9813 0.9867 1.0669 0.9286 1.2340 1.1185 0.9646 1.2208
1.2402 1.1448 1.1563 1.1931 1.0812 1.1001 1.1376 0.9761 0.9954 0.8722 0.8559 0.8895 0.8616 0.8225 0.8641 0.8019
1.0299 0.8628 0.8239 0.9354 0.8851 0.9059 0.7987 0.9991 0.9612 1.0400 1.1837 1.0010 1.1273 1.1998 1.1410 1.5442
1.1473 1.0615 1.0556 0.9822 0.8749 0.9937 1.0164 1.0536 0.9633 0.9324 0.9665 0.8984 1.0045 0.8900 1.0336 1.0955
1.2017 1.1402 0.9390 0.9216 1.0631 1.0564 1.0029 1.0650 1.0226 0.9001 0.9789 0.9458 0.9617 0.7609 0.7632 0.9034
1.0156 0.9492 1.0316 0.9070 0.9971 1.0390 0.9680 1.0031 1.0000 0.9127 0.9498 1.0593 1.0000 1.0251 1.0310 1.1722
0.9247 0.9503 0.9169 1.0000 0.9644 0.9198 1.0178 1.0486 1.0023 1.0262 1.0585 0.9999 1.0520 1.1080 1.2865 1.2995
1.4923 1.3525 1.0451 1.2537 0.9468 0.9795 1.1253 0.9699 0.9024 1.0000 1.0000 0.9070 1.0000 0.8542 0.9136 0.9213
1.4397 1.0085 1.1797 0.9045 0.7925 1.1142 0.9993 0.9928 1.0823 1.0346 0.9373 1.0293 0.8833 0.8759 0.9706 1.1414
1.1816 1.1224 1.1895 1.1940 0.9899 1.0410 0.9271 0.9442 0.9880 1.0525 0.9066 0.8026 0.8022 0.7433 0.5237 0.5173
1.2943 0.9535 1.0000 0.9535 1.1140 1.0751 0.9168 0.9979 0.9833 1.0044 0.9375 1.0725 0.8911 1.0780 0.9959 1.0373
0.6247 0.7016 0.9875 0.9772 1.0753 1.0320 0.9923 0.9684 0.9410 1.0810 0.9507 1.0006 1.0271 0.9800 0.9995 1.2463
1.0507 0.8578 0.9161 0.9574 0.8556 0.9344 0.8940 0.9171 1.0000 1.0957 0.9257 0.9304 1.1359 1.2920 1.3020 1.5482
1.0325 1.0486 0.8635 1.0180 0.8767 0.9785 0.9361 1.0141 1.1219 0.9171 1.0251 1.0348 0.9631 1.0374 0.5458 1.0821
1.2627 1.0958 0.9987 1.0541 1.0415 1.0540 1.0904 0.9981 1.0184 0.8793 1.0182 0.9171 1.0005 0.9115 0.8950 0.9746
