0.7806 0.8116 0.8925 0.9079 1.0198 1.0715 1.0294 1.1474 1.1572 1.1695 1.0262 0.9725 1.0717 1.0566 0.9069 0.9083
0.8692 0.8851 0.9903 1.0607 1.1127 1.2209 1.1948 0.9451 0.9881 0.9263 1.0696 1.0159 0.9516 0.8580 1.0079 0.7953
0.6661 0.7404 0.9245 0.9366 0.9615 1.0895 1.1226 1.0584 1.0728 1.2272 1.0093 0.9845 0.9299 0.9375 0.9373 0.7460
0.6747 0.7339 0.8478 0.9475 0.9611 1.0750 1.0909 1.0183 0.9665 1.1692 1.1329 1.0006 1.0699 0.9286 0.9886 0.7591
0.7908 0.8165 0.8353 0.9062 1.0000 1.0505 1.0853 1.0674 1.1346 1.2068 1.0158 1.0465 0.9727 1.0503 0.9562 0.8806
0.8715 0.8912 0.8998 0.9720 1.1334 1.0728 1.1605 1.0717 1.1539 1.0950 1.0365 1.0046 0.9852 0.9353 0.8714 0.8399
0.7665 0.8407 0.8844 0.9533 1.0253 1.0315 1.1366 1.1277 1.0845 1.0658 1.0862 1.0525 0.9828 0.9126 0.8435 0.9783
0.8930 0.8237 0.8742 0.9472 1.0000 1.0895 1.1942 1.0923 1.0988 1.0452 1.1398 1.0858 1.0392 0.9349 0.8530 0.9050
0.8240 0.8854 0.8654 0.8795 1.0150 1.0218 1.1402 1.0304 1.0842 1.1184 1.0403 1.1031 0.9934 1.0353 0.9021 0.8666
0.7140 0.7879 0.9021 1.0106 1.0051 1.0492 1.0816 1.1337 1.0048 1.0369 1.1542 0.9446 0.9140 0.9501 0.9767 0.9839
0.7549 0.7040 0.7835 0.8508 0.9699 1.0776 1.1581 1.0586 1.0447 1.0896 1.0292 0.9854 1.0569 1.0002 0.8865 0.9534
0.7401 0.8523 0.9196 1.0109 1.1687 1.1317 1.1136 0.8493 1.0052 1.1965 1.0741 0.9889 0.9473 1.0000 1.0000 0.6776
0.9480 0.9005 0.9492 1.0133 1.1494 1.1077 1.1035 1.0024 1.0792 0.9771 1.0437 0.9956 0.9894 0.8158 0.8188 0.9597
0.9130 0.9177 0.9549 1.0216 0.9917 1.1049 1.1397 1.1119 1.0757 1.0394 1.1330 0.9229 0.9396 1.0000 0.8209 0.8025
0.7040 0.7855 0.8931 0.9431 1.0135 1.1791 1.0983 1.0687 1.0556 1.0498 1.1258 1.1280 1.0078 0.8220 0.8832 0.7991
0.7198 0.8513 0.9532 1.0194 0.9680 1.0412 1.0644 1.0443 1.0541 0.9917 1.0181 1.0951 0.9958 0.9721 0.9253 0.8649
0.8625 0.7973 0.8889 0.8926 1.0364 1.1638 0.9573 1.1227 1.1148 1.1610 1.0284 1.0396 1.1203 0.9375 0.9126 0.9331
0.7091 0.7954 0.8277 0.8483 1.0096 1.0065 1.1146 1.0075 1.0018 1.0997 1.0979 1.0561 1.0243 1.0143 0.9457 0.9535
0.7007 1.0000 0.9139 0.9043 0.9599 1.1309 1.1333 1.0560 1.0534 1.1580 1.0806 0.9110 0.9773 0.8995 0.9082 0.9184
0.8714 0.8438 0.9712 0.9012 1.0659 1.1577 1.0062 1.0869 1.0689 1.1758 1.0120 1.0966 1.0000 0.9493 0.9233 0.8785
0.8816 0.8844 0.9134 0.9770 0.9525 1.0766 1.0543 1.0354 1.0313 0.9568 1.0465 1.1315 1.0505 1.0130 1.0256 0.9280
0.6107 0.7622 0.9160 0.9845 1.0000 1.0389 1.0299 1.0340 0.9978 1.0741 1.0070 1.0710 0.9875 0.9264 1.0000 0.8054
0.8748 0.8133 0.9917 0.9487 1.0869 1.1285 1.1531 0.9437 1.0520 1.1127 1.1342 1.0347 1.0691 0.9314 0.9024 0.8427
0.7697 0.7815 0.8806 0.9309 1.2025 1.0000 1.0607 1.1863 1.0877 1.0297 1.2129 0.9498 0.9531 0.9499 1.0031 1.0023
0.8403 0.9442 0.9067 0.9844 1.0945 1.1269 1.1785 1.1803 1.1390 1.1418 1.0654 0.9792 0.9365 0.8678 0.7314 0.7112
