0.7257 0.7712 0.8482 0.8720 1.0173 1.0945 1.0482 1.1783 1.1757 1.1883 1.0348 1.0187 1.0287 1.0241 0.8580 0.8656
0.8243 0.8368 0.9429 1.0281 1.0826 1.2362 1.2148 0.9786 1.0356 0.9729 1.1060 0.9961 0.9328 0.8598 0.9907 0.7716
0.6466 0.7007 0.8920 0.9080 0.9521 1.0722 1.1301 1.0893 1.0771 1.2402 1.0085 0.9680 0.9122 0.9150 0.9066 0.7386
0.6452 0.7287 0.8377 0.9370 0.9765 1.0744 1.1086 1.0441 1.0014 1.1740 1.1272 0.9723 1.0390 0.9039 0.9202 0.7822
0.6849 0.7533 0.7763 0.8736 1.0000 0.9558 1.0698 1.0585 1.1687 1.2483 1.0750 1.0467 0.9766 1.0708 0.9548 0.8741
0.8119 0.8385 0.8611 0.9353 1.1297 1.0831 1.1761 1.1248 1.1907 1.1240 1.0699 1.0298 0.9749 0.9377 0.8529 0.8671
0.7421 0.8019 0.8561 0.9185 1.0219 1.0278 1.1704 1.1591 1.1079 1.0876 1.1046 1.0484 0.9904 0.9258 0.8309 0.9543
0.8692 0.7927 0.8550 0.9247 1.0000 1.0955 1.2048 1.1276 1.1196 1.0750 1.1564 1.0807 1.0236 0.9269 0.8383 0.9131
0.8072 0.8638 0.8548 0.8550 1.0027 1.0170 1.1153 1.0378 1.1148 1.1334 1.0451 1.1131 0.9764 1.0347 0.9019 0.8659
0.6928 0.7574 0.8587 0.9541 0.9727 1.0126 1.0504 1.1081 1.0172 1.0601 1.1829 0.9761 0.8999 0.9864 0.9846 1.0085
0.7088 0.6612 0.7237 0.8004 0.9460 1.0414 1.1353 1.0248 1.0437 1.0810 1.0265 0.9652 1.0193 0.9738 0.8674 0.9321
0.7269 0.8274 0.9121 0.9711 1.1524 1.1320 1.1313 0.8908 1.0497 1.2375 1.0988 0.9764 0.9482 1.0000 1.0000 0.7198
0.9036 0.8671 0.8978 1.0072 1.1350 1.1079 1.1711 1.0212 1.1301 1.0761 1.0710 1.0362 0.9988 0.8592 0.8427 0.9657
0.8994 0.8801 0.9441 0.9978 0.9939 1.0943 1.1503 1.1463 1.1021 1.0685 1.1861 0.9535 0.9471 1.0000 0.8273 0.8081
0.6784 0.7205 0.8200 0.8921 0.9573 1.1404 1.0742 1.0693 1.0693 1.0953 1.1643 1.1516 1.0343 0.8598 0.8666 0.8074
0.6884 0.8130 0.9207 1.0095 0.9892 1.0234 1.0677 1.0405 1.0868 1.0022 1.0234 1.0692 0.9915 0.9741 0.9244 0.8768
0.8643 0.7742 0.8735 0.8823 1.0140 1.1455 0.9787 1.1781 1.1607 1.1986 1.0684 1.0330 1.1050 0.9333 0.8863 0.9054
0.6958 0.7524 0.7946 0.8148 1.0090 1.0079 1.1107 0.9968 0.9920 1.1093 1.0858 1.0639 1.0192 1.0427 0.9010 0.9096
0.6865 1.0000 0.8721 0.9184 0.9665 1.1317 1.1037 1.0744 1.0783 1.1840 1.0898 0.9189 0.9834 0.8998 0.8777 0.8920
0.8184 0.8089 0.8976 0.8560 1.0336 1.1307 1.0078 1.0644 1.0947 1.2265 1.0674 1.1168 1.0000 0.9685 0.9474 0.9060
0.8569 0.8742 0.8768 0.9645 0.9489 1.0873 1.0848 1.0534 1.0655 0.9756 1.0604 1.1216 1.0078 0.9728 0.9887 0.9458
0.6220 0.7625 0.8927 0.9610 1.0000 1.0719 1.0645 1.0912 1.0458 1.0984 1.0354 1.0650 0.9848 0.8973 1.0000 0.7907
0.8555 0.7872 0.9390 0.9383 1.0634 1.1566 1.1726 0.9857 1.0859 1.1422 1.1569 1.0275 1.0160 0.9244 0.8921 0.8132
0.7491 0.7822 0.8551 0.9517 1.2049 1.0000 1.1055 1.1913 1.1129 1.0759 1.2353 0.9502 0.9541 0.9234 0.9542 0.9515
0.8158 0.9189 0.8836 0.9576 1.0764 1.0931 1.1593 1.1881 1.1986 1.1980 1.1091 0.9713 0.9568 0.9158 0.7771 0.7762
