1.5206 1.3768 1.2966 1.3120 1.0543 0.9794 1.1492 0.9697 0.9672 0.9915 0.8098 0.7784 0.8214 0.7542 0.6230 0.6811
1.0000 0.7843 1.0587 1.0283 0.9285 0.9555 1.1493 1.0351 0.9842 1.0514 1.0464 0.9076 0.9147 1.1065 1.0813 1.0000
1.2688 1.2564 1.5326 2.0832 0.9880 1.1747 1.0000 0.8604 1.0663 1.0746 0.8331 0.8035 0.8975 1.0333 0.8468 0.9701
1.0832 0.9029 0.8064 0.9433 0.8791 1.0089 0.9752 0.8816 1.0275 1.0070 1.0034 1.0597 0.9425 0.9895 0.9844 1.6104
1.2883 1.2655 0.9775 1.0117 0.9290 0.9945 1.1806 1.1298 1.0347 1.1390 1.2326 0.9680 0.9407 0.9569 0.9651 0.9291
0.7682 0.8298 0.7149 0.9210 0.8726 0.9493 1.0919 0.9835 0.9632 1.0855 1.0913 1.1671 1.0692 1.0166 1.2293 1.3490
1.5186 1.3763 1.2865 1.1755 1.1694 1.0632 1.0419 0.9071 0.8904 0.8318 0.8250 0.7532 0.7941 0.9276 1.0000 0.8466
1.0394 0.9251 1.0263 0.8932 0.8684 1.0286 1.0344 1.1068 1.2011 0.9823 1.0036 0.9945 0.8982 0.9167 0.9682 1.0941
0.9625 0.9313 1.1635 1.0517 1.0776 1.2172 0.9299 1.1798 1.0971 0.9339 0.9963 1.0282 0.9912 1.0106 1.0558 1.1056
1.0193 0.7898 1.1556 0.8759 0.9170 0.9569 0.8758 1.2219 0.9114 1.0050 0.9798 0.9735 1.1092 1.1593 1.1480 1.4391
0.7200 1.0857 1.1728 0.8373 1.0799 1.1749 1.0528 1.0088 1.0067 0.9338 0.9812 0.8275 1.0420 0.8582 0.8233 1.3548
0.8266 0.8466 0.8718 0.9410 0.8473 0.9386 1.0247 0.9201 0.9849 1.0812 1.0634 1.1023 1.1326 1.1631 1.1629 1.0297
1.0755 0.9633 0.9223 1.0682 0.9546 1.1919 1.1045 1.3722 0.8313 1.2196 1.0699 0.8375 0.9045 0.8621 0.8335 0.9715
1.1982 0.9737 1.1993 0.9573 0.7494 0.9467 0.8859 0.9830 1.0397 0.9845 1.0794 0.9630 0.9714 0.9928 1.0623 1.0135
1.3859 1.4199 0.9810 1.0895 1.2192 1.1013 1.0900 1.1100 0.9438 0.8113 0.9002 0.7978 0.7515 0.6825 0.6556 0.7361
0.7525 0.9843 0.8419 0.8106 0.9276 0.8916 0.9667 0.9410 1.0000 0.9721 1.1126 1.2651 1.0000 1.3392 1.4095 1.4034
1.0587 0.9149 1.2094 1.0000 1.0191 0.9720 1.0422 1.0979 0.9844 0.9253 0.9434 0.9525 0.9420 0.9623 1.2064 1.0053
0.8935 0.8335 0.8328 0.9012 0.7452 0.7934 1.0022 0.9982 0.9772 1.0000 1.0000 1.1861 1.0000 1.2467 1.2072 1.2761
1.6951 1.2585 1.6450 1.2891 0.9526 1.1446 1.0484 1.0588 0.9947 0.9306 0.8526 0.7828 0.6860 0.7208 0.8302 0.8899
0.8862 0.9385 1.0056 1.1575 0.9341 0.9771 0.9924 1.0347 1.1949 1.0691 1.0646 0.9587 1.0199 1.0625 0.6665 0.6069
1.3580 1.0844 1.0000 1.0868 1.1660 1.1298 0.9985 1.0373 0.9434 0.9774 0.9106 1.0182 0.8623 0.9550 0.9236 0.9936
0.7297 0.5603 0.7613 0.7137 0.9372 0.8822 0.9252 0.9176 0.9703 1.0610 1.0408 1.2531 1.2201 1.1521 1.1816 1.4815
1.0127 1.1607 1.0953 0.9248 0.9535 1.0042 1.0907 1.1373 1.0000 1.5409 1.0018 0.8836 0.9031 0.7918 0.7756 0.9992
0.7833 0.8320 0.8327 0.9804 0.8147 0.8221 0.8405 1.0663 1.1299 1.0046 1.0625 1.0170 1.1582 1.2839 0.6646 1.4101
1.2801 1.1586 1.0189 1.1146 1.0847 1.2824 1.2364 1.2116 0.9980 0.8723 0.8622 0.9784 0.9754 0.8002 0.6819 0.9659
