1.2672 1.1708 1.1154 1.1461 1.0521 0.9882 1.0709 0.8871 1.1451 1.1372 0.9084 0.8420 0.9345 0.7716 0.7588 0.7950
1.0000 1.0183 1.0912 1.2430 1.1224 1.0141 1.0344 0.9789 0.9099 0.9807 0.9465 0.8932 0.9328 1.0119 0.8481 1.0000
1.2059 1.0307 0.9750 1.5024 0.9725 1.0687 1.0000 0.9630 1.0296 1.0574 1.0100 0.9046 0.9873 0.9567 0.9633 0.9472
1.1783 1.0625 1.0930 1.1647 1.0159 1.0846 1.1163 0.9598 1.0165 0.9366 0.9209 0.9623 0.8786 0.8789 0.8361 0.9441
1.4464 1.0777 1.0045 1.0575 0.9408 0.9611 1.0049 0.9630 0.7892 0.8809 1.0236 1.0630 0.9065 1.0768 1.0817 1.2994
1.0565 1.1079 0.9442 1.0288 0.9393 1.0897 1.1196 1.0050 0.8302 1.1163 0.9040 0.9613 0.9239 0.9115 0.9881 1.0764
1.2355 1.1267 1.1004 1.0238 0.9680 0.9320 1.0026 0.9044 0.8964 1.0663 0.9714 0.8676 0.9611 1.0536 1.0000 1.0201
1.1670 1.2118 0.9587 1.0630 1.0717 1.0762 1.1051 1.0445 1.1027 0.9196 0.9646 0.8897 0.8503 0.7863 0.8417 0.9289
0.7111 0.7549 0.9649 0.8155 0.8941 0.9436 0.8630 1.0773 1.0791 0.9368 1.1187 1.0475 1.1752 0.8555 1.2521 1.1132
0.9443 0.8731 0.8384 1.0676 0.9629 0.9942 0.9619 0.9715 0.9114 1.0279 0.9760 0.9906 1.1082 1.0528 1.1517 1.2974
0.6361 0.7508 0.8850 0.8633 0.8898 1.0128 0.9367 1.1544 1.0700 0.9807 0.9606 0.9593 1.1342 1.1013 0.9651 1.0941
1.1789 1.0823 1.1078 1.1519 1.0568 1.0965 1.1720 0.9746 1.0057 0.9038 0.8789 0.9068 0.8964 0.8703 0.9177 0.7917
1.0031 0.9997 0.9983 1.0836 0.9980 0.8787 0.8188 1.1828 0.9203 0.9910 1.0963 0.8518 0.9789 1.1409 1.0076 1.3192
1.0302 0.9391 0.9881 0.7990 0.9189 0.9690 0.9387 1.1026 0.9794 0.9750 1.0297 0.9841 1.0801 0.9884 1.1392 1.0988
1.2924 1.1150 0.9932 0.9904 1.0853 1.1137 1.0738 1.0969 0.9706 0.7975 0.9629 0.9645 0.9173 0.7452 0.6840 0.7588
0.9197 0.9675 1.0329 0.9162 0.9098 1.0588 1.0096 1.0159 1.0000 0.9318 1.0059 0.9146 1.0000 1.0784 1.1350 1.2863
1.0131 0.9363 0.9847 1.0000 0.9592 0.9920 1.0742 0.9100 0.9996 1.0649 1.0694 0.9829 1.0402 0.9774 1.1083 1.2072
1.3552 1.2979 0.9120 1.2349 0.9420 1.0113 1.1447 0.9192 0.8901 1.0000 1.0000 0.9772 1.0000 0.8751 0.9463 0.9872
1.4032 1.0123 1.3356 1.0040 0.8730 1.1403 1.0437 0.9904 1.0892 0.9637 0.9183 0.9714 0.8433 0.8510 0.8832 1.0412
1.1007 1.0951 1.1360 1.1729 1.0065 1.0502 0.9631 0.9457 1.0477 1.2471 0.9249 0.8325 0.8253 0.7696 0.5598 0.5170
1.3514 1.0002 1.0000 0.9662 1.1657 1.0887 0.9438 0.9626 0.9937 0.8546 0.9456 1.1376 0.9388 1.0998 1.0199 0.9175
0.5404 0.6528 0.9545 0.9296 0.9401 1.0451 1.0085 1.0388 0.9732 1.0157 1.0135 1.1069 1.0933 0.9245 0.9557 1.3012
1.0850 0.8549 0.9467 0.8621 0.8827 0.9842 0.9176 0.9892 1.0000 1.2402 0.9349 0.9497 1.0542 1.2046 1.1264 1.0740
0.9875 0.9434 0.7806 0.9960 0.8525 0.9751 0.9021 0.9125 1.1556 0.9781 1.0907 1.1063 1.0507 1.0482 0.5458 1.1250
1.4800 1.1795 1.0522 1.1901 1.1194 1.0974 1.1607 1.0317 1.0010 0.8274 1.0220 0.8655 0.9186 0.8452 0.7477 0.8448
