0.7410 0.8018 0.8554 0.8716 1.0120 1.0744 1.0417 1.1743 1.1738 1.1762 1.0521 1.0214 1.0408 1.0230 0.8617 0.8613
0.8459 0.8392 0.9364 1.0295 1.0868 1.2118 1.2004 1.0042 1.0587 0.9794 1.1122 0.9996 0.9261 0.8581 0.9640 0.7507
0.6617 0.6982 0.9072 0.9085 0.9589 1.0765 1.1482 1.0747 1.0914 1.2285 1.0155 0.9872 0.9019 0.9179 0.8675 0.6977
0.6724 0.7434 0.8608 0.9741 0.9849 1.0840 1.1168 1.0333 1.0085 1.1560 1.1444 0.9536 1.0186 0.8818 0.8872 0.7391
0.7257 0.8136 0.8148 0.8902 1.0000 1.0160 1.0757 1.0768 1.1850 1.2606 1.0729 1.0206 0.9991 1.0202 0.9179 0.7515
0.8382 0.8532 0.8774 0.9636 1.1205 1.0866 1.1558 1.1522 1.1767 1.1293 1.0663 1.0192 0.9497 0.9211 0.8537 0.8362
0.7692 0.7980 0.8638 0.9318 1.0186 1.0630 1.1808 1.1786 1.1065 1.1124 1.1072 1.0653 0.9570 0.9099 0.8203 0.8952
0.8692 0.8112 0.8641 0.9509 1.0000 1.1194 1.2161 1.1327 1.0539 1.0695 1.1584 1.1101 1.0083 0.9191 0.8294 0.8989
0.8196 0.8636 0.8568 0.8795 1.0130 1.0187 1.1279 1.0530 1.0766 1.1280 1.0723 1.1057 0.9732 1.0272 0.8873 0.8229
0.6778 0.7332 0.8674 0.9489 1.0074 1.0298 1.0507 1.1005 1.0184 1.0771 1.1833 0.9862 0.9191 0.9671 0.9755 0.9635
0.7372 0.6518 0.7577 0.7951 0.9488 1.0385 1.1155 1.0509 1.0557 1.0635 1.0286 0.9666 0.9991 0.9744 0.8482 0.9772
0.7459 0.8138 0.9194 0.9717 1.1522 1.1102 1.1230 0.8937 1.0732 1.2075 1.0920 0.9599 0.9262 1.0000 1.0000 0.6820
0.9415 0.8751 0.9146 1.0143 1.1283 1.1232 1.1737 1.0556 1.1384 1.0504 1.0661 1.0391 0.9698 0.8399 0.8199 0.9179
0.9225 0.8985 0.9646 0.9944 1.0038 1.1080 1.1524 1.1466 1.1158 1.0787 1.1692 0.9203 0.9304 1.0000 0.8085 0.7704
0.7018 0.7617 0.8736 0.9348 1.0170 1.1608 1.0412 1.0665 1.0510 1.0563 1.1633 1.1341 1.0063 0.8581 0.8659 0.7645
0.6930 0.8152 0.9323 0.9917 0.9886 1.0609 1.0981 1.0607 1.0921 1.0283 1.0241 1.0486 0.9843 0.9648 0.8889 0.8304
0.8560 0.8162 0.8806 0.9099 1.0486 1.1729 1.0067 1.1755 1.1411 1.1874 1.0702 1.0247 1.0751 0.9153 0.8605 0.8638
0.7279 0.7541 0.8015 0.8142 1.0014 1.0036 1.1170 1.0263 1.0097 1.1050 1.0789 1.0348 1.0195 1.0299 0.8525 0.8637
0.7277 1.0000 0.8868 0.9249 0.9943 1.1530 1.1308 1.0936 1.0926 1.1576 1.0790 0.9139 0.9625 0.9053 0.8433 0.8737
0.8529 0.8267 0.9164 0.8801 1.0355 1.1296 1.0190 1.1240 1.0815 1.1864 1.0685 1.1095 1.0000 0.9729 0.9180 0.8949
0.8622 0.8558 0.8900 0.9870 0.9554 1.1153 1.0856 1.0549 1.0464 1.0295 1.0735 1.1348 0.9988 0.9851 0.9799 0.8671
0.6211 0.7667 0.8818 0.9617 1.0000 1.0758 1.0614 1.0922 1.0564 1.0937 1.0388 1.0308 0.9876 0.9081 1.0000 0.8098
0.8652 0.7980 0.9259 0.9305 1.0940 1.1798 1.1890 0.9892 1.1007 1.1568 1.1594 1.0162 1.0310 0.9310 0.8486 0.8155
0.7655 0.7982 0.8733 0.9252 1.2042 1.0000 1.0885 1.1973 1.1127 1.0837 1.2365 0.9638 0.9449 0.9288 0.9479 0.9293
0.8780 0.9200 0.8958 0.9913 1.0701 1.1101 1.1340 1.1712 1.1727 1.1777 1.1186 0.9861 0.9474 0.9033 0.7816 0.7554
