1.1102 1.1162 1.1905 1.2798 1.1682 1.1268 1.2016 1.0115 1.2199 1.1792 0.9183 0.7773 0.8253 0.6492 0.6373 0.6110
1.0000 0.8357 0.9409 1.1416 1.1167 1.0107 1.0949 1.0895 0.9765 1.1549 1.0224 0.9228 0.9160 0.9993 0.7734 1.0000
1.2031 1.1593 1.0838 1.8673 1.1110 1.1466 1.0000 1.0154 1.0982 1.0962 0.9710 0.7975 0.8898 0.8790 0.7547 0.7302
0.9555 0.7583 0.9010 1.0491 0.9333 0.9885 1.1028 0.9920 1.1011 1.1175 1.0056 0.9880 1.0447 0.9313 0.9911 1.1393
1.6494 1.2363 1.1463 1.1327 1.0009 0.9882 1.0322 1.0067 0.8051 0.8807 1.0632 1.0003 0.9189 0.9058 0.9503 1.0940
0.7579 0.8945 0.7935 0.9866 0.9673 1.1135 1.2576 1.1837 1.0274 1.3132 0.9440 1.0407 0.8785 0.8803 0.9145 1.0637
1.2626 1.0635 1.1138 1.1196 1.1232 0.9813 1.0581 0.9754 1.0002 1.0780 0.9560 0.8137 0.8482 0.9205 1.0000 0.7605
0.9667 1.1190 0.8687 1.0193 0.9822 1.0902 1.1467 1.1515 1.2152 0.9977 0.9952 0.9620 0.8430 0.7618 0.8873 0.9814
0.8075 0.7955 1.0387 0.9093 0.8548 1.0390 0.9187 1.1531 1.1541 0.9634 1.1362 1.0147 1.0742 0.7737 1.1221 0.9713
0.6795 0.6440 0.7859 0.9846 0.9767 1.0761 1.0682 1.2177 1.1009 1.2257 1.0136 1.0207 1.0740 0.9812 1.0413 1.3548
0.5289 0.7478 0.8438 0.8916 0.9239 1.0986 1.1218 1.3218 1.2709 1.1451 0.9229 0.9179 0.9187 0.9366 0.7586 0.8877
0.8320 0.7865 0.9332 1.0631 1.0194 1.1753 1.2436 1.1724 1.2245 1.1003 1.0066 1.0148 0.9230 0.9214 0.9289 0.7004
1.0284 1.1164 1.0775 1.1817 1.1445 0.9669 0.9984 1.3588 0.8998 1.1173 1.1062 0.8003 0.7431 0.7843 0.7432 0.9365
0.9126 0.7883 0.9766 0.7966 0.8885 0.9469 0.9028 1.1587 1.0725 1.0779 1.1210 1.0017 1.0658 1.0241 1.1526 1.0405
1.1369 1.0330 0.9573 1.0485 1.1577 1.1468 1.1887 1.2901 1.2110 0.9058 0.9723 0.8421 0.6704 0.5779 0.5652 0.5848
0.6406 0.7265 0.8854 0.8749 0.9232 1.0284 1.1870 1.2320 1.0000 1.1555 1.1392 1.0102 1.0000 1.0440 1.1136 1.1963
0.8777 0.7386 0.9567 1.0000 0.9208 1.0444 1.1327 1.0980 1.1924 1.2407 1.1120 0.9704 0.8646 0.8313 0.8530 0.8992
1.0364 1.0422 0.7850 1.1762 0.8739 0.9340 1.1739 0.9868 0.9136 1.0000 1.0000 1.1001 1.0000 0.9077 1.0600 1.0869
1.2515 1.0050 1.4677 1.1190 0.9483 1.2229 1.1496 1.1443 1.2480 0.9584 0.9608 0.8790 0.7658 0.6952 0.6926 0.7532
0.6580 0.6999 0.9843 1.0741 1.0235 1.1432 1.1729 1.3020 1.4357 1.3830 1.0892 0.8489 0.7853 0.6961 0.5749 0.5571
1.1767 0.9465 1.0000 0.9904 1.2010 1.1842 1.1496 1.2060 1.1592 0.9780 0.9487 1.0549 0.8180 0.8868 0.7974 0.6988
0.5667 0.5687 0.7808 0.7689 0.8294 0.9624 1.1247 1.2270 1.1669 1.1053 1.0615 1.1890 1.0524 0.8320 0.8331 1.1205
1.0727 0.9145 1.0457 0.8272 0.9746 1.0333 1.0428 1.1349 1.0000 1.2912 1.0475 0.9012 0.9284 0.9064 0.7801 0.7865
0.6710 0.6867 0.7101 0.8988 0.8404 1.0022 0.9808 1.1549 1.3746 1.1864 1.1601 1.0882 1.0920 0.9564 0.5458 1.0744
0.9866 0.9480 0.8967 1.1672 1.1848 1.2802 1.4970 1.6180 1.5334 1.1506 1.1090 0.8223 0.6813 0.6522 0.6618 0.6288
