1.3281 1.2020 1.0790 1.1141 1.0091 0.9528 1.0886 0.9142 1.1272 1.1190 0.8367 0.8218 0.9316 0.8170 0.7889 0.8809
1.0000 1.0623 1.2589 1.2539 1.1571 1.0136 1.0894 0.9815 0.8823 0.9236 0.8774 0.8898 0.8876 0.9013 0.8298 1.0000
1.0899 0.9405 0.9268 1.2055 0.8661 0.9609 1.0000 0.9283 0.9690 1.0470 0.9656 0.9303 1.0335 1.1094 1.0653 1.1928
1.2850 1.1957 1.1432 1.1318 1.0289 1.0544 1.0770 0.9091 0.9750 0.8953 0.9183 0.9523 0.8293 0.9315 0.8003 0.9588
1.3150 1.0028 0.9141 1.0221 0.9570 0.9575 0.9716 0.8908 0.9387 1.0362 0.9846 1.0789 0.8948 1.1299 1.0883 1.3528
1.1544 1.0668 0.9582 1.1021 0.9514 1.0646 1.0646 0.9772 0.9244 1.0409 0.9697 0.9108 0.9056 0.8845 1.0143 0.9984
1.1980 1.0983 1.0408 0.9788 0.9266 0.9523 1.0146 0.9815 0.8992 1.0589 0.9914 0.8353 0.9823 1.0900 1.0000 1.0230
1.2967 1.2077 1.1118 1.0870 1.0954 1.1187 1.0405 1.0154 1.0887 0.9057 0.9300 0.8636 0.8191 0.8129 0.7736 0.8501
0.6553 0.7116 0.8691 0.7496 0.9277 0.9496 0.8357 1.0649 1.0483 0.9153 1.0747 1.0094 1.2179 0.9901 1.2337 1.1936
1.0938 0.9536 0.9459 1.0718 1.0107 0.9675 0.9544 1.1350 0.8623 0.9058 0.9456 0.9110 1.0393 1.0160 1.1153 1.1239
0.6629 0.7294 0.8738 0.8234 0.9582 0.9888 0.9150 1.0108 0.9855 0.9572 1.0719 0.9553 1.2286 1.1198 0.9583 1.2178
1.2421 1.0910 1.1374 1.2053 1.0558 1.1045 1.1300 0.9551 1.0016 0.8948 0.8698 0.8863 0.8613 0.8421 0.8932 0.8298
0.9773 0.8657 0.8221 0.9435 0.8819 0.8932 0.8137 1.0929 0.9498 1.0608 1.1497 0.9983 1.1096 1.1798 1.1386 1.5151
1.1524 1.0477 1.0916 0.9574 0.8587 0.9942 1.0175 1.0543 0.9741 0.9210 0.9537 0.8901 1.0235 0.9001 1.0272 1.1037
1.2169 1.1441 0.9398 0.9278 1.0590 1.0647 1.0046 1.0446 0.9976 0.8986 0.9693 0.9623 0.9695 0.7762 0.7500 0.8971
1.0061 0.9582 1.0373 0.8918 0.9868 1.0613 0.9771 1.0070 1.0000 0.9056 0.9417 1.0587 1.0000 1.0124 1.0395 1.1987
0.9541 0.9415 0.9236 1.0000 0.9938 0.9325 1.0396 1.0597 0.9896 0.9962 1.0499 0.9899 1.0459 1.0890 1.2991 1.3189
1.4422 1.3358 1.0220 1.2496 0.9503 0.9890 1.0983 0.9960 0.9039 1.0000 1.0000 0.9024 1.0000 0.8557 0.9228 0.9395
1.4812 1.0249 1.1855 0.9433 0.8082 1.1041 0.9908 0.9787 1.1071 1.0374 0.9121 1.0090 0.8721 0.8715 0.9631 1.1261
1.1934 1.1062 1.1486 1.2070 0.9852 1.0349 0.9712 0.9400 1.0036 1.0368 0.9032 0.8001 0.7575 0.7453 0.5190 0.5105
1.3123 0.9442 1.0000 0.9412 1.1490 1.0644 0.9513 1.0077 0.9732 1.0082 0.9367 1.0637 0.8970 1.0710 0.9797 1.0367
0.6298 0.7204 0.9561 0.9793 1.0890 0.9611 0.9775 0.9803 0.9260 1.0916 0.9870 1.0119 1.0667 0.9686 1.0114 1.2372
1.0643 0.8690 0.9275 0.9520 0.8528 0.9164 0.8778 0.9216 1.0000 1.1316 0.9379 0.9321 1.1277 1.2634 1.2649 1.5400
1.0314 1.0416 0.8777 1.0272 0.8755 0.9749 0.9271 0.9817 1.1213 0.9249 1.0124 1.0450 0.9674 1.0363 0.5458 1.1106
1.2699 1.0947 0.9875 1.0284 1.0492 1.0284 1.0764 0.9897 1.0101 0.8762 1.0121 0.9221 1.0155 0.9513 0.9133 1.0174
