1.3171 1.2131 1.0659 1.1094 0.9992 0.9550 1.0836 0.8939 1.1143 1.1320 0.8683 0.8209 0.9324 0.8043 0.7943 0.8691
1.0000 1.0609 1.2364 1.2454 1.1561 0.9876 1.0950 0.9786 0.8849 0.9348 0.8903 0.8777 0.8919 0.9251 0.8404 1.0000
1.0555 0.9154 0.9085 1.2422 0.8574 0.9686 1.0000 0.9644 0.9552 1.0538 0.9771 0.9384 1.0687 1.1201 1.0667 1.1874
1.2670 1.1295 1.1519 1.1317 1.0117 1.0585 1.0979 0.9070 0.9741 0.9081 0.9192 0.9730 0.8398 0.9389 0.7895 0.9680
1.3201 1.0001 0.9356 1.0395 0.9516 0.9643 0.9903 0.9017 0.9257 1.0106 0.9813 1.0912 0.9053 1.1220 1.0722 1.3347
1.1812 1.1039 0.9845 1.1106 0.9732 1.0665 1.0527 0.9748 0.8958 1.0518 0.9566 0.8899 0.9094 0.8640 0.9889 0.9956
1.1923 1.1072 1.0534 0.9975 0.9570 0.9576 1.0189 0.9619 0.8675 1.0383 0.9634 0.8396 0.9811 1.1002 1.0000 1.0299
1.3048 1.1988 1.1100 1.0735 1.1418 1.1177 1.0603 1.0060 1.0738 0.9051 0.9157 0.8301 0.8161 0.7873 0.7945 0.8371
0.6576 0.7232 0.9080 0.7636 0.9506 0.9670 0.8470 1.0520 1.0114 0.9106 1.0739 1.0089 1.2195 0.9886 1.2248 1.1862
1.1197 0.9503 0.9373 1.1070 1.0031 0.9690 0.9710 1.1250 0.8784 0.9015 0.9243 0.8985 1.0231 0.9986 1.1170 1.1433
0.6686 0.7431 0.8929 0.8317 0.9702 0.9874 0.9422 1.0204 0.9713 0.9824 1.0648 0.9040 1.2011 1.1115 0.9741 1.2281
1.2265 1.1020 1.1603 1.2020 1.0827 1.0950 1.1319 0.9665 1.0044 0.8831 0.8503 0.9002 0.8735 0.8173 0.8556 0.8255
0.9822 0.8578 0.8268 0.9413 0.8709 0.8687 0.7980 1.1131 0.9467 1.0779 1.1666 1.0120 1.1102 1.1910 1.1539 1.4960
1.1395 1.0346 1.1006 0.9517 0.8412 0.9689 1.0069 1.0377 0.9604 0.9272 0.9735 0.9113 1.0336 0.9132 1.0512 1.0902
1.2683 1.1786 0.9525 0.9296 1.0555 1.0744 1.0005 1.0647 0.9944 0.8869 0.9437 0.9436 0.9304 0.7641 0.7523 0.8845
0.9930 0.9424 1.0514 0.8817 0.9742 1.0539 0.9847 0.9994 1.0000 0.9366 0.9737 1.0554 1.0000 1.0152 1.0392 1.1955
0.9468 0.9642 0.9410 1.0000 0.9742 0.9242 1.0430 1.0446 0.9781 1.0048 1.0382 0.9903 1.0738 1.0662 1.2898 1.3101
1.4702 1.3498 1.0169 1.2888 0.9648 0.9910 1.1160 0.9636 0.8887 1.0000 1.0000 0.9032 1.0000 0.8459 0.9280 0.9210
1.4878 1.0371 1.1861 0.9519 0.8148 1.1176 1.0360 0.9873 1.1035 1.0036 0.8920 1.0014 0.8759 0.8667 0.9466 1.1398
1.1413 1.1255 1.1569 1.2085 0.9877 1.0359 0.9724 0.9386 1.0153 1.0584 0.9031 0.8045 0.8028 0.7528 0.5340 0.5158
1.2665 0.9444 1.0000 0.9403 1.1558 1.0589 0.9405 1.0260 0.9688 0.9821 0.9408 1.0519 0.8874 1.0617 1.0010 1.0378
0.6537 0.7332 0.9968 0.9980 1.0729 1.0085 0.9994 0.9712 0.9331 1.0873 0.9568 0.9859 1.0289 0.9636 0.9855 1.2284
1.0558 0.8526 0.9006 0.9331 0.8465 0.9310 0.8849 0.9446 1.0000 1.1457 0.9248 0.9399 1.1222 1.2912 1.3234 1.5453
1.0194 1.0498 0.8524 1.0272 0.8794 0.9699 0.9329 0.9966 1.1276 0.9183 1.0087 1.0518 0.9697 1.0526 0.5458 1.0983
1.2960 1.1040 0.9970 1.0400 1.0580 1.0472 1.1132 1.0210 1.0183 0.8854 1.0177 0.9254 1.0033 0.8798 0.8778 0.9653
