1.4329 1.3180 1.3554 1.3429 1.1249 1.0883 1.1067 0.9445 1.0202 0.9907 0.8023 0.7810 0.8396 0.7142 0.6392 0.6609
1.0000 0.7620 0.9215 0.9519 0.9249 0.9241 1.0833 0.9907 0.9523 1.1142 1.0416 0.9759 1.0714 1.2106 1.0783 1.0000
1.3778 1.2653 1.4219 2.0470 1.0757 1.1803 1.0000 0.8372 1.1635 1.0340 0.9807 0.7974 0.8627 0.9258 0.7304 0.8067
1.0293 0.7972 0.8353 0.9555 0.8733 0.9268 0.9541 0.9201 1.1393 1.0693 0.9964 1.0193 1.0638 0.9401 1.0088 1.4510
1.3724 1.1895 1.0255 1.0388 0.9966 1.0021 1.2660 1.1854 0.9086 1.1288 1.2769 1.0030 0.9835 0.9639 1.0242 0.9772
0.7282 0.8690 0.6736 0.8590 0.8552 0.9617 1.1957 0.9749 0.8892 1.2031 0.9692 1.2820 1.1111 1.1161 1.2469 1.3725
1.7325 1.3609 1.3240 1.2057 1.1954 1.0075 0.9992 0.8489 0.8860 0.8707 0.8368 0.7662 0.8243 0.9893 1.0000 0.7954
0.9309 0.8959 0.9068 0.9251 0.8201 1.0015 1.0870 1.1560 1.1915 0.9977 0.9882 1.0985 0.9410 0.9152 1.0070 1.1811
1.0324 0.9289 1.1444 1.0570 1.0108 1.1775 0.9902 1.0998 1.0897 0.9582 1.0356 0.9648 0.9965 0.8964 1.0434 1.1153
1.0136 0.8645 1.0134 0.8880 0.9240 0.9999 0.9057 1.0794 0.9337 1.0660 0.9630 1.0630 1.2495 1.0992 1.1387 1.6106
0.7105 1.1250 1.1383 0.9148 1.1022 1.1589 1.0512 1.1461 1.0638 0.9483 0.8502 0.8936 0.9317 0.8472 0.7743 1.2936
0.8345 0.7736 0.8098 0.8982 0.8031 0.9431 1.0188 0.9212 1.0251 1.1367 1.1448 1.1503 1.1801 1.1833 1.2473 0.9905
1.1906 1.1372 1.1051 1.1935 1.1044 1.1530 1.1364 1.5038 0.7485 1.1986 1.0679 0.7177 0.7568 0.7418 0.7232 0.7837
1.0512 0.8945 1.0734 0.8797 0.8070 0.8997 0.8704 1.0504 1.0098 1.0701 1.0845 1.0011 1.0689 1.0290 1.0583 1.0285
1.5722 1.4099 1.1372 1.1127 1.2323 1.1354 1.1365 1.0891 0.8386 0.7837 0.8992 0.7533 0.7813 0.6248 0.6621 0.7175
0.7240 0.9428 0.8842 0.8133 0.8875 0.8782 0.9851 0.9128 1.0000 0.9592 1.1682 1.1272 1.0000 1.3612 1.4144 1.4629
1.1852 0.9543 1.2003 1.0000 0.9593 1.0283 1.0900 0.9615 0.9741 0.9816 0.9491 0.9087 0.8714 0.9047 1.0656 0.9448
0.8655 0.8322 0.7904 0.9680 0.7850 0.8571 1.0435 0.9404 0.9508 1.0000 1.0000 1.2121 1.0000 1.1229 1.2437 1.3535
1.5459 1.2709 1.7844 1.2860 0.9656 1.2159 1.1112 1.0817 1.0279 0.8989 0.9499 0.7596 0.6865 0.7198 0.8311 0.7578
0.8292 0.8150 1.1178 0.9320 0.9198 0.9525 1.0268 1.0659 1.2521 1.4127 1.1794 1.0045 1.1658 1.0857 0.7332 0.7296
1.4908 1.1642 1.0000 1.1073 1.2111 1.1380 1.0630 1.0019 0.9737 0.8753 0.9009 1.0292 0.8494 0.9386 0.9112 0.9672
0.7300 0.5938 0.8334 0.7069 0.8347 0.8947 1.0250 0.9962 0.9886 1.0225 1.0400 1.3452 1.2404 1.0783 1.1699 1.5322
0.9947 1.0396 1.0765 0.8899 1.0175 1.0447 1.1668 1.1412 1.0000 1.5303 0.9782 0.8394 0.8406 0.7092 0.6033 0.7262
0.8413 0.7419 0.8384 0.8433 0.7938 0.8835 0.8014 0.9897 1.1205 1.0463 1.0760 1.1181 1.2062 1.2226 1.9255 1.4566
1.5537 1.3416 1.2306 1.3763 1.1571 1.2681 1.3245 1.2640 1.0048 0.9133 0.8542 0.9217 1.0201 0.8012 0.7917 0.8828
